======================================
    IID: 0
    Dataset: mnist
    Model: Mnist_CNN
    Model Init: None
    Aggregation Function: zkp
    Fraction NonIID: 0
    Long attack: 4
    Wide attack: 4
    Style send: mistrust
    Threshold reject: 0.5
    Threshold down: 0.0
    Attack method: badnet
    Fraction of malicious agents: 15.0%
    Poison Frac: 0.2
    Backdoor From 7 to 5
    Attack Begin: 0
    Trigger Shape: square
    Trigger Position X: 0
    Trigger Position Y: 0
    Number of agents: 100
    Fraction of agents each turn: 30(30.0%)
    Local batch size: 50
    Local epoch: 3
    Client_LR: 0.01
    Client_Momentum: 0.9
    Global Rounds: 100
======================================
main_task_accuracy=[0, 42.470001220703125, 38.59000015258789, 51.900001525878906, 49.27000045776367, 65.01000213623047, 50.290000915527344, 78.83999633789062, 57.310001373291016, 75.33999633789062, 63.689998626708984, 68.08999633789062, 72.76000213623047, 62.52000045776367, 78.86000061035156, 61.09000015258789, 70.61000061035156, 84.43000030517578, 88.13999938964844, 85.51000213623047, 88.33999633789062, 93.63999938964844, 88.13999938964844, 85.5999984741211, 67.7300033569336, 90.97000122070312, 92.31999969482422, 92.6500015258789, 92.7300033569336, 93.58999633789062, 93.94999694824219, 92.79000091552734, 95.58999633789062, 93.79000091552734, 92.08000183105469, 95.3499984741211, 96.31999969482422, 95.30000305175781, 96.13999938964844, 96.02999877929688, 96.56999969482422, 96.0999984741211, 96.45999908447266, 97.55000305175781, 93.05999755859375, 91.06999969482422, 65.08000183105469, 87.02999877929688, 89.30999755859375, 95.41999816894531, 96.66000366210938, 96.87999725341797, 69.19000244140625, 92.9800033569336, 94.20999908447266, 97.37999725341797, 94.05999755859375, 97.3499984741211, 96.26000213623047, 96.36000061035156, 96.61000061035156, 97.06999969482422, 97.75, 97.75, 94.94000244140625, 95.41000366210938, 96.9800033569336, 97.30000305175781, 96.2300033569336, 97.5, 98.12999725341797, 96.08000183105469, 93.94999694824219, 95.2300033569336, 96.33000183105469, 98.0199966430664, 95.0999984741211, 97.62999725341797, 96.06999969482422, 97.91999816894531, 97.22000122070312, 97.55000305175781, 97.94999694824219, 96.33999633789062, 97.80999755859375, 95.25, 98.26000213623047, 97.68000030517578, 98.54000091552734, 96.30999755859375, 95.05000305175781, 86.83000183105469, 97.55999755859375, 97.76000213623047, 97.04000091552734, 98.41999816894531, 97.26000213623047, 97.56999969482422, 97.94999694824219, 97.3499984741211, 98.3499984741211]
backdoor_accuracy=[0, 26.167315175097276, 0.0, 0.2918287937743191, 0.0, 0.38910505836575876, 0.0, 0.0, 0.19455252918287938, 0.19455252918287938, 0.0, 0.8754863813229572, 0.0, 1.3618677042801557, 0.0, 3.21011673151751, 0.0, 0.8754863813229572, 0.0, 0.2918287937743191, 0.5836575875486382, 0.5836575875486382, 0.19455252918287938, 0.0, 0.0, 1.0700389105058365, 0.2918287937743191, 0.2918287937743191, 0.19455252918287938, 0.19455252918287938, 0.19455252918287938, 0.0, 0.38910505836575876, 0.0, 0.09727626459143969, 0.38910505836575876, 0.09727626459143969, 0.2918287937743191, 0.0, 0.09727626459143969, 0.0, 0.09727626459143969, 0.0, 0.09727626459143969, 0.0, 0.09727626459143969, 0.0, 0.09727626459143969, 0.09727626459143969, 0.09727626459143969, 0.0, 0.0, 0.09727626459143969, 0.48638132295719844, 0.09727626459143969, 0.19455252918287938, 0.0, 0.19455252918287938, 0.0, 0.0, 0.2918287937743191, 0.09727626459143969, 0.19455252918287938, 0.19455252918287938, 0.0, 0.6809338521400778, 0.0, 0.09727626459143969, 0.0, 0.2918287937743191, 0.2918287937743191, 0.0, 0.0, 3.21011673151751, 2.9182879377431905, 1.7509727626459144, 5.058365758754864, 3.5992217898832686, 1.556420233463035, 4.377431906614786, 12.54863813229572, 0.38910505836575876, 3.501945525291829, 0.2918287937743191, 2.7237354085603114, 0.09727626459143969, 3.307392996108949, 1.264591439688716, 2.3346303501945527, 1.6536964980544746, 4.961089494163424, 0.5836575875486382, 0.2918287937743191, 1.7509727626459144, 0.19455252918287938, 2.529182879377432, 0.19455252918287938, 3.404669260700389, 0.09727626459143969, 1.3618677042801557, 0.5836575875486382]
loss_list=[0.46360743568506924, 0.30147876048025257, 0.2656188266992751, 0.17480212533647946, 0.20579680163530015, 0.15901170369680054, 0.1532881743015085, 0.13260543549809678, 0.1412865190870787, 0.11165264395338423, 0.12679752702449446, 0.12658334986799089, 0.11277999685166616, 0.1491770690400211, 0.12549437113615491, 0.143381915678759, 0.11984787998404185, 0.11181719681350358, 0.08726893237779573, 0.07977939118975506, 0.07257632739172916, 0.061463798532569495, 0.05937919903507346, 0.09748659149386854, 0.1429154393318503, 0.08545937744021465, 0.07115218179001306, 0.07107131231836245, 0.0557766303738891, 0.07024924551307024, 0.059939876386015875, 0.05494248725155144, 0.05838226550756916, 0.052075777444866134, 0.0531258020193457, 0.047776892807465825, 0.055338559230749026, 0.055349408536126694, 0.04814448717725866, 0.045668716268316964, 0.03837384383757282, 0.04219965848659291, 0.04018766979976242, 0.033151725435611186, 0.06269398933305101, 0.06162042576927231, 0.1041944745007027, 0.08591647562945129, 0.07534483915993011, 0.05651726639816255, 0.05411281163554225, 0.05349117720202833, 0.09628073243905252, 0.07241323155984715, 0.049865876515716806, 0.04477508566881086, 0.051329793823140894, 0.043248514420736864, 0.04660315570882794, 0.04117606678536509, 0.04061634153959654, 0.0411670231709894, 0.03791096796961753, 0.03943423240491757, 0.04410643484300833, 0.03801012994841254, 0.04225159234219688, 0.037063010062298556, 0.04189414550838702, 0.039075647229259707, 0.0326376673817528, 0.04016304089306076, 0.05671866057507506, 0.03711128893662825, 0.0446151951088235, 0.031682788501980974, 0.03997274935767679, 0.030903415328509605, 0.03709842980508819, 0.03047768999031131, 0.033605841485574064, 0.03512244476128722, 0.032363233036130014, 0.0322355972370881, 0.03009613986299753, 0.03902722614801403, 0.032012201164605396, 0.03307856211772644, 0.027589899691503415, 0.03264341839875658, 0.033267793780787216, 0.06192971989120887, 0.03570631633781959, 0.03474232645656006, 0.037736505766914924, 0.030171848639584668, 0.03315905253698138, 0.032842869194043355, 0.029074855381668412, 0.031942204409643696]
BBSR:3.4
ABSR:1.1
max acc:98.42
