======================================
    IID: 0
    Dataset: mnist
    Model: Mnist_CNN
    Model Init: None
    Aggregation Function: zkp
    Fraction NonIID: 15
    Long attack: 3
    Wide attack: 3
    Style send: mistrust
    Threshold reject: 0.5
    Threshold down: 0.0
    Attack method: badnet
    Fraction of malicious agents: 15.0%
    Poison Frac: 0.2
    Backdoor From 7 to 5
    Attack Begin: 0
    Trigger Shape: square
    Trigger Position X: 0
    Trigger Position Y: 0
    Number of agents: 100
    Fraction of agents each turn: 30(30.0%)
    Local batch size: 50
    Local epoch: 3
    Client_LR: 0.01
    Client_Momentum: 0.9
    Global Rounds: 100
======================================
main_task_accuracy=[0, 14.350000381469727, 22.049999237060547, 38.27000045776367, 57.45000076293945, 66.29000091552734, 60.38999938964844, 58.79999923706055, 69.6500015258789, 76.91999816894531, 73.4800033569336, 77.47000122070312, 83.41000366210938, 80.48999786376953, 84.86000061035156, 84.0, 82.19999694824219, 80.79000091552734, 82.47000122070312, 90.27999877929688, 79.66000366210938, 90.86000061035156, 92.79000091552734, 85.08000183105469, 88.27999877929688, 91.4000015258789, 92.5, 91.41000366210938, 91.61000061035156, 93.20999908447266, 94.91999816894531, 91.55999755859375, 94.25, 93.29000091552734, 91.1500015258789, 92.5199966430664, 94.9000015258789, 93.41999816894531, 95.0, 91.86000061035156, 94.63999938964844, 95.0, 93.47000122070312, 95.47000122070312, 80.23999786376953, 93.11000061035156, 95.02999877929688, 94.9000015258789, 95.27999877929688, 94.2699966430664, 90.87999725341797, 95.51000213623047, 92.80000305175781, 95.0999984741211, 91.77999877929688, 94.61000061035156, 95.0, 96.51000213623047, 95.8499984741211, 95.5999984741211, 95.8499984741211, 96.70999908447266, 96.29000091552734, 96.7300033569336, 96.30000305175781, 92.58999633789062, 96.3499984741211, 96.87999725341797, 96.5, 96.22000122070312, 96.5199966430664, 96.55999755859375, 96.81999969482422, 95.41999816894531, 96.23999786376953, 96.80000305175781, 96.70999908447266, 94.26000213623047, 96.81999969482422, 96.19000244140625, 96.73999786376953, 94.12999725341797, 97.11000061035156, 97.22000122070312, 96.47000122070312, 96.66999816894531, 96.18000030517578, 97.26000213623047, 97.05000305175781, 97.27999877929688, 97.18000030517578, 96.48999786376953, 96.83000183105469, 96.95999908447266, 95.12000274658203, 97.0199966430664, 97.0199966430664, 96.52999877929688, 97.41999816894531, 97.66999816894531, 97.69000244140625]
backdoor_accuracy=[0, 0.0, 0.0, 0.0, 0.0, 24.610894941634243, 0.09727626459143969, 0.48638132295719844, 0.9727626459143969, 0.19455252918287938, 0.19455252918287938, 0.9727626459143969, 0.19455252918287938, 0.2918287937743191, 0.2918287937743191, 0.2918287937743191, 0.19455252918287938, 0.0, 0.48638132295719844, 0.19455252918287938, 0.38910505836575876, 0.2918287937743191, 0.2918287937743191, 0.09727626459143969, 0.19455252918287938, 0.09727626459143969, 0.19455252918287938, 0.0, 0.48638132295719844, 0.09727626459143969, 0.2918287937743191, 0.0, 0.38910505836575876, 0.0, 0.09727626459143969, 0.2918287937743191, 0.19455252918287938, 0.0, 0.2918287937743191, 0.0, 0.38910505836575876, 0.19455252918287938, 0.38910505836575876, 0.2918287937743191, 0.38910505836575876, 0.0, 0.2918287937743191, 0.19455252918287938, 0.2918287937743191, 0.0, 0.09727626459143969, 0.2918287937743191, 0.0, 0.2918287937743191, 0.19455252918287938, 0.09727626459143969, 0.38910505836575876, 0.2918287937743191, 0.2918287937743191, 0.2918287937743191, 0.2918287937743191, 0.19455252918287938, 0.19455252918287938, 0.2918287937743191, 0.09727626459143969, 0.38910505836575876, 0.0, 0.19455252918287938, 0.19455252918287938, 0.2918287937743191, 0.09727626459143969, 0.2918287937743191, 0.2918287937743191, 0.19455252918287938, 0.09727626459143969, 0.2918287937743191, 0.19455252918287938, 0.5836575875486382, 0.2918287937743191, 0.2918287937743191, 0.09727626459143969, 0.19455252918287938, 0.09727626459143969, 0.2918287937743191, 0.09727626459143969, 0.19455252918287938, 0.19455252918287938, 0.09727626459143969, 0.2918287937743191, 0.09727626459143969, 0.19455252918287938, 0.19455252918287938, 0.19455252918287938, 0.09727626459143969, 0.2918287937743191, 0.19455252918287938, 0.2918287937743191, 0.19455252918287938, 0.19455252918287938, 0.19455252918287938, 0.19455252918287938]
loss_list=[0.7209848068577653, 0.745083165308391, 0.8107013011187693, 0.6241655141404345, 0.5563007827486006, 0.3784832302957383, 0.37275352417969926, 0.3058301600812025, 0.28064934538091196, 0.2268142020744238, 0.21012678632276158, 0.19534787177983512, 0.17318684480968297, 0.16188883332676854, 0.16603547187594, 0.1393110511214581, 0.14033643040484084, 0.1730898688637823, 0.1402518863843443, 0.138022051267955, 0.13857369364586228, 0.12378462080676216, 0.11527822999850229, 0.12698883901526267, 0.14198510751200277, 0.10750190043266813, 0.0784645233430922, 0.1051496239821472, 0.12334776999123605, 0.09574855825349464, 0.10650055965425419, 0.09480537662713094, 0.09185583100938467, 0.07618826074616626, 0.09804750485755924, 0.08667453829155783, 0.10168215150700788, 0.08596292117572296, 0.08231734555889826, 0.10376533252514128, 0.07149854279787089, 0.09067200821458171, 0.0861059387209606, 0.09400860359273848, 0.13785467827400835, 0.10064248057289733, 0.07966825079143675, 0.07484343873435112, 0.07251204000200004, 0.07247934625533689, 0.0872604191296099, 0.06969138143709114, 0.0892076530517079, 0.0811864995543648, 0.07127261236665065, 0.08031282290327237, 0.06527422590947772, 0.05548624743729344, 0.05786393676362999, 0.052543641664303635, 0.05953908249680429, 0.05492109464379171, 0.055992246733166585, 0.04603827826313791, 0.07622281820942887, 0.06254793785647786, 0.04701869404116719, 0.045825517529132984, 0.04793141017548979, 0.04849615891259662, 0.04193323854435323, 0.05146854597412566, 0.0589022425608098, 0.04704381623336224, 0.04680484179211785, 0.050182377840036464, 0.06154304123047408, 0.05530852846874086, 0.0418477788012278, 0.04924743629971331, 0.043741667079416305, 0.09081449358620224, 0.04850648786782211, 0.04295654840603487, 0.050606356870943885, 0.043434840090822394, 0.042072633846128596, 0.04461588977816857, 0.047975143241454826, 0.04562539067005183, 0.05415997654565977, 0.040484618368927, 0.04079169240629085, 0.045977238119628915, 0.049826946281791434, 0.036967357651962775, 0.044026521124010155, 0.05645919900861665, 0.036350414871263094, 0.039006831407838234]
BBSR:0.29
ABSR:0.2
max acc:97.69
