======================================
    IID: 0
    Dataset: mnist
    Model: Mnist_CNN
    Model Init: None
    Aggregation Function: zkp
    Fraction NonIID: 5
    Long attack: 3
    Wide attack: 3
    Wide attack: mistrust
    Threshold reject: 0.5
    Threshold down: 0.0
    Attack method: badnet
    Fraction of malicious agents: 15.0%
    Poison Frac: 0.2
    Backdoor From 7 to 5
    Attack Begin: 0
    Trigger Shape: square
    Trigger Position X: 0
    Trigger Position Y: 0
    Number of agents: 100
    Fraction of agents each turn: 30(30.0%)
    Local batch size: 50
    Local epoch: 3
    Client_LR: 0.01
    Client_Momentum: 0.9
    Global Rounds: 100
======================================
main_task_accuracy=[0, 26.110000610351562, 31.780000686645508, 55.630001068115234, 36.189998626708984, 68.88999938964844, 68.94999694824219, 75.51000213623047, 64.95999908447266, 61.84000015258789, 74.69999694824219, 83.36000061035156, 77.4000015258789, 85.55000305175781, 79.91999816894531, 84.27999877929688, 89.11000061035156, 89.81999969482422, 91.87000274658203, 92.88999938964844, 91.44000244140625, 92.87999725341797, 87.23999786376953, 93.5999984741211, 91.48999786376953, 90.11000061035156, 87.70999908447266, 93.27999877929688, 93.97000122070312, 93.68000030517578, 93.9800033569336, 93.18000030517578, 91.22000122070312, 92.58000183105469, 93.6500015258789, 94.6500015258789, 93.93000030517578, 95.11000061035156, 87.69000244140625, 90.52999877929688, 94.54000091552734, 95.4800033569336, 94.76000213623047, 96.13999938964844, 95.55000305175781, 95.68000030517578, 93.48999786376953, 92.91999816894531, 94.51000213623047, 95.87999725341797, 96.0999984741211, 95.69999694824219, 95.33999633789062, 96.26000213623047, 96.3499984741211, 95.68000030517578, 95.26000213623047, 96.01000213623047, 93.79000091552734, 96.5199966430664, 94.88999938964844, 96.4800033569336, 93.25, 95.98999786376953, 94.52999877929688, 92.44000244140625, 96.29000091552734, 96.75, 96.19000244140625, 92.12000274658203, 96.43000030517578, 96.25, 96.9000015258789, 93.0199966430664, 96.7699966430664, 96.05999755859375, 96.1500015258789, 96.5199966430664, 96.91000366210938, 97.19000244140625, 96.19000244140625, 97.2699966430664, 95.7699966430664, 96.7300033569336, 94.45999908447266, 96.63999938964844, 96.72000122070312, 96.76000213623047, 96.5199966430664, 95.70999908447266, 97.4000015258789, 96.58999633789062, 97.26000213623047, 96.69000244140625, 97.56999969482422, 96.4800033569336, 97.5999984741211, 94.06999969482422, 97.1500015258789, 96.6500015258789, 96.91999816894531]
backdoor_accuracy=[0, 0.0, 0.0, 51.84824902723735, 0.0, 1.4591439688715953, 0.09727626459143969, 0.0, 0.6809338521400778, 0.0, 0.48638132295719844, 0.19455252918287938, 0.19455252918287938, 0.38910505836575876, 0.19455252918287938, 0.19455252918287938, 0.19455252918287938, 0.09727626459143969, 0.19455252918287938, 0.09727626459143969, 0.09727626459143969, 0.09727626459143969, 0.2918287937743191, 0.09727626459143969, 0.38910505836575876, 0.0, 0.38910505836575876, 0.19455252918287938, 0.09727626459143969, 0.2918287937743191, 0.09727626459143969, 0.09727626459143969, 0.09727626459143969, 0.0, 0.2918287937743191, 0.09727626459143969, 0.19455252918287938, 0.09727626459143969, 0.0, 0.38910505836575876, 0.19455252918287938, 0.2918287937743191, 0.0, 0.2918287937743191, 0.09727626459143969, 0.09727626459143969, 0.48638132295719844, 0.0, 0.48638132295719844, 0.09727626459143969, 0.2918287937743191, 0.19455252918287938, 0.0, 0.19455252918287938, 0.19455252918287938, 0.19455252918287938, 0.19455252918287938, 0.0, 0.2918287937743191, 0.0, 0.2918287937743191, 0.19455252918287938, 0.5836575875486382, 0.0, 0.38910505836575876, 0.19455252918287938, 0.2918287937743191, 0.19455252918287938, 0.09727626459143969, 0.0, 0.2918287937743191, 0.0, 0.09727626459143969, 0.2918287937743191, 0.0, 0.09727626459143969, 0.0, 0.09727626459143969, 0.0, 0.0, 0.19455252918287938, 0.0, 0.2918287937743191, 0.0, 0.6809338521400778, 0.0, 0.2918287937743191, 0.09727626459143969, 0.0, 0.2918287937743191, 0.09727626459143969, 0.09727626459143969, 0.0, 0.2918287937743191, 0.09727626459143969, 0.09727626459143969, 0.09727626459143969, 0.38910505836575876, 0.0, 0.19455252918287938, 0.0]
loss_list=[1.2531600124072442, 1.116453894194985, 1.0343028640153353, 0.7943323670707089, 0.7023497382500553, 0.5608194636902881, 0.3925038377005559, 0.387727977255633, 0.37900719588070547, 0.40836974923982905, 0.3799304015366619, 0.23054960522136686, 0.24004615482218833, 0.26358497688805477, 0.2774408370990521, 0.2182678674477696, 0.20382926780946653, 0.17005443617888716, 0.15433863791305127, 0.15039688345441526, 0.15122290358128845, 0.150554940909299, 0.1761730832868273, 0.12437618256668359, 0.1423782615569524, 0.16982146634199083, 0.16077730609091095, 0.12346006387560751, 0.10545565312848203, 0.11975341545962254, 0.10908820058794744, 0.11088337332543098, 0.11522595003850623, 0.12338107906271167, 0.11213607798056695, 0.10455427564131531, 0.11813272711312274, 0.10033556642179399, 0.186969964005018, 0.13279877415168342, 0.11971512420122811, 0.10550318756059521, 0.1142486509871809, 0.09217109161169128, 0.08324247177886245, 0.08656588182667123, 0.0977177783386298, 0.09515417183965501, 0.1055967438568499, 0.08718004982421582, 0.08668575855211035, 0.10030299763006581, 0.1056516014210825, 0.08278368471270099, 0.07662864305450329, 0.10035024095174674, 0.07032122590729463, 0.08664625896682318, 0.08365070141329721, 0.07239565577627488, 0.07493470878766822, 0.08175845776766773, 0.08626937706144451, 0.09011967447692472, 0.09003362994430517, 0.09430960775548386, 0.08897419070650359, 0.08687660030730142, 0.11705277387201532, 0.10392648978539337, 0.07104394545877467, 0.07857604625725251, 0.10297629746118692, 0.09663279338531809, 0.06589007015087797, 0.08032211325305914, 0.07244489239770228, 0.06542287182224013, 0.05158017951309578, 0.07035131659465992, 0.06884839663893899, 0.06767589824029495, 0.06557243228729391, 0.049829679817721635, 0.0690991841750491, 0.056868654027770874, 0.05806120324828412, 0.06220247756055945, 0.07496812533794178, 0.07112152090616361, 0.059358095877682045, 0.07122185089617597, 0.0720220912382618, 0.06346866402656806, 0.048348691274429076, 0.06013286927982807, 0.042056615840838606, 0.06808420245678848, 0.047852617910034555, 0.060478498836186854]
BBSR:0.39
ABSR:0.13
max acc:97.6
