======================================
    IID: 0
    Dataset: mnist
    Model: Mnist_CNN
    Model Init: None
    Aggregation Function: zkp
    Fraction NonIID: 5
    Long attack: 5
    Wide attack: 5
    Style send: mistrust
    Threshold reject: 0.5
    Threshold down: 0.0
    Attack method: dba
    Fraction of malicious agents: 15.0%
    Poison Frac: 0.2
    Backdoor From 7 to 5
    Attack Begin: 0
    Trigger Shape: square
    Trigger Position X: 0
    Trigger Position Y: 0
    Number of agents: 100
    Fraction of agents each turn: 30(30.0%)
    Local batch size: 50
    Local epoch: 3
    Client_LR: 0.01
    Client_Momentum: 0.9
    Global Rounds: 100
======================================
main_task_accuracy=[0, 9.050000190734863, 24.030000686645508, 31.8799991607666, 54.41999816894531, 53.59000015258789, 54.84000015258789, 66.31999969482422, 62.04999923706055, 79.30999755859375, 77.79000091552734, 79.19999694824219, 82.36000061035156, 81.2699966430664, 79.44000244140625, 88.04000091552734, 89.29000091552734, 82.2699966430664, 88.98999786376953, 89.79000091552734, 89.80999755859375, 90.86000061035156, 92.6500015258789, 90.88999938964844, 89.19000244140625, 80.30000305175781, 93.1500015258789, 93.25, 93.9800033569336, 89.12999725341797, 91.70999908447266, 94.62000274658203, 95.33999633789062, 93.95999908447266, 94.25, 92.80999755859375, 94.05999755859375, 94.80000305175781, 94.62000274658203, 95.3499984741211, 95.33000183105469, 92.37999725341797, 94.72000122070312, 96.29000091552734, 93.1500015258789, 95.6500015258789, 96.18000030517578, 94.08000183105469, 95.8499984741211, 95.51000213623047, 95.87999725341797, 95.6500015258789, 95.73999786376953, 95.8499984741211, 96.19999694824219, 91.06999969482422, 95.02999877929688, 95.7699966430664, 96.0199966430664, 91.29000091552734, 95.7699966430664, 94.88999938964844, 96.88999938964844, 95.7699966430664, 96.77999877929688, 95.11000061035156, 96.73999786376953, 96.08000183105469, 95.2699966430664, 94.37999725341797, 96.26000213623047, 96.44999694824219, 96.86000061035156, 96.3499984741211, 96.79000091552734, 94.12000274658203, 96.55999755859375, 96.66000366210938, 96.87999725341797, 96.2300033569336, 95.12000274658203, 96.44999694824219, 96.31999969482422, 96.95999908447266, 97.04000091552734, 97.31999969482422, 96.61000061035156, 97.04000091552734, 97.26000213623047, 96.62999725341797, 97.41999816894531, 96.12000274658203, 96.61000061035156, 96.30000305175781, 97.52999877929688, 96.81999969482422, 95.91000366210938, 97.2300033569336, 97.16999816894531, 95.54000091552734, 97.58999633789062]
backdoor_accuracy=[0, 100.0, 0.0, 9.727626459143968, 0.0, 0.09727626459143969, 0.0, 0.0, 0.0, 0.38910505836575876, 0.09727626459143969, 0.2918287937743191, 0.0, 0.19455252918287938, 0.0, 0.09727626459143969, 0.19455252918287938, 0.0, 0.19455252918287938, 0.0, 0.19455252918287938, 0.19455252918287938, 0.19455252918287938, 0.09727626459143969, 0.19455252918287938, 0.0, 0.19455252918287938, 0.19455252918287938, 0.0, 0.0, 0.19455252918287938, 0.0, 0.19455252918287938, 0.09727626459143969, 0.19455252918287938, 0.0, 0.09727626459143969, 0.0, 0.0, 0.19455252918287938, 0.0, 0.2918287937743191, 0.0, 0.19455252918287938, 0.0, 0.19455252918287938, 0.0, 0.19455252918287938, 0.0, 0.2918287937743191, 0.0, 0.2918287937743191, 0.0, 0.0, 0.0, 0.0, 0.0, 0.19455252918287938, 0.0, 0.5836575875486382, 0.0, 0.38910505836575876, 0.0, 0.19455252918287938, 0.0, 0.09727626459143969, 0.0, 0.2918287937743191, 0.0, 0.19455252918287938, 0.0, 0.19455252918287938, 0.0, 0.0, 0.0, 0.2918287937743191, 0.0, 0.09727626459143969, 0.09727626459143969, 0.09727626459143969, 0.09727626459143969, 0.09727626459143969, 0.0, 0.09727626459143969, 0.0, 0.09727626459143969, 0.0, 0.09727626459143969, 0.0, 0.09727626459143969, 0.0, 0.09727626459143969, 0.0, 0.09727626459143969, 0.09727626459143969, 0.09727626459143969, 0.09727626459143969, 0.09727626459143969, 0.09727626459143969, 0.09727626459143969, 0.09727626459143969]
loss_list=[1.1229271227964934, 1.1236937184542142, 1.0339059394382422, 0.9110594174512491, 0.6202241371877286, 0.4973697374111693, 0.4953594080631241, 0.387753145738382, 0.4217935213987733, 0.3226786696635126, 0.27256977073951727, 0.30188291719114346, 0.2883674219935373, 0.260375411071226, 0.24954016353174124, 0.19647856852287482, 0.18255121008490852, 0.20113536923877728, 0.20080599705507568, 0.16732349679540173, 0.16174596356676404, 0.17063869322710495, 0.13741305859153438, 0.1437915743737836, 0.16002543865512794, 0.2609178088104171, 0.14190989359526476, 0.12125823581673305, 0.12970909138352402, 0.1486798059187438, 0.1233910071292929, 0.11497064876153469, 0.11967961632979694, 0.11341807330757431, 0.12367432502867746, 0.1139977139743924, 0.12871880797209562, 0.10972852965909559, 0.09976632357285173, 0.10824432246249031, 0.1116036313270322, 0.10842207394209455, 0.08945013618250718, 0.08998270878160902, 0.13997383163430505, 0.08500129476422444, 0.0925168039551311, 0.11598438081044958, 0.0780442848683868, 0.09500890712595315, 0.08746717951983793, 0.09751243337880527, 0.07563205134818854, 0.07884571443281553, 0.08376210613644787, 0.1256751014807483, 0.0713726999082192, 0.07165758938499071, 0.07113789935142753, 0.12024214954600515, 0.07788803602117154, 0.08379166999241096, 0.08673614608169708, 0.0752630502802977, 0.07525599631637171, 0.08254877924710805, 0.08159230609537058, 0.07303508731751544, 0.07877243742357541, 0.09127839126760827, 0.09001076733965657, 0.06635843708605671, 0.06323912342283787, 0.07146543857135974, 0.0840714862838904, 0.09046793252365508, 0.07622726321888709, 0.09261265057674925, 0.06209387620520525, 0.06869556496012881, 0.0677632065262875, 0.08280267129758379, 0.0627657117386237, 0.06337173464675556, 0.06342126373411937, 0.0719805443306999, 0.06001426921422535, 0.0703285022609432, 0.0662726051042086, 0.07522663453311013, 0.05328327310151912, 0.0725868201614801, 0.08363305740697087, 0.06498995897413502, 0.05858125215574142, 0.06504813437291886, 0.07715304918169516, 0.05242845874509208, 0.05476942154374227, 0.0631169594872578]
BBSR:0.1
ABSR:0.09
max acc:97.59
