======================================
    IID: 0
    Dataset: mnist
    Model: Mnist_CNN
    Model Init: None
    Aggregation Function: zkp
    Fraction NonIID: 5
    Long attack: 4
    Wide attack: 4
    Style send: trust
    Threshold reject: 0.5
    Threshold down: 0.0
    Attack method: dba
    Fraction of malicious agents: 15.0%
    Poison Frac: 0.2
    Backdoor From 7 to 5
    Attack Begin: 0
    Trigger Shape: square
    Trigger Position X: 0
    Trigger Position Y: 0
    Number of agents: 100
    Fraction of agents each turn: 30(30.0%)
    Local batch size: 50
    Local epoch: 3
    Client_LR: 0.01
    Client_Momentum: 0.9
    Global Rounds: 100
======================================
main_task_accuracy=[0, 19.229999542236328, 23.389999389648438, 50.91999816894531, 56.70000076293945, 52.58000183105469, 66.77999877929688, 68.69000244140625, 70.0199966430664, 74.83999633789062, 83.91000366210938, 80.27999877929688, 77.20999908447266, 80.61000061035156, 89.19000244140625, 89.26000213623047, 89.52999877929688, 87.08000183105469, 86.05999755859375, 87.91999816894531, 91.37999725341797, 87.62999725341797, 91.94999694824219, 92.56999969482422, 91.04000091552734, 87.80000305175781, 90.70999908447266, 92.58999633789062, 91.86000061035156, 88.87999725341797, 81.47000122070312, 89.9000015258789, 94.55999755859375, 84.44999694824219, 92.01000213623047, 95.04000091552734, 88.79000091552734, 94.25, 94.2699966430664, 87.95999908447266, 93.88999938964844, 94.70999908447266, 94.19999694824219, 94.29000091552734, 94.81999969482422, 94.16000366210938, 95.20999908447266, 94.9000015258789, 94.41000366210938, 94.9800033569336, 92.69000244140625, 93.19999694824219, 93.5199966430664, 95.58999633789062, 87.47000122070312, 95.12999725341797, 92.08000183105469, 95.3499984741211, 95.6500015258789, 95.19000244140625, 92.22000122070312, 96.4000015258789, 88.44999694824219, 94.7699966430664, 95.83999633789062, 95.9800033569336, 96.58999633789062, 94.02999877929688, 96.0199966430664, 96.33999633789062, 95.20999908447266, 94.75, 96.1500015258789, 96.5999984741211, 95.44999694824219, 95.94999694824219, 96.79000091552734, 96.4800033569336, 96.12999725341797, 96.6500015258789, 96.80000305175781, 94.20999908447266, 96.08000183105469, 96.48999786376953, 95.5, 94.7699966430664, 96.62000274658203, 96.66999816894531, 94.9800033569336, 97.01000213623047, 96.19999694824219, 96.55000305175781, 96.4800033569336, 97.20999908447266, 97.16999816894531, 96.30000305175781, 96.83000183105469, 94.47000122070312, 96.29000091552734, 96.0, 97.05999755859375]
backdoor_accuracy=[0, 0.0, 87.64591439688716, 0.0, 2.140077821011673, 0.0, 0.0, 0.2918287937743191, 0.0, 1.0700389105058365, 0.0, 0.19455252918287938, 0.0, 0.0, 0.19455252918287938, 0.19455252918287938, 0.0, 0.19455252918287938, 0.0, 0.0, 0.19455252918287938, 0.19455252918287938, 0.09727626459143969, 0.09727626459143969, 0.0, 0.19455252918287938, 0.19455252918287938, 0.0, 0.0, 0.19455252918287938, 0.0, 0.09727626459143969, 0.0, 0.0, 0.09727626459143969, 0.2918287937743191, 0.0, 0.19455252918287938, 0.0, 0.0, 0.0, 0.38910505836575876, 0.0, 0.48638132295719844, 0.0, 0.09727626459143969, 0.0, 0.09727626459143969, 0.0, 0.38910505836575876, 0.0, 0.5836575875486382, 0.0, 0.19455252918287938, 0.0, 0.0, 0.09727626459143969, 0.0, 0.19455252918287938, 0.0, 0.0, 0.09727626459143969, 1.8482490272373542, 0.0, 0.09727626459143969, 0.0, 0.09727626459143969, 0.6809338521400778, 0.0, 0.19455252918287938, 0.09727626459143969, 0.19455252918287938, 0.09727626459143969, 0.2918287937743191, 0.09727626459143969, 0.19455252918287938, 0.09727626459143969, 0.09727626459143969, 0.09727626459143969, 0.09727626459143969, 0.19455252918287938, 0.09727626459143969, 0.09727626459143969, 0.09727626459143969, 0.09727626459143969, 0.09727626459143969, 0.09727626459143969, 0.09727626459143969, 0.09727626459143969, 0.09727626459143969, 0.2918287937743191, 0.0, 0.38910505836575876, 0.09727626459143969, 0.09727626459143969, 0.09727626459143969, 0.09727626459143969, 0.09727626459143969, 0.09727626459143969, 0.09727626459143969, 0.09727626459143969]
loss_list=[1.1460529202305605, 1.050042474662747, 1.1431966114761651, 0.856688844156624, 0.6047124864172869, 0.5162925334857708, 0.4909122922235273, 0.5042285275955994, 0.39459280022006066, 0.3114537610620674, 0.2983289790220711, 0.2559754160651937, 0.2639846898993386, 0.31275288631499276, 0.24920493678463193, 0.191422004590732, 0.18131202974169155, 0.19540135707355885, 0.1698651216478674, 0.18325778562853146, 0.15392871907873928, 0.1907423862768984, 0.14877279218604259, 0.15491144069321144, 0.17149333021703766, 0.19149534866471424, 0.15641658586854143, 0.13926541374724669, 0.14997620525490168, 0.17543072376748536, 0.21213343383504527, 0.1648390269674693, 0.1277722091122026, 0.15264940470622, 0.128502225293088, 0.12046063728986793, 0.16622141588228934, 0.10629968583169909, 0.11914191526697122, 0.14210845032183528, 0.14742570024925816, 0.11272086673377392, 0.12054306888720022, 0.11605958725336746, 0.13014190519555086, 0.10474340196613965, 0.10715846499613353, 0.11458235344754401, 0.10261667424035463, 0.09276159245505267, 0.11784943562640195, 0.11953598390297684, 0.09967709151756396, 0.09870782091118575, 0.1226480535751519, 0.11229720176838445, 0.10082991656729536, 0.08031780537953538, 0.08864087995775562, 0.1164364124562686, 0.10093279245875977, 0.08693454810261754, 0.14841244669626813, 0.08348503845000342, 0.08205062876455622, 0.08334921049843412, 0.09800085005575696, 0.09419088391278851, 0.0814888834247163, 0.0809314065826576, 0.09319004996830631, 0.08203759114104857, 0.07877102572284961, 0.07729076572928466, 0.09849936583929067, 0.0650236667957668, 0.07638320242826283, 0.07781589203360016, 0.06891784632700297, 0.0631192737184606, 0.09945417334682191, 0.13200507834880867, 0.08215864503807904, 0.07506448039646194, 0.09524385309014988, 0.10420428430362269, 0.06844880950931702, 0.07207456540426244, 0.0972168897349426, 0.07782473636312019, 0.06538975671584653, 0.0794908085961409, 0.0990623964905333, 0.06319402444137032, 0.07249613076401182, 0.06738348305472486, 0.08399126789694036, 0.08810795001323109, 0.06938686542045616, 0.08143944887465196]
BBSR:0.39
ABSR:0.12
max acc:97.21
