======================================
    IID: 0
    Dataset: mnist
    Model: Mnist_CNN
    Model Init: None
    Aggregation Function: zkp
    Fraction NonIID: 15
    Long attack: 5
    Wide attack: 5
    Style send: mistrust
    Threshold reject: 0.5
    Threshold down: 0.0
    Attack method: badnet
    Fraction of malicious agents: 15.0%
    Poison Frac: 0.2
    Backdoor From 7 to 5
    Attack Begin: 0
    Trigger Shape: square
    Trigger Position X: 0
    Trigger Position Y: 0
    Number of agents: 100
    Fraction of agents each turn: 30(30.0%)
    Local batch size: 50
    Local epoch: 3
    Client_LR: 0.01
    Client_Momentum: 0.9
    Global Rounds: 100
======================================
main_task_accuracy=[0, 20.719999313354492, 27.920000076293945, 50.279998779296875, 46.34000015258789, 65.97000122070312, 43.56999969482422, 53.77000045776367, 72.27999877929688, 75.63999938964844, 59.04999923706055, 74.18000030517578, 87.6500015258789, 70.19999694824219, 81.9000015258789, 79.38999938964844, 80.63999938964844, 86.66999816894531, 88.38999938964844, 91.12000274658203, 85.79000091552734, 89.05999755859375, 88.69000244140625, 91.91999816894531, 86.62000274658203, 90.08999633789062, 88.83999633789062, 82.43000030517578, 90.30999755859375, 93.63999938964844, 91.12999725341797, 93.83999633789062, 92.0999984741211, 91.0199966430664, 91.58000183105469, 93.20999908447266, 95.02999877929688, 93.08000183105469, 93.93000030517578, 93.16000366210938, 95.0199966430664, 93.69000244140625, 93.87999725341797, 95.47000122070312, 94.75, 95.7300033569336, 92.97000122070312, 92.30999755859375, 93.9000015258789, 94.05999755859375, 95.41999816894531, 95.20999908447266, 96.18000030517578, 89.62999725341797, 95.18000030517578, 93.44999694824219, 95.0199966430664, 96.20999908447266, 95.58000183105469, 94.06999969482422, 96.33999633789062, 95.05999755859375, 90.27999877929688, 93.12999725341797, 95.9800033569336, 96.47000122070312, 96.05000305175781, 95.27999877929688, 96.6500015258789, 96.26000213623047, 96.7300033569336, 96.2300033569336, 96.2300033569336, 96.83000183105469, 97.22000122070312, 96.94000244140625, 94.04000091552734, 96.97000122070312, 95.95999908447266, 96.36000061035156, 96.2699966430664, 97.44000244140625, 96.97000122070312, 86.70999908447266, 96.95999908447266, 96.43000030517578, 97.26000213623047, 97.19000244140625, 96.48999786376953, 96.7300033569336, 96.56999969482422, 97.12000274658203, 95.91000366210938, 96.05999755859375, 96.97000122070312, 96.94000244140625, 97.26000213623047, 97.06999969482422, 96.56999969482422, 97.20999908447266, 97.01000213623047]
backdoor_accuracy=[0, 0.0, 0.0, 0.0, 0.2918287937743191, 0.0, 3.6964980544747084, 0.0, 0.2918287937743191, 0.09727626459143969, 0.0, 0.19455252918287938, 0.19455252918287938, 0.0, 0.6809338521400778, 0.0, 0.9727626459143969, 0.19455252918287938, 0.2918287937743191, 0.19455252918287938, 0.09727626459143969, 0.2918287937743191, 0.09727626459143969, 0.09727626459143969, 0.48638132295719844, 0.0, 0.38910505836575876, 0.0, 0.09727626459143969, 0.19455252918287938, 0.2918287937743191, 0.19455252918287938, 0.19455252918287938, 0.0, 0.0, 0.0, 0.2918287937743191, 0.2918287937743191, 0.19455252918287938, 0.19455252918287938, 0.2918287937743191, 0.09727626459143969, 0.38910505836575876, 0.2918287937743191, 0.2918287937743191, 0.38910505836575876, 0.2918287937743191, 0.0, 0.2918287937743191, 0.2918287937743191, 0.2918287937743191, 0.09727626459143969, 0.2918287937743191, 0.8754863813229572, 0.0, 0.38910505836575876, 0.09727626459143969, 0.38910505836575876, 0.38910505836575876, 0.2918287937743191, 0.2918287937743191, 0.19455252918287938, 0.2918287937743191, 0.19455252918287938, 0.2918287937743191, 0.09727626459143969, 0.2918287937743191, 0.2918287937743191, 0.2918287937743191, 0.2918287937743191, 0.19455252918287938, 0.19455252918287938, 0.0, 0.19455252918287938, 0.09727626459143969, 0.09727626459143969, 0.09727626459143969, 0.19455252918287938, 0.09727626459143969, 0.2918287937743191, 0.0, 0.09727626459143969, 0.0, 0.0, 0.19455252918287938, 0.09727626459143969, 0.09727626459143969, 0.19455252918287938, 0.7782101167315175, 0.0, 0.48638132295719844, 0.19455252918287938, 0.09727626459143969, 0.19455252918287938, 0.09727626459143969, 0.09727626459143969, 0.19455252918287938, 0.09727626459143969, 0.09727626459143969, 0.2918287937743191, 0.19455252918287938]
loss_list=[0.7353813431162485, 0.7311715896666552, 0.6267375625657491, 0.5288062019401664, 0.4266251013176004, 0.38289776845262113, 0.4156960813261396, 0.34770209229732874, 0.24500376755369596, 0.21694737526500976, 0.26446731406710094, 0.23728177624341498, 0.14927203497157784, 0.18696223719314212, 0.2013822801838569, 0.17206292209856358, 0.16210035939664103, 0.15123515410351815, 0.1344745171552907, 0.12178934373814713, 0.13045558783762848, 0.10463531384093186, 0.10574655042780362, 0.10544317729289496, 0.14850634311435068, 0.14212277874429594, 0.10116342915461358, 0.10965058759967906, 0.12479562368434484, 0.08397847463339372, 0.07574955696109024, 0.0767815331559423, 0.08190899421604676, 0.09387805008375757, 0.08536466150217113, 0.0870128114788749, 0.0728998982603918, 0.07695955798752635, 0.07197513544719439, 0.1117804134255349, 0.07721208296228158, 0.07311354940012801, 0.07523019075801705, 0.062411388953533514, 0.0757900242359665, 0.06940761625329903, 0.07107817859468483, 0.0943951276809453, 0.06974210072927679, 0.08213592087670757, 0.08076594817198542, 0.062136804247094224, 0.05615522758609109, 0.0748155582078642, 0.07151447964040523, 0.06472059538905492, 0.06555449178479192, 0.05208534287666848, 0.06626797845809829, 0.0677204971829848, 0.06212798672274577, 0.053453703556197475, 0.06710117981295745, 0.07347980909261567, 0.07840431547668027, 0.05454874409832506, 0.049979019517486886, 0.05319690390249154, 0.05151925740835364, 0.06711024484197273, 0.04756971514824697, 0.043107867034046975, 0.05332221642790268, 0.058177725759891476, 0.04042453466439254, 0.04301372416108391, 0.04738820222671544, 0.055034762868723684, 0.0420129889943287, 0.04272722682291712, 0.04927860515357181, 0.03969651036319165, 0.05113225013453794, 0.0818657029984762, 0.08712451248305314, 0.0606548288813192, 0.04498295823004551, 0.055732934200975824, 0.051173262592724006, 0.03544054390411573, 0.05316649241320929, 0.04439058007347011, 0.05782496409186877, 0.04479007403129106, 0.037609876119702124, 0.03725557054337921, 0.03442583689706231, 0.06217469575023179, 0.043189701976487624, 0.036243821528914394]
BBSR:0.29
ABSR:0.16
max acc:97.26
