======================================
    IID: 0
    Dataset: mnist
    Model: Mnist_CNN
    Model Init: None
    Aggregation Function: zkp
    Fraction NonIID: 15
    Long attack: 5
    Wide attack: 5
    Wide attack: mistrust
    Threshold reject: 0.5
    Threshold down: 0.0
    Attack method: dba
    Fraction of malicious agents: 15.0%
    Poison Frac: 0.2
    Backdoor From 7 to 5
    Attack Begin: 0
    Trigger Shape: square
    Trigger Position X: 0
    Trigger Position Y: 0
    Number of agents: 100
    Fraction of agents each turn: 30(30.0%)
    Local batch size: 50
    Local epoch: 3
    Client_LR: 0.01
    Client_Momentum: 0.9
    Global Rounds: 100
======================================
main_task_accuracy=[0, 26.309999465942383, 8.920000076293945, 25.8700008392334, 32.31999969482422, 38.59000015258789, 66.55999755859375, 58.810001373291016, 65.1500015258789, 73.48999786376953, 69.51000213623047, 50.119998931884766, 71.66999816894531, 81.23999786376953, 77.52999877929688, 70.93000030517578, 77.91000366210938, 86.68000030517578, 78.88999938964844, 87.0999984741211, 78.2699966430664, 82.27999877929688, 86.69000244140625, 90.55999755859375, 89.58000183105469, 91.33999633789062, 93.20999908447266, 89.38999938964844, 90.80999755859375, 88.31999969482422, 87.9000015258789, 90.8499984741211, 94.12999725341797, 84.11000061035156, 91.44000244140625, 93.56999969482422, 93.72000122070312, 92.33000183105469, 94.70999908447266, 93.25, 93.87999725341797, 94.19999694824219, 95.0, 95.05999755859375, 95.37000274658203, 94.62000274658203, 94.2699966430664, 95.37000274658203, 94.16000366210938, 96.08000183105469, 89.63999938964844, 95.3499984741211, 91.08999633789062, 95.02999877929688, 96.33999633789062, 94.7699966430664, 96.0199966430664, 95.69999694824219, 95.77999877929688, 89.55000305175781, 96.12000274658203, 96.5199966430664, 95.58999633789062, 96.58000183105469, 96.47000122070312, 96.62999725341797, 96.37999725341797, 96.12999725341797, 94.5999984741211, 94.55000305175781, 96.8499984741211, 92.61000061035156, 97.02999877929688, 96.56999969482422, 96.12000274658203, 94.54000091552734, 94.58999633789062, 97.08000183105469, 96.37000274658203, 96.94999694824219, 95.95999908447266, 96.62999725341797, 96.61000061035156, 96.56999969482422, 93.43000030517578, 96.26000213623047, 89.63999938964844, 96.76000213623047, 96.81999969482422, 96.83999633789062, 96.1500015258789, 96.06999969482422, 97.52999877929688, 95.9800033569336, 97.47000122070312, 96.94999694824219, 96.73999786376953, 97.08000183105469, 94.86000061035156, 96.88999938964844, 97.2300033569336]
backdoor_accuracy=[0, 0.0, 100.0, 0.0, 0.19455252918287938, 34.72762645914397, 0.2918287937743191, 0.9727626459143969, 0.0, 0.38910505836575876, 0.0, 0.38910505836575876, 0.38910505836575876, 0.19455252918287938, 0.19455252918287938, 0.19455252918287938, 0.2918287937743191, 0.19455252918287938, 0.0, 0.19455252918287938, 0.09727626459143969, 0.0, 0.8754863813229572, 0.2918287937743191, 0.09727626459143969, 0.2918287937743191, 0.2918287937743191, 0.19455252918287938, 0.2918287937743191, 0.38910505836575876, 0.0, 0.0, 0.2918287937743191, 0.09727626459143969, 0.2918287937743191, 0.38910505836575876, 0.2918287937743191, 0.6809338521400778, 0.19455252918287938, 0.7782101167315175, 0.2918287937743191, 0.6809338521400778, 0.19455252918287938, 0.2918287937743191, 0.48638132295719844, 0.19455252918287938, 0.7782101167315175, 0.19455252918287938, 0.48638132295719844, 0.2918287937743191, 0.0, 0.2918287937743191, 0.09727626459143969, 0.2918287937743191, 0.09727626459143969, 0.38910505836575876, 0.2918287937743191, 0.38910505836575876, 0.2918287937743191, 0.19455252918287938, 0.2918287937743191, 0.48638132295719844, 0.2918287937743191, 0.5836575875486382, 0.2918287937743191, 0.2918287937743191, 0.48638132295719844, 0.19455252918287938, 0.38910505836575876, 0.09727626459143969, 0.2918287937743191, 0.38910505836575876, 0.2918287937743191, 0.6809338521400778, 0.09727626459143969, 1.8482490272373542, 0.0, 0.38910505836575876, 0.5836575875486382, 0.6809338521400778, 0.7782101167315175, 0.2918287937743191, 0.7782101167315175, 0.19455252918287938, 0.6809338521400778, 0.48638132295719844, 0.09727626459143969, 0.8754863813229572, 0.48638132295719844, 0.6809338521400778, 0.48638132295719844, 0.38910505836575876, 0.2918287937743191, 0.48638132295719844, 0.19455252918287938, 0.7782101167315175, 0.38910505836575876, 0.38910505836575876, 0.09727626459143969, 0.38910505836575876, 0.7782101167315175]
loss_list=[0.7880402837467634, 0.7753302489929834, 0.7779270572247925, 0.7691798209816495, 0.6344712568938413, 0.6248656122894167, 0.4671544408512773, 0.3184130377886746, 0.28164192566018537, 0.2697171444300697, 0.2820166298803207, 0.37321118285992366, 0.2848274597834434, 0.19985866860451879, 0.22451724921878713, 0.18686041522227673, 0.2068134842600739, 0.17329608579947736, 0.1715420112943445, 0.1421876491242776, 0.16008922231058148, 0.20847412149769085, 0.13405407168871744, 0.1256948901625479, 0.13221984767942735, 0.10864757964569852, 0.09947470793074403, 0.09816055393083262, 0.1167404666776874, 0.14060358145559657, 0.11104593862853457, 0.08807648224881888, 0.10398599752540753, 0.1201129496276155, 0.08959603806161558, 0.09015109883885968, 0.10544302153050751, 0.09512018025852449, 0.08008298275309075, 0.08457871222919847, 0.08837024864160788, 0.08300610265155586, 0.06819008194321247, 0.0708887422785843, 0.08075845753026475, 0.07558709670170609, 0.07290784421244315, 0.08125754037845419, 0.07092360497770168, 0.05980198564323153, 0.08582057787209897, 0.07652698265395781, 0.07868506380649443, 0.0632503954128018, 0.057381728848804985, 0.07088647284612692, 0.05978933359215502, 0.06074437120031124, 0.058330755464111386, 0.08719386458371442, 0.06451789244209168, 0.053684649836571424, 0.0706395061451723, 0.052707505502015965, 0.05369954441282991, 0.053807268568121264, 0.06899119460775502, 0.05398323966777886, 0.05884231540134095, 0.05844041665406315, 0.06296298039356522, 0.07815363996198604, 0.053315077801513705, 0.052157810264654846, 0.06513150106919383, 0.062427532205599705, 0.056801622217602106, 0.060810592168126974, 0.04687821493802831, 0.045391478206390626, 0.0584657962894437, 0.06014154041207185, 0.0496812338696157, 0.05357567478798363, 0.06155179886074234, 0.07345616521934217, 0.07450223421630606, 0.049558955358804675, 0.04111681337068665, 0.048457445731377974, 0.05158231110973394, 0.05605915763666062, 0.052674451602207, 0.04676744122118829, 0.038168422979631, 0.047417333178379296, 0.057237401283103735, 0.04002978604403129, 0.05296278537130106, 0.039420545774846966]
BBSR:0.78
ABSR:0.42
max acc:97.53
