======================================
    IID: 0
    Dataset: mnist
    Model: Mnist_CNN
    Model Init: None
    Aggregation Function: zkp
    Fraction NonIID: 0
    Long attack: 4
    Wide attack: 4
    Style send: trust
    Threshold reject: 0.5
    Threshold down: 0.0
    Attack method: badnet
    Fraction of malicious agents: 15.0%
    Poison Frac: 0.2
    Backdoor From 7 to 5
    Attack Begin: 0
    Trigger Shape: square
    Trigger Position X: 0
    Trigger Position Y: 0
    Number of agents: 100
    Fraction of agents each turn: 30(30.0%)
    Local batch size: 50
    Local epoch: 3
    Client_LR: 0.01
    Client_Momentum: 0.9
    Global Rounds: 100
======================================
main_task_accuracy=[0, 22.610000610351562, 31.350000381469727, 11.739999771118164, 61.290000915527344, 28.18000030517578, 73.95999908447266, 48.18000030517578, 44.130001068115234, 65.44000244140625, 69.4000015258789, 56.22999954223633, 65.79000091552734, 79.80000305175781, 76.69999694824219, 83.76000213623047, 73.54000091552734, 86.11000061035156, 87.94000244140625, 84.66000366210938, 87.79000091552734, 81.33000183105469, 87.95999908447266, 88.97000122070312, 88.80000305175781, 82.86000061035156, 94.58999633789062, 93.83999633789062, 88.5999984741211, 88.76000213623047, 85.70999908447266, 90.77999877929688, 85.63999938964844, 93.0, 95.38999938964844, 95.9800033569336, 91.80000305175781, 93.38999938964844, 93.48999786376953, 80.05000305175781, 94.33999633789062, 96.37999725341797, 87.44000244140625, 95.12000274658203, 87.97000122070312, 96.25, 86.56999969482422, 95.81999969482422, 91.5199966430664, 96.66000366210938, 97.18000030517578, 93.05000305175781, 96.66999816894531, 96.79000091552734, 96.30000305175781, 95.76000213623047, 94.68000030517578, 91.30999755859375, 91.27999877929688, 97.1500015258789, 96.62000274658203, 94.73999786376953, 96.16000366210938, 95.83000183105469, 93.02999877929688, 90.2699966430664, 92.63999938964844, 96.72000122070312, 96.20999908447266, 97.43000030517578, 97.62999725341797, 97.83999633789062, 95.7300033569336, 97.83999633789062, 97.76000213623047, 78.69000244140625, 94.69000244140625, 98.02999877929688, 97.83999633789062, 97.43000030517578, 97.9000015258789, 97.68000030517578, 95.11000061035156, 97.94000244140625, 98.26000213623047, 97.44000244140625, 94.2699966430664, 94.33000183105469, 95.5199966430664, 94.55999755859375, 97.5199966430664, 97.41999816894531, 96.08999633789062, 97.47000122070312, 96.56999969482422, 98.11000061035156, 98.11000061035156, 97.9800033569336, 97.36000061035156, 97.9000015258789, 97.66000366210938]
backdoor_accuracy=[0, 10.894941634241246, 0.0, 0.0, 0.0, 0.0, 0.38910505836575876, 0.0, 2.431906614785992, 0.2918287937743191, 0.0, 0.5836575875486382, 0.5836575875486382, 0.0, 1.0700389105058365, 0.0, 1.0700389105058365, 0.0, 0.48638132295719844, 0.0, 0.5836575875486382, 0.0, 0.0, 0.38910505836575876, 0.0, 0.0, 1.3618677042801557, 0.19455252918287938, 7.490272373540856, 0.0, 0.5836575875486382, 2.0428015564202333, 8.754863813229573, 0.19455252918287938, 1.1673151750972763, 0.5836575875486382, 1.1673151750972763, 0.7782101167315175, 1.264591439688716, 6.42023346303502, 1.4591439688715953, 1.6536964980544746, 5.933852140077821, 3.0155642023346303, 2.140077821011673, 6.128404669260701, 0.6809338521400778, 6.42023346303502, 0.8754863813229572, 4.961089494163424, 0.38910505836575876, 0.7782101167315175, 5.252918287937743, 0.48638132295719844, 10.603112840466926, 0.09727626459143969, 1.0700389105058365, 2.237354085603113, 1.556420233463035, 3.8910505836575875, 1.7509727626459144, 27.042801556420233, 0.09727626459143969, 9.43579766536965, 0.09727626459143969, 4.571984435797665, 0.7782101167315175, 14.494163424124514, 0.5836575875486382, 24.22178988326848, 1.556420233463035, 5.544747081712062, 2.821011673151751, 7.2957198443579765, 2.431906614785992, 15.95330739299611, 0.19455252918287938, 0.5836575875486382, 0.19455252918287938, 0.7782101167315175, 0.19455252918287938, 1.4591439688715953, 0.19455252918287938, 2.0428015564202333, 26.070038910505836, 7.392996108949417, 82.39299610894942, 0.09727626459143969, 23.249027237354085, 0.19455252918287938, 23.638132295719846, 5.058365758754864, 2.529182879377432, 13.035019455252918, 6.906614785992218, 5.447470817120623, 4.182879377431907, 9.727626459143968, 3.6964980544747084, 6.3229571984435795, 18.48249027237354]
loss_list=[0.45415856656818737, 0.3548298348428071, 0.22288064214957032, 0.39206865353455284, 0.22662597662265135, 0.3482153523321236, 0.20940483950850625, 0.24055954582796224, 0.22857254420025483, 0.1849963728610954, 0.21592903928318238, 0.18040022037452824, 0.12775871020016916, 0.12447084256949477, 0.12256046578266723, 0.10677850381285266, 0.16321268781063455, 0.09368982403447908, 0.09108961547327686, 0.0988123983283201, 0.08558878175017401, 0.10373803190032407, 0.0840055553428303, 0.0819254091914419, 0.08572581511263595, 0.08404868716116175, 0.0693506497696843, 0.06165583387878229, 0.07319215372285, 0.0869448822639886, 0.08433623188726512, 0.0825746797330269, 0.08708384113647424, 0.06371514762437634, 0.05741871716378665, 0.057669436887953215, 0.062185507259276414, 0.051255533349561545, 0.06397584935184987, 0.08976031209054489, 0.05808673288265203, 0.05141165516960808, 0.06869424239184956, 0.05299526782453849, 0.07386380501706598, 0.05093071093744523, 0.08102261183054803, 0.05438159865689134, 0.05742035617279381, 0.049340528584705674, 0.04699203790762041, 0.053591709381944776, 0.045979243270175024, 0.042173158749758015, 0.05309797106774662, 0.046987932954661346, 0.058952428108953105, 0.05970591697031085, 0.05157297691589688, 0.04160681454890588, 0.041621978082271534, 0.044939323347422275, 0.0392740713639316, 0.04305875977863454, 0.04927015879962307, 0.07666812419208342, 0.0539138370896236, 0.043861989801957345, 0.04831609135396018, 0.03682820397531217, 0.034628046670359396, 0.036204574164401614, 0.04231777995015081, 0.036015255916063894, 0.03819474921936204, 0.07469620561735917, 0.048274835038476266, 0.039004997025148834, 0.0368142875476265, 0.03912371084698984, 0.03634444236716545, 0.03275686359034256, 0.048377029980575297, 0.04354769255486332, 0.03237121112266107, 0.03733120462429976, 0.037658228685106446, 0.04459011205435252, 0.04309578109174399, 0.04880448331618368, 0.03375096923510552, 0.03099081281927148, 0.040210336100576144, 0.036907257931105955, 0.039863657794170775, 0.03373747103566984, 0.03133936951453148, 0.03455278527114985, 0.032620798704165614, 0.028076060120995148]
BBSR:18.48
ABSR:7.54
max acc:98.11
