======================================
    IID: 0
    Dataset: mnist
    Model: Mnist_CNN
    Model Init: None
    Aggregation Function: zkp
    Fraction NonIID: 0
    Long attack: 4
    Wide attack: 4
    Wide attack: mistrust
    Threshold reject: 0.5
    Threshold down: 0.0
    Attack method: dba
    Fraction of malicious agents: 15.0%
    Poison Frac: 0.2
    Backdoor From 7 to 5
    Attack Begin: 0
    Trigger Shape: square
    Trigger Position X: 0
    Trigger Position Y: 0
    Number of agents: 100
    Fraction of agents each turn: 30(30.0%)
    Local batch size: 50
    Local epoch: 3
    Client_LR: 0.01
    Client_Momentum: 0.9
    Global Rounds: 100
======================================
main_task_accuracy=[0, 36.650001525878906, 14.5600004196167, 38.630001068115234, 50.2599983215332, 33.209999084472656, 44.0099983215332, 59.2400016784668, 51.5, 58.72999954223633, 73.19999694824219, 75.51000213623047, 59.130001068115234, 87.41000366210938, 78.02999877929688, 77.04000091552734, 77.30000305175781, 84.52999877929688, 87.33999633789062, 92.16999816894531, 91.06999969482422, 89.51000213623047, 88.91000366210938, 91.2699966430664, 82.5, 78.38999938964844, 92.62000274658203, 83.01000213623047, 91.6500015258789, 95.36000061035156, 94.47000122070312, 93.62999725341797, 90.77999877929688, 95.44000244140625, 93.06999969482422, 91.6500015258789, 89.13999938964844, 92.27999877929688, 79.5199966430664, 91.33000183105469, 88.97000122070312, 93.47000122070312, 67.68000030517578, 90.75, 91.62000274658203, 75.70999908447266, 91.79000091552734, 86.45999908447266, 96.33000183105469, 93.55000305175781, 95.06999969482422, 95.19000244140625, 96.98999786376953, 95.95999908447266, 97.12999725341797, 96.23999786376953, 96.68000030517578, 96.8499984741211, 94.94000244140625, 96.61000061035156, 95.38999938964844, 96.19000244140625, 96.58000183105469, 96.91000366210938, 97.30999755859375, 96.70999908447266, 97.08000183105469, 94.51000213623047, 93.51000213623047, 95.75, 83.02999877929688, 97.08999633789062, 91.80999755859375, 94.63999938964844, 97.54000091552734, 96.29000091552734, 97.45999908447266, 93.4000015258789, 96.76000213623047, 97.16999816894531, 97.77999877929688, 98.01000213623047, 97.63999938964844, 97.23999786376953, 97.9000015258789, 97.98999786376953, 96.73999786376953, 98.02999877929688, 97.62000274658203, 97.68000030517578, 97.55000305175781, 96.87000274658203, 98.05000305175781, 97.80000305175781, 96.88999938964844, 97.37999725341797, 96.7699966430664, 98.08000183105469, 96.61000061035156, 97.76000213623047, 96.30999755859375]
backdoor_accuracy=[0, 0.0, 0.0, 2.7237354085603114, 0.0, 0.0, 3.6964980544747084, 0.0, 3.404669260700389, 0.0, 0.0, 0.38910505836575876, 0.0, 0.9727626459143969, 0.0, 0.8754863813229572, 0.0, 0.6809338521400778, 0.0, 0.09727626459143969, 0.19455252918287938, 0.0, 0.5836575875486382, 0.0, 0.0, 0.0, 0.9727626459143969, 0.0, 0.2918287937743191, 0.0, 0.2918287937743191, 0.0, 0.5836575875486382, 0.09727626459143969, 0.0, 0.0, 0.0, 0.38910505836575876, 0.0, 0.19455252918287938, 0.19455252918287938, 0.19455252918287938, 0.0, 0.2918287937743191, 0.19455252918287938, 0.19455252918287938, 0.19455252918287938, 0.19455252918287938, 0.09727626459143969, 0.0, 0.09727626459143969, 0.0, 0.09727626459143969, 0.0, 0.0, 0.19455252918287938, 0.0, 0.09727626459143969, 0.0, 0.19455252918287938, 0.0, 0.19455252918287938, 0.09727626459143969, 0.09727626459143969, 0.19455252918287938, 0.09727626459143969, 0.19455252918287938, 0.0, 0.19455252918287938, 0.09727626459143969, 0.19455252918287938, 0.38910505836575876, 0.0, 0.09727626459143969, 0.0, 0.09727626459143969, 0.0, 0.0, 0.0, 0.19455252918287938, 0.0, 0.0, 0.09727626459143969, 0.09727626459143969, 0.0, 0.0, 0.0, 0.0, 0.0, 0.0, 0.09727626459143969, 0.0, 0.09727626459143969, 0.0, 0.09727626459143969, 0.0, 0.0, 0.0, 0.0, 0.09727626459143969, 0.0]
loss_list=[0.49057495634319465, 0.27835769993457543, 0.656380013637439, 0.31016890702362415, 0.26254754669789965, 0.28004479759003365, 0.27139214155780933, 0.26609269440178934, 0.17154771961153578, 0.14277071513194173, 0.1704935517744009, 0.12291242152658252, 0.18490336984490066, 0.10414993185868786, 0.12269906805249517, 0.1303373795034105, 0.15235781881916532, 0.12307673059128542, 0.07380193527145733, 0.08578180414572464, 0.06966648675559149, 0.07255216392896356, 0.07659308540232786, 0.07328787582804434, 0.11143754539881709, 0.10546754332114634, 0.08620221068430386, 0.09433401237920272, 0.07071948932923586, 0.05709915875480877, 0.05290627252497714, 0.0745975000980233, 0.06590797154785441, 0.05871737753725327, 0.05479243574471255, 0.05693270027627823, 0.06554037790353197, 0.05907149552194024, 0.07924642396206023, 0.06735302772386091, 0.07430559357936331, 0.05983866967699119, 0.14627218591821356, 0.07443812490703916, 0.08132338561547635, 0.09537492590187607, 0.0909775092722433, 0.07440381929912256, 0.057620194893156236, 0.06157963465493297, 0.06210786365558752, 0.0529770212999283, 0.05252128936101999, 0.05499660296365337, 0.050921473948550434, 0.044449363857726916, 0.041576713979061146, 0.05447304089505798, 0.048411601543782, 0.041631081977288036, 0.06176304208877353, 0.06119210424626133, 0.039371433468568286, 0.04621185655212156, 0.04903066531946477, 0.05240864017286388, 0.03984607473371587, 0.04978178165787718, 0.046667811308361715, 0.05259478367747718, 0.07096595737543251, 0.04469515733922317, 0.06562099585050414, 0.048733627422934994, 0.044960889342210666, 0.042273975639301485, 0.055929079765625535, 0.05631611933730634, 0.04356901934828043, 0.04442501661098422, 0.044361795946439075, 0.03617924035210753, 0.034832747833224355, 0.041740610424983934, 0.0425851317189272, 0.03283988746933557, 0.03828350325093881, 0.04826873859290202, 0.03609057653910688, 0.0305997184336833, 0.03368474545568298, 0.050344711724080664, 0.02969041291059014, 0.03210858178512864, 0.043094472361759464, 0.04282020880098958, 0.03452605036906175, 0.030356163303978532, 0.04351062792295363, 0.035208070577472245]
BBSR:0.1
ABSR:0.03
max acc:98.08
