======================================
    IID: 0
    Dataset: mnist
    Model: Mnist_CNN
    Model Init: None
    Aggregation Function: zkp
    Fraction NonIID: 0
    Long attack: 5
    Wide attack: 5
    Style send: mistrust
    Threshold reject: 0.5
    Threshold down: 0.0
    Attack method: dba
    Fraction of malicious agents: 15.0%
    Poison Frac: 0.2
    Backdoor From 7 to 5
    Attack Begin: 0
    Trigger Shape: square
    Trigger Position X: 0
    Trigger Position Y: 0
    Number of agents: 100
    Fraction of agents each turn: 30(30.0%)
    Local batch size: 50
    Local epoch: 3
    Client_LR: 0.01
    Client_Momentum: 0.9
    Global Rounds: 100
======================================
main_task_accuracy=[0, 19.639999389648438, 37.54999923706055, 57.56999969482422, 39.97999954223633, 28.459999084472656, 49.7599983215332, 42.459999084472656, 60.09000015258789, 69.69000244140625, 69.2699966430664, 64.43000030517578, 57.060001373291016, 78.83000183105469, 65.43000030517578, 79.58999633789062, 77.70999908447266, 68.31999969482422, 83.33999633789062, 81.97000122070312, 91.93000030517578, 91.18000030517578, 88.41000366210938, 92.37000274658203, 93.22000122070312, 92.69999694824219, 93.75, 80.7300033569336, 85.36000061035156, 87.04000091552734, 93.05000305175781, 90.66999816894531, 90.62999725341797, 91.1500015258789, 93.94000244140625, 95.12999725341797, 96.2300033569336, 95.94999694824219, 94.23999786376953, 94.16999816894531, 94.25, 94.72000122070312, 91.83999633789062, 94.72000122070312, 76.95999908447266, 92.23999786376953, 93.55999755859375, 92.63999938964844, 95.5, 94.48999786376953, 91.0199966430664, 95.41999816894531, 96.16000366210938, 96.83000183105469, 84.94000244140625, 95.25, 95.73999786376953, 91.68000030517578, 95.61000061035156, 95.02999877929688, 96.62999725341797, 95.45999908447266, 97.04000091552734, 97.19000244140625, 96.5999984741211, 96.97000122070312, 97.29000091552734, 97.6500015258789, 96.5, 98.0199966430664, 97.7699966430664, 97.30000305175781, 90.73999786376953, 96.93000030517578, 95.87999725341797, 97.9800033569336, 98.01000213623047, 93.0, 95.55999755859375, 95.72000122070312, 97.20999908447266, 95.94000244140625, 97.88999938964844, 97.94000244140625, 97.94999694824219, 97.43000030517578, 98.26000213623047, 95.3499984741211, 97.87999725341797, 93.9000015258789, 97.20999908447266, 97.58000183105469, 97.25, 97.37000274658203, 97.11000061035156, 98.0999984741211, 96.36000061035156, 97.73999786376953, 98.27999877929688, 97.43000030517578, 98.05000305175781]
backdoor_accuracy=[0, 0.0, 0.0, 0.0, 12.743190661478598, 0.0, 0.5836575875486382, 0.19455252918287938, 0.09727626459143969, 0.38910505836575876, 0.0, 0.7782101167315175, 0.0, 0.0, 9.82490272373541, 0.0, 2.6264591439688716, 0.0, 1.3618677042801557, 0.9727626459143969, 0.09727626459143969, 2.237354085603113, 0.19455252918287938, 0.2918287937743191, 0.48638132295719844, 0.09727626459143969, 0.48638132295719844, 0.0, 0.38910505836575876, 0.5836575875486382, 0.19455252918287938, 0.2918287937743191, 0.0, 0.2918287937743191, 0.0, 0.19455252918287938, 0.19455252918287938, 0.2918287937743191, 0.0, 0.2918287937743191, 0.0, 0.2918287937743191, 0.09727626459143969, 0.09727626459143969, 0.0, 0.19455252918287938, 0.0, 0.0, 0.2918287937743191, 0.0, 0.09727626459143969, 0.0, 0.09727626459143969, 0.0, 0.0, 0.0, 0.0, 0.09727626459143969, 0.09727626459143969, 0.0, 0.09727626459143969, 0.0, 0.0, 0.09727626459143969, 0.0, 0.09727626459143969, 0.0, 0.09727626459143969, 0.0, 0.0, 0.0, 0.09727626459143969, 0.0, 0.09727626459143969, 0.09727626459143969, 0.09727626459143969, 0.09727626459143969, 0.0, 0.09727626459143969, 0.0, 0.09727626459143969, 0.0, 0.09727626459143969, 0.0, 0.09727626459143969, 0.0, 0.09727626459143969, 0.0, 0.09727626459143969, 0.09727626459143969, 0.09727626459143969, 0.0, 0.09727626459143969, 0.09727626459143969, 0.0, 0.09727626459143969, 0.09727626459143969, 0.09727626459143969, 0.0, 0.09727626459143969, 0.0]
loss_list=[0.4557233976253485, 0.5380655723654443, 0.3018515892768941, 0.21254407074966025, 0.27166251582499545, 0.28343119112561227, 0.22102069619005296, 0.20744842172937525, 0.17843460044809448, 0.18434945345510748, 0.1435423352500823, 0.1703040087278816, 0.1728566976020345, 0.13559608853992852, 0.13224529378384692, 0.15738937019776347, 0.12687434244313286, 0.149634083984846, 0.11373944033788502, 0.11696210051885879, 0.09266888181864578, 0.08802633345888126, 0.07983074407886902, 0.07986597115498359, 0.06994831492233336, 0.07163084574779849, 0.06927502724245244, 0.10541967332703414, 0.09405335219948095, 0.07810741007238804, 0.06900002190378694, 0.0846214224812766, 0.0730301903059345, 0.07813326597478545, 0.06924131671358585, 0.06088425692365542, 0.055303537585213565, 0.05842428143675904, 0.062497694101530124, 0.06158900826855002, 0.05648781646293475, 0.05306886308384585, 0.07497880539150242, 0.05857493714780147, 0.08977337182099739, 0.06054078017833674, 0.07722428645384087, 0.0575285323488776, 0.05244420915277556, 0.07051510841628193, 0.056093043041028336, 0.04697653373222776, 0.04783830406809987, 0.05682654874956759, 0.07963975151984218, 0.05349517604769669, 0.0527595052148594, 0.07403208257926859, 0.0497330183703549, 0.04628316032369, 0.041789330890368764, 0.06771756582392693, 0.03944684527801867, 0.04168922365152641, 0.05407201457662896, 0.04366422915864412, 0.042529184144624387, 0.03269755791048334, 0.05358101352908632, 0.041679158924316374, 0.034609301362663956, 0.0367953997563666, 0.07142620298111715, 0.0417217248492776, 0.04042892018590947, 0.03270510018370361, 0.05173019210285665, 0.049962337237659825, 0.0424869301323102, 0.051692909989966056, 0.04514340973329226, 0.03876962649688886, 0.03690667645529236, 0.04752342668797182, 0.04424986584364162, 0.034885486847762257, 0.02939834488387031, 0.05882768093682669, 0.03564560187854476, 0.04585813645268765, 0.02977895118212633, 0.05163324689958932, 0.03453964316695104, 0.034252702432847094, 0.04600193916580957, 0.041848771174317095, 0.03416767372005154, 0.03238417512260136, 0.04103573829748477, 0.040784832406601204]
BBSR:0.1
ABSR:0.06
max acc:98.28
