======================================
    IID: 0
    Dataset: mnist
    Model: Mnist_CNN
    Model Init: None
    Aggregation Function: zkp
    Fraction NonIID: 0
    Long attack: 5
    Wide attack: 5
    Style send: mistrust
    Threshold reject: 0.5
    Threshold down: 0.0
    Attack method: badnet
    Fraction of malicious agents: 15.0%
    Poison Frac: 0.2
    Backdoor From 7 to 5
    Attack Begin: 0
    Trigger Shape: square
    Trigger Position X: 0
    Trigger Position Y: 0
    Number of agents: 100
    Fraction of agents each turn: 30(30.0%)
    Local batch size: 50
    Local epoch: 3
    Client_LR: 0.01
    Client_Momentum: 0.9
    Global Rounds: 100
======================================
main_task_accuracy=[0, 26.56999969482422, 33.040000915527344, 45.849998474121094, 37.31999969482422, 41.06999969482422, 57.9900016784668, 51.11000061035156, 69.75, 59.02000045776367, 56.61000061035156, 80.66999816894531, 68.43000030517578, 85.93000030517578, 85.12999725341797, 75.0999984741211, 74.95999908447266, 75.94000244140625, 91.61000061035156, 81.31999969482422, 91.19000244140625, 88.75, 93.0, 88.80999755859375, 89.97000122070312, 82.6500015258789, 84.87999725341797, 76.62000274658203, 87.51000213623047, 76.81999969482422, 94.75, 94.81999969482422, 92.4000015258789, 92.88999938964844, 72.87999725341797, 91.58999633789062, 95.5, 94.06999969482422, 96.45999908447266, 96.94999694824219, 81.38999938964844, 91.87000274658203, 89.08999633789062, 96.79000091552734, 96.2699966430664, 95.56999969482422, 96.0, 96.22000122070312, 95.76000213623047, 96.0999984741211, 94.58000183105469, 97.55000305175781, 97.16999816894531, 97.58000183105469, 96.16999816894531, 96.16999816894531, 97.3499984741211, 96.91999816894531, 95.16000366210938, 95.91999816894531, 96.6500015258789, 94.62000274658203, 96.27999877929688, 95.98999786376953, 97.05999755859375, 96.47000122070312, 97.63999938964844, 95.48999786376953, 96.83999633789062, 96.62000274658203, 94.30999755859375, 97.16000366210938, 96.7699966430664, 95.95999908447266, 97.48999786376953, 95.7699966430664, 95.63999938964844, 97.33000183105469, 97.55000305175781, 95.22000122070312, 96.56999969482422, 96.27999877929688, 94.87000274658203, 97.20999908447266, 92.08000183105469, 97.36000061035156, 96.58000183105469, 98.29000091552734, 96.7699966430664, 97.16999816894531, 97.68000030517578, 97.72000122070312, 96.0, 97.45999908447266, 98.08999633789062, 96.83000183105469, 97.8499984741211, 98.29000091552734, 97.62999725341797, 97.88999938964844, 95.97000122070312]
backdoor_accuracy=[0, 0.0, 0.0, 0.0, 0.0, 0.0, 0.8754863813229572, 0.0, 0.0, 0.19455252918287938, 0.0, 0.0, 0.19455252918287938, 0.0, 0.0, 0.0, 0.0, 0.0, 0.09727626459143969, 0.09727626459143969, 0.0, 0.19455252918287938, 0.0, 0.0, 0.0, 0.0, 0.0, 0.09727626459143969, 2.237354085603113, 0.0, 0.2918287937743191, 0.2918287937743191, 0.2918287937743191, 0.2918287937743191, 0.0, 0.0, 0.09727626459143969, 0.0, 0.2918287937743191, 0.2918287937743191, 0.0, 0.09727626459143969, 0.19455252918287938, 0.2918287937743191, 0.19455252918287938, 0.2918287937743191, 0.09727626459143969, 0.09727626459143969, 0.09727626459143969, 0.0, 0.0, 0.09727626459143969, 0.0, 0.09727626459143969, 0.09727626459143969, 0.09727626459143969, 0.09727626459143969, 0.09727626459143969, 0.0, 0.09727626459143969, 0.0, 0.38910505836575876, 0.0, 0.38910505836575876, 0.0, 0.09727626459143969, 0.0, 0.2918287937743191, 0.0, 0.09727626459143969, 0.09727626459143969, 0.09727626459143969, 0.09727626459143969, 0.09727626459143969, 0.09727626459143969, 0.0, 0.09727626459143969, 0.0, 0.09727626459143969, 0.0, 0.09727626459143969, 0.0, 0.09727626459143969, 0.09727626459143969, 0.09727626459143969, 0.09727626459143969, 0.09727626459143969, 0.09727626459143969, 0.09727626459143969, 0.09727626459143969, 0.19455252918287938, 0.09727626459143969, 0.09727626459143969, 0.09727626459143969, 0.09727626459143969, 0.09727626459143969, 0.09727626459143969, 0.09727626459143969, 0.0, 0.09727626459143969, 0.0]
loss_list=[0.4896670381305034, 0.37372783078100474, 0.2487140959349766, 0.3355347721878509, 0.2661368882847425, 0.2768249225190798, 0.15667839545158238, 0.2071906448845448, 0.15633204367317377, 0.19339698215172033, 0.17741475974251797, 0.12290349558671546, 0.1479848334810804, 0.10452866114380735, 0.10529885859774439, 0.11155398115993456, 0.16485522448829895, 0.12189967842170793, 0.06782428463128379, 0.09192489352419084, 0.0918533486332148, 0.09881228138950922, 0.07098332637673127, 0.07476689643178688, 0.07880898525692272, 0.09638176934075234, 0.13079210302050023, 0.11515670049888556, 0.10553827264531469, 0.12017808906583621, 0.06830701187867683, 0.06385928740297583, 0.06663559809685823, 0.06989442246103375, 0.10365583584610641, 0.07666745021063906, 0.06825620926448346, 0.05912373889060909, 0.06491513905330251, 0.055384984428291914, 0.08763140675764904, 0.062053395253406037, 0.07068055273760386, 0.04540735241332718, 0.05516817852235193, 0.05401160934874495, 0.062184044022783234, 0.05568597927583092, 0.03764641833736187, 0.046827440221238484, 0.05782189381425961, 0.051181514234386, 0.04760978976734418, 0.049967832156755786, 0.04731017557750046, 0.04327518960356052, 0.03867445070626408, 0.04665124794073768, 0.045998712969550416, 0.05310434111049449, 0.04421291251505948, 0.05545698321819043, 0.050813006896617434, 0.03560973801345621, 0.037557327756377996, 0.03482325351877276, 0.04262868374140707, 0.04623895761922369, 0.04217093651857928, 0.04332328594045561, 0.0410473170488325, 0.04363173570681518, 0.04230929608124633, 0.04136450926491108, 0.03036784564173998, 0.048532690152628934, 0.0374440453225774, 0.041892835812198354, 0.0332938153445121, 0.039156720766138034, 0.03597049696967209, 0.049290750817934166, 0.050501411385471436, 0.03520195604700998, 0.054404308280192784, 0.035398702966792955, 0.035106079231451086, 0.04726914067306199, 0.034389476609786446, 0.04242788256428756, 0.036913345067289854, 0.04939939099748143, 0.04682277692243719, 0.04490781603103432, 0.027993496372765752, 0.034406910637986766, 0.038056813721109285, 0.03605584069384652, 0.03894957732252266, 0.0316147265545411]
BBSR:0.1
ABSR:0.08
max acc:98.29
