======================================
    IID: 0
    Dataset: mnist
    Model: Mnist_CNN
    Model Init: None
    Aggregation Function: RLR
    Fraction NonIID: 0
    Long attack: 5
    Wide attack: 5
    Wide attack: trust
    Threshold reject: 0.5
    Threshold down: 0.0
    Attack method: badnet
    Fraction of malicious agents: 12.0%
    Poison Frac: 0.2
    Backdoor From 7 to 2
    Attack Begin: 0
    Trigger Shape: square
    Type poisoning: cs
    Trigger Position X: 0
    Trigger Position Y: 0
    Number of agents: 100
    Fraction of agents each turn: 30(30.0%)
    Local batch size: 50
    Local epoch: 3
    Client_LR: 0.01
    Client_Momentum: 0.9
    Global Rounds: 100
    RobustLR_threshold: 4
======================================
main_task_accuracy=[0, 23.469999313354492, 32.630001068115234, 58.52000045776367, 59.720001220703125, 59.900001525878906, 75.05999755859375, 72.22000122070312, 79.87999725341797, 89.55999755859375, 90.62999725341797, 89.80999755859375, 78.27999877929688, 86.22000122070312, 89.70999908447266, 92.27999877929688, 91.45999908447266, 89.87999725341797, 93.01000213623047, 93.2300033569336, 93.13999938964844, 89.56999969482422, 92.5999984741211, 93.61000061035156, 93.4800033569336, 95.37000274658203, 89.1500015258789, 91.6500015258789, 93.66999816894531, 95.5999984741211, 95.2300033569336, 95.45999908447266, 95.72000122070312, 95.73999786376953, 95.77999877929688, 93.75, 95.37999725341797, 96.08000183105469, 94.93000030517578, 95.91999816894531, 95.9000015258789, 96.2300033569336, 95.4800033569336, 96.77999877929688, 96.69999694824219, 96.66999816894531, 95.9000015258789, 96.72000122070312, 96.44999694824219, 96.23999786376953, 96.88999938964844, 96.33000183105469, 96.62999725341797, 96.83999633789062, 96.51000213623047, 95.9000015258789, 96.76000213623047, 95.98999786376953, 96.30000305175781, 96.4800033569336, 96.80000305175781, 96.94000244140625, 96.68000030517578, 97.05000305175781, 96.4000015258789, 97.30999755859375, 97.66000366210938, 96.81999969482422, 96.95999908447266, 96.88999938964844, 96.81999969482422, 97.13999938964844, 97.19000244140625, 97.3499984741211, 96.88999938964844, 96.66999816894531, 97.06999969482422, 97.22000122070312, 97.4000015258789, 97.56999969482422, 97.2699966430664, 97.19999694824219, 97.33999633789062, 97.48999786376953, 96.29000091552734, 97.30999755859375, 96.45999908447266, 97.2699966430664, 97.4000015258789, 96.5, 97.37999725341797, 97.48999786376953, 97.7300033569336, 97.12000274658203, 96.23999786376953, 97.48999786376953, 97.7300033569336, 97.5, 96.4800033569336, 97.62999725341797, 97.4000015258789]
backdoor_accuracy=[0, 0.0, 0.0, 7.684824902723736, 0.19455252918287938, 5.544747081712062, 0.38910505836575876, 7.976653696498055, 6.3229571984435795, 2.140077821011673, 4.766536964980545, 2.529182879377432, 5.3501945525291825, 3.0155642023346303, 6.031128404669261, 2.821011673151751, 6.517509727626459, 0.0, 3.307392996108949, 4.571984435797665, 5.933852140077821, 1.4591439688715953, 1.8482490272373542, 3.307392996108949, 0.7782101167315175, 2.237354085603113, 7.684824902723736, 0.19455252918287938, 0.7782101167315175, 3.404669260700389, 5.836575875486381, 0.8754863813229572, 1.0700389105058365, 1.1673151750972763, 1.8482490272373542, 0.38910505836575876, 2.6264591439688716, 1.6536964980544746, 1.264591439688716, 4.474708171206226, 2.237354085603113, 2.237354085603113, 2.529182879377432, 1.556420233463035, 1.264591439688716, 3.7937743190661477, 0.38910505836575876, 1.264591439688716, 1.3618677042801557, 2.7237354085603114, 1.0700389105058365, 0.8754863813229572, 0.48638132295719844, 1.4591439688715953, 5.252918287937743, 0.5836575875486382, 1.264591439688716, 1.8482490272373542, 6.517509727626459, 1.4591439688715953, 1.7509727626459144, 1.6536964980544746, 5.544747081712062, 3.501945525291829, 0.5836575875486382, 1.1673151750972763, 1.556420233463035, 0.9727626459143969, 0.6809338521400778, 2.0428015564202333, 3.7937743190661477, 1.0700389105058365, 0.5836575875486382, 0.6809338521400778, 0.9727626459143969, 0.2918287937743191, 0.7782101167315175, 0.9727626459143969, 1.4591439688715953, 2.6264591439688716, 1.6536964980544746, 3.501945525291829, 1.6536964980544746, 1.1673151750972763, 0.2918287937743191, 1.4591439688715953, 1.8482490272373542, 1.556420233463035, 2.0428015564202333, 0.6809338521400778, 1.4591439688715953, 0.8754863813229572, 1.7509727626459144, 0.5836575875486382, 0.38910505836575876, 5.739299610894942, 0.5836575875486382, 1.8482490272373542, 1.9455252918287937, 2.821011673151751, 3.0155642023346303]
loss_list=[0.49812210364797793, 0.440439519425632, 0.2859358913180934, 0.21685432639322152, 0.17016825199366395, 0.1444454578050681, 0.12050023662144684, 0.11513406006051506, 0.12265842192874972, 0.09801739461138807, 0.08097160722165862, 0.09149351922357865, 0.09542029938183465, 0.09238042888568801, 0.07710504283177984, 0.07571918168654765, 0.07493873207269695, 0.06256899458751629, 0.06872077014818186, 0.07940036855276274, 0.07032230783965021, 0.0684226469581208, 0.05255758835414026, 0.06525231287248022, 0.06405371576618603, 0.07395240678768253, 0.07999159619128669, 0.06070504807367304, 0.05760520231350457, 0.05273859538266088, 0.0582861192997083, 0.05260695295907317, 0.05171292046363312, 0.051651012345421944, 0.04992889898464403, 0.05541220725850033, 0.05229180067292697, 0.05182882135374323, 0.049203900363735904, 0.050268118073266164, 0.050858318384857965, 0.05664296099271478, 0.05034003963314326, 0.0457750766578225, 0.047185966512668036, 0.051671916895905806, 0.039506417099969486, 0.0483500670349109, 0.04874238834512782, 0.04410918653751493, 0.04392633734835458, 0.04917421329096096, 0.04679317882170095, 0.04297791124511784, 0.041298000128610735, 0.04778823500682616, 0.039845963786431876, 0.04279537424778115, 0.05065126428345874, 0.052847231759921405, 0.0495827256335335, 0.043197617134055614, 0.05029304687764037, 0.04791242058187687, 0.04202162890859863, 0.047178524361032856, 0.03269677983272363, 0.039062319860305235, 0.038496100718926514, 0.03837707002941216, 0.05105229169440485, 0.03451841812728993, 0.04144754125717366, 0.03265494820023032, 0.04587936648276974, 0.04803475126950484, 0.041473795405837253, 0.04294684575094454, 0.040004229530186564, 0.03468694750499505, 0.03920960003629528, 0.04384877507182323, 0.040249727071640894, 0.04328041971990939, 0.03921372642889886, 0.035045784211993364, 0.0355585176749692, 0.04468616219457784, 0.04244096264985555, 0.04685065819367768, 0.03249492013573007, 0.0396031762488831, 0.03525103898672343, 0.030295462971250017, 0.04369483794562657, 0.043468152296724565, 0.03309847813803201, 0.038057341634794205, 0.03739841515608263, 0.03197761847613915]
BBSR:5.74
ABSR:1.96
max acc:97.73
