======================================
    IID: 0
    Dataset: mnist
    Model: Mnist_CNN
    Model Init: None
    Aggregation Function: flame
    Fraction NonIID: 0
    Long attack: 5
    Wide attack: 5
    Wide attack: trust
    Threshold reject: 0.5
    Threshold down: 0.0
    Attack method: badnet
    Fraction of malicious agents: 12.0%
    Poison Frac: 0.2
    Backdoor From 7 to 2
    Attack Begin: 0
    Trigger Shape: square
    Type poisoning: pgd
    Trigger Position X: 0
    Trigger Position Y: 0
    Number of agents: 100
    Fraction of agents each turn: 30(30.0%)
    Local batch size: 50
    Local epoch: 3
    Client_LR: 0.01
    Client_Momentum: 0.9
    Global Rounds: 100
    Noise in FLAME: 0.001
proportion of malicious are selected:0.6466666666666666
proportion of benign are selected:0.5503703703703704
======================================
main_task_accuracy=[0, 33.59000015258789, 24.34000015258789, 42.04999923706055, 38.83000183105469, 57.709999084472656, 56.209999084472656, 58.15999984741211, 55.40999984741211, 55.33000183105469, 68.08000183105469, 72.08999633789062, 65.91000366210938, 70.7699966430664, 75.0999984741211, 73.11000061035156, 67.97000122070312, 51.189998626708984, 59.08000183105469, 64.8499984741211, 65.87000274658203, 72.36000061035156, 77.81999969482422, 80.12999725341797, 72.16999816894531, 81.95999908447266, 82.55999755859375, 83.08000183105469, 82.16999816894531, 80.06999969482422, 81.61000061035156, 80.19000244140625, 83.44999694824219, 81.56999969482422, 82.11000061035156, 82.08999633789062, 82.8499984741211, 82.44999694824219, 82.04000091552734, 81.44000244140625, 82.45999908447266, 83.51000213623047, 83.6500015258789, 83.30999755859375, 82.54000091552734, 82.05999755859375, 82.12000274658203, 82.47000122070312, 82.41999816894531, 83.37999725341797, 83.2300033569336, 79.31999969482422, 82.37999725341797, 82.19999694824219, 81.7300033569336, 82.16000366210938, 80.91999816894531, 82.7699966430664, 81.44999694824219, 83.48999786376953, 81.33000183105469, 85.87999725341797, 84.52999877929688, 85.76000213623047, 84.58000183105469, 83.63999938964844, 85.33999633789062, 86.88999938964844, 84.87000274658203, 84.55999755859375, 84.91999816894531, 85.43000030517578, 84.76000213623047, 83.56999969482422, 83.86000061035156, 82.62000274658203, 85.12000274658203, 84.0999984741211, 85.30999755859375, 87.83999633789062, 83.98999786376953, 86.30999755859375, 82.83000183105469, 83.88999938964844, 85.16999816894531, 83.3499984741211, 84.77999877929688, 82.48999786376953, 82.2699966430664, 84.69000244140625, 84.73999786376953, 84.5999984741211, 83.69000244140625, 81.79000091552734, 83.94999694824219, 83.0999984741211, 86.29000091552734, 85.66999816894531, 84.47000122070312, 83.61000061035156, 84.12999725341797]
backdoor_accuracy=[0, 0.0, 0.0, 5.544747081712062, 0.09727626459143969, 1.3618677042801557, 0.38910505836575876, 3.5992217898832686, 4.474708171206226, 0.8754863813229572, 15.85603112840467, 1.7509727626459144, 0.9727626459143969, 5.836575875486381, 7.587548638132295, 1.1673151750972763, 0.7782101167315175, 1.8482490272373542, 0.6809338521400778, 1.9455252918287937, 3.6964980544747084, 4.863813229571984, 2.6264591439688716, 14.591439688715953, 1.556420233463035, 5.447470817120623, 6.128404669260701, 4.669260700389105, 2.9182879377431905, 16.926070038910506, 12.354085603112841, 12.062256809338521, 5.058365758754864, 4.085603112840467, 3.501945525291829, 2.9182879377431905, 9.630350194552529, 2.529182879377432, 2.821011673151751, 14.688715953307392, 6.128404669260701, 5.447470817120623, 7.782101167315175, 10.116731517509727, 12.54863813229572, 22.373540856031127, 17.120622568093385, 6.3229571984435795, 9.922178988326849, 6.809338521400778, 11.478599221789883, 3.7937743190661477, 3.404669260700389, 5.544747081712062, 2.237354085603113, 1.556420233463035, 7.101167315175097, 6.906614785992218, 24.610894941634243, 2.529182879377432, 7.003891050583658, 3.11284046692607, 18.8715953307393, 10.700389105058365, 2.821011673151751, 30.642023346303503, 4.377431906614786, 4.571984435797665, 5.447470817120623, 8.268482490272374, 8.171206225680933, 14.202334630350194, 3.7937743190661477, 3.6964980544747084, 9.727626459143968, 8.268482490272374, 3.404669260700389, 3.307392996108949, 7.684824902723736, 6.906614785992218, 9.43579766536965, 2.431906614785992, 33.75486381322957, 16.53696498054475, 7.976653696498055, 4.280155642023346, 4.961089494163424, 11.089494163424124, 15.369649805447471, 5.058365758754864, 6.031128404669261, 4.280155642023346, 10.214007782101167, 2.529182879377432, 4.474708171206226, 1.1673151750972763, 5.252918287937743, 6.128404669260701, 5.836575875486381, 10.116731517509727, 5.739299610894942]
loss_list=[0.4672842010260207, 0.320318976464702, 0.35652040241508537, 0.27330196264567064, 0.29160021896227595, 0.2139483250206983, 0.15626721437234237, 0.20109255214046254, 0.2087836467228204, 0.2220702797157406, 0.17846772799367677, 0.16111417179887103, 0.17918371740565192, 0.14286125902288954, 0.1499009279890612, 0.13604359057424464, 0.13331415189733775, 0.18592637223784964, 0.16342352063264834, 0.125813690234698, 0.17974939459988906, 0.15206877755324863, 0.09412076669335945, 0.08209442537222841, 0.10826721481036501, 0.10123993253465093, 0.09208002464295804, 0.08766187368001785, 0.09547478927739733, 0.10005577397980324, 0.09386316648899622, 0.1007290143228974, 0.06521074776434915, 0.08057847979950598, 0.08657511321277662, 0.08867321762394077, 0.09230878197869057, 0.08682008743340859, 0.07416305916710834, 0.07390854740764514, 0.09661481264049042, 0.05613678614386931, 0.0763520173177717, 0.07196453465879386, 0.0814520989754772, 0.08984339094288975, 0.07678706387792111, 0.0760117884969538, 0.06960539740970388, 0.07747301856832531, 0.08056909247676583, 0.06998378236793076, 0.07300646068837474, 0.07853127351239728, 0.06849655859946209, 0.08010079081824718, 0.08229545147598823, 0.08106160875807604, 0.06771768816446128, 0.07384775362637479, 0.10135174572926364, 0.07334593560881113, 0.07839990421488498, 0.07648389287561345, 0.06834870342419613, 0.07342227782327596, 0.06929185742695207, 0.06020149445701484, 0.07466053469264723, 0.061980540675252604, 0.07159534754274804, 0.061583934580205474, 0.07766393127048957, 0.07376950060845225, 0.06847999266390933, 0.07620348047410302, 0.05796147489910138, 0.07088648116015614, 0.08103151100778741, 0.06922027215018764, 0.0726218833881012, 0.07188554191395163, 0.057243419870378405, 0.06642018893996877, 0.06877650443213981, 0.06528771811190612, 0.07012829638828384, 0.06859331946191985, 0.07964881491347436, 0.06879260059424047, 0.06780631662003019, 0.07208025521281664, 0.06434897752131981, 0.07066607907791972, 0.06686486378714343, 0.08446103929122491, 0.06712722737807117, 0.06959765123519161, 0.05031113817403094, 0.06953912937753372]
BBSR:10.21
ABSR:5.57
max acc:86.29
