======================================
    IID: 0
    Dataset: mnist
    Model: Mnist_CNN
    Model Init: None
    Aggregation Function: DABA
    Fraction NonIID: 0
    Long attack: 3
    Wide attack: 3
    Wide attack: trust
    Threshold reject: 0.5
    Threshold down: 0.0
    Attack method: badnet
    Fraction of malicious agents: 15.0%
    Poison Frac: 0.2
    Backdoor From 7 to 2
    Attack Begin: 0
    Trigger Shape: square
    Type poisoning: pgd
    Trigger Position X: 0
    Trigger Position Y: 0
    Number of agents: 100
    Fraction of agents each turn: 30(30.0%)
    Local batch size: 50
    Local epoch: 3
    Client_LR: 0.01
    Client_Momentum: 0.9
    Global Rounds: 100
======================================
main_task_accuracy=[0, 13.930000305175781, 22.5, 24.6299991607666, 42.02000045776367, 62.349998474121094, 57.41999816894531, 80.44000244140625, 71.62999725341797, 73.29000091552734, 63.529998779296875, 82.08999633789062, 79.11000061035156, 75.41999816894531, 79.19999694824219, 78.9800033569336, 84.76000213623047, 84.83999633789062, 77.12000274658203, 87.62999725341797, 91.80999755859375, 94.56999969482422, 92.43000030517578, 94.19999694824219, 86.91999816894531, 94.52999877929688, 89.47000122070312, 90.94999694824219, 94.37999725341797, 95.18000030517578, 92.45999908447266, 92.77999877929688, 89.83000183105469, 96.30000305175781, 95.23999786376953, 94.44999694824219, 91.7300033569336, 94.6500015258789, 93.30000305175781, 89.33000183105469, 92.93000030517578, 96.93000030517578, 89.58000183105469, 94.12999725341797, 96.0999984741211, 96.72000122070312, 94.87000274658203, 96.05000305175781, 96.30999755859375, 97.0199966430664, 95.37000274658203, 94.83999633789062, 96.12999725341797, 96.47000122070312, 97.02999877929688, 61.86000061035156, 91.7300033569336, 96.19999694824219, 96.26000213623047, 94.38999938964844, 96.13999938964844, 95.30000305175781, 95.83000183105469, 96.9800033569336, 96.44000244140625, 97.62000274658203, 95.4800033569336, 96.12000274658203, 96.47000122070312, 97.91000366210938, 97.08000183105469, 96.72000122070312, 98.0199966430664, 96.44999694824219, 97.9000015258789, 88.12000274658203, 95.23999786376953, 97.58000183105469, 96.29000091552734, 95.83000183105469, 96.73999786376953, 97.83000183105469, 98.04000091552734, 97.69999694824219, 97.19999694824219, 96.93000030517578, 97.9000015258789, 97.5999984741211, 93.63999938964844, 97.06999969482422, 93.12999725341797, 97.69999694824219, 97.66999816894531, 97.9800033569336, 98.19999694824219, 96.23999786376953, 97.73999786376953, 97.44000244140625, 98.30999755859375, 93.18000030517578, 97.58000183105469]
backdoor_accuracy=[0, 0.0, 7.587548638132295, 0.0, 26.848249027237355, 0.0, 10.894941634241246, 0.6809338521400778, 1.7509727626459144, 12.45136186770428, 0.19455252918287938, 4.280155642023346, 3.8910505836575875, 3.404669260700389, 2.140077821011673, 8.171206225680933, 3.5992217898832686, 0.7782101167315175, 7.003891050583658, 0.6809338521400778, 5.739299610894942, 8.073929961089494, 18.579766536964982, 0.8754863813229572, 47.08171206225681, 1.3618677042801557, 1.7509727626459144, 21.88715953307393, 1.7509727626459144, 6.712062256809339, 3.5992217898832686, 0.38910505836575876, 14.007782101167315, 2.3346303501945527, 2.821011673151751, 5.447470817120623, 8.463035019455253, 3.6964980544747084, 2.3346303501945527, 6.22568093385214, 6.42023346303502, 4.182879377431907, 13.521400778210117, 10.603112840466926, 86.86770428015564, 4.474708171206226, 87.84046692607004, 0.38910505836575876, 41.63424124513619, 1.264591439688716, 23.540856031128406, 25.389105058365757, 2.431906614785992, 63.2295719844358, 5.3501945525291825, 0.19455252918287938, 17.023346303501945, 96.59533073929961, 55.83657587548638, 88.03501945525292, 35.70038910505836, 97.17898832684826, 35.70038910505836, 84.3385214007782, 55.93385214007782, 58.85214007782101, 76.75097276264592, 89.2023346303502, 12.062256809338521, 44.3579766536965, 48.929961089494164, 25.389105058365757, 15.17509727626459, 22.762645914396888, 62.2568093385214, 11.964980544747082, 87.84046692607004, 24.513618677042803, 98.15175097276264, 34.824902723735406, 98.15175097276264, 86.284046692607, 77.52918287937743, 99.80544747081711, 12.354085603112841, 97.85992217898833, 53.21011673151751, 95.03891050583658, 2.3346303501945527, 98.5408560311284, 97.66536964980544, 99.80544747081711, 94.26070038910505, 98.34630350194553, 99.5136186770428, 99.22178988326849, 55.73929961089494, 24.027237354085603, 85.11673151750973, 81.80933852140078, 97.17898832684826]
loss_list=[0.523849073208263, 0.27277930767277403, 0.34051663562788587, 0.2770491204841905, 0.17625587620062838, 0.1625081684270418, 0.16035393641716794, 0.11289619856729625, 0.11520439480696017, 0.10747944323830946, 0.17684807853496123, 0.1005965380792429, 0.09534436341857691, 0.14914121347745987, 0.10007407836173497, 0.09725092506786005, 0.08442593627667447, 0.09353020418734483, 0.08737049101157604, 0.07389217399409374, 0.08052793208365584, 0.06294137886944476, 0.05265609959679869, 0.052216358365154744, 0.07092326229148087, 0.06163316025203233, 0.06120832171556263, 0.05362823751840806, 0.056650248539336506, 0.057663651861011335, 0.04794411908567506, 0.05652337494256941, 0.05568090551928383, 0.046656121470830675, 0.05656881591945141, 0.040374479336342244, 0.04955031789543375, 0.040355393218456485, 0.04667494775697166, 0.060502243763149825, 0.04879866376234023, 0.046477203815484695, 0.05308530690987913, 0.04705833288558056, 0.037491804075444404, 0.044472822168116495, 0.04426822869809511, 0.04468931672116023, 0.04522966076751037, 0.03953134306035359, 0.0373389790782531, 0.03952953540259741, 0.03508558168426, 0.03797168046925712, 0.030891640528383668, 0.1234180873597087, 0.07052583757922738, 0.04760777061435918, 0.04711606365596742, 0.041245793025501486, 0.03731843210795784, 0.03857288992825435, 0.04006457744764562, 0.035476460362009146, 0.034687796744674, 0.030265183072812153, 0.0434035070483767, 0.037947591331866856, 0.038026846292790455, 0.03250626898194984, 0.0328886456391616, 0.035341670566503086, 0.02642906064413806, 0.03007225747010482, 0.02781660311385942, 0.04214368075644438, 0.032293034911500505, 0.03461371119030331, 0.033527121077711906, 0.03987158072049905, 0.031949333432427285, 0.02973533066676653, 0.02357215943997801, 0.029368439494270305, 0.029783529055939825, 0.02536584626627892, 0.026142073069077454, 0.03148587801505321, 0.03541580843028437, 0.032261503189359546, 0.03324846300689637, 0.02564916621093845, 0.0260556202420046, 0.031370155009437475, 0.02712273211472999, 0.035728894032831277, 0.0263576328294582, 0.024666054623686904, 0.028754161109364962, 0.03214827001714417]
BBSR:99.81
ABSR:83.5
max acc:98.31
