======================================
    IID: 0
    Dataset: mnist
    Model: Mnist_CNN
    Model Init: None
    Aggregation Function: krum
    Fraction NonIID: 0
    Long attack: 3
    Wide attack: 3
    Wide attack: trust
    Threshold reject: 0.5
    Threshold down: 0.0
    Attack method: badnet
    Fraction of malicious agents: 12.0%
    Poison Frac: 0.2
    Backdoor From 7 to 2
    Attack Begin: 0
    Trigger Shape: square
    Type poisoning: pgd
    Trigger Position X: 0
    Trigger Position Y: 0
    Number of agents: 100
    Fraction of agents each turn: 30(30.0%)
    Local batch size: 50
    Local epoch: 3
    Client_LR: 0.01
    Client_Momentum: 0.9
    Global Rounds: 100
    Proportion of malicious are selected: 0.66
    Average score of malicious clients: 666.2254638671875
    Average score of benign clients: 786.7312622070312
======================================
main_task_accuracy=[0, 18.979999542236328, 26.940000534057617, 31.799999237060547, 38.65999984741211, 31.8700008392334, 33.380001068115234, 40.09000015258789, 10.279999732971191, 19.790000915527344, 14.9399995803833, 19.3799991607666, 19.239999771118164, 25.040000915527344, 37.810001373291016, 34.79999923706055, 9.800000190734863, 28.649999618530273, 28.309999465942383, 16.75, 10.619999885559082, 19.1200008392334, 18.399999618530273, 26.450000762939453, 40.060001373291016, 32.34000015258789, 44.470001220703125, 40.810001373291016, 38.189998626708984, 39.15999984741211, 19.81999969482422, 25.200000762939453, 31.559999465942383, 28.309999465942383, 13.15999984741211, 19.8700008392334, 19.8700008392334, 30.079999923706055, 41.02000045776367, 16.59000015258789, 26.90999984741211, 35.7400016784668, 41.369998931884766, 19.8799991607666, 30.450000762939453, 40.65999984741211, 50.5099983215332, 58.459999084472656, 23.200000762939453, 37.380001068115234, 45.47999954223633, 52.56999969482422, 26.579999923706055, 43.630001068115234, 53.439998626708984, 14.949999809265137, 37.43000030517578, 57.7400016784668, 37.099998474121094, 46.810001373291016, 39.66999816894531, 55.540000915527344, 44.81999969482422, 37.72999954223633, 52.400001525878906, 41.130001068115234, 48.099998474121094, 41.27000045776367, 42.0099983215332, 36.88999938964844, 29.1299991607666, 47.31999969482422, 49.29999923706055, 61.61000061035156, 34.61000061035156, 48.20000076293945, 51.310001373291016, 38.40999984741211, 39.459999084472656, 51.61000061035156, 40.959999084472656, 46.52000045776367, 42.630001068115234, 44.029998779296875, 50.34000015258789, 43.34000015258789, 51.040000915527344, 37.34000015258789, 46.529998779296875, 42.779998779296875, 52.279998779296875, 58.130001068115234, 48.470001220703125, 51.38999938964844, 46.939998626708984, 49.18000030517578, 54.79999923706055, 62.900001525878906, 57.77000045776367, 51.20000076293945, 54.310001373291016]
backdoor_accuracy=[0, 0.0, 0.0, 0.0, 0.0, 0.0, 0.0, 6.42023346303502, 0.0, 64.49416342412451, 0.0, 0.0, 0.0, 0.0, 100.0, 100.0, 0.0, 0.0, 0.0, 0.0, 0.0, 0.0, 0.0, 0.0, 0.0, 100.0, 100.0, 100.0, 100.0, 100.0, 100.0, 100.0, 100.0, 100.0, 0.0, 100.0, 100.0, 100.0, 100.0, 0.0, 0.7782101167315175, 100.0, 100.0, 100.0, 100.0, 100.0, 100.0, 100.0, 0.0, 100.0, 100.0, 100.0, 0.0, 28.59922178988327, 100.0, 0.0, 85.50583657587549, 100.0, 99.90272373540856, 100.0, 100.0, 100.0, 80.05836575875486, 5.642023346303502, 56.90661478599222, 25.19455252918288, 100.0, 91.147859922179, 100.0, 76.55642023346303, 100.0, 100.0, 100.0, 100.0, 99.41634241245136, 100.0, 100.0, 77.91828793774319, 100.0, 100.0, 59.33852140077821, 100.0, 99.5136186770428, 100.0, 100.0, 100.0, 100.0, 39.494163424124515, 99.22178988326849, 63.42412451361868, 100.0, 100.0, 100.0, 100.0, 100.0, 100.0, 100.0, 100.0, 100.0, 55.252918287937746, 92.21789883268482]
loss_list=[0.5229050363754719, 1.1011175652911198, 0.6457789044163735, 0.4688474157792131, 0.4411350396335449, 0.412043220679684, 0.3581271651721284, 0.33816683260661873, 1.8819682113865122, 1.5921226176337469, 1.6025997133337622, 1.1148723106308844, 0.6669290492995734, 0.6915173710062192, 0.6155028388527926, 0.5349231520243933, 2.153055645042379, 1.000438020014466, 0.7912514941294816, 0.575364861800002, 0.6143850730811451, 0.6210831339895554, 0.5723172877773128, 0.5003514294857329, 0.5254393393069905, 0.42382778051777603, 0.4792423757738867, 0.4629192117859275, 0.4096157233313384, 0.42321772281785236, 0.8676199876403821, 0.5763283478994055, 0.5066157781564, 0.49861807254705925, 0.6902449896317834, 0.7115040532903987, 0.4936449717382409, 0.44532749369838864, 0.41674178125160477, 0.7109945924415207, 0.46559500866387393, 0.3733036490227762, 0.3541484571916908, 0.6768023844877581, 0.42393557946948357, 0.4024373905908431, 0.32465466628481754, 0.3484175727949437, 0.5139385177971196, 0.31205191004217875, 0.336842762324243, 0.2725907907146474, 0.40349827651116094, 0.3465973376223703, 0.3017884554396113, 0.6034811933100622, 0.3645175671077467, 0.2528712348578149, 0.3651291707804591, 0.2943219066964652, 0.3019742923340346, 0.2848727243713783, 0.30980089092830276, 0.33835471309145243, 0.27678371217845665, 0.3287607714931097, 0.23582069550008294, 0.2753392454391053, 0.23570192294072784, 0.32269794363970516, 0.40133796028408963, 0.3189087902854139, 0.2929884856813916, 0.27973605307398475, 0.539321218663266, 0.3949536775343887, 0.35746067654359925, 0.408084794401001, 0.4269802896573317, 0.3876350925931132, 0.3665432988990485, 0.31613096244321925, 0.3555598015636265, 0.33834720465377816, 0.3097538032470279, 0.37952001406255376, 0.28292827419228617, 0.42892566790195474, 0.32378132821437716, 0.3505250275356149, 0.28611418321462073, 0.27092883850829264, 0.27495635111524114, 0.25873510561983326, 0.2664788310415085, 0.2628862601307884, 0.2680589295535147, 0.2516766519460666, 0.25818625447484933, 0.24600364549594939]
BBSR:100.0
ABSR:94.75
max acc:62.9
