======================================
    IID: 0
    Dataset: mnist
    Model: Mnist_CNN
    Model Init: None
    Aggregation Function: flame
    Fraction NonIID: 0
    Long attack: 3
    Wide attack: 3
    Wide attack: trust
    Threshold reject: 0.5
    Threshold down: 0.0
    Attack method: badnet
    Fraction of malicious agents: 15.0%
    Poison Frac: 0.2
    Backdoor From 7 to 2
    Attack Begin: 0
    Trigger Shape: square
    Type poisoning: pgd
    Trigger Position X: 0
    Trigger Position Y: 0
    Number of agents: 100
    Fraction of agents each turn: 30(30.0%)
    Local batch size: 50
    Local epoch: 3
    Client_LR: 0.01
    Client_Momentum: 0.9
    Global Rounds: 100
    Noise in FLAME: 0.001
proportion of malicious are selected:0.745
proportion of benign are selected:0.525
======================================
main_task_accuracy=[0, 25.579999923706055, 25.489999771118164, 31.469999313354492, 39.209999084472656, 44.880001068115234, 56.220001220703125, 61.36000061035156, 62.11000061035156, 60.970001220703125, 65.54000091552734, 65.30000305175781, 67.37000274658203, 67.9000015258789, 66.98999786376953, 67.5199966430664, 67.6500015258789, 67.0199966430664, 68.37999725341797, 65.19999694824219, 66.05999755859375, 67.81999969482422, 68.6500015258789, 75.44999694824219, 68.83999633789062, 75.5999984741211, 77.38999938964844, 74.01000213623047, 72.27999877929688, 72.94999694824219, 76.98999786376953, 78.4000015258789, 76.16999816894531, 73.25, 73.77999877929688, 74.66999816894531, 71.4000015258789, 71.27999877929688, 74.98999786376953, 73.66000366210938, 72.98999786376953, 72.05999755859375, 70.5199966430664, 77.08000183105469, 77.5199966430664, 75.45999908447266, 77.2699966430664, 77.12999725341797, 78.79000091552734, 79.94000244140625, 81.77999877929688, 80.7300033569336, 79.87000274658203, 78.26000213623047, 78.70999908447266, 77.12999725341797, 78.52999877929688, 78.73999786376953, 77.69999694824219, 78.9800033569336, 77.80999755859375, 79.13999938964844, 74.95999908447266, 83.31999969482422, 81.16000366210938, 80.26000213623047, 81.33999633789062, 83.58000183105469, 81.41999816894531, 83.16000366210938, 82.18000030517578, 82.73999786376953, 80.3499984741211, 81.80999755859375, 81.08999633789062, 81.22000122070312, 82.0999984741211, 80.81999969482422, 79.48999786376953, 81.0999984741211, 81.26000213623047, 81.1500015258789, 81.04000091552734, 80.62000274658203, 80.80999755859375, 82.01000213623047, 84.91999816894531, 84.26000213623047, 82.79000091552734, 82.26000213623047, 82.05999755859375, 81.69999694824219, 80.61000061035156, 81.61000061035156, 82.87000274658203, 81.98999786376953, 81.87000274658203, 82.4000015258789, 83.2699966430664, 83.5199966430664, 82.52999877929688]
backdoor_accuracy=[0, 0.0, 0.0, 0.0, 0.0, 0.0, 0.0, 0.0, 0.0, 0.0, 0.0, 0.0, 0.0, 0.0, 0.0, 0.0, 0.0, 0.0, 0.0, 0.0, 0.0, 0.0, 0.0, 3.8910505836575875, 0.19455252918287938, 4.377431906614786, 5.155642023346304, 1.0700389105058365, 0.19455252918287938, 0.09727626459143969, 2.529182879377432, 2.3346303501945527, 1.1673151750972763, 0.19455252918287938, 0.19455252918287938, 0.5836575875486382, 0.2918287937743191, 0.19455252918287938, 0.19455252918287938, 0.19455252918287938, 0.38910505836575876, 0.2918287937743191, 0.38910505836575876, 0.19455252918287938, 0.6809338521400778, 0.19455252918287938, 0.19455252918287938, 0.5836575875486382, 0.2918287937743191, 0.09727626459143969, 18.96887159533074, 12.937743190661479, 4.863813229571984, 8.657587548638132, 2.529182879377432, 1.8482490272373542, 1.4591439688715953, 1.556420233463035, 1.556420233463035, 0.9727626459143969, 1.0700389105058365, 2.9182879377431905, 1.7509727626459144, 2.3346303501945527, 0.5836575875486382, 0.8754863813229572, 1.3618677042801557, 1.7509727626459144, 1.9455252918287937, 2.431906614785992, 1.3618677042801557, 1.3618677042801557, 1.0700389105058365, 0.9727626459143969, 0.48638132295719844, 2.7237354085603114, 6.517509727626459, 2.237354085603113, 1.3618677042801557, 1.556420233463035, 1.7509727626459144, 2.9182879377431905, 2.237354085603113, 1.264591439688716, 4.085603112840467, 11.575875486381323, 19.55252918287938, 17.217898832684824, 13.229571984435797, 17.120622568093385, 22.08171206225681, 13.424124513618677, 33.17120622568093, 18.3852140077821, 38.326848249027236, 28.11284046692607, 9.630350194552529, 6.128404669260701, 13.715953307392995, 30.642023346303503, 13.132295719844358]
loss_list=[0.5121649035160434, 0.23184335619682658, 0.2864874814151876, 0.23501258569638414, 0.21901795720232, 0.2142358622768796, 0.2719601482474846, 0.15179341600703847, 0.16699891106439615, 0.18035115928639897, 0.19395578858389614, 0.1534868208663052, 0.15067918345387685, 0.16973818883073305, 0.13473004932182864, 0.20003588337714523, 0.1258723617583656, 0.13523738045075268, 0.1011811709599031, 0.11229980116809621, 0.131322393415212, 0.14554432019274385, 0.11876871555501035, 0.11468118091484085, 0.1389450486332671, 0.12746391339672886, 0.10976221219960079, 0.0958851687371591, 0.08635584001606374, 0.14188452665372434, 0.1319343859165148, 0.10166651931976224, 0.0895648576486565, 0.08615528198518779, 0.11478836120478832, 0.09867817863647917, 0.10782764973603971, 0.09880477773337203, 0.09877948479630634, 0.09272139253645703, 0.07775089433113283, 0.10163649427979453, 0.09417899582606756, 0.08557054113955556, 0.10198648193119636, 0.07531337502117817, 0.08876727602199597, 0.07649362031043365, 0.08629177403267611, 0.07629838043380786, 0.07536486315427333, 0.07549957165069808, 0.07029780589968992, 0.08774650007172072, 0.07960345749353359, 0.07171377085217093, 0.07666379317094989, 0.0767985758610522, 0.07923938557659295, 0.09373717924137, 0.09047947072809123, 0.06969716269945202, 0.09386593254695351, 0.06271956970594056, 0.08463390472367736, 0.08854173137562568, 0.05819294084018411, 0.08583505479380235, 0.06126836837291193, 0.08001966911782614, 0.07653305572572311, 0.07801673497844835, 0.0670429696013915, 0.06246877528650004, 0.062264701395384064, 0.09242534978039663, 0.0706010431813557, 0.06490844441864121, 0.07431222675816382, 0.06969130696030604, 0.059983004169366555, 0.06916289739462958, 0.07057219640078388, 0.09402445574172578, 0.09830715755414174, 0.09768541364547476, 0.05384321570242983, 0.053117392858061344, 0.06853606109384329, 0.07329057175432525, 0.05968750001454183, 0.05363923812137263, 0.06701705005394212, 0.10466550939465474, 0.07007425930456948, 0.0738065182538378, 0.04439209656727298, 0.07403392962307333, 0.07683323019597693, 0.05611327837237713]
BBSR:38.33
ABSR:20.47
max acc:83.52
