======================================
    IID: 0
    Dataset: mnist
    Model: Mnist_CNN
    Model Init: None
    Aggregation Function: avg
    Fraction NonIID: 0
    Long attack: 5
    Wide attack: 5
    Wide attack: trust
    Threshold reject: 0.5
    Threshold down: 0.0
    Attack method: badnet
    Fraction of malicious agents: 12.0%
    Poison Frac: 0.2
    Backdoor From 7 to 2
    Attack Begin: 0
    Trigger Shape: square
    Type poisoning: cs
    Trigger Position X: 0
    Trigger Position Y: 0
    Number of agents: 100
    Fraction of agents each turn: 30(30.0%)
    Local batch size: 50
    Local epoch: 3
    Client_LR: 0.01
    Client_Momentum: 0.9
    Global Rounds: 100
======================================
main_task_accuracy=[0, 43.4900016784668, 70.62999725341797, 69.23999786376953, 66.19000244140625, 81.44000244140625, 63.38999938964844, 68.87999725341797, 82.18000030517578, 80.27999877929688, 89.97000122070312, 82.87000274658203, 91.72000122070312, 91.8499984741211, 93.87000274658203, 88.37999725341797, 91.43000030517578, 92.08000183105469, 94.80999755859375, 94.19999694824219, 94.0999984741211, 90.55000305175781, 91.38999938964844, 94.27999877929688, 92.68000030517578, 95.13999938964844, 96.33999633789062, 95.73999786376953, 94.80000305175781, 94.44000244140625, 94.62000274658203, 96.75, 96.73999786376953, 97.3499984741211, 96.5199966430664, 96.79000091552734, 97.02999877929688, 97.1500015258789, 97.0199966430664, 97.47000122070312, 97.3499984741211, 97.4000015258789, 97.23999786376953, 97.47000122070312, 97.19000244140625, 97.0199966430664, 97.04000091552734, 97.68000030517578, 97.56999969482422, 97.45999908447266, 97.86000061035156, 97.9000015258789, 97.05000305175781, 95.7699966430664, 97.5, 97.36000061035156, 97.62999725341797, 98.05000305175781, 97.94000244140625, 97.7699966430664, 98.22000122070312, 97.5, 97.66999816894531, 98.0999984741211, 97.58999633789062, 97.25, 98.06999969482422, 98.23999786376953, 98.13999938964844, 97.91000366210938, 98.19000244140625, 98.26000213623047, 98.13999938964844, 98.20999908447266, 98.19999694824219, 98.19000244140625, 98.31999969482422, 98.29000091552734, 98.30999755859375, 97.98999786376953, 98.3499984741211, 98.4000015258789, 98.22000122070312, 98.1500015258789, 98.30000305175781, 97.75, 98.19999694824219, 98.2300033569336, 98.25, 98.33000183105469, 98.30000305175781, 98.4800033569336, 98.08999633789062, 98.4800033569336, 98.51000213623047, 98.58000183105469, 98.52999877929688, 98.20999908447266, 98.62000274658203, 98.41000366210938, 98.62000274658203]
backdoor_accuracy=[0, 0.0, 3.307392996108949, 1.3618677042801557, 2.529182879377432, 13.326848249027238, 0.0, 14.396887159533074, 0.9727626459143969, 3.307392996108949, 4.863813229571984, 7.879377431906615, 7.003891050583658, 2.821011673151751, 7.490272373540856, 5.155642023346304, 26.361867704280154, 2.0428015564202333, 9.14396887159533, 22.17898832684825, 7.2957198443579765, 15.46692607003891, 35.311284046692606, 13.132295719844358, 6.031128404669261, 23.054474708171206, 14.007782101167315, 10.603112840466926, 12.062256809338521, 62.35408560311284, 18.579766536964982, 13.521400778210117, 30.93385214007782, 37.7431906614786, 53.988326848249024, 94.06614785992218, 51.750972762645915, 69.55252918287938, 45.233463035019454, 63.61867704280156, 90.85603112840467, 80.05836575875486, 97.08171206225681, 96.20622568093385, 86.96498054474708, 92.80155642023347, 96.3035019455253, 88.715953307393, 77.52918287937743, 95.8171206225681, 96.10894941634241, 96.98443579766537, 93.67704280155642, 97.27626459143968, 99.22178988326849, 89.00778210116732, 98.34630350194553, 95.91439688715953, 99.41634241245136, 96.49805447470817, 98.34630350194553, 99.41634241245136, 97.27626459143968, 97.85992217898833, 98.63813229571984, 91.05058365758755, 99.41634241245136, 98.24902723735408, 99.31906614785993, 99.70817120622569, 98.44357976653697, 99.90272373540856, 98.92996108949416, 97.56809338521401, 99.61089494163424, 96.98443579766537, 98.92996108949416, 97.66536964980544, 97.76264591439688, 99.41634241245136, 98.34630350194553, 98.15175097276264, 99.12451361867704, 96.10894941634241, 97.37354085603113, 93.19066147859922, 99.80544747081711, 98.34630350194553, 97.37354085603113, 99.41634241245136, 97.95719844357977, 99.22178988326849, 99.90272373540856, 99.31906614785993, 99.70817120622569, 99.61089494163424, 99.80544747081711, 97.66536964980544, 99.80544747081711, 99.90272373540856, 99.61089494163424]
loss_list=[0.482736121297344, 0.29936829772506146, 0.20111057944404417, 0.1715527305272859, 0.12472144124498613, 0.124893016695707, 0.12374657568869335, 0.14149097771266192, 0.09960066276536765, 0.09605983546932162, 0.08620278465372802, 0.08713220015495067, 0.05979324338453979, 0.06169068636121888, 0.05408192295189366, 0.0653536164209695, 0.05394326743530898, 0.04699525904776008, 0.06081131443395891, 0.05249299810986797, 0.04838479988617402, 0.06014170726661741, 0.055474176949079156, 0.05102982651194065, 0.04786530948795498, 0.040243088857135706, 0.04375404900276192, 0.03142200183267601, 0.045687181110980954, 0.05118441986136888, 0.04349289538392835, 0.03516020552994995, 0.037874382241331286, 0.033615175127546554, 0.031468636654175305, 0.03745245436145904, 0.037820398327035085, 0.040503653842463974, 0.0347937624073864, 0.02847540239496885, 0.03169989167593411, 0.03320657271993309, 0.031235829799652424, 0.03003816995478533, 0.03135115656073293, 0.028050172422058303, 0.029614485156773823, 0.026509704975482006, 0.026473913333825875, 0.03199411966930538, 0.025142216725622422, 0.028641576882450052, 0.02863662588045542, 0.035483349154774975, 0.02497368283403684, 0.029004253130157594, 0.03527684900180758, 0.02616387677381453, 0.023396037059130004, 0.025286114002217808, 0.022508118239715817, 0.024839608451568063, 0.02855106138351068, 0.02804633613522129, 0.025897074026888844, 0.03196190974045198, 0.02145292664641176, 0.02599926283338365, 0.023298272847723994, 0.02425780377179265, 0.024342034624091572, 0.02444746820402589, 0.023329911736032903, 0.024777230668054154, 0.021687493021828975, 0.02148094398724128, 0.021708565757018003, 0.022594823050068918, 0.022836981133164718, 0.02908036559096878, 0.021994080896133545, 0.024777888078302505, 0.021678726209986184, 0.0221004660267769, 0.020543154365412555, 0.019641977071170755, 0.018442393828382697, 0.025622397208110596, 0.020986331891556423, 0.02213920794238563, 0.019231095811502945, 0.019648797047717412, 0.02040865436793421, 0.020768649362239194, 0.019137375040767565, 0.020126789266859665, 0.018781568533843444, 0.01927177904678347, 0.01833831511945231, 0.02152091289389294]
BBSR:99.9
ABSR:99.46
max acc:98.62
