======================================
    IID: 0
    Dataset: mnist
    Model: Mnist_CNN
    Model Init: None
    Aggregation Function: krum
    Fraction NonIID: 0
    Long attack: 3
    Wide attack: 3
    Wide attack: trust
    Threshold reject: 0.5
    Threshold down: 0.0
    Attack method: badnet
    Fraction of malicious agents: 12.0%
    Poison Frac: 0.2
    Backdoor From 7 to 2
    Attack Begin: 0
    Trigger Shape: square
    Type poisoning: cs
    Trigger Position X: 0
    Trigger Position Y: 0
    Number of agents: 100
    Fraction of agents each turn: 30(30.0%)
    Local batch size: 50
    Local epoch: 3
    Client_LR: 0.01
    Client_Momentum: 0.9
    Global Rounds: 100
    Proportion of malicious are selected: 0.27
    Average score of malicious clients: 585.117431640625
    Average score of benign clients: 724.9571533203125
======================================
main_task_accuracy=[0, 26.850000381469727, 19.709999084472656, 16.799999237060547, 19.34000015258789, 9.579999923706055, 10.239999771118164, 19.299999237060547, 14.789999961853027, 18.420000076293945, 19.5, 15.420000076293945, 9.739999771118164, 19.110000610351562, 18.969999313354492, 19.5, 19.530000686645508, 16.93000030517578, 21.610000610351562, 33.380001068115234, 23.209999084472656, 44.33000183105469, 43.470001220703125, 46.93000030517578, 38.099998474121094, 37.63999938964844, 49.41999816894531, 40.65999984741211, 33.27000045776367, 24.40999984741211, 35.34000015258789, 33.91999816894531, 28.959999084472656, 28.889999389648438, 37.290000915527344, 48.65999984741211, 44.029998779296875, 41.22999954223633, 40.029998779296875, 38.93000030517578, 37.36000061035156, 35.81999969482422, 34.86000061035156, 36.150001525878906, 38.40999984741211, 32.689998626708984, 34.709999084472656, 30.989999771118164, 33.91999816894531, 36.029998779296875, 50.97999954223633, 44.790000915527344, 48.970001220703125, 48.029998779296875, 48.310001373291016, 42.939998626708984, 35.22999954223633, 37.63999938964844, 51.2400016784668, 49.2599983215332, 50.40999984741211, 49.9900016784668, 50.2400016784668, 49.849998474121094, 48.77000045776367, 47.86000061035156, 48.470001220703125, 48.220001220703125, 46.709999084472656, 45.31999969482422, 44.060001373291016, 43.959999084472656, 44.630001068115234, 45.06999969482422, 43.720001220703125, 44.33000183105469, 35.93000030517578, 45.619998931884766, 46.20000076293945, 42.11000061035156, 44.0, 43.09000015258789, 42.93000030517578, 40.91999816894531, 42.4900016784668, 43.060001373291016, 42.77000045776367, 41.61000061035156, 41.59000015258789, 38.150001525878906, 35.7400016784668, 40.529998779296875, 40.06999969482422, 40.310001373291016, 40.72999954223633, 42.130001068115234, 51.70000076293945, 54.66999816894531, 54.7599983215332, 54.58000183105469, 54.040000915527344]
backdoor_accuracy=[0, 0.0, 1.0700389105058365, 0.0, 0.0, 0.0, 0.0, 0.0, 0.0, 0.0, 0.0, 0.0, 0.0, 0.0, 0.0, 93.57976653696498, 86.18677042801556, 0.0, 0.0, 0.0, 0.0, 0.0, 0.9727626459143969, 9.727626459143968, 0.0, 0.0, 10.797665369649806, 0.0, 69.74708171206225, 6.22568093385214, 0.38910505836575876, 0.0, 0.0, 0.0, 0.19455252918287938, 97.76264591439688, 32.1011673151751, 12.256809338521402, 9.922178988326849, 4.280155642023346, 3.8910505836575875, 2.3346303501945527, 0.6809338521400778, 1.8482490272373542, 1.1673151750972763, 0.38910505836575876, 0.7782101167315175, 0.19455252918287938, 0.48638132295719844, 0.0, 0.48638132295719844, 0.0, 0.0, 0.0, 0.0, 95.3307392996109, 99.61089494163424, 97.08171206225681, 67.8988326848249, 65.1750972762646, 57.39299610894942, 57.295719844357976, 52.82101167315175, 54.37743190661479, 53.988326848249024, 54.08560311284047, 50.09727626459144, 51.459143968871594, 48.249027237354085, 47.47081712062257, 45.525291828793776, 46.98443579766537, 44.45525291828794, 43.67704280155642, 44.06614785992218, 42.12062256809339, 95.42801556420234, 66.05058365758755, 64.29961089494164, 61.86770428015564, 57.87937743190661, 59.92217898832685, 58.36575875486381, 55.93385214007782, 57.19844357976654, 56.32295719844358, 55.6420233463035, 53.89105058365759, 53.793774319066145, 73.24902723735408, 81.90661478599222, 54.961089494163424, 55.1556420233463, 54.37743190661479, 54.766536964980546, 88.03501945525292, 0.0, 0.0, 0.0, 0.0, 0.0]
loss_list=[0.4406064666064762, 0.9045139912846892, 0.6301364579287446, 1.2104399827173826, 0.7015843711400401, 1.365193453741948, 0.7755670568308092, 1.0419167703602699, 0.9319222856834702, 0.788368515907101, 0.7740950331769957, 1.0056457647479058, 0.9840867836043196, 1.107372150445097, 1.092498656743478, 0.7705230820798437, 1.0373045454075658, 0.6588843149383062, 0.6529997222229685, 0.6087977518696589, 0.812168261214757, 0.7019135355921157, 0.4753016226575515, 0.5563487828552474, 0.6419537254542876, 0.5948172425016816, 0.5446458932639614, 0.6310934504333562, 0.5718874547749017, 0.5775547107609343, 0.5144888652871723, 0.7670579667607565, 0.6376550160377394, 0.7123927960409386, 0.8384671789729335, 0.48781064348055964, 0.4379467009650256, 0.5195806366295052, 0.4678762124239307, 0.3953998625567153, 0.41446648895781035, 0.479180124505726, 0.48309734433082857, 0.4618971974648212, 0.4651084247759139, 0.48996448576762963, 0.3981643864444087, 0.5369061305212759, 0.6101684221306921, 0.540372311479915, 0.6663722069606087, 0.5706905601588964, 0.4862063841141493, 0.41385136954435847, 0.5652913383876189, 0.4875001689008193, 0.3971374832767352, 0.4542836026174343, 0.4712846895325465, 0.43367297680695427, 0.42228503443548104, 0.42804528478672965, 0.424041357470021, 0.40472412367120986, 0.40490804507115935, 0.4343004836971305, 0.36372022434485535, 0.34118869602641183, 0.43415501318686545, 0.4235296845504275, 0.40253476292400536, 0.3970118517645619, 0.3325345816653983, 0.3829132182740963, 0.43126739433194794, 0.3940801580090854, 0.48831545150188643, 0.4042286161286099, 0.3743680711592473, 0.3226922389495977, 0.40623144009904016, 0.3871043068965942, 0.4556015889149822, 0.3771200432766533, 0.4479603079364053, 0.5373285094789282, 0.40534321767795306, 0.4029091118602653, 0.37119205829485846, 0.5471323178196364, 0.4331836026468121, 0.34982824023348763, 0.3199724166861016, 0.4569449661230947, 0.5092238918652819, 0.4896735000342403, 0.5475889525906378, 0.4214115639112714, 0.451648804108909, 0.396158214266065]
BBSR:88.04
ABSR:30.73
max acc:54.76
