======================================
    IID: 0
    Dataset: mnist
    Model: Mnist_CNN
    Model Init: None
    Aggregation Function: DABA
    Fraction NonIID: 0
    Long attack: 3
    Wide attack: 3
    Wide attack: trust
    Threshold reject: 0.5
    Threshold down: 0.0
    Attack method: badnet
    Fraction of malicious agents: 12.0%
    Poison Frac: 0.2
    Backdoor From 7 to 2
    Attack Begin: 0
    Trigger Shape: square
    Type poisoning: cs
    Trigger Position X: 0
    Trigger Position Y: 0
    Number of agents: 100
    Fraction of agents each turn: 30(30.0%)
    Local batch size: 50
    Local epoch: 3
    Client_LR: 0.01
    Client_Momentum: 0.9
    Global Rounds: 100
======================================
main_task_accuracy=[0, 21.799999237060547, 21.200000762939453, 51.75, 17.81999969482422, 71.38999938964844, 41.040000915527344, 70.95999908447266, 74.08000183105469, 61.7599983215332, 75.13999938964844, 75.73999786376953, 78.0, 76.7699966430664, 74.4800033569336, 84.19999694824219, 88.87000274658203, 84.69999694824219, 87.66999816894531, 82.68000030517578, 89.08000183105469, 91.01000213623047, 84.30999755859375, 90.01000213623047, 88.5, 94.41000366210938, 91.16000366210938, 82.43000030517578, 92.18000030517578, 94.88999938964844, 95.16000366210938, 94.44000244140625, 91.41999816894531, 87.73999786376953, 95.83999633789062, 94.7699966430664, 79.23999786376953, 92.2699966430664, 95.26000213623047, 91.68000030517578, 94.58999633789062, 95.44999694824219, 94.5, 96.12999725341797, 94.3499984741211, 94.02999877929688, 92.16999816894531, 96.16000366210938, 95.2699966430664, 96.55000305175781, 96.95999908447266, 96.37999725341797, 97.41000366210938, 97.44000244140625, 93.70999908447266, 96.30999755859375, 97.0199966430664, 97.73999786376953, 91.91999816894531, 94.66000366210938, 95.5999984741211, 96.08999633789062, 95.79000091552734, 96.55000305175781, 97.30000305175781, 95.13999938964844, 94.5999984741211, 97.47000122070312, 97.7699966430664, 96.6500015258789, 96.08000183105469, 96.8499984741211, 94.54000091552734, 97.80000305175781, 94.19999694824219, 95.41000366210938, 98.01000213623047, 97.66000366210938, 96.69000244140625, 95.30999755859375, 97.61000061035156, 97.79000091552734, 97.5, 97.95999908447266, 92.69999694824219, 93.2300033569336, 97.13999938964844, 97.66000366210938, 97.77999877929688, 97.91000366210938, 96.86000061035156, 98.12000274658203, 98.19999694824219, 98.29000091552734, 98.47000122070312, 97.41000366210938, 97.76000213623047, 98.13999938964844, 96.63999938964844, 98.12000274658203, 97.16999816894531]
backdoor_accuracy=[0, 61.18677042801556, 0.0, 5.447470817120623, 8.852140077821012, 4.571984435797665, 0.0, 3.307392996108949, 1.0700389105058365, 19.941634241245136, 0.0, 1.264591439688716, 5.739299610894942, 7.101167315175097, 4.280155642023346, 7.782101167315175, 2.529182879377432, 3.9883268482490273, 3.11284046692607, 1.3618677042801557, 37.45136186770428, 0.9727626459143969, 25.0, 4.280155642023346, 12.256809338521402, 26.556420233463037, 83.26848249027238, 0.09727626459143969, 2.237354085603113, 3.0155642023346303, 29.182879377431906, 4.085603112840467, 18.8715953307393, 1.0700389105058365, 74.80544747081711, 3.5992217898832686, 68.57976653696498, 3.501945525291829, 54.57198443579767, 2.237354085603113, 46.59533073929961, 1.3618677042801557, 78.6964980544747, 14.688715953307392, 62.840466926070036, 30.155642023346303, 98.05447470817121, 92.21789883268482, 98.63813229571984, 42.217898832684824, 99.41634241245136, 16.245136186770427, 89.88326848249027, 52.72373540856031, 99.90272373540856, 4.182879377431907, 32.00389105058366, 86.86770428015564, 96.49805447470817, 34.24124513618677, 80.1556420233463, 99.31906614785993, 95.03891050583658, 98.73540856031128, 96.20622568093385, 96.3035019455253, 99.0272373540856, 96.88715953307393, 96.59533073929961, 77.43190661478599, 99.0272373540856, 86.08949416342412, 99.41634241245136, 88.81322957198444, 94.8443579766537, 82.97665369649805, 98.63813229571984, 89.00778210116732, 98.44357976653697, 93.57976653696498, 97.27626459143968, 99.61089494163424, 99.90272373540856, 99.31906614785993, 98.05447470817121, 96.01167315175097, 99.41634241245136, 99.70817120622569, 97.27626459143968, 99.80544747081711, 99.61089494163424, 97.37354085603113, 99.22178988326849, 99.90272373540856, 99.80544747081711, 99.70817120622569, 99.90272373540856, 99.90272373540856, 99.80544747081711, 99.90272373540856, 99.90272373540856]
loss_list=[0.44690946907626583, 0.38977855923197885, 0.37905142832659594, 0.3229674841225518, 0.2741545223482061, 0.20181587838361947, 0.22443080502127236, 0.1627354567920649, 0.12407707930474779, 0.15804351445135498, 0.11259947271129864, 0.11452992399943823, 0.14479585322684255, 0.11817879993960868, 0.09431882364827689, 0.08361234183570802, 0.07985418512882952, 0.07153355859608009, 0.07617562785032442, 0.09201480710673107, 0.07410268914589559, 0.08287977960919297, 0.07498088641958472, 0.07515463009987551, 0.056981153050499465, 0.05211203106603959, 0.06426773604280962, 0.08604505346654859, 0.06552103235085961, 0.055659521165675636, 0.047092601974228036, 0.05580844358707694, 0.058779639433101175, 0.06582057131112992, 0.050878749759109575, 0.055006449922823296, 0.08169548495855344, 0.06433037089539594, 0.0549842905551197, 0.05940525540948423, 0.052275992723619366, 0.0487635531536749, 0.04869405470356977, 0.04639344275242839, 0.04511947372075617, 0.05298108804838859, 0.04181487349858314, 0.04086119811695678, 0.04366274124924447, 0.04259840021768956, 0.03297434653481709, 0.03433500093933899, 0.04275431832145619, 0.03882191445250848, 0.045360728774502555, 0.04219698566214742, 0.03849189444559944, 0.033802079816057304, 0.049908555272672954, 0.0493151132779581, 0.04071253947330077, 0.045792526833637576, 0.0395218731953838, 0.035899608191648676, 0.04118133866973208, 0.041663673557516684, 0.046563173981682776, 0.03623468008148276, 0.03060850523450205, 0.03377083535470458, 0.035444830183818846, 0.03924471562467391, 0.03648676627242047, 0.03331782105996515, 0.04233620464392082, 0.036019833003047515, 0.028625265024692224, 0.03594682283810858, 0.03386526427944579, 0.03693007188841833, 0.026310238670772586, 0.02711053124718157, 0.027472757607640192, 0.027021688303085933, 0.04238856286390265, 0.04096061371002701, 0.034407403586481713, 0.026251241209985753, 0.028269908622754903, 0.028296881643419487, 0.031176404951109536, 0.02805903190912423, 0.026572780801883186, 0.026833114824975513, 0.025950629182115888, 0.028516029857975068, 0.028718979876937254, 0.025712389085304495, 0.027818318431730785, 0.02236640441446791]
BBSR:99.9
ABSR:99.54
max acc:98.47
