======================================
    IID: 0
    Dataset: mnist
    Model: Mnist_CNN
    Model Init: None
    Aggregation Function: RLR
    Fraction NonIID: 0
    Long attack: 3
    Wide attack: 3
    Wide attack: trust
    Threshold reject: 0.5
    Threshold down: 0.0
    Attack method: badnet
    Fraction of malicious agents: 15.0%
    Poison Frac: 0.2
    Backdoor From 7 to 2
    Attack Begin: 0
    Trigger Shape: square
    Type poisoning: cs
    Trigger Position X: 0
    Trigger Position Y: 0
    Number of agents: 100
    Fraction of agents each turn: 30(30.0%)
    Local batch size: 50
    Local epoch: 3
    Client_LR: 0.01
    Client_Momentum: 0.9
    Global Rounds: 100
    RobustLR_threshold: 4
======================================
main_task_accuracy=[0, 31.030000686645508, 33.560001373291016, 47.4900016784668, 49.91999816894531, 69.05000305175781, 69.44000244140625, 71.1500015258789, 83.04000091552734, 80.25, 87.75, 92.19999694824219, 86.5, 78.26000213623047, 85.75, 91.7699966430664, 92.25, 88.69999694824219, 90.70999908447266, 92.43000030517578, 93.27999877929688, 94.80000305175781, 94.27999877929688, 94.12000274658203, 90.9800033569336, 94.5199966430664, 94.72000122070312, 95.19000244140625, 95.05999755859375, 95.94000244140625, 94.33000183105469, 96.25, 95.93000030517578, 95.31999969482422, 95.76000213623047, 95.47000122070312, 95.29000091552734, 94.94000244140625, 96.19999694824219, 96.61000061035156, 96.56999969482422, 93.62000274658203, 95.26000213623047, 95.79000091552734, 95.19000244140625, 96.73999786376953, 96.36000061035156, 96.3499984741211, 94.86000061035156, 96.66999816894531, 94.2300033569336, 96.11000061035156, 96.80999755859375, 96.63999938964844, 94.4000015258789, 96.87000274658203, 96.88999938964844, 96.79000091552734, 97.08000183105469, 95.18000030517578, 93.79000091552734, 95.08000183105469, 96.2699966430664, 97.51000213623047, 96.55999755859375, 96.80000305175781, 96.29000091552734, 96.48999786376953, 97.08000183105469, 97.47000122070312, 97.4000015258789, 97.5, 96.91000366210938, 96.69999694824219, 97.25, 97.51000213623047, 96.80000305175781, 97.05000305175781, 97.33999633789062, 97.12999725341797, 97.7300033569336, 97.44000244140625, 97.26000213623047, 96.8499984741211, 97.41999816894531, 97.66000366210938, 97.27999877929688, 96.91000366210938, 97.66999816894531, 97.58000183105469, 97.55000305175781, 97.4000015258789, 97.62000274658203, 96.88999938964844, 97.47000122070312, 97.29000091552734, 97.5, 97.55999755859375, 97.43000030517578, 96.7300033569336, 96.51000213623047]
backdoor_accuracy=[0, 0.0, 0.0, 0.0, 4.377431906614786, 2.529182879377432, 7.2957198443579765, 5.642023346303502, 6.809338521400778, 3.9883268482490273, 6.42023346303502, 3.5992217898832686, 3.9883268482490273, 5.739299610894942, 2.0428015564202333, 7.684824902723736, 11.478599221789883, 1.4591439688715953, 12.54863813229572, 5.933852140077821, 7.101167315175097, 3.5992217898832686, 5.058365758754864, 10.894941634241246, 8.754863813229573, 13.521400778210117, 22.859922178988327, 6.3229571984435795, 10.603112840466926, 5.933852140077821, 16.342412451361866, 13.132295719844358, 17.023346303501945, 3.21011673151751, 5.252918287937743, 9.82490272373541, 13.424124513618677, 4.669260700389105, 4.766536964980545, 16.828793774319067, 15.85603112840467, 1.9455252918287937, 6.614785992217898, 15.369649805447471, 4.182879377431907, 6.031128404669261, 12.743190661478598, 6.22568093385214, 3.5992217898832686, 11.478599221789883, 2.9182879377431905, 5.544747081712062, 9.82490272373541, 27.43190661478599, 5.933852140077821, 17.996108949416342, 9.43579766536965, 23.832684824902724, 16.634241245136188, 13.910505836575876, 24.610894941634243, 3.307392996108949, 2.9182879377431905, 10.505836575875486, 7.392996108949417, 10.700389105058365, 18.77431906614786, 29.669260700389106, 11.770428015564203, 16.342412451361866, 20.330739299610894, 15.272373540856032, 10.797665369649806, 11.478599221789883, 17.704280155642024, 7.392996108949417, 10.894941634241246, 7.782101167315175, 24.124513618677042, 23.443579766536963, 17.023346303501945, 41.43968871595331, 23.832684824902724, 9.82490272373541, 14.494163424124514, 36.7704280155642, 25.68093385214008, 49.31906614785992, 34.43579766536965, 28.891050583657588, 28.59922178988327, 39.39688715953307, 31.80933852140078, 72.95719844357977, 68.09338521400778, 25.77821011673152, 36.7704280155642, 52.72373540856031, 22.957198443579767, 14.688715953307392, 53.11284046692607]
loss_list=[0.5235993040186331, 0.36321349396111496, 0.2557104142015371, 0.22401628744127863, 0.1907762355271221, 0.1600777935254796, 0.13316333343727085, 0.11989681570445544, 0.12108988756539141, 0.10178827284175605, 0.09923070331907585, 0.09636854504739659, 0.08592801648629593, 0.10231695478898119, 0.07860721974802659, 0.0696661980556149, 0.08957757521904694, 0.0891476123392674, 0.06901239448905723, 0.0675577922318683, 0.08556459662979178, 0.06682477271360658, 0.0735521097163634, 0.07162088616684364, 0.05376745250393158, 0.06658114361695701, 0.05021556907228312, 0.051210503779483565, 0.05813392194711028, 0.05386340326228804, 0.05623657922741647, 0.051733052288868694, 0.05129563858518907, 0.04746905290047525, 0.04579842572880085, 0.05294482719944985, 0.04230895467313042, 0.04702893238184228, 0.048035284670237516, 0.04675037129836413, 0.03536275594691833, 0.05701427089907897, 0.045394216827491764, 0.04434434746027119, 0.0421274576098168, 0.04949397265070612, 0.0457977479125377, 0.04393433689211953, 0.04949589762118636, 0.036376026976763814, 0.044412543612963734, 0.040311108893250985, 0.04568711587825149, 0.05210516778346818, 0.04556257645972146, 0.04069270689249118, 0.045071551496934634, 0.039841955504923816, 0.04005355399612035, 0.03364321633118303, 0.04301018065777274, 0.04682928279640462, 0.047949257092312195, 0.03670149761632879, 0.03964731157267703, 0.04435472513093849, 0.04531267094898447, 0.03565474542510164, 0.039984759209260264, 0.0420303060464295, 0.04422020173543555, 0.04677728610905709, 0.03960825862288176, 0.04617579448723122, 0.035233392004773684, 0.039213303635183695, 0.04273405731163195, 0.04373324095466628, 0.040422489146761754, 0.037243699612951355, 0.0353154342058605, 0.03555519928786268, 0.03375712302253568, 0.04405219217859389, 0.03871192408704651, 0.03533407560678943, 0.035264194899725335, 0.040624754538693866, 0.03689579452706272, 0.041039149679268486, 0.043874221873465895, 0.036780214259833376, 0.03154939443521973, 0.03960019456014436, 0.03535958769398586, 0.03430448211443146, 0.03423899103578025, 0.035673808851475246, 0.040638800589129255, 0.038189330240177344]
BBSR:72.96
ABSR:41.83
max acc:97.62
