======================================
    IID: 0
    Dataset: mnist
    Model: Mnist_CNN
    Model Init: None
    Aggregation Function: DABA
    Fraction NonIID: 0
    Long attack: 3
    Wide attack: 3
    Wide attack: trust
    Threshold reject: 0.5
    Threshold down: 0.0
    Attack method: badnet
    Fraction of malicious agents: 15.0%
    Poison Frac: 0.2
    Backdoor From 7 to 2
    Attack Begin: 0
    Trigger Shape: square
    Type poisoning: cs
    Trigger Position X: 0
    Trigger Position Y: 0
    Number of agents: 100
    Fraction of agents each turn: 30(30.0%)
    Local batch size: 50
    Local epoch: 3
    Client_LR: 0.01
    Client_Momentum: 0.9
    Global Rounds: 100
======================================
main_task_accuracy=[0, 14.819999694824219, 22.639999389648438, 30.700000762939453, 40.970001220703125, 37.61000061035156, 60.13999938964844, 58.150001525878906, 50.59000015258789, 63.97999954223633, 53.2599983215332, 72.04000091552734, 68.83999633789062, 86.12999725341797, 88.30000305175781, 81.4800033569336, 82.62000274658203, 80.44999694824219, 85.44000244140625, 56.470001220703125, 87.0999984741211, 92.5199966430664, 92.62000274658203, 90.95999908447266, 87.43000030517578, 91.73999786376953, 91.58999633789062, 90.86000061035156, 96.08999633789062, 90.30000305175781, 92.45999908447266, 94.19999694824219, 95.61000061035156, 93.91999816894531, 90.33000183105469, 88.79000091552734, 95.62000274658203, 95.5999984741211, 94.79000091552734, 94.45999908447266, 94.11000061035156, 96.38999938964844, 96.66000366210938, 95.20999908447266, 96.05000305175781, 94.0199966430664, 95.25, 96.98999786376953, 96.45999908447266, 95.62000274658203, 96.2699966430664, 96.73999786376953, 96.0199966430664, 95.98999786376953, 97.22000122070312, 92.23999786376953, 91.91999816894531, 96.56999969482422, 97.19999694824219, 96.37999725341797, 95.16000366210938, 95.0199966430664, 94.01000213623047, 97.13999938964844, 97.69000244140625, 97.7300033569336, 96.36000061035156, 93.55000305175781, 96.7699966430664, 97.7300033569336, 93.69999694824219, 96.87000274658203, 95.6500015258789, 97.12000274658203, 97.22000122070312, 97.12000274658203, 97.9000015258789, 96.08000183105469, 96.16999816894531, 98.36000061035156, 96.66999816894531, 94.48999786376953, 93.72000122070312, 95.7300033569336, 96.9800033569336, 96.54000091552734, 96.79000091552734, 97.91999816894531, 96.76000213623047, 97.73999786376953, 97.80999755859375, 97.8499984741211, 98.13999938964844, 95.93000030517578, 98.08999633789062, 96.95999908447266, 98.38999938964844, 97.26000213623047, 98.25, 97.08000183105469, 98.08000183105469]
backdoor_accuracy=[0, 0.0, 39.39688715953307, 0.0, 21.98443579766537, 0.0, 20.719844357976655, 0.48638132295719844, 6.712062256809339, 5.933852140077821, 0.9727626459143969, 10.019455252918288, 10.116731517509727, 0.38910505836575876, 2.7237354085603114, 0.7782101167315175, 8.560311284046692, 5.447470817120623, 1.0700389105058365, 1.3618677042801557, 3.7937743190661477, 2.7237354085603114, 14.980544747081712, 1.3618677042801557, 18.3852140077821, 4.182879377431907, 13.521400778210117, 7.101167315175097, 9.04669260700389, 3.5992217898832686, 13.035019455252918, 34.824902723735406, 6.712062256809339, 4.182879377431907, 7.587548638132295, 27.042801556420233, 1.4591439688715953, 3.5992217898832686, 3.5992217898832686, 87.64591439688716, 0.38910505836575876, 15.369649805447471, 24.513618677042803, 31.420233463035018, 75.0, 43.3852140077821, 79.37743190661479, 28.59922178988327, 86.38132295719845, 53.89105058365759, 34.63035019455253, 91.73151750972762, 99.90272373540856, 14.494163424124514, 96.40077821011673, 44.747081712062254, 98.63813229571984, 99.90272373540856, 99.80544747081711, 99.22178988326849, 100.0, 53.30739299610895, 96.3035019455253, 100.0, 98.83268482490273, 99.5136186770428, 99.90272373540856, 98.83268482490273, 100.0, 99.90272373540856, 99.5136186770428, 99.5136186770428, 99.80544747081711, 100.0, 99.70817120622569, 99.12451361867704, 100.0, 46.30350194552529, 99.90272373540856, 92.80155642023347, 96.69260700389106, 99.41634241245136, 99.61089494163424, 99.61089494163424, 99.80544747081711, 99.12451361867704, 98.73540856031128, 99.90272373540856, 99.41634241245136, 99.90272373540856, 99.12451361867704, 99.90272373540856, 99.41634241245136, 100.0, 99.70817120622569, 99.5136186770428, 99.90272373540856, 99.90272373540856, 100.0, 100.0, 99.90272373540856]
loss_list=[0.5594175093251644, 0.4736216766397066, 0.36612858267682996, 0.3607946457563706, 0.24765648566161794, 0.2571720227104311, 0.2012682524743489, 0.23615607633126673, 0.16725135136925587, 0.17201217293019838, 0.18205172866215333, 0.15698863015679512, 0.10018264817751871, 0.08834611579710455, 0.08654131813775834, 0.10717462334937643, 0.12274423877909096, 0.08511544044422581, 0.10085427997912028, 0.15203118992044945, 0.13002898021917936, 0.08822791045026655, 0.0696913301165354, 0.09309661876397252, 0.07772990728104726, 0.08217207011127772, 0.0771659835756206, 0.06683733618586422, 0.05614329541398095, 0.0575169561745468, 0.06317699980844796, 0.05263957709579411, 0.05986931260973143, 0.057477456003503666, 0.07086098091356188, 0.06722123229596093, 0.05394982620481852, 0.05867146722212387, 0.046449141568765714, 0.04265720796981487, 0.04835071972106771, 0.04829734442343781, 0.045089246775861305, 0.051236082535770645, 0.04803051579202924, 0.04694901961117625, 0.04110404889123071, 0.04163637473721704, 0.033415066188885026, 0.042621437537236954, 0.042802428437768734, 0.03587020371102292, 0.03608662234363702, 0.040369766148199274, 0.03698660899750276, 0.04814707559764112, 0.044160160732187134, 0.04013362753011315, 0.034911054306840085, 0.03511825044270997, 0.04033340768726797, 0.03971357673827206, 0.04269698410653132, 0.03608027156115238, 0.036304525582933476, 0.03427487370853768, 0.03546672861657004, 0.04297883779211357, 0.037313795140231906, 0.03153383142741502, 0.045836446128292616, 0.03715054719427276, 0.04194603553092023, 0.0388696912578882, 0.03754525797321296, 0.032207033957356, 0.030136985031748772, 0.04153932414200987, 0.03874672024142998, 0.02722182063866083, 0.03304438503017395, 0.03613048618801172, 0.03780479658576094, 0.044416087683926436, 0.037003566199637385, 0.035895774202848285, 0.029850646229943704, 0.030372202030669853, 0.030422188446890475, 0.030080212232267887, 0.027428527080492673, 0.025327026994990565, 0.02717920710233514, 0.032332248766065344, 0.03211660471866662, 0.030726190331176996, 0.028159708867461893, 0.032789309012146245, 0.026801648104846636, 0.03249347299391225]
BBSR:100.0
ABSR:99.82
max acc:98.39
