======================================
    IID: 0
    Dataset: mnist
    Model: Mnist_CNN
    Model Init: None
    Aggregation Function: DABA
    Fraction NonIID: 0
    Long attack: 5
    Wide attack: 5
    Wide attack: trust
    Threshold reject: 0.5
    Threshold down: 0.0
    Attack method: badnet
    Fraction of malicious agents: 12.0%
    Poison Frac: 0.2
    Backdoor From 7 to 2
    Attack Begin: 0
    Trigger Shape: square
    Type poisoning: cs
    Trigger Position X: 0
    Trigger Position Y: 0
    Number of agents: 100
    Fraction of agents each turn: 30(30.0%)
    Local batch size: 50
    Local epoch: 3
    Client_LR: 0.01
    Client_Momentum: 0.9
    Global Rounds: 100
======================================
main_task_accuracy=[0, 26.1299991607666, 23.079999923706055, 48.970001220703125, 38.38999938964844, 51.29999923706055, 52.38999938964844, 47.130001068115234, 78.76000213623047, 57.5, 75.83000183105469, 64.23999786376953, 83.94999694824219, 79.5199966430664, 78.06999969482422, 72.16999816894531, 79.05999755859375, 58.7400016784668, 84.4800033569336, 89.16999816894531, 77.16999816894531, 88.37000274658203, 93.9000015258789, 82.58999633789062, 87.06999969482422, 89.88999938964844, 89.9000015258789, 90.9000015258789, 88.55999755859375, 92.58000183105469, 94.02999877929688, 93.0999984741211, 94.37999725341797, 95.70999908447266, 93.02999877929688, 93.12000274658203, 94.86000061035156, 90.41999816894531, 94.66000366210938, 95.8499984741211, 73.08999633789062, 93.25, 93.76000213623047, 88.4800033569336, 94.16000366210938, 90.26000213623047, 95.2300033569336, 97.20999908447266, 95.27999877929688, 92.44000244140625, 96.1500015258789, 94.7300033569336, 96.0, 95.41999816894531, 96.54000091552734, 95.18000030517578, 90.86000061035156, 95.38999938964844, 93.37000274658203, 96.19000244140625, 96.5, 97.1500015258789, 87.79000091552734, 95.12999725341797, 94.80000305175781, 97.0999984741211, 95.54000091552734, 95.1500015258789, 97.30999755859375, 96.76000213623047, 96.83000183105469, 94.56999969482422, 96.52999877929688, 97.4800033569336, 97.76000213623047, 98.04000091552734, 97.20999908447266, 97.44000244140625, 97.76000213623047, 97.38999938964844, 97.29000091552734, 97.66000366210938, 97.58000183105469, 97.69999694824219, 97.55999755859375, 97.80000305175781, 97.44999694824219, 97.76000213623047, 97.16999816894531, 97.5, 97.81999969482422, 96.58999633789062, 97.36000061035156, 96.58000183105469, 97.8499984741211, 97.23999786376953, 96.33999633789062, 98.0999984741211, 97.94000244140625, 97.56999969482422, 98.08000183105469]
backdoor_accuracy=[0, 0.0, 0.0, 0.0, 31.6147859922179, 0.48638132295719844, 0.0, 0.8754863813229572, 8.463035019455253, 0.48638132295719844, 19.747081712062258, 0.6809338521400778, 7.2957198443579765, 3.6964980544747084, 47.47081712062257, 0.7782101167315175, 17.801556420233464, 0.09727626459143969, 20.428015564202333, 5.447470817120623, 80.73929961089495, 2.3346303501945527, 18.3852140077821, 6.42023346303502, 7.101167315175097, 5.252918287937743, 3.501945525291829, 7.587548638132295, 15.17509727626459, 22.762645914396888, 7.976653696498055, 49.61089494163424, 77.82101167315174, 17.801556420233464, 32.19844357976654, 75.09727626459144, 81.22568093385215, 11.770428015564203, 90.6614785992218, 60.60311284046693, 33.17120622568093, 45.233463035019454, 35.505836575875485, 81.90661478599222, 34.143968871595334, 41.43968871595331, 81.51750972762646, 11.673151750972762, 8.171206225680933, 98.05447470817121, 13.132295719844358, 72.66536964980544, 90.95330739299611, 32.87937743190661, 9.14396887159533, 78.01556420233463, 20.817120622568094, 26.848249027237355, 76.36186770428016, 86.86770428015564, 96.78988326848248, 50.68093385214008, 51.36186770428016, 95.13618677042801, 98.05447470817121, 55.1556420233463, 70.8171206225681, 97.56809338521401, 28.69649805447471, 99.70817120622569, 76.75097276264592, 97.95719844357977, 11.284046692607005, 77.04280155642023, 52.04280155642024, 29.182879377431906, 70.23346303501945, 82.58754863813229, 23.249027237354085, 96.69260700389106, 71.3035019455253, 98.5408560311284, 73.44357976653697, 98.73540856031128, 95.62256809338521, 97.27626459143968, 99.31906614785993, 73.44357976653697, 97.27626459143968, 99.70817120622569, 94.55252918287938, 96.88715953307393, 92.50972762645914, 78.30739299610894, 91.73151750972762, 97.76264591439688, 99.61089494163424, 94.3579766536965, 98.44357976653697, 53.21011673151751, 97.08171206225681]
loss_list=[0.5148841550131592, 0.2956823445115209, 0.2416377729714758, 0.2531307959132931, 0.24775855113005116, 0.16347577971270835, 0.15770593221001397, 0.1791633605742317, 0.13319277302174343, 0.13606173884268014, 0.15202833347087616, 0.11920986566723525, 0.11080002723314904, 0.09511706746829648, 0.10850496940112954, 0.11671055125606483, 0.1054078279763529, 0.15596701756604617, 0.09752891876036981, 0.07982966477046947, 0.09222871466773948, 0.08428391700511487, 0.066850253205571, 0.08239060573078341, 0.086489504188055, 0.06942104423293456, 0.05935108210947794, 0.060431794633080814, 0.0668157170056121, 0.05759376531335358, 0.0556012510245936, 0.06119623609702945, 0.05165397803763451, 0.04983039258085961, 0.052299666421117094, 0.052806231980830655, 0.04834851861511782, 0.049206905855251205, 0.05021859580617253, 0.039461250583742793, 0.0963273137575124, 0.04993907701352293, 0.05296836710593726, 0.060686480279498085, 0.057844506742492134, 0.047112593687354466, 0.050310939405926444, 0.040303046642927116, 0.046402906234079944, 0.04962190915478559, 0.041645818738238596, 0.0438965715681986, 0.04548512176905508, 0.040595965467634526, 0.04301372555359039, 0.040234800867634694, 0.04771039524542478, 0.04826166841998091, 0.04360275452471287, 0.03809765459037318, 0.0361600847203883, 0.03168624545700922, 0.053113240027642235, 0.04089130034304164, 0.04422323116627627, 0.0350593198621351, 0.039767955478816924, 0.04210060396008122, 0.02922910747708127, 0.03140868198142369, 0.03540244218950445, 0.040654615934187704, 0.0350017100182994, 0.034218944469856676, 0.031571956050663215, 0.03274413735193475, 0.03162018077308502, 0.03273420009068676, 0.02732640602166241, 0.02988352901063619, 0.033132539592403046, 0.025752627676928454, 0.02989761370787607, 0.029646818518789024, 0.029431495874743207, 0.026571258906909638, 0.027060757171804554, 0.029362186931807414, 0.02786840389374869, 0.025445340344714133, 0.028692942040611055, 0.03374812493117097, 0.02867734371362621, 0.031019314423009085, 0.024967618473816084, 0.026447048959538096, 0.030420603066458426, 0.022139962869948758, 0.027093333893089443, 0.0291104518688129]
BBSR:99.61
ABSR:89.99
max acc:98.1
