======================================
    IID: 0
    Dataset: mnist
    Model: Mnist_CNN
    Model Init: None
    Aggregation Function: krum
    Fraction NonIID: 0
    Long attack: 3
    Wide attack: 3
    Wide attack: trust
    Threshold reject: 0.5
    Threshold down: 0.0
    Attack method: badnet
    Fraction of malicious agents: 15.0%
    Poison Frac: 0.2
    Backdoor From 7 to 2
    Attack Begin: 0
    Trigger Shape: square
    Type poisoning: cs
    Trigger Position X: 0
    Trigger Position Y: 0
    Number of agents: 100
    Fraction of agents each turn: 30(30.0%)
    Local batch size: 50
    Local epoch: 3
    Client_LR: 0.01
    Client_Momentum: 0.9
    Global Rounds: 100
    Proportion of malicious are selected: 0.45
    Average score of malicious clients: 848.1964721679688
    Average score of benign clients: 741.8182373046875
======================================
main_task_accuracy=[0, 28.600000381469727, 19.260000228881836, 19.940000534057617, 19.709999084472656, 19.010000228881836, 9.800000190734863, 19.920000076293945, 16.81999969482422, 21.030000686645508, 9.800000190734863, 21.049999237060547, 9.739999771118164, 17.360000610351562, 16.170000076293945, 19.450000762939453, 18.540000915527344, 19.360000610351562, 17.139999389648438, 30.469999313354492, 18.790000915527344, 21.1299991607666, 35.0, 22.469999313354492, 34.34000015258789, 24.229999542236328, 22.219999313354492, 29.670000076293945, 29.950000762939453, 34.77000045776367, 37.959999084472656, 38.41999816894531, 37.63999938964844, 37.0, 47.40999984741211, 35.13999938964844, 32.11000061035156, 33.66999816894531, 29.899999618530273, 41.5, 25.799999237060547, 28.84000015258789, 30.239999771118164, 36.560001373291016, 35.90999984741211, 33.08000183105469, 34.13999938964844, 29.690000534057617, 28.950000762939453, 29.020000457763672, 33.58000183105469, 32.2400016784668, 33.84000015258789, 33.11000061035156, 35.709999084472656, 28.40999984741211, 51.77000045776367, 24.770000457763672, 23.719999313354492, 50.279998779296875, 49.599998474121094, 46.91999816894531, 44.84000015258789, 46.560001373291016, 39.02000045776367, 37.56999969482422, 37.439998626708984, 37.939998626708984, 39.70000076293945, 43.41999816894531, 43.310001373291016, 39.40999984741211, 40.2599983215332, 38.029998779296875, 38.880001068115234, 36.08000183105469, 35.619998931884766, 37.13999938964844, 43.560001373291016, 44.279998779296875, 44.09000015258789, 44.189998626708984, 43.95000076293945, 44.060001373291016, 42.95000076293945, 42.20000076293945, 42.040000915527344, 41.970001220703125, 39.849998474121094, 40.66999816894531, 40.709999084472656, 39.4900016784668, 39.56999969482422, 40.040000915527344, 38.689998626708984, 38.11000061035156, 38.7400016784668, 55.810001373291016, 53.209999084472656, 52.290000915527344, 50.400001525878906]
backdoor_accuracy=[0, 0.0, 85.70038910505836, 91.43968871595331, 0.0, 0.0, 0.0, 0.0, 0.0, 0.0, 0.0, 0.0, 0.0, 0.0, 0.0, 0.0, 7.879377431906615, 0.0, 0.0, 0.0, 26.750972762645915, 0.0, 91.43968871595331, 0.0, 0.0, 0.0, 0.0, 0.0, 0.0, 0.0, 0.0, 0.0, 0.0, 0.0, 18.3852140077821, 80.25291828793775, 88.42412451361868, 0.0, 0.0, 92.8988326848249, 91.43968871595331, 98.5408560311284, 91.05058365758755, 16.439688715953306, 19.163424124513618, 90.1750972762646, 70.03891050583658, 95.3307392996109, 94.26070038910505, 94.45525291828794, 30.836575875486382, 28.59922178988327, 36.57587548638132, 36.478599221789885, 0.09727626459143969, 0.0, 99.90272373540856, 0.0, 0.0, 100.0, 100.0, 99.80544747081711, 99.22178988326849, 100.0, 100.0, 100.0, 100.0, 100.0, 100.0, 100.0, 100.0, 100.0, 100.0, 100.0, 100.0, 100.0, 100.0, 100.0, 100.0, 100.0, 100.0, 100.0, 100.0, 100.0, 100.0, 100.0, 100.0, 100.0, 100.0, 100.0, 99.90272373540856, 99.90272373540856, 99.90272373540856, 99.90272373540856, 99.90272373540856, 99.90272373540856, 99.80544747081711, 100.0, 100.0, 100.0, 100.0]
loss_list=[0.5384792132934653, 0.7244592376237233, 0.731882268489277, 0.6066945308452582, 0.9480608307343472, 0.8248318676940435, 1.4874542525997674, 1.7486472479135238, 1.2592872248669056, 0.67266892173699, 1.8564050792825015, 1.5422644839871469, 1.2615633391300884, 1.2104976626121675, 1.042105526354441, 1.141376502385396, 1.0864674748249616, 1.384589253396014, 1.0072054509404815, 0.9600211810790689, 0.7133127954522208, 1.1218751536487015, 0.7319428742374672, 1.0245746886766907, 0.806821103390717, 0.9617446068551981, 0.6046727238731734, 0.8069027489910864, 0.7978182984046052, 0.8352841726493551, 0.7162720169413929, 0.7235815288610712, 0.7289898675816133, 0.8182939439313757, 0.6772793290950233, 0.7500488926106469, 0.7478836336096367, 0.8315787290403898, 0.8284423022366203, 0.6010555034234568, 0.6559356996901138, 0.5965766799939123, 0.6308500343333047, 0.6280471076298082, 0.6288416078913952, 0.7036420966335084, 0.6502462614452778, 0.6944183484035873, 0.6727360831974222, 0.5582467542517675, 0.6791888427659131, 0.606607079913751, 0.5952131312814116, 0.7300034903837515, 0.48689414760010663, 0.60259108559552, 0.4443043671100215, 0.6368133397996913, 0.6089453431545365, 0.4638650466040237, 0.4971316901667752, 0.49252967204975134, 0.5464649557029823, 0.3875764608584514, 0.4755666616177594, 0.4549841834548581, 0.4395572111361215, 0.6057395069230539, 0.5396214165961013, 0.46501421096584267, 0.5903883505432094, 0.5553483772913805, 0.4996343290198622, 0.5599432546673911, 0.6150691773261862, 0.6143215541571206, 0.5195481691357094, 0.5623426317323151, 0.4928983270578168, 0.48624592467935057, 0.4754626038892596, 0.5150284163514309, 0.49276321602494166, 0.4994959214241479, 0.4421059476878898, 0.5128925879344085, 0.49749233473575016, 0.4847320286944318, 0.5555620794999564, 0.5545697349570488, 0.5397075299688796, 0.5649005621994252, 0.5627085219349545, 0.4536991633051322, 0.4870989155777387, 0.48843402227194127, 0.4810131197456954, 0.35692917459647217, 0.47239659899042064, 0.5171570707766578]
BBSR:100.0
ABSR:99.93
max acc:55.81
