======================================
    IID: 0
    Dataset: mnist
    Model: Mnist_CNN
    Model Init: None
    Aggregation Function: DABA
    Fraction NonIID: 0
    Long attack: 3
    Wide attack: 3
    Wide attack: trust
    Threshold reject: 0.5
    Threshold down: 0.0
    Attack method: badnet
    Fraction of malicious agents: 12.0%
    Poison Frac: 0.2
    Backdoor From 7 to 2
    Attack Begin: 0
    Trigger Shape: square
    Type poisoning: pgd
    Trigger Position X: 0
    Trigger Position Y: 0
    Number of agents: 100
    Fraction of agents each turn: 30(30.0%)
    Local batch size: 50
    Local epoch: 3
    Client_LR: 0.01
    Client_Momentum: 0.9
    Global Rounds: 100
======================================
main_task_accuracy=[0, 34.56999969482422, 29.670000076293945, 59.130001068115234, 39.77000045776367, 67.9000015258789, 63.380001068115234, 65.62000274658203, 60.380001068115234, 68.94000244140625, 62.119998931884766, 77.20999908447266, 72.31999969482422, 88.23999786376953, 85.81999969482422, 77.62999725341797, 85.51000213623047, 91.04000091552734, 91.23999786376953, 90.2300033569336, 91.58999633789062, 93.55000305175781, 88.04000091552734, 78.44000244140625, 86.38999938964844, 94.30000305175781, 92.37999725341797, 84.52999877929688, 88.20999908447266, 84.91000366210938, 95.05000305175781, 91.81999969482422, 93.0999984741211, 95.02999877929688, 94.8499984741211, 93.87000274658203, 92.69999694824219, 87.7699966430664, 95.41999816894531, 96.75, 96.8499984741211, 96.62999725341797, 92.86000061035156, 95.27999877929688, 95.33000183105469, 96.66999816894531, 93.44999694824219, 95.93000030517578, 96.63999938964844, 95.33999633789062, 95.69000244140625, 95.9800033569336, 97.7699966430664, 96.44999694824219, 93.4800033569336, 94.63999938964844, 94.8499984741211, 93.5999984741211, 95.41000366210938, 96.77999877929688, 91.0, 96.54000091552734, 95.63999938964844, 97.12999725341797, 96.91999816894531, 97.20999908447266, 96.91000366210938, 97.19999694824219, 96.98999786376953, 97.19999694824219, 96.52999877929688, 88.12999725341797, 91.41000366210938, 97.0199966430664, 97.9000015258789, 97.41000366210938, 97.36000061035156, 95.2699966430664, 97.4000015258789, 95.94000244140625, 96.93000030517578, 97.66000366210938, 97.5999984741211, 97.83999633789062, 97.48999786376953, 97.7300033569336, 97.62000274658203, 93.01000213623047, 97.22000122070312, 98.51000213623047, 95.27999877929688, 96.66000366210938, 97.30999755859375, 98.11000061035156, 97.97000122070312, 96.94999694824219, 94.44999694824219, 97.5999984741211, 96.98999786376953, 97.6500015258789, 98.02999877929688]
backdoor_accuracy=[0, 0.0, 0.0, 0.0, 0.0, 1.7509727626459144, 0.0, 3.404669260700389, 15.077821011673151, 0.19455252918287938, 2.821011673151751, 0.8754863813229572, 0.5836575875486382, 19.941634241245136, 0.19455252918287938, 15.17509727626459, 0.19455252918287938, 10.505836575875486, 0.7782101167315175, 1.6536964980544746, 1.8482490272373542, 8.073929961089494, 2.6264591439688716, 3.5992217898832686, 3.501945525291829, 3.21011673151751, 2.0428015564202333, 3.7937743190661477, 0.9727626459143969, 7.490272373540856, 2.529182879377432, 1.4591439688715953, 2.7237354085603114, 3.404669260700389, 2.0428015564202333, 2.237354085603113, 1.8482490272373542, 0.38910505836575876, 6.3229571984435795, 1.3618677042801557, 8.463035019455253, 0.48638132295719844, 7.587548638132295, 1.1673151750972763, 1.3618677042801557, 4.085603112840467, 0.19455252918287938, 24.22178988326848, 0.8754863813229572, 1.0700389105058365, 2.9182879377431905, 7.101167315175097, 3.8910505836575875, 1.264591439688716, 64.6887159533074, 1.8482490272373542, 3.11284046692607, 13.521400778210117, 3.0155642023346303, 4.182879377431907, 97.08171206225681, 0.9727626459143969, 7.392996108949417, 2.3346303501945527, 19.260700389105057, 1.264591439688716, 1.1673151750972763, 3.404669260700389, 15.75875486381323, 3.307392996108949, 9.82490272373541, 0.7782101167315175, 22.957198443579767, 2.0428015564202333, 7.490272373540856, 1.3618677042801557, 1.8482490272373542, 12.743190661478598, 14.591439688715953, 35.01945525291829, 53.69649805447471, 25.09727626459144, 36.673151750972764, 24.708171206225682, 2.529182879377432, 8.754863813229573, 5.739299610894942, 16.731517509727627, 8.852140077821012, 13.132295719844358, 8.171206225680933, 2.9182879377431905, 14.396887159533074, 21.49805447470817, 30.058365758754864, 2.0428015564202333, 99.12451361867704, 0.6809338521400778, 5.544747081712062, 1.6536964980544746, 6.614785992217898]
loss_list=[0.4489447590012075, 0.3264014111915084, 0.31077802972494584, 0.3106338951540924, 0.18383846487028022, 0.16976336794840013, 0.12838121464986527, 0.1582248531238274, 0.14627082568950744, 0.11310055651010581, 0.12731883370613178, 0.13223964365326654, 0.11059460914562523, 0.09098803832664985, 0.09212065178204032, 0.09626791387119904, 0.08048030751580534, 0.0773076987582059, 0.07813093328639084, 0.06120440703934614, 0.06632822169153771, 0.05980699884898504, 0.06419110371905347, 0.08797151234897416, 0.08090857969217717, 0.07103901956821933, 0.061046649917905794, 0.07629561708396086, 0.07783720587108715, 0.06828729886555267, 0.062094752952872215, 0.05661800688532033, 0.0475587181281032, 0.04720258438912773, 0.061562049656369154, 0.05145497608429383, 0.06262480943136393, 0.05065749234130413, 0.048004770898082055, 0.04280562991505605, 0.04119450417853468, 0.03760100497540066, 0.04817614324125466, 0.03880778654155421, 0.04662179127554081, 0.040882624628496504, 0.03481035006006239, 0.04231314403152275, 0.03679491231142351, 0.04707893647123543, 0.045965358611472835, 0.04101101421646157, 0.03404814023769907, 0.03813041656724813, 0.04787533666551015, 0.039485353214389354, 0.04389798718840965, 0.04446145378169393, 0.04619784853858745, 0.038933272548161195, 0.04338180254538829, 0.034489185096076146, 0.04049324948338911, 0.02967327579033189, 0.034512580851990445, 0.030994964794505732, 0.037792328760404545, 0.030794877565109575, 0.03722604527472781, 0.03254990162003558, 0.034720652452140906, 0.060886871078036094, 0.04632961859689101, 0.03485588037790601, 0.034304759277292436, 0.032653554311351245, 0.027753044791874865, 0.03879215996339233, 0.029308189110567918, 0.033812794690621414, 0.031650082362521086, 0.02552093276807803, 0.025672660264041847, 0.025474260582680694, 0.031240091631717013, 0.03033858731417059, 0.0330860230481157, 0.03687236132917056, 0.028660096833912862, 0.023614942623068038, 0.03654849320127455, 0.030865087478797088, 0.03511486359415127, 0.02645207428692822, 0.028762384177582537, 0.029596264514483158, 0.03181236373938942, 0.03727797741871097, 0.024180327371631245, 0.03334484560143876]
BBSR:99.12
ABSR:18.45
max acc:98.11
