======================================
    IID: 1
    Dataset: cifar
    Model: resnet101
    Model Init: None
    Aggregation Function: DABA
    Fraction NonIID: 0
    Long attack: 3
    Wide attack: 3
    Wide attack: trust
    Threshold reject: 0.5
    Threshold down: 0.0
    Attack method: dba
    Fraction of malicious agents: 25.0%
    Poison Frac: 0.2
    Backdoor From 7 to 2
    Attack Begin: 0
    Trigger Shape: square
    Type poisoning: 
    Trigger Position X: 0
    Trigger Position Y: 0
    Number of agents: 100
    Fraction of agents each turn: 30(30.0%)
    Local batch size: 16
    Local epoch: 3
    Client_LR: 0.01
    Client_Momentum: 0.9
    Global Rounds: 100
======================================
main_task_accuracy=[0, 10.0, 10.0, 10.779999732971191, 10.0, 10.619999885559082, 11.140000343322754, 13.539999961853027, 15.289999961853027, 16.780000686645508, 31.40999984741211, 34.34000015258789, 13.90999984741211, 37.369998931884766, 27.670000076293945, 17.440000534057617, 49.79999923706055, 47.959999084472656, 45.349998474121094, 50.65999984741211, 49.54999923706055, 49.58000183105469, 51.75, 58.959999084472656, 56.63999938964844, 46.97999954223633, 50.880001068115234, 63.400001525878906, 63.529998779296875, 64.86000061035156, 66.2699966430664, 66.26000213623047, 66.20999908447266, 67.05000305175781, 66.72000122070312, 67.33000183105469, 68.5199966430664, 68.87999725341797, 66.95999908447266, 69.3499984741211, 70.70999908447266, 68.91999816894531, 70.19999694824219, 70.41000366210938, 70.25, 72.20999908447266, 72.58000183105469, 73.44999694824219, 19.899999618530273, 69.12999725341797, 70.5999984741211, 73.37999725341797, 73.23999786376953, 73.38999938964844, 73.62000274658203, 73.72000122070312, 74.45999908447266, 74.31999969482422, 74.16999816894531, 73.25, 74.13999938964844, 75.19000244140625, 74.77999877929688, 75.30999755859375, 74.33000183105469, 75.37999725341797, 75.98999786376953, 75.2699966430664, 76.12999725341797, 74.63999938964844, 75.87999725341797, 62.349998474121094, 75.38999938964844, 76.4800033569336, 76.01000213623047, 76.75, 76.5, 77.0, 76.02999877929688, 77.08000183105469, 76.87000274658203, 76.61000061035156, 76.75, 75.91000366210938, 75.88999938964844, 76.77999877929688, 75.93000030517578, 76.9000015258789, 75.83999633789062, 77.5999984741211, 76.62999725341797, 75.5199966430664, 76.08000183105469, 75.87000274658203, 75.5, 76.52999877929688, 75.94999694824219, 75.05999755859375, 77.01000213623047, 75.87000274658203, 75.75]
backdoor_accuracy=[0, 100.0, 100.0, 2.6, 0.0, 1.4, 7.9, 22.8, 24.7, 13.2, 10.9, 11.5, 30.3, 10.8, 14.0, 4.7, 5.3, 5.9, 6.8, 5.9, 10.5, 11.0, 8.7, 6.9, 6.3, 11.0, 7.1, 5.1, 6.0, 5.1, 3.9, 7.0, 6.9, 7.0, 6.9, 5.5, 6.0, 6.7, 7.1, 9.2, 6.1, 5.7, 6.6, 7.5, 7.6, 5.4, 4.6, 5.5, 16.2, 10.6, 9.7, 5.4, 6.1, 4.7, 4.8, 5.4, 3.8, 6.6, 5.8, 5.0, 7.2, 4.4, 5.7, 5.2, 5.6, 6.9, 4.9, 3.4, 4.3, 4.4, 4.5, 15.2, 6.1, 5.0, 3.9, 5.0, 4.0, 3.8, 5.0, 3.6, 4.4, 4.1, 4.3, 4.6, 3.9, 4.4, 4.6, 3.4, 4.3, 4.0, 5.1, 5.2, 4.8, 4.8, 4.1, 4.5, 4.0, 4.3, 4.0, 4.7, 5.0]
loss_list=[3.7032985330041908, 2.5324825656910743, 2.23579675571786, 2.118010382809573, 2.032484090121256, 1.9643563349627786, 1.8995851325905984, 1.8241885474158661, 1.759822161826822, 1.7064585208064977, 1.6357790467432807, 1.5873548852693704, 1.5370018808585073, 1.450740265654814, 1.4056244703009722, 1.3116777979975776, 1.2310674436907798, 1.1900121955407992, 1.0920763176038035, 1.090227766151333, 1.0017441827364058, 1.0178680047755027, 0.8413232279475779, 0.8373437243035171, 0.7922479994307248, 0.7167785759268253, 0.7054383303420357, 0.6583601756380328, 0.6396714924867004, 0.5664861759943355, 0.5474946978492274, 0.5461939995986339, 0.5303794196142311, 0.5375254545532192, 0.5234330394912224, 0.48303650642353896, 0.455947883028845, 0.480104034644723, 0.4947689771490534, 0.415688469222328, 0.43017209054222694, 0.4041467241455596, 0.44025729209897696, 0.38899146700690235, 0.3707452178439199, 0.3470871948285397, 0.3516295934649153, 0.36743787705951636, 0.3849193925136206, 0.3905376001815966, 0.31777770207604583, 0.27650987227397206, 0.31440111795666076, 0.2390413395314378, 0.27834431950065114, 0.26682367190903983, 0.2771391420914218, 0.25758239559372165, 0.21055968129739988, 0.273947449255128, 0.22139174819113172, 0.2797493393604276, 0.21667104373349402, 0.2361109565274009, 0.22524657186414615, 0.16588779004223397, 0.1936359454808199, 0.19423169308618324, 0.1969844093501302, 0.1874246104581542, 0.18559195063443845, 0.22733236106123508, 0.1471964828059046, 0.16645843694179557, 0.16068909152612987, 0.18503959814115664, 0.15058420005836978, 0.1924867479872584, 0.19142983939577787, 0.16225414672222643, 0.14186253693505932, 0.14695007244746294, 0.1665763555237694, 0.10436648976258817, 0.12535862014054291, 0.10223849793334996, 0.12566759516617923, 0.09819736648977875, 0.13643765287415213, 0.10744881839160472, 0.11960490471327224, 0.08615133743585629, 0.06208006644655799, 0.08532497483722319, 0.11249450430102569, 0.059169193835034814, 0.09537134138821808, 0.07573209086195144, 0.07546800980024132, 0.056421596676788505]
BBSR:5.2
ABSR:4.54
max acc:77.01
