======================================
    IID: 1
    Dataset: cifar
    Model: mobilenetv2
    Model Init: None
    Aggregation Function: avg
    Fraction NonIID: 0
    Long attack: 3
    Wide attack: 3
    Wide attack: trust
    Threshold reject: 0.5
    Threshold down: 0.0
    Attack method: dba
    Fraction of malicious agents: 25.0%
    Poison Frac: 0.2
    Backdoor From 7 to 2
    Attack Begin: 0
    Trigger Shape: square
    Type poisoning: 
    Trigger Position X: 0
    Trigger Position Y: 0
    Number of agents: 100
    Fraction of agents each turn: 30(30.0%)
    Local batch size: 16
    Local epoch: 3
    Client_LR: 0.01
    Client_Momentum: 0.9
    Global Rounds: 100
======================================
main_task_accuracy=[0, 10.0, 10.0, 10.0, 10.0, 11.140000343322754, 18.280000686645508, 25.239999771118164, 30.829999923706055, 35.540000915527344, 39.459999084472656, 42.529998779296875, 44.040000915527344, 47.59000015258789, 49.9900016784668, 52.08000183105469, 53.34000015258789, 54.290000915527344, 55.86000061035156, 58.029998779296875, 59.779998779296875, 60.470001220703125, 60.72999954223633, 62.33000183105469, 63.54999923706055, 64.54000091552734, 63.47999954223633, 65.2300033569336, 65.16000366210938, 65.9000015258789, 66.55000305175781, 66.58999633789062, 67.12999725341797, 67.16000366210938, 67.66999816894531, 68.16000366210938, 67.94999694824219, 68.19000244140625, 69.52999877929688, 69.43000030517578, 68.13999938964844, 69.80999755859375, 68.9800033569336, 70.22000122070312, 71.0199966430664, 71.0199966430664, 71.27999877929688, 70.95999908447266, 71.62999725341797, 70.30000305175781, 71.7300033569336, 70.19000244140625, 71.43000030517578, 71.25, 71.7300033569336, 72.01000213623047, 71.72000122070312, 71.66999816894531, 72.30000305175781, 71.80999755859375, 73.12000274658203, 72.16000366210938, 71.68000030517578, 72.8499984741211, 72.94000244140625, 72.63999938964844, 73.33000183105469, 73.16999816894531, 73.87000274658203, 73.76000213623047, 73.52999877929688, 72.94000244140625, 74.19000244140625, 73.83000183105469, 73.80000305175781, 73.2699966430664, 74.68000030517578, 72.9800033569336, 74.11000061035156, 74.37000274658203, 74.41999816894531, 74.94000244140625, 73.8499984741211, 74.3499984741211, 75.3499984741211, 74.5, 75.01000213623047, 74.62000274658203, 75.37000274658203, 74.93000030517578, 74.12000274658203, 75.16999816894531, 75.4800033569336, 75.93000030517578, 75.8499984741211, 74.54000091552734, 75.30000305175781, 76.26000213623047, 75.95999908447266, 75.12000274658203, 76.01000213623047]
backdoor_accuracy=[0, 0.0, 100.0, 100.0, 100.0, 71.5, 19.4, 7.1, 5.3, 3.9, 2.0, 3.8, 1.9, 2.2, 4.4, 3.2, 3.4, 4.9, 4.6, 5.1, 5.5, 4.9, 5.3, 6.8, 7.1, 6.7, 8.5, 5.8, 7.2, 6.4, 5.8, 9.4, 9.2, 6.6, 8.2, 7.5, 7.5, 7.8, 7.2, 10.8, 8.2, 8.5, 9.2, 8.1, 8.0, 9.2, 8.8, 8.3, 9.4, 9.2, 9.6, 10.1, 9.0, 7.4, 9.2, 10.3, 7.2, 8.9, 8.3, 11.0, 11.6, 10.4, 10.3, 10.9, 9.7, 11.7, 9.0, 8.8, 10.2, 8.6, 9.3, 7.8, 8.0, 11.5, 10.4, 9.2, 8.8, 9.4, 11.1, 9.5, 11.5, 11.0, 11.0, 10.7, 12.2, 11.4, 9.1, 8.8, 9.2, 9.9, 10.4, 10.7, 11.5, 10.9, 11.3, 13.2, 14.3, 11.8, 11.1, 12.8, 11.4]
loss_list=[2.455571066877908, 2.267100541210837, 2.1391840632590986, 1.9989031709523664, 1.8483028960310752, 1.7106428212175764, 1.5623892699885702, 1.4287258909497824, 1.2992571172925331, 1.2072692404397658, 1.133202107874159, 1.044450920333879, 0.9630796438108924, 0.910607215848803, 0.8544344548323555, 0.7957175443033015, 0.7776608504293512, 0.740364518732531, 0.688353798612823, 0.6675752208655468, 0.6397179591429045, 0.616241181968265, 0.5831418800562258, 0.5788962767150629, 0.5817873602070096, 0.5479226042198005, 0.5281797050742575, 0.5245135601458767, 0.5043781684785952, 0.4880783166088805, 0.48069806102478957, 0.45245614731328615, 0.45410769047270544, 0.43614957179783637, 0.42482018398982796, 0.41443947297601763, 0.39300884137224373, 0.4142738443110527, 0.40079099953784153, 0.41750865264524073, 0.3595239048826949, 0.38663757576739743, 0.3767835802312119, 0.3561738259013914, 0.35659071056648417, 0.33946469562611636, 0.3624643528524049, 0.3193632969421742, 0.3704119566163475, 0.3095806414185669, 0.31912146524838236, 0.30903159239725125, 0.3265806190393655, 0.2993905941013103, 0.2793964413324931, 0.30113863333686414, 0.30335342357660317, 0.2902268290420681, 0.3013964092391688, 0.2603462731295925, 0.2607503928663492, 0.2896534377429514, 0.24208367204618197, 0.2590891021322427, 0.27348216620052374, 0.24511053464937307, 0.2664914751744113, 0.24323909963158155, 0.25731092510672576, 0.23208232872239024, 0.24755665155997927, 0.21224497089505245, 0.24113707069732812, 0.22316191850268288, 0.27428133286723294, 0.1928499317392077, 0.2613363604374576, 0.22646565738491012, 0.19229377550157853, 0.21623856867588787, 0.18057498486263185, 0.24445004192099182, 0.22534049266895537, 0.17475956226943604, 0.19176221322076242, 0.19171641966259914, 0.2191505396750674, 0.20027418867034102, 0.17837609083532902, 0.21480642914867631, 0.17548046349570037, 0.19029960264468984, 0.157862324778009, 0.16045131281205413, 0.18992438251252175, 0.206249095961842, 0.13376288865857636, 0.1624872436638674, 0.18291990306962969, 0.14649300297570436]
BBSR:14.3
ABSR:11.9
max acc:76.26
