======================================
    IID: 1
    Dataset: cifar
    Model: resnet101
    Model Init: None
    Aggregation Function: RLR
    Fraction NonIID: 0
    Long attack: 3
    Wide attack: 3
    Wide attack: trust
    Threshold reject: 0.5
    Threshold down: 0.0
    Attack method: dba
    Fraction of malicious agents: 25.0%
    Poison Frac: 0.2
    Backdoor From 7 to 2
    Attack Begin: 0
    Trigger Shape: square
    Type poisoning: 
    Trigger Position X: 0
    Trigger Position Y: 0
    Number of agents: 100
    Fraction of agents each turn: 30(30.0%)
    Local batch size: 16
    Local epoch: 3
    Client_LR: 0.01
    Client_Momentum: 0.9
    Global Rounds: 100
    RobustLR_threshold: 4
======================================
main_task_accuracy=[0, 10.0, 10.0, 10.0, 10.0, 10.0, 10.0, 10.0, 10.0, 10.0, 10.0, 10.0, 10.0, 10.0, 37.36000061035156, 10.0, 10.0, 10.0, 10.0, 10.0, 10.0, 50.15999984741211, 52.5099983215332, 10.0, 10.0, 53.9900016784668, 10.0, 58.189998626708984, 60.34000015258789, 10.0, 10.0, 62.880001068115234, 64.73999786376953, 64.68000030517578, 10.0, 10.0, 10.0, 66.66999816894531, 64.4000015258789, 67.01000213623047, 10.0, 67.02999877929688, 10.0, 67.79000091552734, 68.29000091552734, 69.38999938964844, 69.41000366210938, 69.55000305175781, 10.0, 69.83999633789062, 10.0, 10.0, 71.81999969482422, 71.37999725341797, 70.77999877929688, 70.68000030517578, 71.16999816894531, 72.20999908447266, 10.0, 72.66999816894531, 73.12000274658203, 73.01000213623047, 10.0, 10.0, 73.7699966430664, 10.0, 74.12999725341797, 73.88999938964844, 74.25, 74.37000274658203, 74.87000274658203, 10.0, 74.3499984741211, 74.52999877929688, 74.94999694824219, 75.06999969482422, 74.80999755859375, 75.6500015258789, 75.62000274658203, 75.30999755859375, 10.0, 75.27999877929688, 10.0, 75.72000122070312, 75.80000305175781, 75.87000274658203, 75.9800033569336, 75.70999908447266, 10.0, 75.83999633789062, 75.76000213623047, 75.88999938964844, 75.86000061035156, 75.83999633789062, 76.4000015258789, 75.9000015258789, 76.0999984741211, 76.22000122070312, 76.3499984741211, 76.4000015258789, 76.19999694824219]
backdoor_accuracy=[0, 0.0, 0.0, 0.0, 0.0, 0.0, 0.0, 0.0, 0.0, 0.0, 0.0, 0.0, 0.0, 0.0, 16.0, 0.0, 0.0, 0.0, 0.0, 0.0, 0.0, 9.8, 7.0, 0.0, 0.0, 4.7, 0.0, 4.6, 4.1, 0.0, 0.0, 2.2, 2.8, 2.6, 0.0, 0.0, 0.0, 3.6, 4.2, 4.6, 0.0, 3.8, 0.0, 4.9, 4.5, 3.8, 3.8, 4.9, 0.0, 4.4, 0.0, 0.0, 3.1, 3.8, 3.6, 4.1, 4.5, 3.9, 0.0, 3.6, 3.1, 4.0, 0.0, 0.0, 5.0, 0.0, 5.0, 4.2, 5.1, 4.1, 3.6, 0.0, 4.5, 3.8, 3.4, 4.7, 4.7, 5.1, 3.7, 4.3, 0.0, 4.3, 0.0, 4.3, 3.9, 4.9, 4.9, 4.5, 0.0, 4.6, 4.4, 3.8, 4.3, 4.6, 4.4, 4.4, 3.9, 4.8, 4.6, 5.0, 5.2]
loss_list=[3.7057785712596445, 2.5581558754460687, 2.259507831310232, 2.1474825386785796, 2.058685048917929, 1.9902213799456756, 1.936862854845822, 1.8678038751499522, 1.8288835908803673, 1.784497082295517, 1.7488516743812297, 1.6644562953462203, 1.6348766988764205, 1.5714722416674094, 1.5836102342440024, 1.4956468446594144, 1.471471897869681, 1.389875127137121, 1.3322773666121066, 1.3075243503890106, 1.31662098462176, 1.2975434820478162, 1.1852421633950954, 1.192829263344821, 1.0913822348746984, 1.0263722483456759, 0.9468391193671979, 0.909195530102847, 0.8975402593172876, 0.8604758620989743, 0.8059133162883682, 0.759706534697519, 0.7291020656243846, 0.7698287131164557, 0.700935503723061, 0.6726280399193959, 0.6026971358446948, 0.603728762653029, 0.5864615711849991, 0.6184215922774458, 0.5247246560543216, 0.5870630739376388, 0.5184674538355062, 0.4838508836616206, 0.5046289725774841, 0.46072586188793135, 0.45647137596347925, 0.4790856275956079, 0.44614143866759454, 0.4669911762313656, 0.5206995250161224, 0.41549307154420795, 0.42740909669040167, 0.41510182241248306, 0.39804781684142654, 0.39896146999519083, 0.38490684947327186, 0.3834908314202039, 0.3073715683168606, 0.3669798671956919, 0.3357105003333951, 0.37683697851951153, 0.33848308842539665, 0.3084018408645533, 0.33674736332973737, 0.27655511202724986, 0.3129752022393909, 0.2996133989466923, 0.31666935095169424, 0.2886493345657375, 0.2917687585911052, 0.25830284954974764, 0.2857721410625244, 0.2767240831388941, 0.26047455137536674, 0.28722872351687934, 0.24109338889050677, 0.22601498085334945, 0.23444593008535877, 0.2969433981373691, 0.2104136878476412, 0.27020843776234266, 0.21064098811881804, 0.2297916202394504, 0.23383185208424748, 0.20129362920779892, 0.2117079624356443, 0.23375867970294198, 0.20598259081073386, 0.21420219715331668, 0.21389792282865427, 0.18907778757608437, 0.22517830502602518, 0.17322164048311556, 0.19928998008468976, 0.1899395752210845, 0.1923061764396708, 0.18992314703735425, 0.19180872996910617, 0.20751779248554006]
BBSR:5.2
ABSR:4.5
max acc:76.4
