======================================
    IID: 1
    Dataset: cifar
    Model: resnet50
    Model Init: None
    Aggregation Function: avg
    Fraction NonIID: 0
    Long attack: 3
    Wide attack: 3
    Wide attack: trust
    Threshold reject: 0.5
    Threshold down: 0.0
    Attack method: dba
    Fraction of malicious agents: 25.0%
    Poison Frac: 0.2
    Backdoor From 7 to 2
    Attack Begin: 0
    Trigger Shape: square
    Type poisoning: 
    Trigger Position X: 0
    Trigger Position Y: 0
    Number of agents: 100
    Fraction of agents each turn: 30(30.0%)
    Local batch size: 16
    Local epoch: 3
    Client_LR: 0.01
    Client_Momentum: 0.9
    Global Rounds: 100
======================================
main_task_accuracy=[0, 10.0, 10.0, 10.0, 11.109999656677246, 12.029999732971191, 11.399999618530273, 20.989999771118164, 13.039999961853027, 27.530000686645508, 39.040000915527344, 21.920000076293945, 17.25, 37.79999923706055, 39.18000030517578, 32.369998931884766, 40.040000915527344, 45.59000015258789, 45.36000061035156, 45.400001525878906, 53.290000915527344, 53.59000015258789, 47.45000076293945, 55.959999084472656, 56.619998931884766, 59.20000076293945, 60.09000015258789, 59.869998931884766, 61.52000045776367, 61.52000045776367, 63.099998474121094, 64.02999877929688, 63.650001525878906, 65.9000015258789, 65.20999908447266, 63.88999938964844, 66.73999786376953, 66.52999877929688, 67.68000030517578, 67.27999877929688, 66.54000091552734, 67.19000244140625, 67.16999816894531, 67.93000030517578, 69.37999725341797, 69.73999786376953, 69.73999786376953, 69.5199966430664, 70.93000030517578, 68.8499984741211, 70.94000244140625, 70.51000213623047, 72.05999755859375, 71.38999938964844, 72.05999755859375, 71.27999877929688, 71.80999755859375, 72.0999984741211, 72.08999633789062, 73.16999816894531, 73.22000122070312, 72.83999633789062, 74.0199966430664, 72.98999786376953, 74.36000061035156, 73.94999694824219, 74.23999786376953, 73.63999938964844, 74.75, 74.05999755859375, 74.12999725341797, 75.4000015258789, 74.8499984741211, 74.80000305175781, 75.3499984741211, 75.41000366210938, 75.30000305175781, 75.41999816894531, 75.2699966430664, 75.79000091552734, 75.20999908447266, 75.12999725341797, 75.37000274658203, 76.81999969482422, 76.25, 76.22000122070312, 76.70999908447266, 76.61000061035156, 75.93000030517578, 76.62999725341797, 76.52999877929688, 76.87999725341797, 76.69999694824219, 76.98999786376953, 76.95999908447266, 77.0, 76.6500015258789, 76.44999694824219, 77.41000366210938, 76.9800033569336, 77.30999755859375]
backdoor_accuracy=[0, 0.0, 0.0, 0.0, 3.7, 56.9, 58.4, 48.7, 68.2, 25.7, 11.7, 20.9, 70.6, 15.7, 5.0, 10.0, 10.9, 8.4, 6.7, 7.6, 7.0, 6.9, 7.6, 5.6, 5.5, 3.4, 5.0, 2.5, 3.7, 3.2, 2.6, 3.8, 3.3, 5.7, 2.9, 2.8, 5.2, 4.1, 4.4, 4.9, 3.8, 4.8, 5.6, 4.6, 4.5, 3.4, 5.5, 3.9, 4.1, 3.3, 5.9, 5.5, 3.3, 3.7, 4.8, 4.6, 5.1, 4.0, 5.4, 4.9, 4.9, 4.1, 4.5, 4.3, 5.1, 3.9, 3.6, 4.0, 4.8, 3.5, 4.6, 4.0, 5.4, 4.9, 3.9, 4.6, 5.2, 5.3, 5.7, 3.4, 5.0, 5.4, 4.4, 3.5, 3.3, 2.8, 2.8, 3.1, 2.2, 2.6, 3.0, 3.6, 4.4, 2.8, 2.9, 2.6, 3.8, 4.1, 3.2, 3.7, 4.2]
loss_list=[3.824631523175372, 2.570887297102147, 2.224101951428586, 2.087353494018316, 2.0018983162525625, 1.930734990433686, 1.8387165314000515, 1.8057182214740246, 1.718523465531568, 1.649218078888953, 1.6167414138093588, 1.5489923031586743, 1.5486005717060631, 1.4426335121194527, 1.3941655254405407, 1.3328732988693648, 1.231036515544272, 1.1420020668741522, 1.1034168386780143, 0.9917425943745506, 0.9457093698606412, 0.9302750705230414, 0.8497011214701665, 0.7738311687703471, 0.729792011613285, 0.7097979747920665, 0.6776216472761006, 0.6347111924671078, 0.6202990901156833, 0.5975735624737961, 0.5546329171571415, 0.5367034107378357, 0.5064056421875446, 0.5026236138784851, 0.49613778611346787, 0.4619016902766614, 0.46815667518846266, 0.4469526744532129, 0.417537712316496, 0.4129835697818837, 0.4176953990202997, 0.38075767359085955, 0.39738003916025055, 0.36145224083722205, 0.3580104793864645, 0.36792494652039137, 0.35243689821109003, 0.33711797860865367, 0.3521667234909627, 0.2816320522104839, 0.3538680772912761, 0.2921482726265013, 0.29086033812289114, 0.290113788319862, 0.2936165066013979, 0.26800859334263627, 0.2748576128718418, 0.2836417347316658, 0.24620540315434913, 0.25815354456059747, 0.25894870168455225, 0.2318137823610667, 0.2328129264280126, 0.2218359365407878, 0.22890951898531667, 0.19229908427206382, 0.2675130417316824, 0.1842300105807807, 0.23333054915446308, 0.21898057888748398, 0.1651764543071901, 0.20665686648229167, 0.19694162287120462, 0.21449644662550382, 0.17527508661262972, 0.19416528616274414, 0.17918532573632565, 0.16866032783183618, 0.1760460836046952, 0.16870008495003122, 0.16054369209052263, 0.17429888751983513, 0.11903869761861442, 0.1618575451317655, 0.1681599974603355, 0.10437665853614755, 0.11514109837447425, 0.1747221159920678, 0.1340132940378895, 0.13038275018217166, 0.11721890286481987, 0.14013801784721838, 0.12546550171232282, 0.11413977655016655, 0.10526731120513406, 0.14742311833187818, 0.15035690701925356, 0.11691579368328081, 0.1107469131548227, 0.10503744795199231]
BBSR:4.4
ABSR:3.53
max acc:77.41
