======================================
    IID: 1
    Dataset: cifar
    Model: resnet50
    Model Init: None
    Aggregation Function: DABA
    Fraction NonIID: 0
    Long attack: 3
    Wide attack: 3
    Wide attack: trust
    Threshold reject: 0.5
    Threshold down: 0.0
    Attack method: dba
    Fraction of malicious agents: 25.0%
    Poison Frac: 0.2
    Backdoor From 7 to 2
    Attack Begin: 0
    Trigger Shape: square
    Type poisoning: 
    Trigger Position X: 0
    Trigger Position Y: 0
    Number of agents: 100
    Fraction of agents each turn: 30(30.0%)
    Local batch size: 16
    Local epoch: 3
    Client_LR: 0.01
    Client_Momentum: 0.9
    Global Rounds: 100
======================================
main_task_accuracy=[0, 10.0, 10.600000381469727, 10.789999961853027, 13.600000381469727, 18.489999771118164, 16.219999313354492, 14.300000190734863, 22.18000030517578, 15.850000381469727, 24.579999923706055, 23.56999969482422, 21.59000015258789, 24.530000686645508, 36.61000061035156, 38.4900016784668, 38.869998931884766, 40.0099983215332, 30.790000915527344, 24.81999969482422, 33.06999969482422, 53.04999923706055, 53.31999969482422, 54.77000045776367, 58.7400016784668, 57.68000030517578, 58.689998626708984, 59.959999084472656, 62.93000030517578, 63.2400016784668, 64.55000305175781, 64.19999694824219, 64.94000244140625, 64.91000366210938, 65.5999984741211, 66.87000274658203, 67.43000030517578, 67.16999816894531, 68.91999816894531, 68.4000015258789, 67.87999725341797, 68.98999786376953, 69.7300033569336, 70.56999969482422, 70.9000015258789, 70.9800033569336, 70.55999755859375, 71.66000366210938, 72.16000366210938, 71.37999725341797, 71.48999786376953, 73.12000274658203, 72.98999786376953, 73.25, 73.16000366210938, 74.11000061035156, 73.47000122070312, 73.87999725341797, 74.43000030517578, 74.2699966430664, 74.58000183105469, 74.9000015258789, 74.12000274658203, 74.5199966430664, 74.4000015258789, 75.0199966430664, 75.12999725341797, 75.37999725341797, 75.62999725341797, 75.31999969482422, 75.3499984741211, 75.5, 75.66999816894531, 76.5999984741211, 75.61000061035156, 76.16999816894531, 76.44999694824219, 76.83000183105469, 76.6500015258789, 76.62999725341797, 76.01000213623047, 76.80999755859375, 77.05000305175781, 76.9800033569336, 77.01000213623047, 77.45999908447266, 77.05000305175781, 77.33999633789062, 77.44000244140625, 77.38999938964844, 77.12999725341797, 77.37999725341797, 77.97000122070312, 77.43000030517578, 77.6500015258789, 77.52999877929688, 77.8499984741211, 77.69000244140625, 78.0999984741211, 77.91000366210938, 78.04000091552734]
backdoor_accuracy=[0, 0.0, 0.0, 0.0, 0.0, 10.8, 45.0, 79.5, 61.1, 69.3, 43.3, 66.1, 64.3, 24.7, 18.6, 12.5, 15.6, 21.1, 33.2, 55.8, 27.7, 7.5, 10.2, 7.7, 6.3, 7.8, 8.2, 8.9, 6.3, 7.6, 5.6, 6.9, 8.9, 8.0, 4.3, 7.1, 8.0, 6.7, 6.6, 7.0, 6.1, 8.0, 6.5, 5.1, 6.3, 6.6, 6.6, 5.3, 6.6, 5.8, 6.0, 5.4, 6.3, 6.1, 4.7, 5.0, 5.3, 5.4, 6.1, 5.5, 6.0, 5.6, 6.1, 5.1, 5.2, 5.7, 5.6, 5.0, 5.2, 5.2, 4.0, 6.0, 4.1, 4.1, 6.0, 5.2, 4.6, 5.2, 5.4, 4.8, 3.9, 4.5, 4.5, 5.4, 4.3, 4.6, 4.2, 4.6, 5.1, 3.9, 4.0, 4.3, 5.1, 4.9, 4.7, 4.4, 4.3, 4.1, 4.2, 4.5, 3.8]
loss_list=[3.908235733831921, 2.5806658389667665, 2.2337318181163734, 2.1295413905547718, 2.0240815495037365, 1.948969851723976, 1.9042472266488601, 1.8889539327472447, 1.7917397282396752, 1.7366886157128545, 1.7199135273281072, 1.6673183871433144, 1.5883619407812757, 1.5559101888185576, 1.5061979477604235, 1.4352370981903129, 1.3847271472267395, 1.3549931972287597, 1.2912619986157452, 1.233344857275693, 1.1133022166633357, 1.066841434645984, 0.9643641344737263, 0.8976533156353981, 0.8572961159432048, 0.8266403797441549, 0.759954497047713, 0.6838726140021917, 0.6953970481308512, 0.6241283275534644, 0.6240333266118088, 0.5758048271555001, 0.5674719707932027, 0.5454356602904632, 0.490598843219373, 0.5049945670590508, 0.4841399806627224, 0.46760457486881124, 0.47572451643771074, 0.4745697825765495, 0.4276130370039128, 0.40798833986085203, 0.41534959885751344, 0.3907106210271397, 0.4073017197467077, 0.3820859647474713, 0.3660808455593522, 0.3265778528480142, 0.3633268763658432, 0.352413910761364, 0.30376547453648123, 0.3304225643937874, 0.3040308982634187, 0.29992388136347975, 0.25057196591032055, 0.30150087357879884, 0.2896910871286663, 0.26344858460313636, 0.24672454248308093, 0.26605632751593983, 0.23315277503095586, 0.2374965998586952, 0.2251846930703727, 0.23528815466550743, 0.20318551602067095, 0.22652391724450355, 0.2073595943781915, 0.21994219733452255, 0.24088839251544417, 0.22015475576860508, 0.17559728995060672, 0.25266729225681456, 0.1717535145837044, 0.21667515629442782, 0.17649604627712653, 0.18919689431797462, 0.16348520452313808, 0.15168944681215887, 0.14874341107532194, 0.18271714123208466, 0.1604563043954891, 0.14151465392105314, 0.12962194812915995, 0.1711992081729717, 0.14379076987088918, 0.1456513397104408, 0.1236949264041123, 0.14360194012970798, 0.14809487515800968, 0.10478912342442505, 0.13591981545912654, 0.11245321319854203, 0.1503966156208946, 0.11153705585843203, 0.1345135436906762, 0.10174495249347613, 0.1301110131816049, 0.09960111652423602, 0.1181428273313407, 0.12841108340382798]
BBSR:5.1
ABSR:4.43
max acc:78.1
