======================================
    IID: 1
    Dataset: cifar
    Model: resnet50
    Model Init: None
    Aggregation Function: DABA
    Fraction NonIID: 0
    Long attack: 3
    Wide attack: 3
    Wide attack: trust
    Threshold reject: 0.5
    Threshold down: 0.0
    Attack method: dba
    Fraction of malicious agents: 25.0%
    Poison Frac: 0.2
    Backdoor From 7 to 2
    Attack Begin: 0
    Trigger Shape: square
    Type poisoning: 
    Trigger Position X: 0
    Trigger Position Y: 0
    Number of agents: 100
    Fraction of agents each turn: 30(30.0%)
    Local batch size: 16
    Local epoch: 3
    Client_LR: 0.01
    Client_Momentum: 0.9
    Global Rounds: 100
======================================
main_task_accuracy=[0, 10.0, 10.0, 12.359999656677246, 11.970000267028809, 16.190000534057617, 16.90999984741211, 14.260000228881836, 17.209999084472656, 16.049999237060547, 31.959999084472656, 31.860000610351562, 23.139999389648438, 39.15999984741211, 36.099998474121094, 42.75, 42.880001068115234, 48.93000030517578, 22.149999618530273, 49.790000915527344, 40.459999084472656, 49.779998779296875, 57.560001373291016, 56.380001068115234, 58.7599983215332, 61.650001525878906, 62.220001220703125, 64.18000030517578, 59.65999984741211, 64.38999938964844, 65.4800033569336, 64.86000061035156, 67.55000305175781, 68.72000122070312, 67.45999908447266, 68.6500015258789, 69.87999725341797, 69.86000061035156, 70.5199966430664, 71.22000122070312, 69.25, 70.2699966430664, 71.18000030517578, 72.72000122070312, 71.58999633789062, 72.45999908447266, 71.83999633789062, 72.98999786376953, 73.37999725341797, 70.52999877929688, 73.30000305175781, 74.23999786376953, 74.36000061035156, 73.98999786376953, 74.37000274658203, 75.22000122070312, 75.38999938964844, 75.23999786376953, 75.75, 75.44000244140625, 75.58000183105469, 75.69999694824219, 75.7699966430664, 76.3499984741211, 76.52999877929688, 76.54000091552734, 75.12999725341797, 76.54000091552734, 76.43000030517578, 77.30000305175781, 76.83000183105469, 76.58999633789062, 77.16999816894531, 76.98999786376953, 77.18000030517578, 76.72000122070312, 77.25, 77.4800033569336, 77.4000015258789, 77.7699966430664, 77.41000366210938, 77.08000183105469, 77.61000061035156, 76.95999908447266, 77.79000091552734, 77.72000122070312]
backdoor_accuracy=[0, 0.0, 100.0, 57.2, 46.5, 40.8, 69.9, 41.7, 57.4, 26.8, 13.1, 14.6, 11.6, 13.4, 11.2, 8.3, 11.1, 8.4, 5.1, 9.7, 12.0, 6.0, 8.1, 7.8, 9.0, 6.6, 7.0, 7.1, 8.5, 8.0, 4.7, 7.8, 7.7, 4.6, 8.8, 6.2, 5.5, 6.9, 7.8, 6.8, 9.4, 8.0, 5.9, 7.6, 7.4, 6.4, 6.5, 6.4, 5.4, 8.4, 7.5, 5.8, 6.1, 7.2, 5.5, 5.6, 6.3, 5.0, 4.6, 5.9, 5.7, 5.8, 5.2, 4.5, 5.7, 4.9, 7.0, 5.1, 5.2, 4.8, 6.2, 4.5, 5.4, 5.6, 4.8, 5.1, 4.9, 4.8, 5.6, 3.9, 5.2, 6.1, 3.8, 5.5, 3.9, 3.5]
loss_list=[3.9855344275633495, 2.5427116165558497, 2.204890297311876, 2.071333063600792, 1.9637280374765393, 1.8969721013887062, 1.8606080298001568, 1.8019653757827145, 1.7254472949852548, 1.6625062332385114, 1.6137216008371773, 1.5690092799150284, 1.4598838012975952, 1.4455315121346048, 1.3488297881455056, 1.2753088985569776, 1.1742922378548728, 1.1601529347865533, 1.0651486753693058, 1.0206985656456606, 0.9765535388814492, 0.8670761510613377, 0.8401654717712923, 0.7701215740862407, 0.7005364260471348, 0.6968648248956824, 0.665450851544867, 0.6378688387457968, 0.6013411939697106, 0.5533124529377448, 0.5483598168949863, 0.5030428520452308, 0.5026079943647346, 0.4698678959873089, 0.46945804106399003, 0.4679122204609383, 0.43371470595476336, 0.4199481525216369, 0.4267819216446697, 0.4339482494891854, 0.3898476852511117, 0.3760953218924745, 0.3468196137555627, 0.38342908938634035, 0.3318731294266803, 0.36916252673553474, 0.3108077271842679, 0.29022443353888877, 0.33597549145532773, 0.3087579183638329, 0.30668885921568295, 0.27262910183926575, 0.29316542549103275, 0.24736011447525671, 0.2730705505860695, 0.26983886714505795, 0.2472123455634169, 0.21610026688637546, 0.23516056829650248, 0.24618649475569326, 0.2197208114244328, 0.23105422546951154, 0.2205942581085512, 0.24472040579267335, 0.1723974401142136, 0.2459560529715115, 0.1606931705785933, 0.21608749579867334, 0.17333231762684387, 0.15993221283064382, 0.17805570276282195, 0.15677426806906727, 0.15557574776393043, 0.19436412129936495, 0.17869728903465204, 0.18229098909279046, 0.15800484986937893, 0.17256809551090052, 0.11618735961666163, 0.10748201167249488, 0.18962499266244273, 0.10854751383913532, 0.20588482740139022, 0.12779462802509445, 0.13185086591992481]