======================================
    IID: 1
    Dataset: cifar
    Model: mobilenetv2
    Model Init: None
    Aggregation Function: krum
    Fraction NonIID: 0
    Long attack: 3
    Wide attack: 3
    Wide attack: trust
    Threshold reject: 0.5
    Threshold down: 0.0
    Attack method: dba
    Fraction of malicious agents: 25.0%
    Poison Frac: 0.2
    Backdoor From 7 to 2
    Attack Begin: 0
    Trigger Shape: square
    Type poisoning: 
    Trigger Position X: 0
    Trigger Position Y: 0
    Number of agents: 100
    Fraction of agents each turn: 30(30.0%)
    Local batch size: 16
    Local epoch: 3
    Client_LR: 0.01
    Client_Momentum: 0.9
    Global Rounds: 100
    Proportion of malicious are selected: 0.12
    Average score of malicious clients: 272799.46875
    Average score of benign clients: 97393.5859375
======================================
main_task_accuracy=[0, 22.969999313354492, 23.899999618530273, 30.489999771118164, 33.20000076293945, 29.790000915527344, 34.130001068115234, 36.400001525878906, 31.670000076293945, 34.439998626708984, 39.16999816894531, 40.900001525878906, 40.7599983215332, 40.630001068115234, 38.63999938964844, 42.900001525878906, 43.54999923706055, 47.22999954223633, 47.029998779296875, 50.119998931884766, 49.599998474121094, 46.70000076293945, 50.40999984741211, 49.650001525878906, 51.099998474121094, 50.599998474121094, 48.66999816894531, 48.7599983215332, 54.20000076293945, 54.040000915527344, 56.279998779296875, 53.79999923706055, 53.9900016784668, 56.900001525878906, 55.45000076293945, 52.61000061035156, 55.2599983215332, 55.54999923706055, 54.66999816894531, 53.75, 56.900001525878906, 59.81999969482422, 56.68000030517578, 58.349998474121094, 59.27000045776367, 56.9900016784668, 60.15999984741211, 61.2400016784668, 62.09000015258789, 61.439998626708984, 60.650001525878906, 61.61000061035156, 58.7400016784668, 60.72999954223633, 60.029998779296875, 59.709999084472656, 59.099998474121094, 62.130001068115234, 59.81999969482422, 61.529998779296875, 61.33000183105469, 62.31999969482422, 62.38999938964844, 63.650001525878906, 62.86000061035156, 61.52000045776367, 61.45000076293945, 63.20000076293945, 62.209999084472656, 62.150001525878906, 64.16999816894531, 63.27000045776367, 63.63999938964844, 64.16000366210938, 62.31999969482422, 62.90999984741211, 62.9900016784668, 65.8499984741211, 64.12999725341797, 64.02999877929688, 64.73999786376953, 64.58999633789062, 64.95999908447266, 64.48999786376953, 64.94999694824219, 65.83000183105469, 65.12000274658203, 66.0199966430664, 66.05999755859375, 66.22000122070312, 67.29000091552734, 66.48999786376953, 66.2300033569336, 65.41000366210938, 66.58999633789062, 65.33999633789062, 65.6500015258789, 66.58000183105469, 68.08999633789062, 66.80000305175781, 65.91999816894531]
backdoor_accuracy=[0, 13.5, 17.5, 5.3, 4.6, 0.9, 1.6, 9.9, 30.0, 13.7, 6.4, 0.1, 4.2, 12.2, 3.1, 7.8, 8.0, 2.3, 7.5, 0.8, 5.9, 11.9, 5.1, 5.0, 5.3, 3.7, 9.3, 3.0, 5.0, 1.4, 2.4, 12.7, 5.9, 2.1, 7.7, 4.1, 6.9, 1.5, 1.4, 16.8, 4.0, 2.1, 9.7, 6.7, 6.3, 9.8, 2.8, 3.2, 5.5, 8.2, 6.4, 7.7, 4.9, 4.9, 11.1, 6.7, 4.6, 4.6, 0.7, 9.2, 9.2, 4.6, 5.6, 3.0, 3.1, 2.5, 5.3, 5.3, 3.4, 8.1, 7.0, 3.4, 8.6, 5.1, 2.0, 1.3, 7.3, 2.7, 6.3, 2.7, 2.7, 7.7, 5.0, 7.9, 3.0, 4.2, 4.4, 4.8, 4.2, 4.6, 4.3, 9.2, 5.7, 2.6, 3.0, 12.1, 4.0, 5.0, 1.9, 5.9, 5.8]
loss_list=[2.453996996995476, 2.0642672779038547, 1.9181655162945388, 1.7377495807078147, 1.6606203750086326, 1.5742787673965926, 1.483625611497296, 1.431063564835737, 1.3547420360768831, 1.319189150088156, 1.278776179598127, 1.2001903215190395, 1.1609714591610505, 1.1108418400525506, 1.1669844979620796, 1.0784480126678113, 1.0516109686564756, 1.0638482890156515, 0.9978424894080187, 0.9315334591002385, 0.9616064005104518, 0.9174441968187845, 0.8943555665286514, 0.8901000958647477, 0.8476028405728153, 0.8549765719100832, 0.897714171101365, 0.8522294250540047, 0.7938100891986527, 0.7947098236750917, 0.8101244865955476, 0.7807989570787565, 0.7379424716502803, 0.7305046956536696, 0.7658100033796572, 0.7497444194075393, 0.7049667099856177, 0.7566290388614614, 0.6880538217002242, 0.7347360217830605, 0.7134943553563464, 0.6675790995236537, 0.6769059309805422, 0.5870979068506534, 0.7322200521231734, 0.6698493132415428, 0.6537518124332159, 0.5976862849156734, 0.6234912461277012, 0.6086507139816402, 0.5867554279513165, 0.6427436462185546, 0.6252427412956927, 0.6491092856831124, 0.5773178538620414, 0.6177620645342461, 0.6292784704703889, 0.5901967766623583, 0.5843217155139427, 0.6078675121884668, 0.6288484231850211, 0.5531176979899304, 0.5281217214196254, 0.6028245112612947, 0.5413106582239077, 0.5712303763143913, 0.565659078251176, 0.579039355432744, 0.555917828431767, 0.5206684266795896, 0.534975010633611, 0.49192835608224, 0.5528831414025464, 0.5839781347013842, 0.5399917384785821, 0.5300466530432459, 0.523261660093946, 0.5640374758963137, 0.5598088209022536, 0.531920484757413, 0.5243195408002875, 0.4928032485703523, 0.5006222138871735, 0.5257360893700228, 0.5151399476072078, 0.5033240893170136, 0.5070604462373819, 0.5304193526921963, 0.5340518021749125, 0.4734897957762263, 0.48249621330162185, 0.4676429845324795, 0.4668342887993075, 0.48198076686134717, 0.5320982920403671, 0.5068966910770139, 0.4591482067753937, 0.445351424836877, 0.5185817217687145, 0.5366725631069535]
BBSR:12.1
ABSR:5.52
max acc:68.09
