======================================
    IID: 1
    Dataset: cifar
    Model: mobilenetv2
    Model Init: None
    Aggregation Function: flame
    Fraction NonIID: 0
    Long attack: 3
    Wide attack: 3
    Wide attack: trust
    Threshold reject: 0.5
    Threshold down: 0.0
    Attack method: dba
    Fraction of malicious agents: 25.0%
    Poison Frac: 0.2
    Backdoor From 7 to 2
    Attack Begin: 0
    Trigger Shape: square
    Type poisoning: 
    Trigger Position X: 0
    Trigger Position Y: 0
    Number of agents: 100
    Fraction of agents each turn: 30(30.0%)
    Local batch size: 16
    Local epoch: 3
    Client_LR: 0.01
    Client_Momentum: 0.9
    Global Rounds: 100
    Noise in FLAME: 0.001
proportion of malicious are selected:0.6614285714285715
proportion of benign are selected:0.49869565217391304
======================================
main_task_accuracy=[0, 10.0, 10.0, 10.0, 10.100000381469727, 10.0, 10.140000343322754, 15.329999923706055, 26.770000457763672, 10.0, 32.630001068115234, 44.40999984741211, 10.0, 10.0, 48.84000015258789, 10.0, 52.29999923706055, 54.119998931884766, 56.40999984741211, 55.68000030517578, 10.0, 60.33000183105469, 59.91999816894531, 10.0, 60.540000915527344, 10.0, 10.0, 61.38999938964844, 62.5, 65.1500015258789, 64.36000061035156, 64.04000091552734, 64.69000244140625, 10.0, 66.16999816894531, 63.29999923706055, 65.05000305175781, 66.80000305175781, 66.41000366210938, 66.55000305175781, 66.38999938964844, 65.83999633789062, 68.30000305175781, 67.8499984741211, 68.73999786376953, 68.9000015258789, 69.16000366210938, 68.11000061035156, 68.6500015258789, 10.0, 10.0, 10.0, 69.97000122070312, 69.4000015258789, 69.79000091552734, 70.47000122070312, 68.87999725341797, 70.5199966430664, 69.58000183105469, 10.0, 70.37999725341797, 68.95999908447266, 68.27999877929688, 71.55000305175781, 69.8499984741211, 70.61000061035156, 10.0, 70.0999984741211, 10.0, 68.87999725341797, 71.6500015258789, 71.19000244140625, 70.06999969482422, 70.9800033569336, 71.5, 71.1500015258789, 71.2699966430664, 70.87999725341797, 71.66999816894531, 72.30999755859375, 70.55999755859375, 72.08999633789062, 70.95999908447266, 10.0, 71.3499984741211, 71.54000091552734, 71.9000015258789, 72.62000274658203, 10.0, 10.0, 71.5, 71.63999938964844, 10.0, 71.68000030517578, 70.91000366210938, 10.0, 71.58999633789062, 72.2300033569336, 72.5, 71.97000122070312, 10.0]
backdoor_accuracy=[0, 0.0, 0.0, 0.0, 0.1, 100.0, 99.9, 35.5, 13.4, 0.0, 3.1, 1.8, 0.0, 0.0, 11.7, 0.0, 11.4, 6.2, 11.8, 9.3, 0.0, 3.1, 7.3, 0.0, 9.8, 0.0, 0.0, 3.7, 4.2, 3.9, 6.7, 7.0, 4.1, 0.0, 6.3, 6.6, 6.4, 2.5, 4.4, 7.1, 5.3, 7.8, 3.1, 9.5, 4.4, 8.4, 5.8, 5.1, 6.5, 0.0, 0.0, 0.0, 3.7, 7.9, 4.4, 5.8, 11.2, 4.2, 5.6, 0.0, 5.1, 9.8, 11.7, 4.1, 7.0, 3.2, 0.0, 8.4, 0.0, 8.4, 6.6, 5.2, 6.4, 8.7, 4.8, 6.5, 8.6, 4.3, 8.5, 4.3, 4.8, 7.7, 6.1, 0.0, 11.9, 4.3, 8.3, 6.8, 0.0, 0.0, 9.0, 5.2, 0.0, 7.5, 11.9, 0.0, 9.5, 9.6, 6.5, 8.3, 0.0]
loss_list=[2.435984208352036, 2.2766319096088408, 2.1887076074878373, 2.1030879447236654, 1.9931089277482694, 1.881657401741379, 1.737994217272434, 1.6054829040128327, 1.4264114813051283, 1.3200558054364393, 1.2151960112206224, 1.1300979334964518, 1.0711639708296086, 0.9609934488440761, 0.9243085300847369, 0.8920164179089219, 0.8404412393885046, 0.8025783367467941, 0.7680143319529533, 0.7517196773863462, 0.7245817121419047, 0.7023116246519041, 0.6755246213061684, 0.6827720455123604, 0.6519481330028309, 0.6193042138389299, 0.6632285279095717, 0.5790173490290826, 0.6032565486002971, 0.5835330932272579, 0.5820237103422793, 0.5639279569850058, 0.5727517795632594, 0.5202460220070659, 0.5546185904775888, 0.5311358194112674, 0.5392646838784763, 0.5672041747952689, 0.5204383300473435, 0.5255318055713561, 0.5361171769243407, 0.49624718621230884, 0.5316656454531767, 0.5057339045332305, 0.45560364239346296, 0.4955999405592189, 0.46579644943251164, 0.44941529120163365, 0.46806163187146826, 0.47631884246996675, 0.4626392779114315, 0.43623418128433206, 0.4560592303972549, 0.46694347642979767, 0.42076072096339595, 0.459044032174764, 0.46110856871819117, 0.45632206235091466, 0.4125094829809515, 0.4511608417156418, 0.4453914176901082, 0.48443846765270193, 0.4393146149485499, 0.4412799067470284, 0.4412658356500389, 0.4327252122123253, 0.42637534004639355, 0.42430917264840295, 0.4478286394351825, 0.4097168763785803, 0.42351650077374264, 0.47608525772892685, 0.37909542515840766, 0.40699287527265066, 0.46526502907848527, 0.40443011365104115, 0.4232873705133089, 0.4376083170468013, 0.40087079244921264, 0.4130533229368059, 0.3690979177165799, 0.4322091750611031, 0.4043062675909216, 0.4017798206253954, 0.41548423126993533, 0.38768903995017656, 0.34026430621844256, 0.42458176021929006, 0.4236793524489864, 0.4041005513164338, 0.4467828090195124, 0.3327288528045351, 0.3582644455995049, 0.44491085143543185, 0.4190172887193007, 0.39849002009371665, 0.40685761680373, 0.41773256771254347, 0.3842489478792737, 0.38867057265098187]
BBSR:11.9
ABSR:5.85
max acc:72.5
