======================================
    IID: 1
    Dataset: cifar
    Model: resnet50
    Model Init: None
    Aggregation Function: flame
    Fraction NonIID: 0
    Long attack: 3
    Wide attack: 3
    Wide attack: trust
    Threshold reject: 0.5
    Threshold down: 0.0
    Attack method: dba
    Fraction of malicious agents: 25.0%
    Poison Frac: 0.2
    Backdoor From 7 to 2
    Attack Begin: 0
    Trigger Shape: square
    Type poisoning: 
    Trigger Position X: 0
    Trigger Position Y: 0
    Number of agents: 100
    Fraction of agents each turn: 30(30.0%)
    Local batch size: 16
    Local epoch: 3
    Client_LR: 0.01
    Client_Momentum: 0.9
    Global Rounds: 100
    Noise in FLAME: 0.001
proportion of malicious are selected:0.5557142857142857
proportion of benign are selected:0.5313043478260869
======================================
main_task_accuracy=[0, 10.0, 10.0, 10.0, 10.300000190734863, 13.5600004196167, 18.25, 18.559999465942383, 16.600000381469727, 17.350000381469727, 18.209999084472656, 22.729999542236328, 29.639999389648438, 29.020000457763672, 29.459999084472656, 28.34000015258789, 39.470001220703125, 42.20000076293945, 37.709999084472656, 44.54999923706055, 38.720001220703125, 41.34000015258789, 42.61000061035156, 43.439998626708984, 41.7400016784668, 47.70000076293945, 43.81999969482422, 46.529998779296875, 47.93000030517578, 50.25, 50.36000061035156, 50.779998779296875, 50.290000915527344, 49.63999938964844, 48.90999984741211, 48.810001373291016, 55.599998474121094, 49.08000183105469, 51.45000076293945, 56.5, 54.75, 54.560001373291016, 55.40999984741211, 57.400001525878906, 58.79999923706055, 57.099998474121094, 59.540000915527344, 59.029998779296875, 59.33000183105469, 59.77000045776367, 59.869998931884766, 60.060001373291016, 61.27000045776367, 62.25, 60.7400016784668, 61.970001220703125, 62.189998626708984, 59.060001373291016, 61.41999816894531, 63.060001373291016, 61.02000045776367, 62.02000045776367, 61.439998626708984, 63.59000015258789, 62.2599983215332, 63.20000076293945, 62.599998474121094, 61.220001220703125, 64.27999877929688, 62.70000076293945, 64.02999877929688, 64.51000213623047, 63.560001373291016, 65.1500015258789, 64.97000122070312, 63.65999984741211, 64.30999755859375, 64.91999816894531, 64.7699966430664, 64.30999755859375, 65.27999877929688, 63.83000183105469, 65.22000122070312, 65.4000015258789, 66.76000213623047, 66.55000305175781, 64.22000122070312, 67.3499984741211, 66.66999816894531, 66.2699966430664, 67.45999908447266, 67.20999908447266, 66.83999633789062, 67.6500015258789, 67.79000091552734, 66.52999877929688, 67.81999969482422, 66.81999969482422, 68.43000030517578, 67.27999877929688, 68.48999786376953]
backdoor_accuracy=[0, 100.0, 100.0, 0.0, 0.0, 0.6, 0.6, 13.3, 41.1, 34.3, 38.3, 50.3, 22.3, 48.5, 28.0, 36.2, 18.9, 9.2, 25.0, 16.0, 22.8, 22.4, 12.5, 14.3, 9.7, 9.7, 27.7, 16.9, 17.6, 11.2, 12.5, 7.7, 10.8, 8.7, 10.9, 17.4, 10.9, 22.2, 16.1, 6.4, 13.9, 5.2, 12.3, 8.0, 8.4, 11.7, 3.2, 8.4, 5.7, 6.5, 5.6, 8.7, 3.9, 5.5, 7.5, 4.4, 5.4, 2.3, 4.4, 5.9, 2.6, 3.0, 6.0, 5.0, 6.8, 4.6, 6.3, 9.0, 7.0, 9.6, 6.1, 5.2, 5.1, 2.3, 2.2, 1.6, 5.1, 1.0, 4.3, 12.3, 2.3, 4.8, 3.5, 2.0, 3.0, 4.6, 4.5, 2.8, 2.1, 5.4, 2.6, 1.8, 2.3, 5.0, 5.6, 4.5, 4.4, 2.7, 6.2, 5.9, 3.9]
loss_list=[4.0251316721240675, 4.284617471984691, 3.6723203392906316, 2.9939648157192607, 2.6199649676680563, 2.4439008751677145, 2.2750600680708883, 2.166747775218553, 2.036664736105336, 1.9993946230039, 1.9707702665693227, 1.9024152304149333, 1.861068350883822, 1.8108959413650967, 1.749143408238888, 1.6853010637685657, 1.6227704998933599, 1.6123758197865556, 1.5421839055294795, 1.5383290014850597, 1.4688623974513675, 1.442329319162915, 1.4358328352164889, 1.4160902911590203, 1.371878465772089, 1.335999910398904, 1.287546422280785, 1.274575453758654, 1.209641469681325, 1.2422447980950686, 1.1812133116958041, 1.1799396704623681, 1.1210067779705344, 1.1223981858179386, 1.1007271184870562, 1.0293245037500232, 1.059783548587519, 1.0540333818049274, 1.0040731532538, 1.0299219986216888, 0.9147602296266186, 0.9122084143700906, 0.9216233029301897, 0.9782762481468835, 0.8848049862232681, 0.872776955084151, 0.8654237910135029, 0.843573831443468, 0.8507591339086906, 0.7781561847129423, 0.8203981016458582, 0.7772737208883175, 0.7573165910389635, 0.7336487471501135, 0.7496784370095054, 0.7400223521813234, 0.7234673480490326, 0.7409438008280832, 0.7095979582951665, 0.7079414597256498, 0.6709991835610709, 0.6568772124870319, 0.6594565114514102, 0.6605052370092989, 0.675443529221229, 0.6644933770067938, 0.6359455604921094, 0.6315245853318225, 0.6348983520405859, 0.6201144714720108, 0.6028284821604353, 0.6172324221652362, 0.6171520619704906, 0.5949392249519102, 0.6128871719972976, 0.5796163279624629, 0.5864756345668056, 0.5521607734077002, 0.6170159159221738, 0.5990540115608988, 0.5777173095017337, 0.5357137612516655, 0.5797760000196932, 0.5230710470111161, 0.5448212070901517, 0.5407762927989501, 0.5479402804572601, 0.5191543993071214, 0.5394610964825712, 0.5262813930896098, 0.5103159389461831, 0.4944734177448683, 0.5253864232989145, 0.5434680954802186, 0.5059554673210692, 0.4843855320104113, 0.521800521091225, 0.44777433046458304, 0.4859367610803424, 0.4814627521335043]
BBSR:6.2
ABSR:4.23
max acc:68.49
