======================================
    IID: 1
    Dataset: cifar
    Model: mobilenetv2
    Model Init: None
    Aggregation Function: DABA
    Fraction NonIID: 0
    Long attack: 3
    Wide attack: 3
    Wide attack: trust
    Threshold reject: 0.5
    Threshold down: 0.0
    Attack method: dba
    Fraction of malicious agents: 25.0%
    Poison Frac: 0.2
    Backdoor From 7 to 2
    Attack Begin: 0
    Trigger Shape: square
    Type poisoning: 
    Trigger Position X: 0
    Trigger Position Y: 0
    Number of agents: 100
    Fraction of agents each turn: 30(30.0%)
    Local batch size: 16
    Local epoch: 3
    Client_LR: 0.01
    Client_Momentum: 0.9
    Global Rounds: 100
======================================
main_task_accuracy=[0, 10.0, 10.0, 9.9399995803833, 10.020000457763672, 14.760000228881836, 22.209999084472656, 33.90999984741211, 38.06999969482422, 38.77000045776367, 42.7400016784668, 46.04999923706055, 45.880001068115234, 47.5, 49.29999923706055, 51.27000045776367, 54.15999984741211, 53.779998779296875, 55.95000076293945, 57.15999984741211, 58.5, 60.08000183105469, 60.86000061035156, 62.0, 62.86000061035156, 63.189998626708984, 64.44999694824219, 66.37000274658203, 65.62999725341797, 64.87999725341797, 66.51000213623047, 65.4000015258789, 66.9800033569336, 67.69000244140625, 67.3499984741211, 67.63999938964844, 67.41999816894531, 68.4000015258789, 68.80000305175781, 69.5199966430664, 69.58000183105469, 70.37000274658203, 70.27999877929688, 70.5999984741211, 70.4000015258789, 70.87000274658203, 71.62999725341797, 71.37999725341797, 71.2699966430664, 70.37999725341797, 72.22000122070312, 71.05000305175781, 72.62000274658203, 71.9800033569336, 72.37000274658203, 72.72000122070312, 72.16000366210938, 73.93000030517578, 72.6500015258789, 73.37000274658203, 73.12000274658203, 71.45999908447266, 74.12000274658203, 73.80000305175781, 73.69999694824219, 72.76000213623047, 74.16000366210938, 73.72000122070312, 73.88999938964844, 74.31999969482422, 74.0, 74.7300033569336, 74.94999694824219, 74.31999969482422, 74.72000122070312, 74.3499984741211, 74.44000244140625, 75.87000274658203, 74.88999938964844, 75.1500015258789, 75.16000366210938, 75.2300033569336, 75.63999938964844, 75.0199966430664, 76.26000213623047, 74.88999938964844, 75.08999633789062, 75.30999755859375, 76.37000274658203, 75.93000030517578, 75.7699966430664, 76.41000366210938, 75.18000030517578, 76.80999755859375, 75.88999938964844, 76.66999816894531, 76.23999786376953, 76.11000061035156, 75.70999908447266, 76.30000305175781, 76.56999969482422]
backdoor_accuracy=[0, 0.0, 0.0, 84.1, 100.0, 23.8, 9.6, 9.2, 9.3, 5.0, 6.3, 4.6, 6.7, 5.1, 5.8, 5.2, 5.3, 4.9, 4.9, 5.5, 4.5, 6.0, 5.7, 6.1, 4.0, 4.4, 6.5, 4.8, 5.2, 5.1, 5.1, 5.5, 8.9, 7.1, 6.2, 5.3, 5.1, 5.6, 7.7, 9.0, 8.1, 7.1, 7.7, 7.4, 6.9, 7.3, 8.4, 7.8, 6.8, 8.1, 7.1, 7.4, 7.0, 5.5, 6.8, 7.1, 7.1, 5.7, 6.5, 5.7, 5.9, 7.3, 5.2, 6.1, 9.0, 7.1, 7.1, 8.0, 8.4, 8.3, 11.0, 8.1, 7.8, 8.1, 7.1, 8.1, 8.3, 6.6, 5.9, 6.3, 7.3, 7.1, 6.9, 6.8, 6.6, 7.9, 7.9, 7.0, 7.4, 8.0, 8.2, 7.1, 8.5, 7.3, 7.1, 8.5, 7.5, 7.7, 8.7, 8.8, 9.4]
loss_list=[2.440996539220214, 2.2970236794816126, 2.121423455224269, 2.0017272861053548, 1.835341915426155, 1.6954635702073575, 1.5274097124528552, 1.4115521837750238, 1.2704431443009525, 1.1792852619093739, 1.1139604183043255, 1.0152639662627028, 0.99065443206475, 0.8862275055713124, 0.8684621521245893, 0.8025567999044948, 0.7836821953656098, 0.734817136151509, 0.7005582898965158, 0.6749565112284875, 0.6442599482717923, 0.6122039761935917, 0.6033447506190794, 0.5851721242406509, 0.5673530514683484, 0.5503854391498154, 0.5249995800724718, 0.4990389872088497, 0.5139080514478135, 0.4844412357950608, 0.4822724026493637, 0.46353243382602366, 0.4656847833980766, 0.4213772469304887, 0.4283273129982666, 0.4290892858325808, 0.4069162020503427, 0.4048824991127023, 0.3768630277111596, 0.4030097645864265, 0.38176374029531474, 0.36505613682012256, 0.3718390448097327, 0.359742574318726, 0.3485309015339428, 0.3546383968054417, 0.35879944568829764, 0.32435511723322435, 0.3463380230169504, 0.2950114618834455, 0.34975736006522823, 0.3107125508788967, 0.30554177651216985, 0.2872660861680843, 0.2997876583142594, 0.31386081002060057, 0.2662621783871145, 0.29521518315224154, 0.28488952197286477, 0.2832470040721293, 0.31964803839206674, 0.2571116053254527, 0.25876511601284924, 0.26099457739403287, 0.28015500423837997, 0.27748726215593505, 0.2438884190509675, 0.2709077442575815, 0.2258727948508749, 0.23545610179312965, 0.2430489826351125, 0.21875853370862994, 0.2400435952977811, 0.23141077396082135, 0.22685368265245215, 0.23298755350291078, 0.18811389054909444, 0.23290922912593587, 0.21331870226758837, 0.21721594162370608, 0.2148303261530499, 0.21246485019077627, 0.2355755900002906, 0.18355417420688258, 0.21847284953096785, 0.20636893636488415, 0.20550513559070774, 0.17917960398702035, 0.20612029049601305, 0.1874682736795674, 0.17935952488499476, 0.19946469569831607, 0.17684369329438895, 0.17965788827067522, 0.17726405973458492, 0.16501319376338866, 0.1626403770010458, 0.1930153675180716, 0.14906971653364154, 0.16923343307557337]
BBSR:9.4
ABSR:8.06
max acc:76.81
