======================================
    IID: 0
    Dataset: mnist
    Model: cnn_mnist
    Model Init: None
    Aggregation Function: daba
    Fraction NonIID: 0
    Long attack: 3
    Wide attack: 3
    Style send: trust
    Threshold reject: 0.5
    Threshold down: 0.0
    Attack method: BadNets
    Fraction of malicious agents: 15.0%
    Poison Frac: 0.2
    Backdoor From 7 to 5
    Attack Begin: 0
    Trigger Shape: square
    Trigger Position X: 0
    Trigger Position Y: 0
    Number of agents: 100
    Fraction of agents each turn: 30(30.0%)
    Local batch size: 50
    Local epoch: 3
    Client_LR: 0.01
    Client_Momentum: 0.9
    Global Rounds: 100
======================================
main_task_accuracy=[0, 28.65999984741211, 23.600000381469727, 36.7400016784668, 22.170000076293945, 65.4800033569336, 47.72999954223633, 52.70000076293945, 61.20000076293945, 52.95000076293945, 82.04000091552734, 75.02999877929688, 66.52999877929688, 77.36000061035156, 81.69000244140625, 83.97000122070312, 86.9000015258789, 86.31999969482422, 85.01000213623047, 87.30999755859375, 92.01000213623047, 88.08000183105469, 86.98999786376953, 83.52999877929688, 93.8499984741211, 90.25, 80.4000015258789, 92.55999755859375, 82.69000244140625, 90.80999755859375, 93.91000366210938, 93.04000091552734, 92.0, 94.43000030517578, 96.08000183105469, 95.38999938964844, 76.06999969482422, 91.55999755859375, 94.23999786376953, 95.91999816894531, 95.98999786376953, 96.30999755859375, 94.63999938964844, 93.5199966430664, 94.0199966430664, 95.55000305175781, 96.0199966430664, 96.0199966430664, 94.4000015258789, 96.23999786376953, 94.91000366210938, 96.01000213623047, 95.12000274658203, 97.19000244140625, 95.8499984741211, 94.77999877929688, 96.19000244140625, 96.20999908447266, 96.06999969482422, 96.76000213623047, 95.98999786376953, 92.73999786376953, 96.05000305175781, 96.87000274658203, 95.51000213623047, 97.08999633789062, 95.80000305175781, 96.37000274658203, 97.08000183105469, 96.77999877929688, 91.63999938964844, 97.12000274658203, 94.20999908447266, 97.47000122070312, 96.8499984741211, 98.06999969482422, 97.69000244140625, 97.16999816894531, 95.27999877929688, 95.26000213623047, 97.69999694824219, 96.94999694824219, 97.18000030517578, 97.1500015258789, 96.62000274658203, 97.27999877929688, 98.22000122070312, 96.9800033569336, 97.41000366210938, 96.5, 95.23999786376953, 96.45999908447266, 97.55999755859375, 96.62000274658203, 97.80999755859375, 97.72000122070312, 97.93000030517578, 97.45999908447266, 97.87999725341797, 93.97000122070312, 97.33000183105469]
backdoor_accuracy=[0, 90.46692607003891, 0.0, 5.739299610894942, 0.0, 0.09727626459143969, 0.7782101167315175, 0.0, 0.2918287937743191, 0.0, 0.0, 0.0, 0.0, 0.5836575875486382, 0.38910505836575876, 0.19455252918287938, 0.0, 0.0, 0.0, 0.0, 0.2918287937743191, 0.5836575875486382, 0.0, 0.2918287937743191, 0.38910505836575876, 0.2918287937743191, 0.0, 0.0, 0.19455252918287938, 0.38910505836575876, 0.0, 0.0, 0.2918287937743191, 0.19455252918287938, 0.09727626459143969, 0.09727626459143969, 0.09727626459143969, 0.09727626459143969, 0.0, 0.38910505836575876, 0.0, 0.0, 0.0, 0.19455252918287938, 0.2918287937743191, 0.09727626459143969, 0.2918287937743191, 0.2918287937743191, 0.38910505836575876, 0.2918287937743191, 0.38910505836575876, 0.38910505836575876, 0.38910505836575876, 0.19455252918287938, 0.38910505836575876, 0.38910505836575876, 0.19455252918287938, 0.38910505836575876, 0.19455252918287938, 0.19455252918287938, 0.38910505836575876, 0.09727626459143969, 0.48638132295719844, 0.38910505836575876, 0.2918287937743191, 0.19455252918287938, 0.38910505836575876, 0.2918287937743191, 0.09727626459143969, 0.2918287937743191, 0.2918287937743191, 0.09727626459143969, 0.09727626459143969, 0.19455252918287938, 0.38910505836575876, 0.38910505836575876, 0.38910505836575876, 0.19455252918287938, 0.09727626459143969, 0.19455252918287938, 0.48638132295719844, 0.19455252918287938, 0.38910505836575876, 0.38910505836575876, 0.2918287937743191, 0.19455252918287938, 0.38910505836575876, 0.19455252918287938, 0.2918287937743191, 0.7782101167315175, 0.2918287937743191, 0.48638132295719844, 0.38910505836575876, 0.19455252918287938, 0.19455252918287938, 0.19455252918287938, 0.2918287937743191, 0.38910505836575876, 0.2918287937743191, 0.7782101167315175, 0.5836575875486382]
loss_list=[0.4784627119533367, 0.2888225804014189, 0.27012710687539404, 0.2702777128505624, 0.3193958855363196, 0.15547118008310803, 0.19498685123529336, 0.20314906679465644, 0.16689417211724852, 0.18792730251302758, 0.15372771531896415, 0.1124219259556339, 0.16709259911113247, 0.17791657080140333, 0.10201889458535504, 0.10762657453977931, 0.08566398414908825, 0.09527534036537061, 0.0710391265276405, 0.08802840119550874, 0.07033939451772511, 0.06839541120039133, 0.0601006728468134, 0.08530648624547152, 0.0653675168822309, 0.0896501485276976, 0.07845687875987467, 0.07324869941848108, 0.0719419197666898, 0.07096271400534081, 0.05476732301982536, 0.07871099529341304, 0.06929390449585622, 0.05430017856705663, 0.057051738136860285, 0.05643931512801866, 0.08868791834730545, 0.05452893164191921, 0.060354020732463404, 0.05597728026414463, 0.05538463407164245, 0.0532213833223969, 0.05473245238802092, 0.06304359603234601, 0.048243799984024865, 0.0419222982427767, 0.040774100004094635, 0.044803554787035356, 0.05345459963428045, 0.04622235302928908, 0.03915729931774269, 0.047406617540919925, 0.04359777856204848, 0.03991697747196098, 0.04212818897321256, 0.04416980557558341, 0.042414786179383386, 0.040285941893780874, 0.040690102666516195, 0.03677035958456154, 0.035752034448973936, 0.04765179257790532, 0.04157898204444251, 0.03203409393766908, 0.042737127693455154, 0.038283002903534355, 0.04087291186501111, 0.04078468780093954, 0.03697843209625313, 0.03267783235405495, 0.04948242731043044, 0.033041558562378594, 0.0432512676594107, 0.033209542206134084, 0.03604758735127531, 0.028590848006872758, 0.02993596263975932, 0.03480147815538388, 0.03641533226393238, 0.032851040920208005, 0.032956056969780545, 0.039151308563720184, 0.027903362932371188, 0.03422484581743327, 0.03067053552480612, 0.03753941216172632, 0.027827542753054445, 0.03267183376654355, 0.031109834740264207, 0.037638571027035314, 0.03256740204495542, 0.037640420628127905, 0.029659741736745102, 0.03524797180953754, 0.031145953464499446, 0.02799226984041834, 0.02435874148121033, 0.02944175241414295, 0.02358859959231192, 0.0398344099735239]
BBSR:100.0
ABSR:80.14
max acc:97.93
