======================================
    IID: 0
    Dataset: cifar
    Model: resnet
    Model Init: None
    Aggregation Function: krum
    Long attack: 3
    Wide attack: 3
    Threshold reject: 0.6
    Threshold down: 0.1
    Attack method: badnet
    Fraction of malicious agents: 15.0%
    Poison Frac: 0.2
    Backdoor From 7 to 5
    Attack Begin: 0
    Trigger Shape: square
    Trigger Position X: 0
    Trigger Position Y: 0
    Number of agents: 100
    Fraction of agents each turn: 30(30.0%)
    Local batch size: 50
    Local epoch: 3
    Client_LR: 0.01
    Client_Momentum: 0.9
    Global Rounds: 100
======================================
main_task_accuracy=[0.0,6.673333485921224,13.366666158040365,24.56000010172526,27.606666564941406,29.06000010172526,31.9933344523112,35.459999084472656,34.87999979654948,36.166666666666664,37.279998779296875,39.333333333333336,38.11333211263021,39.04666646321615,40.980000813802086,39.67333221435547,40.20666758219401,41.846666971842446,40.85333251953125,41.98666636149088,43.039998372395836,41.82666778564453,43.5133310953776,43.539998372395836,42.73333231608073,44.4866689046224,42.480000813802086,45.87999979654948,43.34000142415365,44.86000061035156,45.726664225260414,44.11333211263021,45.53333536783854,45.59333292643229,44.726664225260414,43.54666646321615,47.24000040690104,44.87999979654948,46.37999979654948,45.63999938964844,46.019999186197914,45.40666707356771,45.8999989827474,46.05333455403646,46.166666666666664,45.65999857584635,47.073333740234375,45.980000813802086,46.56666564941406,46.6933339436849,46.41999816894531,46.626668294270836,46.50666809082031,46.6933339436849,46.87999979654948,46.54666646321615,46.87999979654948,47.1000010172526,46.47333272298177,46.78666687011719,46.62000020345052,47.50666809082031,47.02666727701823,47.980000813802086,47.373331705729164,47.15333557128906,46.87999979654948,48.08666483561198,47.52666727701823,47.073333740234375,47.03333536783854,45.78666687011719,47.65999857584635,48.15999857584635,47.41999816894531,47.67999776204427,47.25333150227865,48.03333536783854,47.67333475748698,47.91999816894531,48.15333557128906,48.06666564941406,47.220001220703125,47.88666788736979,48.220001220703125,47.8066660563151,48.06666564941406,48.04666646321615,48.019999186197914,48.20000203450521,48.02666727701823,48.15999857584635,47.84666442871094,48.226664225260414,48.05999755859375,47.8066660563151,48.3066660563151,48.226664225260414,47.606669108072914,48.40666707356771,47.926666259765625]
backdoor_accuracy=[0, 0.0, 0.2, 10.3, 3.8, 4.5, 13.1, 14.6, 13.0, 10.2, 15.4, 16.7, 20.5, 21.0, 14.2, 21.3, 12.6, 14.4, 21.7, 17.6, 16.3, 15.6, 17.3, 26.5, 15.0, 20.6, 14.4, 22.7, 15.7, 17.7, 16.4, 22.8, 24.2, 18.5, 21.8, 12.2, 22.4, 19.0, 24.4, 20.1, 20.4, 24.8, 31.1, 27.9, 23.9, 22.5, 28.4, 20.5, 22.0, 34.0, 24.9, 35.4, 25.6, 33.5, 31.4, 28.4, 28.0, 29.8, 21.4, 38.5, 31.2, 38.2, 26.0, 32.7, 43.9, 33.5, 32.2, 35.2, 33.7, 34.6, 22.7, 44.0, 28.1, 30.2, 33.2, 33.2, 35.3, 48.1, 31.0, 46.5, 39.0, 42.2, 41.8, 29.6, 47.7, 31.1, 45.6, 39.1, 48.3, 27.9, 48.5, 42.9, 39.4, 45.3, 39.3, 47.5, 44.3, 46.5, 46.1, 41.6, 49.8]
loss_list=[1.6372431880897946, 1.4013303965330122, 1.112201693058014, 0.9375604190429053, 0.8223837963574463, 0.7442209198325873, 0.6463268110652762, 0.6439676383758587, 0.5585495409038331, 0.557458566232688, 0.5309214075985882, 0.5262660023073357, 0.4965104287159111, 0.4809219117638552, 0.49085083088527104, 0.40073354090667423, 0.45548879183104474, 0.4073082809274394, 0.43089149074628946, 0.37369517764904436, 0.38131246223476617, 0.3646364547581309, 0.3320295769648833, 0.3459947023773566, 0.36071804870126983, 0.3212965090029563, 0.3131097743737822, 0.3157382982684715, 0.3385541303968057, 0.2497533496231255, 0.2994571915853561, 0.2654386944422084, 0.2931929582476409, 0.2862632286677965, 0.2824607923404417, 0.26973789659665076, 0.25633087257595943, 0.2566353112407442, 0.24917203620580644, 0.22053096346026807, 0.24292175346532735, 0.203258322849611, 0.19891693391397386, 0.23927415593087462, 0.24832235067461933, 0.18490840371491185, 0.19187829664235725, 0.20467658066649974, 0.18602146233975264, 0.1982592594618392, 0.15650575227388697, 0.16618907626563068, 0.16346997746990788, 0.15391395970170077, 0.17190585107749537, 0.14315497505284538, 0.19095985800428839, 0.1465878887799206, 0.1315359575421058, 0.13415159259547688, 0.143717446655436, 0.10758179622010274, 0.12769373728124064, 0.10948215573877355, 0.12244554696242428, 0.1038863228605543, 0.09334513623868891, 0.10004836632203983, 0.10785954129662259, 0.13180156396229803, 0.14053898982988258, 0.10844888964192556, 0.09287694387771707, 0.11340692908745643, 0.0793083051510621, 0.08427852796523236, 0.07476981301840474, 0.07303804292091323, 0.0750446614888238, 0.044279112871121865, 0.08188492523894335, 0.06504072986164829, 0.05201933150354307, 0.054883456740984306, 0.06647831740939486, 0.0723821836923081, 0.050132727749781524, 0.05645008850577546, 0.05992834114563369, 0.04675643396007622, 0.03686619705743699, 0.041207843575167415, 0.057401415166136255, 0.025867817026640597, 0.03790469665964742, 0.03931503886035191, 0.046626879620081225, 0.03747463111340443, 0.03676958959145446, 0.02939742752735684]
BBSR:49.8
ABSR:44.27
max acc:72.61
