======================================
    IID: 0
    Dataset: cifar
    Model: resnet
    Model Init: None
    Aggregation Function: daba
    Fraction NonIID: 0
    Long attack: 4
    Wide attack: 4
    Threshold reject: 0.5
    Threshold down: 0.0
    Attack method: badnet
    Fraction of malicious agents: 15.0%
    Poison Frac: 0.2
    Backdoor From 7 to 5
    Attack Begin: 0
    Trigger Shape: square
    Trigger Position X: 0
    Trigger Position Y: 0
    Number of agents: 100
    Fraction of agents each turn: 30(30.0%)
    Local batch size: 50
    Local epoch: 3
    Client_LR: 0.01
    Client_Momentum: 0.9
    Global Rounds: 100
======================================
main_task_accuracy=[0.0,11.693030933120204,19.907693556886915,36.079718153936945,38.452629397476294,42.302658241216456,42.82679498548791,46.038330836372936,49.45951920377479,49.068798688737566,51.193937454459,56.78791272154885,54.062397288953775,54.94866639494643,57.97913424731106,59.24659206035586,60.43781358611807,58.79869523868659,59.32283198295805,60.27580920356782,59.265652041006405,63.210980787999304,61.10490200292842,62.31517987402158,62.81073210029661,62.85837659894358,61.69574322649739,64.61185846559793,62.15317549147133,64.06866174067594,63.93523824080251,64.53561854299575,64.31643058317425,64.52608673501068,64.78339465613327,64.12583804730798,65.18364334383595,63.620761283687074,64.00195362605882,65.91743260462424,65.3170595730702,66.63216552008156,65.71730826077288,65.90790806727836,65.06928345993268,63.7922974742224,66.48921748286226,64.5927948496278,67.30877847423778,66.13662056444572,66.86088528788812,65.92696441260931,66.14615237243079,67.80433070051282,67.07053416908535,66.86088528788812,67.28019032092178,66.96570609316714,67.12771774635658,66.40345302291419,67.61373089400735,67.90915877643103,68.02351138969512,65.91743260462424,66.9085297865351,68.53811996130109,67.02288967043837,68.15692761892934,67.20395039831958,68.22363573354646,68.47141184668398,68.10928312028237,67.27065851293669,67.50890281808914,67.87103881512994,67.880570623115,68.16645942691441,67.62326270199242,68.51906361597014,68.3951719240818,68.73824430515245,67.10865413038644,69.57686891249813,69.24332833941254,68.26175569484757,68.61435988390328,69.043196724922,68.3189392721188,69.13850026349434,68.47141184668398,68.90025595834189,68.94790045698886,69.46250902859484,68.67153619053532,69.39580091397772,68.93836864900379,68.3189392721188,68.81448422775463,68.78589607443861,69.28144103007445,68.5]
backdoor_accuracy=[0.0,0.0,1.2750000000000001,12.75,5.625,12.600000000000001,4.875,4.050000000000001,14.625,4.95,9.600000000000001,6.1499999999999995,10.425,7.7250000000000005,11.325000000000001,8.025,7.425000000000001,3.8249999999999997,6.375,5.325,8.700000000000001,6.2250000000000005,4.875,8.700000000000001,5.625,3.8249999999999997,3.8249999999999997,5.550000000000001,7.5,5.775,4.125,4.575,6.1499999999999995,5.7,8.025,3.1500000000000004,9.225000000000001,4.5,3.6750000000000003,5.775,4.800000000000001,7.3500000000000005,5.775,4.875,7.125,5.775,5.8500000000000005,6.9750000000000005,4.5,9.3,2.9250000000000003,8.475000000000001,5.775,3.6,7.6499999999999995,8.850000000000001,2.625,4.2,9.75,5.025,5.8500000000000005,4.575,9.600000000000001,5.775,3.375,4.425000000000001,5.025,6.75,3.0749999999999997,5.1000000000000005,8.625,4.5,5.025,4.575,7.575,6.0,5.25,8.625,3.9000000000000004,5.25,7.3500000000000005,8.625,5.7,4.800000000000001,3.0749999999999997,9.225000000000001,5.1000000000000005,4.425000000000001,5.550000000000001,8.100000000000001,10.05,3.75,6.0,8.325000000000001,5.625,8.100000000000001,6.300000000000001,7.050000000000001,6.45,6.45,7.2]
loss_list=[1.644528446727329, 1.3817859554953045, 1.1216274872753358, 0.986393139047755, 0.8518726776788632, 0.7579349495553309, 0.7123582954001095, 0.6274069720134139, 0.6221456623574099, 0.5499247198986511, 0.506366460170183, 0.46072654317236605, 0.5350078660415281, 0.5029098690011435, 0.43834494407495683, 0.4203795405373804, 0.4657723716874088, 0.39058042861107317, 0.43692637910342047, 0.4171535373354952, 0.3530618086834955, 0.375621807070242, 0.31764784935965307, 0.35263893385935163, 0.3378719260372842, 0.31303619727130155, 0.3100393185097104, 0.34042058578174966, 0.27274602321778535, 0.27364317852020675, 0.3140734809859552, 0.2959969909706463, 0.2596929048296685, 0.2719332715242894, 0.27750122030964125, 0.26475804298546995, 0.2673771986944808, 0.2510875041542264, 0.27179194541182367, 0.22606624777273585, 0.21936431570625342, 0.20107271132732016, 0.20560301988152785, 0.22856104868101995, 0.2099749676665912, 0.17756282784400454, 0.23504216424034283, 0.18865111104471405, 0.19047349894257623, 0.186773142364497, 0.18943883224183486, 0.17159842371280926, 0.16869936336944294, 0.13800077403429895, 0.15127809797232555, 0.15727438848976613, 0.151955201917121, 0.16741190709846296, 0.15042533730635319, 0.09870576418263632, 0.11778017604490744, 0.13485309572237184, 0.14834058139091616, 0.09344576417824203, 0.1053703960921848, 0.10065574189386095, 0.10837061513153862, 0.09780100088149385, 0.08907757755451408, 0.07521014814375018, 0.1129014914687529, 0.11023196760215796, 0.10684480570363426, 0.10542587049441257, 0.06826341663642475, 0.09557109589753156, 0.10624270248988373, 0.07237567987098979, 0.07485857490904486, 0.07905394860549778, 0.09353291756279453, 0.07061979983247713, 0.0728335306551081, 0.04275240288345635, 0.07403540061796474, 0.06552881380074217, 0.04987044310206935, 0.05829070898660575, 0.04015267142676748, 0.04202254669768282, 0.031947831788808494, 0.04272142316617344, 0.035903266135428574, 0.053366530443276536, 0.03672273708593113, 0.037929809473959415, 0.04341351821423611, 0.028322451096610173, 0.04783058006856462, 0.04001862711688672]
BBSR:11.1
ABSR:8.7
max acc:72.89
