======================================
    IID: 0
    Dataset: cifar
    Model: resnet
    Model Init: None
    Aggregation Function: flame
    Fraction NonIID: 0
    Long attack: 4
    Wide attack: 4
    Threshold reject: 0.5
    Threshold down: 0.0
    Attack method: badnet
    Fraction of malicious agents: 15.0%
    Poison Frac: 0.2
    Backdoor From 7 to 5
    Attack Begin: 0
    Trigger Shape: square
    Trigger Position X: 0
    Trigger Position Y: 0
    Number of agents: 100
    Fraction of agents each turn: 30(30.0%)
    Local batch size: 50
    Local epoch: 3
    Client_LR: 0.01
    Client_Momentum: 0.9
    Global Rounds: 100
======================================
main_task_accuracy=[0.0,11.192713516297882,27.014212248924338,41.299265616637676,42.135559297271385,47.20193862073572,50.18731015818073,53.58110212037766,55.9538430206948,57.45139199719977,59.35736139845666,59.22122125687269,60.39786529146632,61.78844595400085,63.49020514288178,62.57611497589115,63.7333135984362,63.64579069651434,63.53882238254389,64.53070903589145,65.6392829996931,65.51286927367406,66.67006047713781,65.39617454413867,67.30214394539556,68.4107179091972,65.45451819936572,67.99257106888035,68.86776299269252,68.64409994918668,68.71217743905996,68.31347601079169,69.34425348823642,69.07197320506847,70.56952218157345,69.29563624857431,68.99417671871156,70.20971899648364,70.63759225236544,70.7251151542873,70.55007676952486,71.07518450473087,70.73483415077095,70.69593590759249,70.84180246474139,70.78345880951434,70.85152888030633,71.04601267711735,70.97794260632537,70.6764904955439,71.01684084950382,71.17243382221767,70.94877077871185,71.09463733586075,71.02656726506876,70.5111785263464,70.78345880951434,70.69593590759249,70.90987253553338,70.69593590759249,70.68621691110883,70.85152888030633,70.60842042475191,70.92932536666325,70.87097429235492,70.79318522507928,70.7251151542873,70.66676407997896,70.73483415077095,70.63759225236544,70.6764904955439,70.6570450834953,70.64731866793038,70.6278658368005,70.55007676952486,70.55007676952486,70.56952218157345,70.48200669873287,70.41393662794088,70.55007676952486,70.39448379681102,70.55007676952486,70.40421021237596,70.36531196919749,70.39448379681102,70.33614014158397,70.2972418984055,70.39448379681102,70.36531196919749,70.48200669873287,70.462553867603,70.39448379681102,70.33614014158397,70.27778906727563,70.18054716887012,70.30696831397044,70.38475738124608,70.25834365522705,70.2,70.22917182761353,70.2]
backdoor_accuracy=[0.0,0.0,34.34057971014493,63.775362318840585,57.888405797101456,44.15217391304348,86.34202898550726,49.05797101449276,96.1536231884058,49.05797101449276,76.5304347826087,48.0768115942029,78.4927536231884,51.02028985507247,51.02028985507247,67.7,37.28405797101449,42.18985507246377,42.18985507246377,42.18985507246377,38.26521739130435,30.41594202898551,44.15217391304348,62.79420289855073,35.321739130434786,50.03913043478261,24.52898550724638,73.58695652173914,72.60579710144928,30.41594202898551,53.96376811594203,52.00144927536232,46.11449275362319,45.13333333333333,64.75652173913043,41.208695652173915,83.39855072463769,56.90724637681159,52.00144927536232,52.00144927536232,58.869565217391305,42.18985507246377,68.68115942028986,85.36086956521739,50.03913043478261,46.11449275362319,74.56811594202898,59.85072463768116,65.73768115942029,73.58695652173914,60.83188405797102,49.05797101449276,61.81304347826087,78.4927536231884,59.85072463768116,80.45507246376812,50.03913043478261,73.58695652173914,61.81304347826087,63.775362318840585,61.81304347826087,59.85072463768116,73.58695652173914,62.79420289855073,70.64347826086957,68.68115942028986,69.66231884057972,58.869565217391305,58.869565217391305,56.90724637681159,60.83188405797102,56.90724637681159,61.81304347826087,70.64347826086957,60.83188405797102,64.75652173913043,66.71884057971015,71.62463768115943,69.66231884057972,54.94492753623188,67.7,59.85072463768116,62.79420289855073,64.75652173913043,67.7,70.64347826086957,62.79420289855073,63.775362318840585,67.7,65.73768115942029,73.58695652173914,65.73768115942029,61.81304347826087,68.68115942028986,69.66231884057972,62.79420289855073,69.66231884057972,69.66231884057972,69.66231884057972,68.68115942028986,67.7]
loss_list=[1.9963411021232604, 1.5477715115414723, 1.1422631496853297, 0.9551652904351552, 0.7952189077768061, 0.689596083553301, 0.614833395725323, 0.5710509868566361, 0.5269066997824444, 0.4667493613685171, 0.4653756704636746, 0.4449972560918994, 0.42670049618308753, 0.3609474035186901, 0.3891766162609888, 0.33731577798206763, 0.3096652311371226, 0.3198664635306018, 0.3091809164091117, 0.28102129231310546, 0.27379693655090204, 0.2532070737890899, 0.2547387763042935, 0.20574228819692505, 0.2182261148100305, 0.21515461731805574, 0.17225730914829507, 0.1519077454822966, 0.2081581098650996, 0.11126268142472125, 0.1781278621299296, 0.1093524538270301, 0.1730474021644073, 0.10459137446932597, 0.13506435253114132, 0.11632270358903854, 0.11202524532415228, 0.08317723098243325, 0.07230934057837457, 0.08625606501164534, 0.05194365749319939, 0.04303622449777321, 0.04348166327063357, 0.07928875058310547, 0.027134014506074087, 0.02928828037993905, 0.01848523197372237, 0.01636830673019479, 0.04334983930295696, 0.017591929746235514, 0.013323774794504669, 0.026394545891315728, 0.012073156629727843, 0.00947660256794835, 0.011069249243042171, 0.039322215919819443, 0.0083706833650164, 0.008407086374677923, 0.003984891815748092, 0.004695122329592575, 0.02174227140345869, 0.02045687239541116, 0.008228850418802013, 0.00507820017425628, 0.0025580207539638244, 0.003366369577593609, 0.0019952809103091977, 0.0035719257137194903, 0.002280804124602583, 0.001958292883565365, 0.003832370026066201, 0.001959162801455629, 0.0021345709131370917, 0.003166409654036721, 0.0017164363862442163, 0.0017797964011293113, 0.00405393806690376, 0.0012049257751560716, 0.0019424586901247189, 0.0018491339128457992, 0.003171308580559627, 0.0013664208940220614, 0.0033397650083578706, 0.001011253395028891, 0.0009344140162526551, 0.001596092126532716, 0.001523298990917586, 0.0012737340775250538, 0.0010988367242195335, 0.0008587606338874644, 0.002550763262924092, 0.002736918941534693, 0.0013999606487373566, 0.0017126410862450332, 0.0028446068179942417, 0.0007403635090951057, 0.0007420043063110722, 0.0007758816653788221, 0.0010130580969538035, 0.0009230197213279703]
BBSR:7.1
ABSR:6.87
max acc:72.39
