======================================
    IID: 0
    Dataset: cifar
    Model: resnet
    Model Init: None
    Aggregation Function: krum
    Long attack: 5
    Wide attack: 5
    Threshold reject: 0.5
    Threshold down: 0.1
    Attack method: badnet
    Fraction of malicious agents: 15.0%
    Poison Frac: 0.2
    Backdoor From 7 to 5
    Attack Begin: 0
    Trigger Shape: square
    Trigger Position X: 0
    Trigger Position Y: 0
    Number of agents: 100
    Fraction of agents each turn: 30(30.0%)
    Local batch size: 50
    Local epoch: 3
    Client_LR: 0.01
    Client_Momentum: 0.9
    Global Rounds: 100
======================================
main_task_accuracy=[0.0,6.746254792009876,13.421291528427167,25.055668300016347,27.13392852529584,29.54238110472969,32.630638130685746,34.22979664455455,36.11382738079369,37.40222068800748,37.5058099134798,39.84951768339223,38.18561436000201,39.44810974340724,39.804197551608205,40.380412772658104,40.96957695561228,42.14790532152064,41.79829075939084,42.14790532152064,42.413355335915526,42.614058071027046,42.91835250137284,41.51989425285361,44.465717637386454,41.56521438463763,44.87359882344261,42.86008093792259,44.258539186441816,43.021939257083204,44.45277114524412,43.43629615897248,44.41392178976932,43.675848249558804,44.43334399774477,44.543411408812155,45.12609740617127,44.15494749120755,44.731162712257444,44.49809127702813,46.038980697208636,44.58225582476306,45.527507815918206,44.55635790095449,45.74116198269596,43.8700802083611,45.22968910140553,45.04193285843635,45.22968910140553,44.49161556119502,46.11019875280122,45.24911130938098,46.660516050042546,45.41096962854161,45.70231262722116,45.40449391270849,46.2591056402956,45.58577937936846,45.45628976032562,46.61519591825853,43.90892462431201,47.13314451538207,45.63757028746169,46.809427877060834,45.17141753795528,46.76410774527682,46.88711670896264,46.226736940177815,46.74468059777747,46.369173051362985,46.660516050042546,47.25615347906789,46.576351502307624,47.307949326685026,46.712311897659674,47.19788685514154,47.12666879954895,46.12314524494355,46.861218785154065,46.116674468634336,47.230255555259326,46.679938258018,46.33032369588819,47.230255555259326,47.35974517430216,47.34032296632671,47.39211387441994,47.49570556965421,47.003654896339235,47.43743400620396,46.790000729561484,47.44390972203708,47.22378477895011,47.528079209295896,47.35326945846904,47.12019308371583,47.10077087574039,47.23673127109244,47.029552820147806,47.24320698692556,47.800000000000004]
backdoor_accuracy=[0.0,0.0,6.682017543859649,17.61622807017544,11.784649122807016,21.989912280701756,12.513596491228071,10.083771929824561,15.307894736842105,22.961842105263155,20.532017543859645,22.11140350877193,18.223684210526315,18.34517543859649,25.270175438596493,18.466666666666665,17.25175438596491,16.036842105263155,16.887280701754385,19.92456140350877,18.83114035087719,19.803070175438595,20.775000000000002,8.50438596491228,23.44780701754386,16.76578947368421,27.335526315789473,12.756578947368421,32.07368421052631,17.37324561403509,28.42894736842105,24.662719298245612,27.7,20.167543859649122,23.812280701754386,21.017982456140352,33.77456140350877,28.064473684210526,25.87763157894737,31.101754385964913,23.20482456140351,27.578508771929823,24.662719298245612,30.12982456140351,32.31666666666667,21.62543859649123,36.56885964912281,36.69035087719298,25.148684210526312,26.485087719298246,29.036403508771926,31.101754385964913,33.65307017543859,30.85877192982456,43.007894736842104,22.475877192982455,43.007894736842104,20.896491228070175,49.56842105263157,36.81184210526316,16.522807017543858,51.14780701754386,36.56885964912281,51.998245614035085,43.007894736842104,52.97017543859649,33.65307017543859,47.503070175438594,38.998684210526314,48.960964912280694,38.63421052631579,32.80263157894737,55.27850877192982,47.62456140350877,43.61535087719298,47.74605263157894,39.36315789473684,44.22280701754386,48.839473684210525,42.64342105263158,46.77412280701754,54.30657894736842,37.90526315789474,46.652631578947364,54.06359649122807,39.72763157894737,40.21359649122807,43.73684210526316,42.64342105263158,51.512280701754385,50.66184210526316,47.138596491228064,65.36228070175439,46.40964912280702,58.55877192982456,53.334649122807015,50.054385964912285,56.007456140350875,51.512280701754385,56.979385964912275,55.4]
loss_list=[1.6633948008881676, 1.3834398619333903, 1.0826707235640949, 0.9259030848575964, 0.7792737032969793, 0.7397651413662568, 0.6308859887553585, 0.5961557366616196, 0.5812111715558502, 0.5489531999847126, 0.5008631483154992, 0.5088605574021737, 0.468090156622024, 0.5099290120146341, 0.4466789033056961, 0.4657564863645368, 0.4207262446296712, 0.4314623699958126, 0.3569953037275829, 0.3807844154422895, 0.3686478868147565, 0.3453969572267184, 0.34067579823597854, 0.3247783885264976, 0.3404342185028104, 0.35570523919123737, 0.32320602724639075, 0.3010692083346657, 0.33056690470470734, 0.28560507868313123, 0.30653616659808897, 0.28362065995112057, 0.2945172587766623, 0.2340611542428895, 0.2612017185238397, 0.2411741711385548, 0.2137300403680031, 0.26892062720687443, 0.22913677948138983, 0.2584686774995256, 0.2436140875352753, 0.2131743845740695, 0.23494090796396555, 0.21157730943484543, 0.22823656015796587, 0.17974299239098196, 0.20927677885978482, 0.23592308812975213, 0.19874174070958456, 0.1783953714879075, 0.17094586851734977, 0.16937890617901255, 0.14833352744385292, 0.13859684913322173, 0.1470676754684731, 0.16199272488534913, 0.16833950347904145, 0.1695232150774811, 0.15869592452654616, 0.14143263201927767, 0.16572804382355466, 0.11090865509688026, 0.14090719110617, 0.11826943296654562, 0.10864822611675157, 0.08948938390579617, 0.11155761406035808, 0.10664618744566622, 0.10070607475473986, 0.0879598795367444, 0.07699289878623353, 0.07299171317342876, 0.09195283815313211, 0.0900395214840925, 0.07835745353348707, 0.07484572888659183, 0.0770980283220706, 0.09220793809049709, 0.08340499153645296, 0.06260708145755214, 0.06505156588633934, 0.06131379166155562, 0.06014249721044001, 0.059869670454063446, 0.05978543159817085, 0.048649454525245044, 0.04620173338360878, 0.04837583153760838, 0.04892226927279909, 0.05230174376842721, 0.041431809643270555, 0.04509547057451627, 0.03135001769080797, 0.04211580702244345, 0.03367489219096671, 0.03815661113676874, 0.045065108544367835, 0.031006712337726245, 0.041402942812468015, 0.03580138267519133]
BBSR:53.8
ABSR:44.51
max acc:73.83
