======================================
    IID: 0
    Dataset: cifar
    Model: resnet
    Model Init: None
    Aggregation Function: mr_duc
    Long attack: 3
    Wide attack: 3
    Threshold reject: 0.6
    Threshold down: 0.2
    Attack method: badnet
    Fraction of malicious agents: 15.0%
    Poison Frac: 0.2
    Backdoor From 7 to 5
    Attack Begin: 0
    Trigger Shape: square
    Trigger Position X: 0
    Trigger Position Y: 0
    Number of agents: 100
    Fraction of agents each turn: 30(30.0%)
    Local batch size: 50
    Local epoch: 3
    Client_LR: 0.01
    Client_Momentum: 0.9
    Global Rounds: 80
======================================
main_task_accuracy=[0, 10.420000076293945, 27.290000915527344, 43.939998626708984, 44.25, 46.16999816894531, 47.29999923706055, 52.5099983215332, 53.2599983215332, 57.060001373291016, 57.540000915527344, 59.47999954223633, 60.77000045776367, 59.34000015258789, 62.400001525878906, 61.27000045776367, 61.54999923706055, 63.68000030517578, 63.09000015258789, 62.380001068115234, 62.689998626708984, 65.47000122070312, 63.380001068115234, 65.7699966430664, 67.16000366210938, 64.44000244140625, 67.5199966430664, 66.61000061035156, 65.5, 67.51000213623047, 67.86000061035156, 65.30000305175781, 65.68000030517578, 68.7300033569336, 67.87999725341797, 68.80999755859375, 67.69000244140625, 68.54000091552734, 68.27999877929688, 68.43000030517578, 70.80000305175781, 70.4800033569336, 70.68000030517578, 70.37999725341797, 69.81999969482422, 70.16000366210938, 67.97000122070312, 71.08000183105469, 70.1500015258789, 70.41999816894531, 71.0, 70.62000274658203, 70.55999755859375, 71.26000213623047, 69.83999633789062, 71.04000091552734, 72.0199966430664, 70.27999877929688, 72.27999877929688, 71.55999755859375, 70.97000122070312, 70.3499984741211, 72.30000305175781, 69.41999816894531, 71.9000015258789, 71.16000366210938, 71.4000015258789, 71.56999969482422, 72.05000305175781, 70.77999877929688, 73.12000274658203, 70.79000091552734, 72.98999786376953, 71.72000122070312, 72.66999816894531, 72.9000015258789, 72.58999633789062, 70.77999877929688, 72.1500015258789, 72.88999938964844, 72.80000305175781]
backdoor_accuracy=[0, 0.0, 11.2, 7.1, 16.3, 2.7, 6.3, 13.2, 6.8, 6.6, 5.9, 6.4, 9.2, 8.6, 6.7, 7.8, 5.1, 6.0, 5.3, 5.9, 3.1, 8.9, 6.0, 5.4, 5.7, 3.8, 3.8, 7.6, 2.1, 6.0, 5.3, 5.0, 3.7, 6.5, 7.3, 4.4, 4.1, 5.4, 4.3, 8.4, 6.0, 6.0, 6.2, 5.3, 9.1, 5.3, 7.6, 5.3, 8.6, 3.1, 11.0, 3.6, 5.0, 7.3, 6.7, 6.0, 6.0, 4.4, 7.6, 5.8, 4.8, 6.5, 5.2, 8.0, 5.9, 7.0, 5.0, 4.9, 7.5, 4.5, 6.8, 4.0, 6.6, 10.9, 5.0, 4.6, 5.7, 7.4, 3.9, 10.9, 4.9]
loss_list=[1.6249834903743532, 1.3861577916145322, 1.0644879706369506, 0.9005136325210334, 0.7978307206763162, 0.7110358890808292, 0.6414184079195062, 0.6137858698724046, 0.5679918051966363, 0.5418756454872589, 0.5053679954322675, 0.4747910223032038, 0.4914515857377813, 0.4654754311063637, 0.44737333595338796, 0.42373377559810055, 0.4062471611435628, 0.3895679304200327, 0.41118214467022973, 0.41451159406246413, 0.36772509002851117, 0.38596129152872083, 0.38210728856838405, 0.34895862714025294, 0.3327375121709579, 0.32970188816181495, 0.3465314710993941, 0.30986655786219586, 0.3125999502687612, 0.2761446164408698, 0.3356702303089616, 0.2701853064970216, 0.25036339836919475, 0.22004690827827694, 0.30412361006614647, 0.2900166603317485, 0.2557322412875429, 0.2334009190387506, 0.2534597418606023, 0.26017278864307125, 0.21971761766045042, 0.2266784045301998, 0.16941532517809219, 0.2279008325466162, 0.2247330040088855, 0.24538227238006788, 0.22403376637957986, 0.18399135065045105, 0.18807763502777866, 0.17591807742551382, 0.17739908801715093, 0.17298850973628255, 0.17674043050954225, 0.16166355708659266, 0.1782784581857009, 0.18027212002547455, 0.1621988178603351, 0.15687826018528236, 0.12767831190269335, 0.13175225879052757, 0.13302492441331396, 0.11384757976409877, 0.15619379677033676, 0.10532140418123974, 0.12180231370833806, 0.12291800219209918, 0.11076197001552725, 0.10901890363359902, 0.09818756053363258, 0.12998013272687484, 0.10871855135230968, 0.09737500162187242, 0.0850770431668692, 0.07728680415166307, 0.07262708153426906, 0.07968376010641803, 0.09277776754778139, 0.08283127469637998, 0.060538321970347565, 0.07027689167018657]
BBSR:10.9
ABSR:6.66
max acc:72.9
