======================================
    IID: 0
    Dataset: mnist
    Model: Mnist_CNN
    Model Init: None
    Aggregation Function: krum
    Long attack: 5
    Wide attack: 5
    Threshold reject: 0.5
    Threshold down: 0.0
    Attack method: badnet
    Fraction of malicious agents: 15.0%
    Poison Frac: 0.2
    Backdoor From 7 to 5
    Attack Begin: 0
    Trigger Shape: square
    Trigger Position X: 0
    Trigger Position Y: 0
    Number of agents: 100
    Fraction of agents each turn: 30(30.0%)
    Local batch size: 50
    Local epoch: 3
    Client_LR: 0.01
    Client_Momentum: 0.9
    Global Rounds: 80
    Proportion of malicious are selected: 0.225
    Average score of malicious clients: 465.94085693359375
    Average score of benign clients: 350.5462341308594
======================================
main_task_accuracy=[0, 31.809999465942383, 73.83000183105469, 83.01000213623047, 81.41999816894531, 89.33000183105469, 91.2699966430664, 91.4800033569336, 91.05999755859375, 88.61000061035156, 91.18000030517578, 92.22000122070312, 93.8499984741211, 92.31999969482422, 93.56999969482422, 94.48999786376953, 93.83999633789062, 94.12999725341797, 93.79000091552734, 91.5999984741211, 93.7699966430664, 92.9800033569336, 93.87999725341797, 94.0, 94.37000274658203, 93.37000274658203, 94.37999725341797, 95.05999755859375, 95.16000366210938, 94.73999786376953, 93.8499984741211, 95.04000091552734, 95.08999633789062, 94.87000274658203, 94.70999908447266, 94.9000015258789, 95.41000366210938, 95.27999877929688, 95.30999755859375, 95.5, 95.36000061035156, 95.27999877929688, 95.77999877929688, 95.36000061035156, 95.62999725341797, 94.27999877929688, 95.70999908447266, 95.04000091552734, 95.43000030517578, 95.08000183105469, 95.79000091552734, 95.66999816894531, 95.51000213623047, 95.68000030517578, 95.80000305175781, 95.87000274658203, 95.70999908447266, 96.05999755859375, 95.63999938964844, 96.08000183105469, 95.13999938964844, 96.05999755859375, 96.12000274658203, 95.45999908447266, 95.01000213623047, 95.47000122070312, 95.69999694824219, 95.79000091552734, 95.97000122070312, 96.05999755859375, 96.18000030517578, 96.11000061035156, 96.19999694824219, 96.05999755859375, 96.08000183105469, 95.69999694824219, 94.41999816894531, 95.75, 95.98999786376953, 96.2300033569336, 95.97000122070312]
backdoor_accuracy=[0, 92.41245136186771, 21.595330739299612, 27.529182879377434, 17.801556420233464, 0.2918287937743191, 0.38910505836575876, 1.6536964980544746, 1.1673151750972763, 56.22568093385214, 9.630350194552529, 5.058365758754864, 1.7509727626459144, 0.6809338521400778, 1.1673151750972763, 0.6809338521400778, 0.48638132295719844, 0.7782101167315175, 0.7782101167315175, 10.603112840466926, 3.0155642023346303, 8.073929961089494, 3.404669260700389, 71.3035019455253, 11.770428015564203, 97.66536964980544, 97.85992217898833, 64.59143968871595, 76.55642023346303, 71.88715953307393, 68.77431906614785, 97.95719844357977, 97.56809338521401, 98.15175097276264, 88.52140077821012, 89.98054474708171, 97.37354085603113, 81.51750972762646, 73.05447470817121, 91.73151750972762, 94.3579766536965, 90.27237354085604, 24.708171206225682, 99.5136186770428, 99.61089494163424, 99.90272373540856, 97.37354085603113, 97.85992217898833, 99.22178988326849, 99.12451361867704, 96.88715953307393, 97.27626459143968, 74.22178988326849, 95.52529182879377, 81.90661478599222, 86.7704280155642, 83.07392996108949, 99.90272373540856, 99.90272373540856, 99.80544747081711, 100.0, 100.0, 100.0, 100.0, 99.90272373540856, 100.0, 99.90272373540856, 100.0, 100.0, 100.0, 100.0, 99.90272373540856, 100.0, 100.0, 100.0, 100.0, 100.0, 100.0, 100.0, 100.0, 100.0]
loss_list=[1.4719637393048317, 0.9023608307344745, 0.5625851033688193, 0.45843029201331764, 0.3996219370514155, 0.3438315226687024, 0.30635701615476246, 0.2735893182701083, 0.266664821191719, 0.26345476657716616, 0.2469783183817536, 0.2504589597741612, 0.22505585317960897, 0.24108059595555362, 0.22953822575133254, 0.19834544405933807, 0.2254477500463977, 0.2165090628404575, 0.23402936379589853, 0.23867100152008308, 0.2189015288940735, 0.2193728142069897, 0.2108223352491893, 0.18078659940228767, 0.18533884596898023, 0.20913598495112226, 0.1944027033869666, 0.1780488913784725, 0.1809947251585651, 0.1940237946636655, 0.1933754130059646, 0.1898554934049966, 0.19982916607069923, 0.19294069077998324, 0.1899360280115901, 0.18806479767545808, 0.2053813637177827, 0.18489191575402705, 0.1795712449065777, 0.18151747136943588, 0.19390076786383154, 0.16841030058667364, 0.1547729350560617, 0.15588612578094307, 0.16299533139693204, 0.17246242935082529, 0.15897792875931385, 0.1579066683011449, 0.15192156751049837, 0.15510040203890185, 0.15694820808988735, 0.1716574145355755, 0.15171563423843112, 0.16440961969136778, 0.1602443768621677, 0.16471026808292735, 0.1770418109842623, 0.14144245577456355, 0.1500037749310264, 0.16375741125155013, 0.16498654479486635, 0.15011593176338897, 0.14947501248303763, 0.16906494451351603, 0.15110819658687555, 0.15356976039051504, 0.16877033890711818, 0.1335175625462058, 0.15527066187988944, 0.15454879975374264, 0.14514769169361144, 0.16602984341265653, 0.17194181893351887, 0.1548319980873276, 0.15975355478759148, 0.1775738620983009, 0.18307110609226823, 0.16101066954363363, 0.1412715666800546, 0.1439725057103476]
BBSR:100.0
ABSR:100.0
max acc:96.23
