======================================
    IID: 0
    Dataset: cifar
    Model: resnet
    Model Init: None
    Aggregation Function: fltrust
    Long attack: 3
    Wide attack: 3
    Threshold reject: 0.5
    Threshold down: 0.0
    Attack method: dba
    Fraction of malicious agents: 15.0%
    Poison Frac: 0.2
    Backdoor From 7 to 5
    Attack Begin: 0
    Trigger Shape: square
    Trigger Position X: 0
    Trigger Position Y: 0
    Number of agents: 100
    Fraction of agents each turn: 30(30.0%)
    Local batch size: 50
    Local epoch: 3
    Client_LR: 0.01
    Client_Momentum: 0.9
    Global Rounds: 80
    Dataset In Server: 200
======================================
main_task_accuracy=[0, 10.0, 10.949999809265137, 11.020000457763672, 16.190000534057617, 23.200000762939453, 30.989999771118164, 38.709999084472656, 44.11000061035156, 46.09000015258789, 48.08000183105469, 45.5, 49.31999969482422, 49.25, 49.65999984741211, 51.849998474121094, 44.06999969482422, 51.70000076293945, 53.5, 55.290000915527344, 50.81999969482422, 50.93000030517578, 51.869998931884766, 48.9900016784668, 52.25, 54.09000015258789, 57.130001068115234, 53.52000045776367, 57.310001373291016, 55.34000015258789, 53.4900016784668, 59.119998931884766, 58.2400016784668, 60.04999923706055, 54.43000030517578, 60.52000045776367, 60.689998626708984, 59.150001525878906, 54.380001068115234, 60.41999816894531, 61.040000915527344, 58.84000015258789, 55.970001220703125, 61.15999984741211, 61.220001220703125, 63.279998779296875, 63.95000076293945, 64.70999908447266, 64.9000015258789, 64.70999908447266, 62.59000015258789, 64.45999908447266, 64.94000244140625, 63.38999938964844, 64.05999755859375, 64.56999969482422, 62.369998931884766, 65.05999755859375, 65.19999694824219, 65.83000183105469, 65.87999725341797, 65.30999755859375, 63.720001220703125, 65.31999969482422, 64.9000015258789, 65.44000244140625, 66.31999969482422, 66.48999786376953, 67.16999816894531, 67.05999755859375, 65.0199966430664, 65.54000091552734, 66.23999786376953, 66.9800033569336, 66.04000091552734, 67.02999877929688, 66.63999938964844, 67.37000274658203, 67.94999694824219, 66.18000030517578, 66.48999786376953]
backdoor_accuracy=[0, 0.0, 0.0, 0.1, 0.4, 2.4, 6.3, 7.3, 8.7, 10.0, 9.2, 15.1, 14.5, 16.5, 13.2, 11.6, 6.2, 13.6, 11.7, 14.0, 7.8, 11.8, 7.1, 7.5, 12.4, 14.4, 11.9, 6.7, 8.8, 14.1, 8.3, 13.3, 10.5, 10.7, 8.6, 11.6, 8.9, 11.9, 6.4, 10.9, 10.1, 12.2, 7.7, 9.6, 9.8, 10.6, 9.9, 9.9, 11.0, 10.8, 3.8, 6.5, 9.3, 8.1, 13.9, 12.1, 14.9, 12.0, 10.8, 14.9, 10.7, 10.0, 10.3, 10.9, 8.3, 9.7, 10.3, 9.6, 5.5, 7.8, 7.3, 6.8, 6.2, 7.5, 13.7, 9.7, 8.3, 7.8, 6.4, 8.5, 9.0]
loss_list=[1.6389351793792508, 1.4004016829861534, 1.1666275112165345, 0.9948115313384268, 0.9438920313451026, 0.8561937437289291, 0.8045925645530224, 0.7405680563218063, 0.8191593723661368, 0.7378890831602943, 0.8402751007551947, 0.7235860870240464, 0.8064269915595652, 0.6924995754555696, 0.8675093814233937, 0.6676915250252932, 1.0648092009960155, 0.7230335022591882, 0.5997773840692308, 0.6129220050361215, 0.9476804545025033, 0.6675100434571507, 0.6275438100849796, 1.0784251183188625, 0.621853072251866, 0.6680289905704558, 0.6003007210893296, 0.6734465695958998, 0.5899116388253041, 0.5298380124370387, 0.6719373951202983, 0.5602762462447086, 0.628420646757715, 0.5196891096287355, 0.6491072495894817, 0.502500259930061, 0.5191967708534665, 0.5360487335177863, 0.6836965844801548, 0.5591746926773341, 0.6265300141704373, 0.5634103033942583, 0.6235143991725312, 0.49013200227229387, 0.5939499365141251, 0.48651514818853075, 0.47103124655699097, 0.5499715544376522, 0.44980912115994015, 0.4735212843116217, 0.4769477562938118, 0.472875972001089, 0.4162972140902678, 0.5186682201538415, 0.46645180802585345, 0.41443936240083235, 0.38568049434701807, 0.42191670866812475, 0.44841202720488776, 0.4143487303458258, 0.4078417969868881, 0.41879291942808783, 0.4733666677519473, 0.3890455632667161, 0.46642791264367095, 0.40495893343490835, 0.47192091670585795, 0.40328984721201583, 0.4773632659894064, 0.42638462965609514, 0.3860539215554794, 0.37208385752898826, 0.4775042703483873, 0.32047981978808016, 0.44219369625954047, 0.37109218065465244, 0.3585076508086706, 0.4000006655857174, 0.392956574232602, 0.42347369258369627]
BBSR:13.7
ABSR:8.86
max acc:67.95
