======================================
    IID: 0
    Dataset: mnist
    Model: Mnist_CNN
    Model Init: None
    Aggregation Function: flame
    Long attack: 3
    Wide attack: 3
    Threshold reject: 0.5
    Threshold down: 0.0
    Attack method: badnet
    Fraction of malicious agents: 15.0%
    Poison Frac: 0.2
    Backdoor From 7 to 5
    Attack Begin: 0
    Trigger Shape: square
    Trigger Position X: 0
    Trigger Position Y: 0
    Number of agents: 100
    Fraction of agents each turn: 30(30.0%)
    Local batch size: 50
    Local epoch: 3
    Client_LR: 0.01
    Client_Momentum: 0.9
    Global Rounds: 80
    Noise in FLAME: 0.001
proportion of malicious are selected:0.70625
proportion of benign are selected:0.5072115384615384
======================================
main_task_accuracy=[0, 72.31999969482422, 87.12999725341797, 90.16000366210938, 91.18000030517578, 92.38999938964844, 93.08000183105469, 94.13999938964844, 94.51000213623047, 94.77999877929688, 95.27999877929688, 95.61000061035156, 95.75, 95.94999694824219, 96.25, 96.33999633789062, 96.56999969482422, 96.61000061035156, 96.69000244140625, 96.81999969482422, 96.83000183105469, 96.93000030517578, 97.02999877929688, 97.0999984741211, 97.08000183105469, 97.31999969482422, 97.37999725341797, 97.29000091552734, 97.41000366210938, 97.48999786376953, 97.58000183105469, 97.4800033569336, 97.66000366210938, 97.62999725341797, 97.5999984741211, 97.77999877929688, 97.8499984741211, 97.83999633789062, 97.80999755859375, 97.81999969482422, 97.91000366210938, 97.91000366210938, 97.91999816894531, 98.0199966430664, 98.0199966430664, 98.0, 98.05000305175781, 97.9800033569336, 98.0999984741211, 98.1500015258789, 98.08000183105469, 98.04000091552734, 98.05000305175781, 98.05999755859375, 98.20999908447266, 98.11000061035156, 98.2699966430664, 98.16000366210938, 98.16999816894531, 98.19999694824219, 98.25, 98.30999755859375, 98.25, 98.2699966430664, 98.37999725341797, 98.31999969482422, 98.25, 98.30999755859375, 98.31999969482422, 98.36000061035156, 98.36000061035156, 98.30999755859375, 98.30000305175781, 98.36000061035156, 98.25, 98.30999755859375, 98.27999877929688, 98.4000015258789, 98.37000274658203, 98.37999725341797, 98.37000274658203]
backdoor_accuracy=[0, 1.264591439688716, 0.0, 0.0, 0.0, 0.0, 0.0, 0.0, 0.0, 0.0, 0.0, 0.0, 0.0, 0.09727626459143969, 0.0, 0.0, 0.0, 0.19455252918287938, 0.2918287937743191, 0.38910505836575876, 0.2918287937743191, 0.48638132295719844, 0.7782101167315175, 1.6536964980544746, 2.7237354085603114, 3.5992217898832686, 6.128404669260701, 10.408560311284047, 26.945525291828794, 59.824902723735406, 63.521400778210115, 34.824902723735406, 64.78599221789884, 52.91828793774319, 57.295719844357976, 35.311284046692606, 84.63035019455253, 85.40856031128405, 82.39299610894942, 81.03112840466926, 92.60700389105058, 97.17898832684826, 96.69260700389106, 96.20622568093385, 96.98443579766537, 96.88715953307393, 98.15175097276264, 97.08171206225681, 98.83268482490273, 98.5408560311284, 99.22178988326849, 99.0272373540856, 99.22178988326849, 99.31906614785993, 99.5136186770428, 99.61089494163424, 99.31906614785993, 99.61089494163424, 99.61089494163424, 99.70817120622569, 99.61089494163424, 99.70817120622569, 99.70817120622569, 99.70817120622569, 100.0, 100.0, 99.90272373540856, 99.80544747081711, 99.90272373540856, 99.70817120622569, 100.0, 100.0, 100.0, 100.0, 100.0, 100.0, 100.0, 100.0, 100.0, 100.0, 100.0]
loss_list=[1.3623294157211228, 0.7492697315685677, 0.4394402444212124, 0.3712271598741563, 0.3334470791046066, 0.27053223791146525, 0.2639052196716269, 0.22469547377203147, 0.20472912654054884, 0.20454068836953607, 0.17685502831814714, 0.16541212995188553, 0.1654562741329875, 0.15529266309623388, 0.1500822644389112, 0.13982021707119513, 0.13092350956485277, 0.13307130606703912, 0.11948058419446975, 0.11628969893978928, 0.11950280153700574, 0.10473450936207716, 0.10465673523475273, 0.10913586890997573, 0.11086383590408874, 0.09533723784055598, 0.11060389782104524, 0.09835869961728651, 0.10413603724328557, 0.08717021786918243, 0.09043646234368687, 0.09623306638848113, 0.09094458075176755, 0.08041820110049985, 0.08754907895909678, 0.08353710370020698, 0.07920800538526641, 0.09075493806928416, 0.07302736837612088, 0.07236122539927807, 0.07715185911446397, 0.06949998707983249, 0.08770921050542682, 0.07270009441646945, 0.07462778338924933, 0.07429961156725622, 0.06608838746856281, 0.07317650311366616, 0.07164142395868295, 0.07591849185651016, 0.07091717406310082, 0.07095524283623408, 0.06785874809567685, 0.07552630611680064, 0.06944181840987923, 0.06978058300958238, 0.07142091815446909, 0.05661983288512353, 0.05862335579336334, 0.06653618524274366, 0.05355590967355047, 0.06001590368061002, 0.07323579342584266, 0.06955166506084773, 0.06216373322672688, 0.06492676262795512, 0.06797259534783237, 0.0633850792793303, 0.05415305252412729, 0.05498173477814879, 0.05593835150016322, 0.05783255174967714, 0.06233609857806711, 0.06789021218281399, 0.05842497071587584, 0.07599162356163648, 0.05437897193837074, 0.05954127152717313, 0.06547479418434457, 0.06261608390401545]
BBSR:100.0
ABSR:100.0
max acc:98.4
