======================================
    IID: 0
    Dataset: cifar
    Model: resnet
    Model Init: None
    Aggregation Function: RLR
    Long attack: 3
    Wide attack: 3
    Threshold reject: 0.5
    Threshold down: 0.0
    Attack method: badnet
    Fraction of malicious agents: 15.0%
    Poison Frac: 0.2
    Backdoor From 7 to 5
    Attack Begin: 0
    Trigger Shape: square
    Trigger Position X: 0
    Trigger Position Y: 0
    Number of agents: 100
    Fraction of agents each turn: 30(30.0%)
    Local batch size: 50
    Local epoch: 3
    Client_LR: 0.01
    Client_Momentum: 0.9
    Global Rounds: 80
    RobustLR_threshold: 4
======================================
main_task_accuracy=[0, 10.050000190734863, 17.479999542236328, 38.119998931884766, 41.11000061035156, 42.56999969482422, 44.119998931884766, 46.84000015258789, 50.13999938964844, 51.029998779296875, 49.83000183105469, 53.630001068115234, 53.959999084472656, 53.099998474121094, 56.97999954223633, 60.06999969482422, 60.15999984741211, 58.709999084472656, 58.689998626708984, 61.81999969482422, 59.47999954223633, 62.060001373291016, 62.38999938964844, 62.459999084472656, 60.900001525878906, 61.9900016784668, 63.310001373291016, 63.25, 63.65999984741211, 63.56999969482422, 63.81999969482422, 63.66999816894531, 64.79000091552734, 63.93000030517578, 64.55000305175781, 65.12000274658203, 64.43000030517578, 64.52999877929688, 63.97999954223633, 64.98999786376953, 65.5999984741211, 66.72000122070312, 65.43000030517578, 66.63999938964844, 67.73999786376953, 65.76000213623047, 66.0999984741211, 66.5199966430664, 65.0, 67.6500015258789, 66.1500015258789, 67.8499984741211, 68.88999938964844, 68.30999755859375, 65.88999938964844, 68.0, 67.83000183105469, 67.2300033569336, 68.47000122070312, 66.76000213623047, 68.22000122070312, 69.25, 69.62000274658203, 68.7699966430664, 68.06999969482422, 69.16999816894531, 68.69999694824219, 68.62999725341797, 70.13999938964844, 69.08000183105469, 69.37000274658203, 70.05999755859375, 69.0, 69.12000274658203, 68.16999816894531, 69.37999725341797, 70.25, 70.44999694824219, 69.97000122070312, 70.69999694824219, 70.62999725341797]
backdoor_accuracy=[0, 0.0, 1.2, 8.3, 12.0, 6.1, 4.8, 4.1, 7.8, 5.4, 5.8, 9.8, 5.8, 11.1, 7.0, 8.8, 9.7, 9.8, 8.6, 14.6, 6.7, 9.0, 8.3, 11.7, 9.7, 5.5, 6.8, 8.3, 8.8, 6.3, 8.4, 7.0, 6.3, 5.7, 5.8, 5.0, 4.4, 3.5, 5.5, 6.2, 4.9, 5.0, 6.3, 7.6, 6.2, 5.4, 4.5, 4.9, 5.2, 6.7, 4.1, 6.1, 6.3, 5.5, 3.2, 4.9, 4.2, 4.0, 7.4, 3.0, 5.9, 6.1, 5.7, 5.7, 4.6, 5.1, 6.3, 3.0, 5.7, 4.0, 5.6, 5.2, 4.2, 7.2, 4.0, 7.3, 6.2, 5.8, 6.9, 6.3, 8.3]
loss_list=[1.637983755601777, 1.3872047015693452, 1.140937918358379, 0.9716702932119371, 0.8617518758442666, 0.8057171345584921, 0.7362373649328947, 0.6608155485035645, 0.6161580305380951, 0.610434352118108, 0.5780560873986946, 0.560873480265339, 0.5625886492079331, 0.48266216253033944, 0.48298755867199744, 0.4490099166406111, 0.4874008312086679, 0.45654585368517364, 0.4395636798213754, 0.4444042449765321, 0.371159766426103, 0.43720783417113135, 0.3937430519144981, 0.3891324194199922, 0.36083608973046977, 0.3816891387255034, 0.3559154184385099, 0.32277062940618234, 0.41024487061529524, 0.35984529633851103, 0.34977000979034023, 0.3158842580439522, 0.28670792830771663, 0.336256581161999, 0.33757725741300315, 0.28021885590265605, 0.2939503450995673, 0.2902442261597349, 0.3071149012778835, 0.27442540444200864, 0.28854818671553695, 0.30785662148691095, 0.25922881935651987, 0.2668714699371614, 0.2614147681440227, 0.24653741443555593, 0.24481773664528095, 0.25710548346422407, 0.24718144773790193, 0.21144371185581093, 0.25727861575471855, 0.2158888436535684, 0.21824357933287203, 0.2365285233532389, 0.22392101769820633, 0.21559791774139736, 0.19964632777445432, 0.20000110944713623, 0.2267343187250016, 0.23355637550405742, 0.19935671821585854, 0.2050743529648106, 0.19261761748891634, 0.17434186161528079, 0.20215723458632254, 0.17518353282292895, 0.1628973895061709, 0.1951568004318202, 0.15382854857482012, 0.1768695781895399, 0.17243910880106145, 0.1473497665457479, 0.15289317546328274, 0.1390838226517533, 0.12433578698229719, 0.12588368416880258, 0.12738941545164886, 0.14529606275344523, 0.17041957729428156, 0.10999638252552053]
BBSR:8.3
ABSR:6.5
max acc:70.7
