======================================
    IID: 0
    Dataset: mnist
    Model: Mnist_CNN
    Model Init: None
    Aggregation Function: RLR
    Long attack: 3
    Wide attack: 3
    Threshold reject: 0.5
    Threshold down: 0.0
    Attack method: dba
    Fraction of malicious agents: 15.0%
    Poison Frac: 0.2
    Backdoor From 7 to 5
    Attack Begin: 0
    Trigger Shape: square
    Trigger Position X: 0
    Trigger Position Y: 0
    Number of agents: 100
    Fraction of agents each turn: 30(30.0%)
    Local batch size: 50
    Local epoch: 3
    Client_LR: 0.01
    Client_Momentum: 0.9
    Global Rounds: 80
    RobustLR_threshold: 4
======================================
main_task_accuracy=[0, 67.55000305175781, 86.5999984741211, 90.51000213623047, 91.88999938964844, 93.0, 93.94000244140625, 94.62000274658203, 94.77999877929688, 95.37999725341797, 95.73999786376953, 96.0, 96.16000366210938, 96.43000030517578, 96.5, 96.69999694824219, 96.97000122070312, 97.0199966430664, 97.11000061035156, 97.18000030517578, 97.16000366210938, 97.37999725341797, 97.44999694824219, 97.4800033569336, 97.4800033569336, 97.55999755859375, 97.61000061035156, 97.5999984741211, 97.62000274658203, 97.72000122070312, 97.73999786376953, 97.77999877929688, 97.80000305175781, 97.77999877929688, 97.83000183105469, 97.81999969482422, 97.8499984741211, 97.91999816894531, 97.94000244140625, 98.01000213623047, 98.08999633789062, 98.08000183105469, 97.98999786376953, 98.08000183105469, 98.08999633789062, 98.12000274658203, 98.1500015258789, 98.1500015258789, 98.12000274658203, 98.19000244140625, 98.16000366210938, 98.2300033569336, 98.22000122070312, 98.22000122070312, 98.2300033569336, 98.2300033569336, 98.29000091552734, 98.29000091552734, 98.2300033569336, 98.33000183105469, 98.31999969482422, 98.33999633789062, 98.23999786376953, 98.30000305175781, 98.30000305175781, 98.27999877929688, 98.30000305175781, 98.37999725341797, 98.31999969482422, 98.33999633789062, 98.36000061035156, 98.37999725341797, 98.33000183105469, 98.3499984741211, 98.4000015258789, 98.44999694824219, 98.44000244140625, 98.4000015258789, 98.44999694824219, 98.47000122070312, 98.4800033569336]
backdoor_accuracy=[0, 0.0, 0.0, 0.09727626459143969, 0.0, 0.09727626459143969, 0.09727626459143969, 0.09727626459143969, 0.09727626459143969, 0.19455252918287938, 0.19455252918287938, 0.09727626459143969, 0.09727626459143969, 0.2918287937743191, 0.2918287937743191, 0.2918287937743191, 0.2918287937743191, 0.2918287937743191, 0.2918287937743191, 0.2918287937743191, 0.2918287937743191, 0.2918287937743191, 0.2918287937743191, 0.2918287937743191, 0.2918287937743191, 0.2918287937743191, 0.2918287937743191, 0.48638132295719844, 0.48638132295719844, 0.5836575875486382, 0.5836575875486382, 0.5836575875486382, 0.7782101167315175, 1.1673151750972763, 1.264591439688716, 1.264591439688716, 1.6536964980544746, 2.237354085603113, 2.821011673151751, 3.11284046692607, 5.155642023346304, 4.766536964980545, 6.809338521400778, 9.727626459143968, 9.04669260700389, 12.84046692607004, 16.05058365758755, 18.09338521400778, 18.96887159533074, 22.276264591439688, 25.19455252918288, 42.023346303501945, 39.10505836575876, 43.28793774319066, 63.42412451361868, 71.01167315175097, 73.15175097276264, 74.61089494163424, 80.05836575875486, 81.22568093385215, 81.1284046692607, 88.81322957198444, 90.36964980544747, 93.67704280155642, 96.01167315175097, 97.17898832684826, 97.17898832684826, 97.85992217898833, 98.05447470817121, 98.92996108949416, 98.83268482490273, 99.0272373540856, 99.0272373540856, 99.0272373540856, 99.0272373540856, 99.41634241245136, 99.61089494163424, 99.5136186770428, 99.61089494163424, 99.61089494163424, 99.5136186770428]
loss_list=[1.4203747842649015, 0.7624813749483137, 0.44798516973552077, 0.3424501118033823, 0.2807764140794975, 0.23449516481146063, 0.21807751420584293, 0.18862798995893412, 0.1759636337182136, 0.1685904327488382, 0.151770909421494, 0.14364044089669906, 0.1338296822761421, 0.12544021185327586, 0.1352005907889418, 0.12806096977243822, 0.11037576335312967, 0.11400757172154356, 0.11002850974721813, 0.10245146788703748, 0.094378956071468, 0.10427315203764599, 0.10340037249508455, 0.09181112302067418, 0.08268977994818917, 0.09377708423675762, 0.07890793130276821, 0.08897768201099503, 0.08328625842496153, 0.07739926302085885, 0.08017439150411372, 0.08608562783279333, 0.0795440362570008, 0.0803149007495982, 0.07454095105981606, 0.06925742220700332, 0.07317882622545116, 0.07463853305518495, 0.07340177085245912, 0.07221681609740387, 0.07717276246326911, 0.06699260371534924, 0.06935698982161197, 0.061620927161261954, 0.06639778652061436, 0.06681324081516572, 0.059873853838353426, 0.06398326844927113, 0.06386247521343952, 0.05846363423142884, 0.06700719491451639, 0.06426569105013076, 0.0579204599395385, 0.06277005669315147, 0.05879476110549701, 0.058041505301088994, 0.05962404590887911, 0.05666702932615253, 0.05941942290137193, 0.055319492070526444, 0.054870448505736406, 0.05482881212091977, 0.052335054618706266, 0.05593937726199247, 0.053617969127912835, 0.054709561802376294, 0.052562928880386134, 0.053960234269551516, 0.04825929201048131, 0.05753429708508492, 0.051360033353028654, 0.054467531175569, 0.05387991560085657, 0.04719102077193163, 0.05514873298398934, 0.04979463836326349, 0.04929486187598244, 0.046470135132043684, 0.05049254816164252, 0.04665730976402017]
BBSR:99.61
ABSR:99.42
max acc:98.48
