======================================
    IID: 0
    Dataset: cifar
    Model: resnet
    Model Init: None
    Aggregation Function: mr_duc
    Long attack: 5
    Wide attack: 5
    Threshold reject: 0.6
    Threshold down: 0.2
    Attack method: badnet
    Fraction of malicious agents: 15.0%
    Poison Frac: 0.2
    Backdoor From 7 to 5
    Attack Begin: 0
    Trigger Shape: square
    Trigger Position X: 0
    Trigger Position Y: 0
    Number of agents: 100
    Fraction of agents each turn: 30(30.0%)
    Local batch size: 50
    Local epoch: 3
    Client_LR: 0.01
    Client_Momentum: 0.9
    Global Rounds: 80
======================================
main_task_accuracy=[0, 10.09000015258789, 20.030000686645508, 37.689998626708984, 40.959999084472656, 42.040000915527344, 46.0099983215332, 48.439998626708984, 51.56999969482422, 52.470001220703125, 56.43000030517578, 57.56999969482422, 58.7599983215332, 59.43000030517578, 58.47999954223633, 60.61000061035156, 63.36000061035156, 63.61000061035156, 64.30000305175781, 62.459999084472656, 65.62999725341797, 63.83000183105469, 66.06999969482422, 65.93000030517578, 66.33999633789062, 66.05999755859375, 66.88999938964844, 66.79000091552734, 66.62999725341797, 68.08999633789062, 67.33999633789062, 67.7300033569336, 68.31999969482422, 69.72000122070312, 68.81999969482422, 70.02999877929688, 67.19999694824219, 68.62999725341797, 68.19999694824219, 70.0999984741211, 68.47000122070312, 70.16999816894531, 70.02999877929688, 69.52999877929688, 70.37999725341797, 70.13999938964844, 67.69000244140625, 70.37999725341797, 68.62999725341797, 70.8499984741211, 70.18000030517578, 69.80000305175781, 70.9800033569336, 70.5999984741211, 70.41999816894531, 69.62000274658203, 69.20999908447266, 71.5199966430664, 70.3499984741211, 71.83999633789062, 71.37000274658203, 71.2699966430664, 71.51000213623047, 71.4800033569336, 72.4800033569336, 71.29000091552734, 71.05999755859375, 71.06999969482422, 71.73999786376953, 71.73999786376953, 71.4800033569336, 71.19000244140625, 69.4000015258789, 71.70999908447266, 71.5, 71.44999694824219, 70.22000122070312, 71.37999725341797, 72.3499984741211, 71.2300033569336, 71.56999969482422]
backdoor_accuracy=[0, 0.0, 0.9, 2.5, 5.5, 10.4, 10.1, 21.0, 11.3, 13.7, 21.0, 16.0, 19.9, 10.4, 19.2, 8.3, 22.0, 12.8, 12.0, 9.6, 19.6, 16.0, 13.3, 20.8, 14.2, 19.1, 12.0, 13.2, 15.6, 18.3, 12.7, 14.7, 16.2, 18.8, 19.7, 22.0, 25.7, 16.3, 22.1, 25.7, 14.8, 23.9, 24.5, 23.8, 15.1, 19.7, 17.7, 27.4, 14.8, 21.7, 19.5, 18.0, 32.2, 19.9, 33.1, 14.5, 29.6, 23.3, 36.1, 25.4, 33.3, 25.7, 26.6, 43.0, 27.7, 31.6, 29.0, 31.8, 32.6, 22.1, 35.6, 29.3, 15.1, 32.6, 24.3, 57.6, 21.0, 37.9, 29.6, 41.4, 24.7]
loss_list=[1.6272205636236403, 1.3768758778439627, 1.048757089542018, 0.8975467543800673, 0.8006020357128648, 0.685501879312926, 0.6402250950410963, 0.5901827670551008, 0.5818698859897752, 0.5236647515226569, 0.5377635796492298, 0.48014138935237294, 0.46821990015088677, 0.4926437582592998, 0.46388861519336283, 0.4519034913265043, 0.3952838971155385, 0.41272448249006033, 0.3610017509199679, 0.39862877030442984, 0.3872145140191748, 0.3546557079493586, 0.3679634288957136, 0.34168427451099775, 0.3531800738815218, 0.3324048942606896, 0.29791147124177464, 0.3719168392765439, 0.3053936933674332, 0.2892126562275613, 0.3015317665676897, 0.26430784177914685, 0.26741552366771626, 0.28967819905050823, 0.26561573091118285, 0.2626259904996388, 0.2705418074017184, 0.2483831326504393, 0.24584621785079233, 0.222033731024971, 0.24384260236201546, 0.20733061881309067, 0.2204475400581335, 0.1933074683784636, 0.21470905179571778, 0.19096214714615295, 0.17029150619281505, 0.17539588772452486, 0.20410683471864713, 0.19871231142547913, 0.15846714215767052, 0.15763587750960145, 0.19866238566413005, 0.1574997275929329, 0.18533557760205843, 0.18642159452687748, 0.12421568674798537, 0.15280746572405202, 0.12567343956441618, 0.1227569569444232, 0.13218984379148527, 0.1298163474552954, 0.09797317334838833, 0.12473934169929839, 0.09275389076217026, 0.13043626290978866, 0.12845708619796722, 0.0913228086722989, 0.08973289036146728, 0.10158084429697033, 0.11712344912605152, 0.10929097633226775, 0.11668073564088746, 0.06244980371537775, 0.10975993642680502, 0.09857528948289757, 0.08460099871584033, 0.06755362646912949, 0.06697777201075546, 0.05899932102555694]
BBSR:57.6
ABSR:33.64
max acc:72.35
