======================================
    IID: 0
    Dataset: cifar
    Model: resnet
    Model Init: None
    Aggregation Function: avg
    Long attack: 3
    Wide attack: 3
    Threshold reject: 0.5
    Threshold down: 0.0
    Attack method: dba
    Fraction of malicious agents: 15.0%
    Poison Frac: 0.2
    Backdoor From 7 to 5
    Attack Begin: 0
    Trigger Shape: square
    Trigger Position X: 0
    Trigger Position Y: 0
    Number of agents: 100
    Fraction of agents each turn: 30(30.0%)
    Local batch size: 50
    Local epoch: 3
    Client_LR: 0.01
    Client_Momentum: 0.9
    Global Rounds: 80
======================================
main_task_accuracy=[0, 10.010000228881836, 22.59000015258789, 39.40999984741211, 43.09000015258789, 44.70000076293945, 46.68000030517578, 53.11000061035156, 53.68000030517578, 56.34000015258789, 57.66999816894531, 59.810001373291016, 60.0, 62.0, 59.54999923706055, 63.689998626708984, 62.400001525878906, 63.59000015258789, 66.01000213623047, 64.0999984741211, 64.70999908447266, 64.29000091552734, 66.7300033569336, 66.58999633789062, 67.27999877929688, 66.44000244140625, 67.25, 68.62999725341797, 68.29000091552734, 67.83999633789062, 68.06999969482422, 69.23999786376953, 69.38999938964844, 70.12999725341797, 67.9800033569336, 69.61000061035156, 68.80000305175781, 69.06999969482422, 69.2300033569336, 70.48999786376953, 68.2699966430664, 68.6500015258789, 70.2300033569336, 70.58999633789062, 69.41999816894531, 69.06999969482422, 71.4800033569336, 69.19999694824219, 71.7699966430664, 70.13999938964844, 71.51000213623047, 70.55000305175781, 71.37999725341797, 69.72000122070312, 72.0999984741211, 70.2699966430664, 72.27999877929688, 72.05999755859375, 70.58999633789062, 72.91000366210938, 70.66999816894531, 73.13999938964844, 70.7699966430664, 72.66999816894531, 70.87000274658203, 73.05999755859375, 71.3499984741211, 72.31999969482422, 70.7300033569336, 72.05000305175781, 71.97000122070312, 73.19000244140625, 72.55000305175781, 72.83999633789062, 72.13999938964844, 72.3499984741211, 72.9800033569336, 72.25, 72.66000366210938, 71.91999816894531, 72.55000305175781]
backdoor_accuracy=[0, 0.0, 7.0, 10.4, 9.5, 6.2, 10.6, 9.8, 8.3, 14.9, 10.1, 16.6, 13.6, 19.4, 9.2, 10.1, 13.5, 15.7, 8.7, 16.3, 6.6, 9.1, 12.9, 5.4, 14.9, 9.2, 7.6, 6.5, 10.1, 7.4, 6.3, 6.1, 9.0, 7.2, 9.8, 6.0, 10.9, 5.0, 12.4, 7.3, 7.5, 10.5, 7.3, 7.9, 10.3, 7.5, 7.8, 7.3, 7.2, 4.7, 7.5, 8.1, 8.1, 6.9, 8.9, 7.1, 10.3, 5.8, 8.9, 11.8, 6.1, 12.2, 8.1, 10.9, 3.8, 11.5, 7.5, 6.2, 6.9, 8.1, 9.5, 10.5, 9.5, 10.6, 6.5, 6.6, 9.4, 9.0, 9.4, 9.2, 4.5]
loss_list=[1.656762658092711, 1.3276024235950576, 1.064863417281045, 0.8800950079825189, 0.7862560417834256, 0.7498290682418479, 0.6185625414508913, 0.6002810623289808, 0.6129360395338798, 0.5524367234793801, 0.5355545125301513, 0.4746036801797649, 0.5174615752138197, 0.4220300862793293, 0.4636759480999576, 0.4181390801061774, 0.4273275002940661, 0.36735360464909017, 0.3735664626159188, 0.3810061513694623, 0.37846694043423573, 0.36641219538998687, 0.3286808802885934, 0.3181809994604231, 0.3319939156362993, 0.34687476117681304, 0.3071245708916751, 0.3191505568893626, 0.3394979645270441, 0.30530905137252484, 0.2846894493186846, 0.2841203481119333, 0.2859853478050273, 0.26572382897345553, 0.24361821424888655, 0.26180380367570455, 0.26075896732198695, 0.23867799780745474, 0.2837284323187648, 0.24894809424178677, 0.2219899325663896, 0.24010822821770697, 0.22308130379197086, 0.21739599324542921, 0.20186685552070333, 0.20963597581372603, 0.1911818610248156, 0.19878599690338083, 0.1627572001344783, 0.1474804726805693, 0.18727628997442983, 0.15497308845179053, 0.18548257459575934, 0.15569150007459226, 0.1566186429180541, 0.1576652870032962, 0.14633353900067356, 0.14678420225494646, 0.11591310181318677, 0.11861042444678281, 0.1339378067919622, 0.1383956031166276, 0.1025181779798327, 0.09919517246023236, 0.11690711172446351, 0.12280640419960645, 0.10135165209911064, 0.1067769641084467, 0.11207366311182136, 0.09283272358834639, 0.08888827005710076, 0.08101221686319654, 0.09175959021698671, 0.09269331512668738, 0.07486579942051322, 0.08630318996654952, 0.058821317220281354, 0.06386293267252363, 0.07864571836240225, 0.07164208861630564]
BBSR:10.6
ABSR:8.15
max acc:72.98
