======================================
    IID: 0
    Dataset: mnist
    Model: Mnist_CNN
    Model Init: None
    Aggregation Function: our
    Long attack: 5
    Wide attack: 5
    Threshold reject: 0.5
    Threshold down: 0.0
    Attack method: badnet
    Fraction of malicious agents: 15.0%
    Poison Frac: 0.2
    Backdoor From 7 to 5
    Attack Begin: 0
    Trigger Shape: square
    Trigger Position X: 0
    Trigger Position Y: 0
    Number of agents: 100
    Fraction of agents each turn: 30(30.0%)
    Local batch size: 50
    Local epoch: 3
    Client_LR: 0.01
    Client_Momentum: 0.9
    Global Rounds: 80
======================================
main_task_accuracy=[0, 71.22000122070312, 85.33000183105469, 89.72000122070312, 90.97000122070312, 91.87000274658203, 93.0199966430664, 93.62999725341797, 94.2300033569336, 94.44000244140625, 95.05000305175781, 95.19999694824219, 95.7300033569336, 95.72000122070312, 96.0199966430664, 96.2699966430664, 96.31999969482422, 96.76000213623047, 96.56999969482422, 96.54000091552734, 96.70999908447266, 96.83000183105469, 96.77999877929688, 96.63999938964844, 96.94000244140625, 97.11000061035156, 97.0999984741211, 97.18000030517578, 97.13999938964844, 97.16999816894531, 97.30999755859375, 97.5, 97.29000091552734, 97.4000015258789, 97.38999938964844, 97.5, 97.55999755859375, 97.55999755859375, 97.55999755859375, 97.69999694824219, 97.66000366210938, 97.58000183105469, 97.5999984741211, 97.69999694824219, 97.63999938964844, 97.68000030517578, 97.70999908447266, 97.91999816894531, 97.8499984741211, 97.86000061035156, 97.75, 97.9000015258789, 97.8499984741211, 97.80999755859375, 97.91999816894531, 97.73999786376953, 97.83999633789062, 97.83999633789062, 97.93000030517578, 98.05999755859375, 97.80999755859375, 97.86000061035156, 97.94999694824219, 97.9800033569336, 97.98999786376953, 97.91999816894531, 97.93000030517578, 98.08999633789062, 97.97000122070312, 98.04000091552734, 97.94999694824219, 98.0, 98.01000213623047, 97.91000366210938, 98.12999725341797, 98.19999694824219, 98.12000274658203, 98.1500015258789, 98.27999877929688, 98.19000244140625, 98.12000274658203]
backdoor_accuracy=[0, 0.09727626459143969, 0.09727626459143969, 0.09727626459143969, 0.0, 0.0, 0.2918287937743191, 0.19455252918287938, 0.19455252918287938, 0.38910505836575876, 0.38910505836575876, 0.6809338521400778, 0.38910505836575876, 0.7782101167315175, 0.7782101167315175, 0.7782101167315175, 0.6809338521400778, 0.7782101167315175, 1.7509727626459144, 0.7782101167315175, 1.0700389105058365, 0.8754863813229572, 5.447470817120623, 4.669260700389105, 13.229571984435797, 50.778210116731515, 36.18677042801556, 31.71206225680934, 38.521400778210115, 91.53696498054475, 53.793774319066145, 96.49805447470817, 95.62256809338521, 95.3307392996109, 95.62256809338521, 96.10894941634241, 96.49805447470817, 98.34630350194553, 98.34630350194553, 97.47081712062257, 98.73540856031128, 97.27626459143968, 96.59533073929961, 97.95719844357977, 97.37354085603113, 98.5408560311284, 98.83268482490273, 98.63813229571984, 99.41634241245136, 99.80544747081711, 99.61089494163424, 99.41634241245136, 99.5136186770428, 99.12451361867704, 99.80544747081711, 99.5136186770428, 99.90272373540856, 99.90272373540856, 99.61089494163424, 99.90272373540856, 99.90272373540856, 99.80544747081711, 99.90272373540856, 99.90272373540856, 99.90272373540856, 99.90272373540856, 99.90272373540856, 99.90272373540856, 99.90272373540856, 99.90272373540856, 99.90272373540856, 100.0, 99.90272373540856, 99.90272373540856, 99.80544747081711, 99.70817120622569, 99.90272373540856, 100.0, 100.0, 100.0, 100.0]
loss_list=[1.375068049027462, 0.7334208066114271, 0.4595213240068972, 0.3595822301326376, 0.3337777785317163, 0.2864631239136662, 0.2559662444197168, 0.23439675215725794, 0.20362273399539363, 0.2081246656469173, 0.18558071210905155, 0.18246276117108687, 0.17190947465720885, 0.15506294819084232, 0.15015041865596565, 0.15491573068905956, 0.14659539433290264, 0.12824077865066516, 0.14235077669439516, 0.11969855889969626, 0.11959469631747012, 0.1166271004442483, 0.11701081315986815, 0.1311621522751985, 0.12453204939292388, 0.11436160693081529, 0.12392032514408588, 0.10656054607766557, 0.10829469402005537, 0.11016525930014785, 0.09756418679737384, 0.09692068213850938, 0.10548897663747532, 0.0880056228735037, 0.1012272950747483, 0.09441109829290648, 0.09319495296451458, 0.09664630423996108, 0.10296818717745025, 0.09123932722981813, 0.10255509136465725, 0.09427178175567241, 0.09057656130012635, 0.0997538208100719, 0.08629714436082386, 0.0781126592948567, 0.09100787989275455, 0.08928967597400489, 0.08102400231797183, 0.08817383075589218, 0.08855477631594184, 0.09046606350751274, 0.08749631915011885, 0.09403376767583511, 0.07805941863105435, 0.09473058707027864, 0.08735014989318307, 0.0828468112173288, 0.07600685160858744, 0.09069035175086512, 0.09150459954257575, 0.08054833818018918, 0.07817268827492065, 0.08351930134369394, 0.09344150640618416, 0.08889102055553012, 0.07146726505605402, 0.08173304424293966, 0.07583365738746854, 0.07204520962691414, 0.089061952845066, 0.07614310291305307, 0.06919020528307142, 0.09102906942196459, 0.09469508741508387, 0.057841544881441886, 0.07892038118384657, 0.08303510902556496, 0.07883206776151025, 0.08102412507983955]
BBSR:100.0
ABSR:99.91
max acc:98.28
