======================================
    IID: 0
    Dataset: mnist
    Model: Mnist_CNN
    Model Init: None
    Aggregation Function: our
    Long attack: 3
    Wide attack: 3
    Threshold reject: 0.5
    Threshold down: 0.0
    Attack method: badnet
    Fraction of malicious agents: 15.0%
    Poison Frac: 0.2
    Backdoor From 7 to 5
    Attack Begin: 0
    Trigger Shape: square
    Trigger Position X: 0
    Trigger Position Y: 0
    Number of agents: 100
    Fraction of agents each turn: 30(30.0%)
    Local batch size: 50
    Local epoch: 3
    Client_LR: 0.01
    Client_Momentum: 0.9
    Global Rounds: 80
======================================
main_task_accuracy=[0, 68.19000244140625, 84.66999816894531, 89.5999984741211, 91.44999694824219, 92.48999786376953, 93.13999938964844, 93.93000030517578, 94.44999694824219, 94.80999755859375, 95.05000305175781, 95.5199966430664, 95.7699966430664, 95.9000015258789, 95.98999786376953, 96.12999725341797, 96.16999816894531, 96.33000183105469, 96.5199966430664, 96.48999786376953, 96.56999969482422, 96.70999908447266, 96.80999755859375, 96.77999877929688, 96.9000015258789, 96.91000366210938, 96.9800033569336, 97.13999938964844, 97.22000122070312, 97.23999786376953, 97.3499984741211, 97.25, 97.20999908447266, 97.27999877929688, 97.4000015258789, 97.31999969482422, 97.4000015258789, 97.36000061035156, 97.5, 97.48999786376953, 97.58000183105469, 97.58000183105469, 97.5, 97.52999877929688, 97.5999984741211, 97.56999969482422, 97.5999984741211, 97.69000244140625, 97.63999938964844, 97.75, 97.66999816894531, 97.72000122070312, 97.70999908447266, 97.88999938964844, 97.77999877929688, 97.93000030517578, 97.87999725341797, 97.91999816894531, 97.88999938964844, 97.87000274658203, 97.94999694824219, 98.0, 97.98999786376953, 97.87000274658203, 97.95999908447266, 97.98999786376953, 98.02999877929688, 98.01000213623047, 97.93000030517578, 97.95999908447266, 98.0199966430664, 97.95999908447266, 97.80999755859375, 98.04000091552734, 98.02999877929688, 97.97000122070312, 97.98999786376953, 98.18000030517578, 98.12000274658203, 98.06999969482422, 98.02999877929688]
backdoor_accuracy=[0, 0.0, 0.0, 0.0, 0.19455252918287938, 0.0, 0.09727626459143969, 0.38910505836575876, 0.48638132295719844, 0.19455252918287938, 0.48638132295719844, 0.48638132295719844, 0.48638132295719844, 0.7782101167315175, 0.6809338521400778, 3.404669260700389, 1.0700389105058365, 0.6809338521400778, 2.9182879377431905, 2.3346303501945527, 5.058365758754864, 5.933852140077821, 12.354085603112841, 3.11284046692607, 4.961089494163424, 14.299610894941635, 30.642023346303503, 24.610894941634243, 26.264591439688715, 75.58365758754864, 71.40077821011673, 89.59143968871595, 77.91828793774319, 97.56809338521401, 95.62256809338521, 89.00778210116732, 90.46692607003891, 97.76264591439688, 98.05447470817121, 95.91439688715953, 95.3307392996109, 97.08171206225681, 97.85992217898833, 98.63813229571984, 96.40077821011673, 98.24902723735408, 98.73540856031128, 98.92996108949416, 98.24902723735408, 98.73540856031128, 98.73540856031128, 99.41634241245136, 99.31906614785993, 99.61089494163424, 99.5136186770428, 99.70817120622569, 99.41634241245136, 99.31906614785993, 99.80544747081711, 99.90272373540856, 99.80544747081711, 99.80544747081711, 99.80544747081711, 99.90272373540856, 99.90272373540856, 99.90272373540856, 99.90272373540856, 99.90272373540856, 99.80544747081711, 99.90272373540856, 99.90272373540856, 100.0, 99.90272373540856, 99.90272373540856, 99.90272373540856, 99.90272373540856, 99.90272373540856, 99.90272373540856, 99.90272373540856, 100.0, 99.90272373540856]
loss_list=[1.365117651404756, 0.739624282190896, 0.4620787894071052, 0.3662949361208112, 0.3279509795208772, 0.2860269959413946, 0.24739254955954923, 0.2329988772538726, 0.2178890081969174, 0.19656883639593917, 0.1748425746261321, 0.1695023376682792, 0.17180232892066918, 0.15321893898553846, 0.1541156472214921, 0.13786443984794497, 0.1502381181278539, 0.12915313929187683, 0.13655199154204867, 0.12846342639132127, 0.13558305187498906, 0.13288089237387546, 0.11621270345834399, 0.1167789146849754, 0.11154643391668231, 0.1147634872419976, 0.11199430537932185, 0.11166546282292615, 0.10667002350844518, 0.10167484623474078, 0.09703005883334712, 0.10233256305577328, 0.11419630222601086, 0.09400447361486389, 0.09872561980372842, 0.10765001083667758, 0.09056409749571667, 0.10557006698329884, 0.08811862621646882, 0.09821927983071563, 0.09928978631740927, 0.07990679806462878, 0.09338772162169479, 0.0911953093658079, 0.08806196577268453, 0.09794187390685287, 0.09767321629221601, 0.08709704619861731, 0.07949013762538218, 0.08013722366521679, 0.09381379696541711, 0.08572457029488328, 0.08288827351396763, 0.07309121423194566, 0.10374416031044523, 0.08640712009560003, 0.0884773957462525, 0.06709149637485318, 0.08468259959446377, 0.08867717948471751, 0.0747213300410423, 0.07128216362128509, 0.08619753065780086, 0.07662901979920483, 0.09115831247846023, 0.0767029137149538, 0.07680193977481911, 0.0709580415623166, 0.07469541622488053, 0.08346687621511097, 0.09018587608024424, 0.07454802694711646, 0.07715744120121763, 0.07029941333163851, 0.07308647474359294, 0.07739315461079271, 0.07687226960409346, 0.07292953845653849, 0.07710448355582128, 0.06846091590731787]
BBSR:100.0
ABSR:99.91
max acc:98.18
