======================================
    IID: 0
    Dataset: mnist
    Model: Mnist_CNN
    Model Init: None
    Aggregation Function: flame
    Long attack: 5
    Wide attack: 5
    Threshold reject: 0.5
    Threshold down: 0.0
    Attack method: badnet
    Fraction of malicious agents: 15.0%
    Poison Frac: 0.2
    Backdoor From 7 to 5
    Attack Begin: 0
    Trigger Shape: square
    Trigger Position X: 0
    Trigger Position Y: 0
    Number of agents: 100
    Fraction of agents each turn: 30(30.0%)
    Local batch size: 50
    Local epoch: 3
    Client_LR: 0.01
    Client_Momentum: 0.9
    Global Rounds: 80
    Noise in FLAME: 0.001
proportion of malicious are selected:0.746875
proportion of benign are selected:0.5043269230769231
======================================
main_task_accuracy=[0, 71.25, 86.95999908447266, 91.26000213623047, 92.47000122070312, 93.31999969482422, 93.97000122070312, 94.63999938964844, 95.05000305175781, 95.5199966430664, 95.69999694824219, 96.05999755859375, 96.12999725341797, 96.11000061035156, 96.37999725341797, 96.41000366210938, 96.72000122070312, 96.93000030517578, 96.81999969482422, 97.0, 97.13999938964844, 97.20999908447266, 97.29000091552734, 97.3499984741211, 97.30000305175781, 97.36000061035156, 97.58999633789062, 97.58999633789062, 97.5999984741211, 97.66999816894531, 97.70999908447266, 97.80000305175781, 97.80000305175781, 97.87999725341797, 97.80000305175781, 97.86000061035156, 97.83000183105469, 97.93000030517578, 97.83000183105469, 97.94000244140625, 97.87999725341797, 97.98999786376953, 98.02999877929688, 98.05000305175781, 98.0199966430664, 98.04000091552734, 97.87000274658203, 98.05999755859375, 98.06999969482422, 98.08999633789062, 98.1500015258789, 98.13999938964844, 98.19999694824219, 98.16999816894531, 98.2300033569336, 98.25, 98.22000122070312, 98.29000091552734, 98.19999694824219, 98.1500015258789, 98.2300033569336, 98.3499984741211, 98.29000091552734, 98.26000213623047, 98.30000305175781, 98.22000122070312, 98.30999755859375, 98.33000183105469, 98.29000091552734, 98.3499984741211, 98.30999755859375, 98.38999938964844, 98.43000030517578, 98.36000061035156, 98.41999816894531, 98.37000274658203, 98.47000122070312, 98.4000015258789, 98.48999786376953, 98.45999908447266, 98.44999694824219]
backdoor_accuracy=[0, 0.19455252918287938, 0.0, 0.2918287937743191, 0.5836575875486382, 0.7782101167315175, 1.3618677042801557, 1.6536964980544746, 2.431906614785992, 2.431906614785992, 5.836575875486381, 3.6964980544747084, 4.182879377431907, 2.529182879377432, 4.377431906614786, 7.684824902723736, 6.614785992217898, 16.439688715953306, 19.06614785992218, 25.19455252918288, 34.04669260700389, 65.36964980544747, 68.8715953307393, 78.79377431906615, 86.57587548638132, 92.80155642023347, 95.71984435797665, 97.76264591439688, 98.05447470817121, 98.63813229571984, 98.63813229571984, 99.0272373540856, 99.61089494163424, 99.70817120622569, 99.70817120622569, 99.41634241245136, 99.70817120622569, 99.70817120622569, 99.70817120622569, 99.70817120622569, 99.70817120622569, 99.70817120622569, 99.70817120622569, 99.70817120622569, 99.70817120622569, 99.80544747081711, 99.80544747081711, 100.0, 100.0, 100.0, 100.0, 100.0, 100.0, 100.0, 100.0, 100.0, 100.0, 100.0, 100.0, 100.0, 100.0, 100.0, 100.0, 100.0, 100.0, 100.0, 100.0, 100.0, 100.0, 100.0, 100.0, 100.0, 100.0, 100.0, 100.0, 100.0, 100.0, 100.0, 100.0, 100.0, 100.0]
loss_list=[1.3770114521787622, 0.7045550186676208, 0.4296683685722375, 0.3261917426504871, 0.27565980403110235, 0.24407046858522324, 0.2250953169765346, 0.18482781089277883, 0.17609783229182913, 0.17247717171023144, 0.14042766842182086, 0.15170265617545206, 0.14050465867280812, 0.13140971342506208, 0.1252981093726262, 0.1203873839473935, 0.12532340880680942, 0.11815585263280408, 0.1058710303399218, 0.11099872642027382, 0.10224002216180618, 0.10759865698508092, 0.10366585820471172, 0.09844278199903932, 0.09298366867382117, 0.104619785388132, 0.08500403288065109, 0.0938464024198251, 0.09766167440743306, 0.08347068174760977, 0.09582109096803412, 0.08195714748516265, 0.08135944815526594, 0.08203597317092273, 0.06948590802376846, 0.077128680773324, 0.0782103575706115, 0.07069071508247896, 0.07559714536453042, 0.06758724946582764, 0.06797659079376091, 0.0752876047077918, 0.0781621639216977, 0.07101703522635174, 0.07625220390801046, 0.06796826346885562, 0.07521780967013322, 0.06772206803381613, 0.0615753730515023, 0.06582960463370047, 0.07994542175479412, 0.082121301116657, 0.06542217432100307, 0.06884581387699158, 0.06989207093385187, 0.0782455217042077, 0.06256674257703267, 0.05528118099289418, 0.05978259769923319, 0.06135879296064496, 0.06744403395492518, 0.06225891142160187, 0.06889925129697519, 0.05982450914502759, 0.06853072584566727, 0.055915959946066844, 0.0672483289007549, 0.06111811770004517, 0.06399884175713823, 0.050559011641584065, 0.054441767043111884, 0.06297211265494233, 0.06115876003738841, 0.05458262078156824, 0.0538726608813658, 0.062177443866529195, 0.058801042889771095, 0.050403956460532494, 0.0505541240431326, 0.0626324615560618]
BBSR:100.0
ABSR:100.0
max acc:98.49
