======================================
    IID: 0
    Dataset: cifar
    Model: resnet
    Model Init: None
    Aggregation Function: flame
    Long attack: 3
    Wide attack: 3
    Threshold reject: 0.5
    Threshold down: 0.0
    Attack method: badnet
    Fraction of malicious agents: 15.0%
    Poison Frac: 0.2
    Backdoor From 7 to 5
    Attack Begin: 0
    Trigger Shape: square
    Trigger Position X: 0
    Trigger Position Y: 0
    Number of agents: 100
    Fraction of agents each turn: 30(30.0%)
    Local batch size: 50
    Local epoch: 3
    Client_LR: 0.01
    Client_Momentum: 0.9
    Global Rounds: 80
    Noise in FLAME: 0.001
proportion of malicious are selected:0.7125
proportion of benign are selected:0.5158653846153847
======================================
main_task_accuracy=[0, 10.369999885559082, 27.459999084472656, 42.91999816894531, 42.18000030517578, 42.849998474121094, 46.31999969482422, 47.560001373291016, 53.630001068115234, 55.459999084472656, 54.65999984741211, 54.029998779296875, 56.4900016784668, 53.790000915527344, 57.459999084472656, 58.290000915527344, 58.70000076293945, 59.09000015258789, 60.20000076293945, 58.47999954223633, 57.29999923706055, 60.56999969482422, 60.84000015258789, 60.099998474121094, 61.40999984741211, 59.65999984741211, 62.70000076293945, 60.279998779296875, 62.290000915527344, 61.2599983215332, 62.18000030517578, 63.2400016784668, 61.84000015258789, 62.84000015258789, 62.29999923706055, 64.54000091552734, 63.310001373291016, 63.18000030517578, 59.529998779296875, 63.959999084472656, 63.959999084472656, 64.23999786376953, 64.94000244140625, 63.59000015258789, 63.529998779296875, 65.80999755859375, 65.5199966430664, 62.369998931884766, 63.849998474121094, 63.41999816894531, 64.66999816894531, 63.91999816894531, 65.93000030517578, 64.08999633789062, 65.26000213623047, 64.47000122070312, 64.2300033569336, 65.11000061035156, 65.52999877929688, 65.68000030517578, 66.0999984741211, 62.689998626708984, 63.939998626708984, 66.19000244140625, 66.5999984741211, 66.9000015258789, 67.68000030517578, 66.5199966430664, 62.34000015258789, 66.30000305175781, 67.08000183105469, 66.2300033569336, 68.19999694824219, 65.93000030517578, 66.66000366210938, 66.47000122070312, 67.13999938964844, 68.29000091552734, 66.13999938964844, 66.12000274658203, 66.73999786376953]
backdoor_accuracy=[0, 0.0, 11.9, 28.3, 13.3, 36.2, 20.2, 20.9, 6.6, 10.1, 12.4, 1.3, 10.3, 30.3, 23.5, 11.5, 3.7, 13.4, 7.4, 8.3, 30.6, 15.4, 3.3, 4.9, 14.9, 16.0, 1.9, 16.1, 11.9, 5.6, 7.2, 16.3, 5.3, 11.6, 4.1, 5.0, 8.1, 4.6, 3.6, 15.9, 5.9, 7.0, 9.8, 4.9, 9.3, 2.9, 9.0, 7.5, 3.5, 11.6, 4.7, 2.4, 4.7, 6.2, 13.8, 5.0, 15.0, 6.0, 6.3, 4.3, 5.0, 1.1, 3.9, 11.0, 8.3, 3.7, 5.2, 7.6, 8.8, 2.1, 7.7, 6.1, 8.1, 3.1, 5.6, 8.5, 13.4, 4.7, 9.2, 7.2, 9.1]
loss_list=[1.6632156192594105, 1.4057750525077186, 1.1042029411262937, 0.9886367671026123, 0.8249684745735595, 0.7653669666912819, 0.6891962459186713, 0.6716722602386854, 0.617101695396834, 0.6204308993203771, 0.5940862570164932, 0.546319970825894, 0.6018870166430457, 0.5324222809386752, 0.5105607168293661, 0.5282202818239522, 0.5882261664513498, 0.5256554539750019, 0.5125985166228685, 0.46784836253979145, 0.54646038246548, 0.46731864276730145, 0.4626167338620871, 0.4318062979293366, 0.4944550090076195, 0.5369765209861928, 0.41226096753651903, 0.521967947164861, 0.469307574546482, 0.436255677037148, 0.5231450283323, 0.4251658843949231, 0.5413062863998735, 0.47261631600765713, 0.39721962206712413, 0.4702683157388431, 0.46636018225095344, 0.40384901584074306, 0.4189610295623748, 0.3847978944745328, 0.4263693967709938, 0.41562863457896226, 0.4054352705672176, 0.4340408076247614, 0.4476387919889142, 0.3384869012055504, 0.42748474093154065, 0.42193095716518464, 0.43217186876210484, 0.3394909754361854, 0.33991656396744985, 0.3816405861083573, 0.4797409062928313, 0.4322402828005659, 0.36343849891486263, 0.5106107359889169, 0.42855083711005537, 0.42743960699221745, 0.44871683053232536, 0.33728921626668623, 0.47500498849355305, 0.4491399885487691, 0.358758943141438, 0.394781575143182, 0.4496372811104326, 0.26771573780078645, 0.35963237611525173, 0.4624117126495628, 0.3993929912850985, 0.32910611763583597, 0.3934978366711746, 0.37935190109471384, 0.37592588708645464, 0.39683404967680386, 0.37969974961325836, 0.3894557011851834, 0.340254757966096, 0.3876583921911919, 0.40654812982280014, 0.3729832975750064]
BBSR:13.4
ABSR:7.6
max acc:68.29
