======================================
    IID: 0
    Dataset: mnist
    Model: Mnist_CNN
    Model Init: None
    Aggregation Function: mr_duc
    Long attack: 5
    Wide attack: 5
    Threshold reject: 0.6
    Threshold down: 0.2
    Attack method: badnet
    Fraction of malicious agents: 15.0%
    Poison Frac: 0.2
    Backdoor From 7 to 5
    Attack Begin: 0
    Trigger Shape: square
    Trigger Position X: 0
    Trigger Position Y: 0
    Number of agents: 100
    Fraction of agents each turn: 30(30.0%)
    Local batch size: 50
    Local epoch: 3
    Client_LR: 0.01
    Client_Momentum: 0.9
    Global Rounds: 80
======================================
main_task_accuracy=[0, 72.25, 87.33999633789062, 89.41000366210938, 91.5199966430664, 92.7300033569336, 93.6500015258789, 94.33999633789062, 94.79000091552734, 95.41000366210938, 96.0199966430664, 96.19999694824219, 96.48999786376953, 96.73999786376953, 96.97000122070312, 96.93000030517578, 97.0999984741211, 97.29000091552734, 97.30000305175781, 97.47000122070312, 97.54000091552734, 97.5999984741211, 97.4800033569336, 97.55999755859375, 97.6500015258789, 97.91000366210938, 97.95999908447266, 97.97000122070312, 97.88999938964844, 98.06999969482422, 98.12999725341797, 98.05000305175781, 98.12000274658203, 98.19000244140625, 98.1500015258789, 98.18000030517578, 98.2699966430664, 98.2300033569336, 98.25, 98.33000183105469, 98.33999633789062, 98.30999755859375, 98.36000061035156, 98.27999877929688, 98.41000366210938, 98.41999816894531, 98.38999938964844, 98.33999633789062, 98.5, 98.37000274658203, 98.47000122070312, 98.4800033569336, 98.33000183105469, 98.55000305175781, 98.44999694824219, 98.48999786376953, 98.44999694824219, 98.55000305175781, 98.55999755859375, 98.44000244140625, 98.6500015258789, 98.62000274658203, 98.47000122070312, 98.58000183105469, 98.66999816894531, 98.52999877929688, 98.63999938964844, 98.6500015258789, 98.56999969482422, 98.66000366210938, 98.68000030517578, 98.61000061035156, 98.73999786376953, 98.69999694824219, 98.69999694824219, 98.80999755859375, 98.73999786376953, 98.80000305175781, 98.66999816894531, 98.66999816894531, 98.69000244140625]
backdoor_accuracy=[0, 0.0, 0.0, 0.0, 0.0, 0.48638132295719844, 0.5836575875486382, 1.7509727626459144, 1.4591439688715953, 5.252918287937743, 4.961089494163424, 14.785992217898833, 8.463035019455253, 23.735408560311285, 24.80544747081712, 59.43579766536965, 74.31906614785993, 50.09727626459144, 67.70428015564202, 79.28015564202335, 89.00778210116732, 97.27626459143968, 98.83268482490273, 91.147859922179, 97.76264591439688, 98.63813229571984, 98.73540856031128, 98.5408560311284, 99.61089494163424, 99.80544747081711, 99.80544747081711, 99.5136186770428, 99.70817120622569, 99.80544747081711, 99.90272373540856, 99.70817120622569, 99.90272373540856, 99.90272373540856, 99.90272373540856, 100.0, 100.0, 100.0, 99.90272373540856, 100.0, 100.0, 100.0, 100.0, 100.0, 100.0, 100.0, 100.0, 100.0, 100.0, 100.0, 100.0, 100.0, 100.0, 100.0, 100.0, 100.0, 100.0, 100.0, 100.0, 100.0, 100.0, 100.0, 100.0, 100.0, 100.0, 100.0, 100.0, 100.0, 100.0, 100.0, 100.0, 100.0, 100.0, 100.0, 100.0, 100.0, 100.0]
loss_list=[1.4468487815122415, 0.7337195669159745, 0.449946015508789, 0.3670234902714841, 0.3086108512461487, 0.2642544656239375, 0.22444188353426836, 0.19123945090392924, 0.1646397972827533, 0.1627158786776956, 0.13683318937140887, 0.1278945208348409, 0.11725559739802843, 0.10876125944825359, 0.10083250646912165, 0.1050397118061988, 0.09662756908948374, 0.0937693726113819, 0.08984498289517233, 0.0858220435288556, 0.07878903167256429, 0.077784107293642, 0.07347544474724793, 0.07873727033159346, 0.0791465849865221, 0.06944293291601962, 0.061617783541588894, 0.06930411051479027, 0.06343731078474472, 0.06515068305348225, 0.05919053960930217, 0.05668470164134185, 0.0571369892052102, 0.05976260386905962, 0.05473086951321671, 0.054893964598004746, 0.05641421062067489, 0.052700549452283404, 0.05265793871020457, 0.04872296941002144, 0.05173807679146358, 0.05105380919536182, 0.048012911777877525, 0.04865705580897443, 0.046000620012402044, 0.05097288640255387, 0.047405738385354224, 0.04718559273060604, 0.04395785301481608, 0.042261511184400975, 0.037775926905886444, 0.045739421584452926, 0.04069361409632198, 0.04084501582905744, 0.044289951276909, 0.045762671895220534, 0.04415295077817081, 0.040521363581582495, 0.041192182182273204, 0.03856698525008261, 0.03834438256247938, 0.03982032147266154, 0.03733888633497474, 0.037580236285158226, 0.037250918496136716, 0.03747305791175951, 0.03585440017226518, 0.03413238334687041, 0.03730708001007448, 0.03640724233580363, 0.0341196134606802, 0.03637847973441975, 0.03446663143110316, 0.035144304012470505, 0.03197704259711294, 0.033959773281880774, 0.02995056614510226, 0.030131985713105134, 0.03426875111595798, 0.03174488535249368]
BBSR:100.0
ABSR:100.0
max acc:98.81
