======================================
    IID: 0
    Dataset: fashion_mnist
    Model: cnn_mnist
    Model Init: None
    Aggregation Function: zkp
    Fraction NonIID: 0
    Long attack: 3
    Wide attack: 3
    Wide attack: trust
    Threshold reject: 0.5
    Threshold down: 0.0
    Attack method: dba
    Fraction of malicious agents: 20.0%
    Poison Frac: 0.2
    Backdoor From 7 to 5
    Attack Begin: 0
    Trigger Shape: square
    Trigger Position X: 0
    Trigger Position Y: 0
    Number of agents: 100
    Fraction of agents each turn: 30(30.0%)
    Local batch size: 50
    Local epoch: 3
    Client_LR: 0.01
    Client_Momentum: 0.9
    Global Rounds: 100
======================================
main_task_accuracy=[0, 64.69000244140625, 69.95999908447266, 72.70999908447266, 75.52999877929688, 77.08000183105469, 66.9000015258789, 77.58999633789062, 79.19999694824219, 78.25, 79.83000183105469, 80.44000244140625, 73.69999694824219, 81.12000274658203, 81.30000305175781, 80.88999938964844, 79.87000274658203, 78.75, 83.08999633789062, 83.83000183105469, 82.80999755859375, 78.91999816894531, 83.3499984741211, 84.05000305175781, 84.7300033569336, 84.81999969482422, 85.08999633789062, 85.0199966430664, 84.19000244140625, 85.48999786376953, 83.91000366210938, 84.66999816894531, 75.94000244140625, 84.61000061035156, 85.58000183105469, 85.04000091552734, 86.48999786376953, 84.88999938964844, 86.02999877929688, 82.66000366210938, 86.6500015258789, 82.9800033569336, 78.62000274658203, 85.55000305175781, 84.13999938964844, 85.83999633789062, 86.7699966430664, 87.25, 85.33999633789062, 87.12000274658203, 86.36000061035156, 87.2699966430664, 87.36000061035156, 87.0, 86.4000015258789, 87.44999694824219, 86.27999877929688, 86.9800033569336, 85.33999633789062, 81.97000122070312, 87.87999725341797, 86.68000030517578, 87.05000305175781, 87.81999969482422, 86.94999694824219, 87.38999938964844, 85.94999694824219, 88.0999984741211, 82.9800033569336, 86.33000183105469, 88.25, 83.4800033569336, 87.31999969482422, 87.54000091552734, 88.05000305175781, 87.62999725341797, 87.1500015258789, 88.22000122070312, 86.83000183105469, 83.62000274658203, 88.0, 88.04000091552734, 86.2699966430664, 88.7699966430664, 85.56999969482422, 88.51000213623047, 88.94999694824219, 88.47000122070312, 88.91999816894531, 87.83999633789062, 89.06999969482422, 84.16000366210938, 87.66000366210938, 88.75, 86.05000305175781, 88.19999694824219, 89.2300033569336, 89.31999969482422, 89.0999984741211, 88.2300033569336, 89.55000305175781]
backdoor_accuracy=[0, 0.0, 0.0, 0.0, 33.4, 97.0, 13.7, 92.3, 99.7, 38.8, 99.9, 99.9, 96.1, 99.8, 94.9, 97.9, 99.8, 99.7, 100.0, 99.9, 99.9, 99.9, 99.9, 99.6, 99.9, 99.9, 99.9, 100.0, 99.9, 99.9, 100.0, 100.0, 100.0, 99.9, 100.0, 100.0, 99.9, 99.9, 100.0, 100.0, 100.0, 100.0, 100.0, 100.0, 100.0, 100.0, 100.0, 100.0, 100.0, 100.0, 100.0, 100.0, 100.0, 100.0, 100.0, 100.0, 100.0, 100.0, 100.0, 100.0, 100.0, 100.0, 100.0, 100.0, 100.0, 100.0, 100.0, 100.0, 100.0, 100.0, 100.0, 100.0, 100.0, 100.0, 100.0, 100.0, 100.0, 100.0, 100.0, 100.0, 100.0, 100.0, 100.0, 100.0, 100.0, 100.0, 100.0, 99.9, 99.9, 100.0, 100.0, 100.0, 100.0, 100.0, 100.0, 100.0, 100.0, 100.0, 100.0, 100.0, 100.0]
loss_list=[1.4321024597243026, 0.8743430751893256, 0.6764176186864024, 0.5948961443923139, 0.5527442018604939, 0.5439909379791331, 0.505152425514879, 0.4467355687240209, 0.4511317600392633, 0.4401117811186445, 0.3959359680336935, 0.4358028902913685, 0.42283429353049506, 0.36664187182430863, 0.38017352597994936, 0.39894727904487554, 0.35293287392705686, 0.3632942256207267, 0.36506087868991816, 0.333991421089956, 0.33293591766031805, 0.3851745246254184, 0.3357213508337737, 0.3142311548296776, 0.3249243594533592, 0.32792893114879174, 0.2875425093738293, 0.2964454598379908, 0.29856824161208895, 0.31081738526139546, 0.2901263960016271, 0.33316318418623675, 0.34299755615906585, 0.30269085490662195, 0.2869683073799091, 0.30335021871314555, 0.27947730448579905, 0.27614941083722644, 0.2960443221446541, 0.3102359455216814, 0.27482814087911883, 0.28535892318296074, 0.31959752823674564, 0.2620150861537291, 0.2795499019428259, 0.2892138292495576, 0.2678638961269624, 0.24763854123927928, 0.24243583456716608, 0.26161391825277225, 0.24219656881910784, 0.26649131247842756, 0.2518145811744034, 0.2349320045724097, 0.25662642333794516, 0.253405028714419, 0.24027803867055028, 0.2528206596150994, 0.2937751788370035, 0.26807258837959835, 0.22453178607479288, 0.2668295269452587, 0.2582531039258121, 0.22372778988857236, 0.24563728145116734, 0.2575082589699715, 0.24593661767085664, 0.22868795835895947, 0.2800787432843613, 0.2501321922539285, 0.2319923806556121, 0.25992726234167257, 0.24052292575404322, 0.23194884797213258, 0.231814307221039, 0.23747999274723786, 0.23062366658166322, 0.21615899089913537, 0.24394590001277347, 0.23458575262791578, 0.21398612734068323, 0.24306584838087913, 0.22808072135473295, 0.20220774467689573, 0.2257218615220929, 0.21589395892288943, 0.1992259970848897, 0.2020852326863894, 0.22821063660085203, 0.2006286543673249, 0.20358815751107479, 0.23659442103709338, 0.20507116529883615, 0.20303164162604068, 0.21307857950321502, 0.21000414077296023, 0.20388217027540562, 0.2113368384005433, 0.19697956888315582, 0.19947057336706805]
BBSR:100.0
ABSR:100.0
max acc:89.55
