======================================
    IID: 0
    Dataset: fashion_mnist
    Model: cnn_mnist
    Model Init: None
    Aggregation Function: zkp
    Fraction NonIID: 0
    Long attack: 3
    Wide attack: 3
    Wide attack: trust
    Threshold reject: 0.5
    Threshold down: 0.0
    Attack method: dba
    Fraction of malicious agents: 10.0%
    Poison Frac: 0.2
    Backdoor From 7 to 5
    Attack Begin: 0
    Trigger Shape: square
    Trigger Position X: 0
    Trigger Position Y: 0
    Number of agents: 100
    Fraction of agents each turn: 30(30.0%)
    Local batch size: 50
    Local epoch: 3
    Client_LR: 0.01
    Client_Momentum: 0.9
    Global Rounds: 100
======================================
main_task_accuracy=[0, 59.459999084472656, 73.0199966430664, 75.68000030517578, 76.98999786376953, 78.22000122070312, 78.81999969482422, 78.44999694824219, 79.22000122070312, 75.0199966430664, 81.0, 81.13999938964844, 82.22000122070312, 81.2699966430664, 82.27999877929688, 80.66000366210938, 83.77999877929688, 82.66000366210938, 83.2300033569336, 83.44000244140625, 83.44000244140625, 84.66999816894531, 80.31999969482422, 83.98999786376953, 83.94000244140625, 85.05999755859375, 82.98999786376953, 83.80000305175781, 84.20999908447266, 81.51000213623047, 85.37999725341797, 85.04000091552734, 85.47000122070312, 85.1500015258789, 86.11000061035156, 86.12999725341797, 85.83000183105469, 78.93000030517578, 84.31999969482422, 85.87000274658203, 85.08000183105469, 86.4800033569336, 86.41000366210938, 86.08000183105469, 86.4000015258789, 86.30999755859375, 85.19999694824219, 86.83000183105469, 86.47000122070312, 87.83000183105469, 86.7699966430664, 85.2699966430664, 87.6500015258789, 86.11000061035156, 86.12000274658203, 84.94000244140625, 86.81999969482422, 86.77999877929688, 87.55999755859375, 85.70999908447266, 86.7300033569336, 86.48999786376953, 87.08000183105469, 87.08000183105469, 87.2300033569336, 86.5999984741211, 87.0999984741211, 87.51000213623047, 87.05999755859375, 86.30999755859375, 88.22000122070312, 87.0199966430664, 87.0999984741211, 88.38999938964844, 88.81999969482422, 86.94000244140625, 86.58999633789062, 88.93000030517578, 88.01000213623047, 87.16000366210938, 87.7699966430664, 88.80000305175781, 87.93000030517578, 87.26000213623047, 85.81999969482422, 87.87000274658203, 88.95999908447266, 88.25, 86.9800033569336, 88.9000015258789, 87.52999877929688, 87.08999633789062, 87.88999938964844, 88.66000366210938, 88.94000244140625, 86.51000213623047, 88.43000030517578, 87.91999816894531, 89.33000183105469, 87.98999786376953, 89.37999725341797]
backdoor_accuracy=[0, 0.0, 0.0, 0.0, 50.4, 2.2, 80.1, 69.7, 70.5, 85.6, 92.9, 99.4, 97.2, 99.2, 99.6, 94.2, 96.5, 92.9, 85.7, 99.1, 99.1, 98.8, 97.4, 96.4, 99.8, 99.6, 99.6, 99.9, 100.0, 99.9, 99.9, 99.8, 99.8, 99.8, 99.9, 99.9, 100.0, 100.0, 100.0, 99.9, 99.9, 100.0, 100.0, 99.9, 99.9, 99.9, 100.0, 99.9, 100.0, 99.9, 99.9, 100.0, 100.0, 100.0, 100.0, 99.9, 99.9, 99.9, 100.0, 99.6, 99.9, 99.9, 100.0, 100.0, 99.9, 99.9, 100.0, 100.0, 99.9, 100.0, 100.0, 100.0, 99.9, 99.9, 99.9, 99.9, 100.0, 100.0, 99.9, 99.9, 99.9, 99.9, 99.9, 100.0, 99.9, 100.0, 100.0, 100.0, 100.0, 99.9, 100.0, 100.0, 99.9, 100.0, 100.0, 100.0, 99.9, 100.0, 99.9, 100.0, 100.0]
loss_list=[1.4696390143423168, 0.8871142420779775, 0.5946450609713793, 0.547731184007393, 0.5035919936994712, 0.46900369976819684, 0.4475997157256912, 0.447733729387875, 0.42424322297727624, 0.41388896533322556, 0.3939299010913129, 0.3840624483647171, 0.38120766801552636, 0.3664202200179851, 0.3767136667958564, 0.34667089667033274, 0.35351007631462483, 0.35119338941725875, 0.3557978305965662, 0.35316686372238176, 0.3368682637603747, 0.3435774937444538, 0.34002611519492887, 0.34780320458252123, 0.33037403810562366, 0.3422894067613891, 0.3222972515142626, 0.28729940366551837, 0.2982024087053206, 0.33041815563898397, 0.2991067112699427, 0.3224458564590249, 0.2776680721418449, 0.2654191254017253, 0.29759255494508474, 0.29757969437029086, 0.3162081360678982, 0.33557343038005966, 0.28362686675455834, 0.28260579837865574, 0.2852552128162374, 0.27205852828919885, 0.2907167554143126, 0.2724048766721454, 0.2630784601042116, 0.2540704123848291, 0.29875261639072387, 0.2773990236050277, 0.27919809912434884, 0.2661219606900381, 0.2611046034428808, 0.2598694589609901, 0.24386638764774915, 0.302802005868957, 0.24675104143787868, 0.3076527600659541, 0.24660444288618036, 0.24918664911485935, 0.24184731486149963, 0.27389775460447974, 0.2786549532889493, 0.24367472335213317, 0.24481826455297842, 0.26116022701478664, 0.2597721153766745, 0.22774564359957966, 0.2619439090429633, 0.23754337226144137, 0.23026621005049458, 0.25477164869231206, 0.22752222223897225, 0.2592933242278242, 0.23574837863583256, 0.22119996440251943, 0.2440717591214235, 0.22211058133074799, 0.251935742660943, 0.23030008560184526, 0.22946882694959647, 0.2405319529309593, 0.23370609126847103, 0.24097156396342648, 0.22551839263005938, 0.2422989612221028, 0.2461794036854473, 0.20842196946894678, 0.21005846666931002, 0.2179995172536345, 0.23085463298484682, 0.22498577778244877, 0.23898733765645713, 0.22513110888949422, 0.22383692410981484, 0.20940368112728555, 0.21846194579610945, 0.2434015485121765, 0.22291273406568776, 0.22117232796218658, 0.22005415625214855, 0.20388332146081936]
BBSR:100.0
ABSR:99.97
max acc:89.38
