======================================
    IID: 0
    Dataset: fashion_mnist
    Model: cnn_mnist
    Model Init: None
    Aggregation Function: zkp
    Fraction NonIID: 0
    Long attack: 3
    Wide attack: 3
    Wide attack: trust
    Threshold reject: 0.5
    Threshold down: 0.0
    Attack method: badnet
    Fraction of malicious agents: 25.0%
    Poison Frac: 0.2
    Backdoor From 7 to 5
    Attack Begin: 0
    Trigger Shape: square
    Trigger Position X: 0
    Trigger Position Y: 0
    Number of agents: 100
    Fraction of agents each turn: 30(30.0%)
    Local batch size: 50
    Local epoch: 3
    Client_LR: 0.01
    Client_Momentum: 0.9
    Global Rounds: 100
======================================
main_task_accuracy=[0, 64.75, 69.76000213623047, 71.5199966430664, 72.37999725341797, 76.62000274658203, 77.58000183105469, 74.16000366210938, 76.63999938964844, 79.62000274658203, 77.54000091552734, 78.55000305175781, 81.5, 74.76000213623047, 79.97000122070312, 82.36000061035156, 80.61000061035156, 82.33000183105469, 82.11000061035156, 82.76000213623047, 82.11000061035156, 83.68000030517578, 84.08000183105469, 84.33000183105469, 84.43000030517578, 84.0, 84.6500015258789, 83.7300033569336, 85.7699966430664, 85.5, 80.58999633789062, 85.44000244140625, 84.55000305175781, 84.87999725341797, 84.63999938964844, 85.08000183105469, 84.69000244140625, 86.02999877929688, 83.52999877929688, 86.05000305175781, 86.30000305175781, 86.37999725341797, 84.02999877929688, 86.9000015258789, 85.69000244140625, 85.31999969482422, 84.55999755859375, 86.04000091552734, 86.36000061035156, 86.93000030517578, 84.05000305175781, 86.19000244140625, 85.3499984741211, 84.41000366210938, 86.19000244140625, 86.44999694824219, 87.38999938964844, 85.86000061035156, 87.11000061035156, 84.76000213623047, 85.27999877929688, 86.22000122070312, 87.20999908447266, 86.87999725341797, 87.52999877929688, 87.19000244140625, 87.93000030517578, 85.87999725341797, 86.63999938964844, 87.69999694824219, 87.69999694824219, 84.11000061035156, 86.31999969482422, 86.70999908447266, 87.04000091552734, 86.51000213623047, 87.31999969482422, 88.30000305175781, 87.87999725341797, 86.23999786376953, 87.5, 86.62000274658203, 87.52999877929688, 88.41000366210938, 87.86000061035156, 86.7300033569336, 87.7300033569336, 85.70999908447266, 86.91999816894531, 86.58999633789062, 87.80999755859375, 87.4800033569336, 88.19999694824219, 87.66000366210938, 88.1500015258789, 88.44000244140625, 87.16999816894531, 86.37000274658203, 87.91000366210938, 88.55999755859375, 86.76000213623047]
backdoor_accuracy=[0, 0.0, 0.0, 1.3, 78.5, 86.1, 88.2, 95.7, 87.5, 94.9, 99.1, 98.7, 97.4, 99.2, 97.0, 96.2, 99.7, 100.0, 99.9, 99.9, 99.8, 99.9, 99.9, 99.9, 99.9, 99.9, 99.9, 100.0, 100.0, 100.0, 100.0, 100.0, 99.9, 100.0, 99.9, 99.9, 99.9, 100.0, 100.0, 100.0, 100.0, 100.0, 100.0, 100.0, 100.0, 99.8, 100.0, 100.0, 100.0, 100.0, 100.0, 100.0, 100.0, 100.0, 100.0, 100.0, 100.0, 100.0, 100.0, 100.0, 100.0, 100.0, 100.0, 100.0, 100.0, 100.0, 100.0, 100.0, 100.0, 100.0, 100.0, 100.0, 100.0, 100.0, 100.0, 100.0, 100.0, 100.0, 100.0, 100.0, 100.0, 100.0, 100.0, 100.0, 100.0, 100.0, 100.0, 100.0, 100.0, 100.0, 100.0, 100.0, 100.0, 100.0, 100.0, 100.0, 100.0, 100.0, 100.0, 100.0, 100.0]
loss_list=[1.3680386052087503, 0.8431173682764725, 0.657336420096733, 0.6081380267937978, 0.533409174973214, 0.49958176727372183, 0.49459676063723035, 0.5088988552904791, 0.4677561469790008, 0.46858084836491826, 0.44107851180489416, 0.39319630996496596, 0.39213188689340045, 0.40707522412003194, 0.38529920978126697, 0.3858360741252975, 0.39230684854642106, 0.3849775120340012, 0.3623501728047376, 0.3530311340397155, 0.37087377866178195, 0.3531420597841067, 0.34923391718486396, 0.32388331438242285, 0.35387975629764024, 0.32652155048800285, 0.30071196604382117, 0.34365025928795884, 0.3247968792225475, 0.3080491022551776, 0.3250493853180496, 0.29114498005559053, 0.3327308795414865, 0.27767681874058864, 0.36222779228593466, 0.30080048075221755, 0.30599910027037064, 0.3038254221211429, 0.3107287249734832, 0.2882807489036133, 0.2878809975253211, 0.27349380485506525, 0.3070458901632163, 0.269788739895793, 0.26781535890229324, 0.27857010875725086, 0.2879367426072282, 0.2570325550519758, 0.26721967111031214, 0.26419785096551535, 0.2673940554433674, 0.2799548210093269, 0.2542637148699551, 0.27603304229193815, 0.27567770000271213, 0.2647363799865599, 0.27721100006407745, 0.24687299285670403, 0.2643180050024831, 0.24572256219538827, 0.2775290245121276, 0.24119523369051787, 0.27655130993850807, 0.2416265739886849, 0.24417591054785853, 0.23320352411656473, 0.24142157633236985, 0.23597665392897188, 0.25178699513241926, 0.23409493734059791, 0.24028374688285922, 0.26737513557007464, 0.27102931671672387, 0.23812394275123047, 0.2505423130795222, 0.24307472678332553, 0.24297594543098025, 0.22919032762896405, 0.23050722557085532, 0.25327917964163205, 0.24136784691536045, 0.24326269110940668, 0.22750726573479677, 0.22567001877490572, 0.22476175177273242, 0.2193594554335707, 0.23869389609209504, 0.24901630609744674, 0.21153631396850361, 0.22999668298979048, 0.22596733538364921, 0.21754138005759432, 0.2292443763809624, 0.23106102389455943, 0.21109931579428834, 0.22300358156639113, 0.24433972245530677, 0.21839753984283933, 0.22235384206977435, 0.21166648751090247]
BBSR:100.0
ABSR:100.0
max acc:88.56
