======================================
    IID: 0
    Dataset: fashion_mnist
    Model: cnn_mnist
    Model Init: None
    Aggregation Function: zkp
    Fraction NonIID: 0
    Long attack: 3
    Wide attack: 3
    Wide attack: trust
    Threshold reject: 0.5
    Threshold down: 0.0
    Attack method: badnet
    Fraction of malicious agents: 20.0%
    Poison Frac: 0.2
    Backdoor From 7 to 5
    Attack Begin: 0
    Trigger Shape: square
    Trigger Position X: 0
    Trigger Position Y: 0
    Number of agents: 100
    Fraction of agents each turn: 30(30.0%)
    Local batch size: 50
    Local epoch: 3
    Client_LR: 0.01
    Client_Momentum: 0.9
    Global Rounds: 100
======================================
main_task_accuracy=[0, 65.44999694824219, 69.95999908447266, 75.25, 75.94999694824219, 77.0999984741211, 71.16999816894531, 78.69999694824219, 78.54000091552734, 80.08000183105469, 78.87999725341797, 81.58999633789062, 80.86000061035156, 81.38999938964844, 81.58999633789062, 82.5199966430664, 80.3499984741211, 82.05000305175781, 82.87000274658203, 83.54000091552734, 82.33000183105469, 79.70999908447266, 81.86000061035156, 84.27999877929688, 84.72000122070312, 83.41000366210938, 83.05000305175781, 79.98999786376953, 85.87000274658203, 82.58000183105469, 85.51000213623047, 84.79000091552734, 85.75, 84.9000015258789, 85.55999755859375, 83.0999984741211, 85.26000213623047, 85.26000213623047, 84.38999938964844, 83.5, 85.20999908447266, 86.18000030517578, 81.87000274658203, 84.45999908447266, 82.58999633789062, 84.7300033569336, 86.11000061035156, 86.81999969482422, 86.2699966430664, 87.04000091552734, 87.52999877929688, 85.55000305175781, 87.31999969482422, 85.87999725341797, 87.16999816894531, 87.26000213623047, 87.19000244140625, 85.91000366210938, 86.58000183105469, 85.51000213623047, 87.12999725341797, 86.41000366210938, 85.88999938964844, 87.54000091552734, 85.13999938964844, 87.79000091552734, 87.79000091552734, 86.06999969482422, 87.80999755859375, 87.05999755859375, 87.3499984741211, 86.41000366210938, 88.08999633789062, 83.95999908447266, 86.38999938964844, 88.0999984741211, 86.87000274658203, 88.12000274658203, 87.69000244140625, 87.16999816894531, 87.05000305175781, 87.87000274658203, 88.06999969482422, 88.18000030517578, 86.81999969482422, 88.2300033569336, 88.83000183105469, 86.37000274658203, 87.80999755859375, 88.19999694824219, 88.25, 86.3499984741211, 88.01000213623047, 86.83000183105469, 87.93000030517578, 88.77999877929688, 87.73999786376953, 88.94000244140625, 88.3499984741211, 87.3499984741211, 89.08999633789062]
backdoor_accuracy=[0, 0.1, 0.0, 0.3, 30.8, 92.3, 83.3, 94.3, 85.0, 88.3, 94.9, 98.7, 94.5, 51.1, 98.4, 99.0, 99.9, 99.1, 100.0, 99.9, 100.0, 99.8, 100.0, 100.0, 100.0, 100.0, 100.0, 99.9, 100.0, 100.0, 100.0, 100.0, 100.0, 100.0, 100.0, 100.0, 100.0, 100.0, 100.0, 100.0, 100.0, 100.0, 100.0, 100.0, 100.0, 100.0, 100.0, 100.0, 100.0, 100.0, 100.0, 100.0, 100.0, 100.0, 100.0, 100.0, 100.0, 100.0, 100.0, 100.0, 100.0, 100.0, 100.0, 100.0, 100.0, 100.0, 100.0, 100.0, 100.0, 100.0, 100.0, 100.0, 100.0, 100.0, 100.0, 100.0, 100.0, 100.0, 100.0, 100.0, 100.0, 100.0, 100.0, 100.0, 100.0, 100.0, 100.0, 100.0, 100.0, 100.0, 100.0, 100.0, 100.0, 100.0, 100.0, 100.0, 100.0, 100.0, 100.0, 100.0, 100.0]
loss_list=[1.4027957516135992, 0.8378344174888398, 0.644084320175979, 0.5657212170185866, 0.5063198843487988, 0.4869518890838932, 0.5160445498785486, 0.4192251300646198, 0.415412737187688, 0.41022827463845407, 0.4393951807447054, 0.4023731236518533, 0.3854782891494256, 0.37596911133991345, 0.3727751478794273, 0.36819117206183294, 0.38622520115502446, 0.34632605624005747, 0.3609164610229156, 0.3543471959281575, 0.4086323794046485, 0.3622261145393606, 0.3533568253533707, 0.30996638903463336, 0.32823448404324823, 0.3515025814995169, 0.3252044146432092, 0.3360383586578624, 0.3254801322154149, 0.32659155673312923, 0.3140003194791024, 0.3390146536890556, 0.306704532817282, 0.3010975808008677, 0.29827389480822064, 0.33632699722700093, 0.2650514839630988, 0.27664317846367203, 0.3030737740194631, 0.2566578361016043, 0.28612745016882263, 0.30002873168947797, 0.31823145962768684, 0.30098380811374503, 0.2812950149230245, 0.2818580379364667, 0.27422869648715414, 0.2566562021358145, 0.27658490653287765, 0.25853501640225723, 0.2496056520604287, 0.25462228735839876, 0.2575229820553903, 0.24682511385116315, 0.27132956002562963, 0.25362180525057565, 0.27384770004320197, 0.2510284889368685, 0.2616534917425641, 0.2604675098063631, 0.2654553211432088, 0.2596104432932204, 0.259411962578694, 0.24303863209810248, 0.24760552666805408, 0.22472335538240495, 0.22697069124767072, 0.2642474708423294, 0.25795259249086183, 0.22440274786031633, 0.23988089877077273, 0.22564480747268714, 0.23094977946882994, 0.24246863850599365, 0.22922385738886616, 0.23701048311432477, 0.22749742383171834, 0.23913156284640236, 0.23476644038843614, 0.27915465340225226, 0.2192813661673831, 0.21116871745325622, 0.22171654808162547, 0.23113679916735877, 0.24075983904767784, 0.21218216667400192, 0.22051134314732973, 0.22364413663917396, 0.2167694366675009, 0.2322427716071683, 0.22784609187532354, 0.22929233971948698, 0.21464321905298644, 0.24790022510483306, 0.22512541562405033, 0.22661386092788438, 0.22724163173180484, 0.20549531092487827, 0.22069785321234825, 0.20490221123004118]
BBSR:100.0
ABSR:100.0
max acc:89.09
