======================================
    IID: 0
    Dataset: mnist
    Model: cnn_mnist
    Model Init: None
    Aggregation Function: RLR
    Fraction NonIID: 0
    Long attack: 3
    Wide attack: 3
    Wide attack: trust
    Threshold reject: 0.5
    Threshold down: 0.0
    Attack method: badnet
    Fraction of malicious agents: 10.0%
    Poison Frac: 0.2
    Backdoor From 7 to 5
    Attack Begin: 0
    Trigger Shape: square
    Trigger Position X: 0
    Trigger Position Y: 0
    Number of agents: 100
    Fraction of agents each turn: 30(30.0%)
    Local batch size: 50
    Local epoch: 3
    Client_LR: 0.01
    Client_Momentum: 0.9
    Global Rounds: 100
    RobustLR_threshold: 4
======================================
main_task_accuracy=[0, 39.470001220703125, 51.7599983215332, 46.08000183105469, 47.560001373291016, 39.04999923706055, 61.470001220703125, 67.16999816894531, 78.12000274658203, 80.12999725341797, 84.63999938964844, 91.04000091552734, 88.19999694824219, 87.63999938964844, 84.43000030517578, 87.41000366210938, 87.68000030517578, 94.0999984741211, 92.9800033569336, 95.20999908447266, 93.70999908447266, 94.87999725341797, 93.61000061035156, 91.69000244140625, 94.41999816894531, 92.04000091552734, 94.43000030517578, 94.81999969482422, 95.0199966430664, 95.66000366210938, 95.4000015258789, 95.94999694824219, 95.54000091552734, 95.87999725341797, 95.83000183105469, 96.31999969482422, 95.19999694824219, 93.94999694824219, 95.72000122070312, 95.7300033569336, 95.58999633789062, 96.44999694824219, 96.52999877929688, 96.55000305175781, 96.83999633789062, 96.19999694824219, 96.36000061035156, 96.12000274658203, 96.05000305175781, 96.04000091552734, 96.63999938964844, 95.88999938964844, 95.69999694824219, 96.9800033569336, 96.94999694824219, 93.36000061035156, 94.20999908447266, 95.58999633789062, 96.51000213623047, 96.79000091552734, 96.18000030517578, 96.77999877929688, 96.88999938964844, 97.04000091552734, 97.25, 97.33999633789062, 96.91000366210938, 96.6500015258789, 95.95999908447266, 96.66000366210938, 96.19999694824219, 96.48999786376953, 97.33000183105469, 94.97000122070312, 96.54000091552734, 97.5, 96.62999725341797, 96.7699966430664, 95.33999633789062, 96.83000183105469, 95.04000091552734, 97.44999694824219, 97.33999633789062, 97.16999816894531, 97.29000091552734, 96.87999725341797, 97.18000030517578, 97.16000366210938, 96.69999694824219, 97.54000091552734, 97.13999938964844, 97.0199966430664, 97.06999969482422, 97.81999969482422, 97.55999755859375, 97.48999786376953, 97.38999938964844, 96.97000122070312, 97.19000244140625, 97.27999877929688, 97.13999938964844]
backdoor_accuracy=[0, 0.0, 0.0, 0.0, 0.8754863813229572, 0.19455252918287938, 0.0, 0.0, 0.38910505836575876, 0.19455252918287938, 0.19455252918287938, 0.2918287937743191, 0.09727626459143969, 0.0, 1.3618677042801557, 0.19455252918287938, 0.09727626459143969, 0.0, 0.0, 0.09727626459143969, 0.0, 0.0, 0.38910505836575876, 0.0, 0.0, 0.0, 0.0, 0.0, 0.0, 0.0, 0.0, 0.38910505836575876, 0.0, 0.0, 0.0, 0.0, 0.0, 0.0, 0.0, 0.0, 0.0, 0.09727626459143969, 0.19455252918287938, 0.19455252918287938, 0.09727626459143969, 0.0, 0.09727626459143969, 0.0, 0.2918287937743191, 0.09727626459143969, 0.09727626459143969, 0.0, 0.09727626459143969, 0.0, 0.0, 0.19455252918287938, 0.19455252918287938, 0.0, 0.09727626459143969, 0.0, 0.09727626459143969, 0.0, 0.19455252918287938, 0.2918287937743191, 0.0, 0.0, 0.0, 0.0, 0.19455252918287938, 0.19455252918287938, 0.2918287937743191, 0.38910505836575876, 0.0, 0.09727626459143969, 0.09727626459143969, 0.19455252918287938, 0.2918287937743191, 0.2918287937743191, 0.2918287937743191, 0.19455252918287938, 0.48638132295719844, 0.38910505836575876, 0.48638132295719844, 0.9727626459143969, 0.48638132295719844, 0.38910505836575876, 0.6809338521400778, 0.5836575875486382, 0.2918287937743191, 0.48638132295719844, 0.38910505836575876, 1.0700389105058365, 2.237354085603113, 1.6536964980544746, 6.22568093385214, 2.7237354085603114, 2.3346303501945527, 0.48638132295719844, 1.9455252918287937, 1.4591439688715953, 1.4591439688715953]
loss_list=[0.450318254877471, 0.3732657418066569, 0.2747628592735518, 0.19917351662125157, 0.18852630112768662, 0.16540793765093093, 0.15662126738213994, 0.14634060303297253, 0.10824664552683373, 0.11502896836512964, 0.10900581605949188, 0.09246741823125486, 0.08208604212368334, 0.10361881320661605, 0.09074080712664956, 0.08337590731984905, 0.07531565418199991, 0.07267533034381184, 0.07958204414950827, 0.06765079018415711, 0.05797416047581919, 0.06612752139163627, 0.06215466337234335, 0.06779783110833455, 0.05688240028968485, 0.05919920347141819, 0.05860362642507596, 0.06234591115183072, 0.06258747560602866, 0.06301454012390346, 0.05551215633610807, 0.06746549026351656, 0.05480123004219582, 0.054029292065566344, 0.04951854718830902, 0.039686455534804294, 0.049040134671261164, 0.05169727373231748, 0.045448023993121964, 0.05991895006355088, 0.054764480264056156, 0.049665979227226924, 0.04626330728187181, 0.04291754130892565, 0.050175543899888354, 0.04821831760970704, 0.03839947436347093, 0.040375323065936254, 0.05217036526871756, 0.04506399950169892, 0.04079929054949743, 0.03847766292559294, 0.0536326335840578, 0.043932100028829475, 0.037813541269547814, 0.05308143070932218, 0.041772193849735115, 0.04473808412180847, 0.048751348182719666, 0.04457638319678831, 0.04395317744891156, 0.04288148262276681, 0.041270372180462735, 0.0459422782926663, 0.04723632992422073, 0.033645579717250886, 0.034757607896324795, 0.040066621638782725, 0.04744527530839455, 0.04595046936912209, 0.03082364272801139, 0.04004102574878409, 0.038768202991287, 0.03639876581436877, 0.045247524020226956, 0.03563805472251312, 0.038917339309870555, 0.03532346239483606, 0.047485735653504044, 0.03875208464023745, 0.03897559691804413, 0.0388285647313626, 0.03967471158022314, 0.04058233685619524, 0.04235212694191028, 0.03787969536007792, 0.025078466969355697, 0.03705827143427971, 0.03735487860669141, 0.0344410245069807, 0.03968284899869247, 0.04723866386070517, 0.03902856554707359, 0.03621856651257836, 0.03589765993074412, 0.03722940091453121, 0.037543256702130254, 0.03827335186044844, 0.03801353869518306, 0.03854424843888907]
BBSR:6.23
ABSR:2.16
max acc:97.82
