======================================
    IID: 0
    Dataset: mnist
    Model: Mnist_CNN
    Model Init: None
    Aggregation Function: zkp
    Long attack: 5
    Wide attack: 5
    Threshold reject: 0.5
    Threshold down: 0.0
    Attack method: dba
    Fraction of malicious agents: 15.0%
    Poison Frac: 0.2
    Backdoor From 7 to 5
    Attack Begin: 0
    Trigger Shape: square
    Trigger Position X: 0
    Trigger Position Y: 0
    Number of agents: 100
    Fraction of agents each turn: 30(30.0%)
    Local batch size: 50
    Local epoch: 3
    Client_LR: 0.01
    Client_Momentum: 0.9
    Global Rounds: 100
======================================
main_task_accuracy=[0, 16.579999923706055, 39.02000045776367, 17.190000534057617, 52.81999969482422, 67.43000030517578, 51.310001373291016, 68.91999816894531, 67.25, 78.0199966430664, 72.9800033569336, 76.93000030517578, 71.8499984741211, 80.27999877929688, 81.1500015258789, 85.0, 85.25, 81.33000183105469, 83.26000213623047, 90.94999694824219, 89.62000274658203, 92.22000122070312, 86.36000061035156, 88.94000244140625, 89.87000274658203, 91.38999938964844, 92.16000366210938, 92.43000030517578, 92.58999633789062, 93.83000183105469, 89.66000366210938, 92.38999938964844, 90.44000244140625, 91.2300033569336, 94.55000305175781, 92.9800033569336, 93.33999633789062, 94.0, 95.26000213623047, 93.94999694824219, 94.51000213623047, 92.97000122070312, 95.06999969482422, 94.94999694824219, 91.31999969482422, 95.44999694824219, 95.37000274658203, 95.41000366210938, 94.44999694824219, 92.95999908447266, 95.69000244140625, 95.55999755859375, 95.43000030517578, 89.80000305175781, 95.2699966430664, 93.94000244140625, 95.02999877929688, 95.61000061035156, 96.62999725341797, 92.06999969482422, 96.51000213623047, 92.83000183105469, 96.36000061035156, 93.87999725341797, 96.41999816894531, 95.41000366210938, 95.43000030517578, 94.86000061035156, 96.04000091552734, 95.86000061035156, 96.27999877929688, 95.94999694824219, 96.38999938964844, 96.25, 96.68000030517578, 95.52999877929688, 96.77999877929688, 96.4000015258789, 96.98999786376953, 96.87999725341797, 96.83000183105469, 97.12999725341797, 96.56999969482422, 97.55999755859375, 96.51000213623047, 97.79000091552734, 97.04000091552734, 96.45999908447266, 92.56999969482422, 97.43000030517578, 97.08000183105469, 97.37999725341797, 95.16999816894531, 97.16999816894531, 96.95999908447266, 97.06999969482422, 97.70999908447266, 96.70999908447266, 97.54000091552734, 97.5, 96.97000122070312]
backdoor_accuracy=[0, 0.0, 44.16342412451362, 0.0, 4.863813229571984, 0.0, 1.8482490272373542, 0.0, 0.6809338521400778, 0.0, 0.19455252918287938, 0.6809338521400778, 0.0, 0.19455252918287938, 1.0700389105058365, 0.19455252918287938, 0.19455252918287938, 0.19455252918287938, 0.48638132295719844, 0.09727626459143969, 0.2918287937743191, 0.2918287937743191, 0.0, 0.2918287937743191, 0.2918287937743191, 0.19455252918287938, 0.19455252918287938, 0.2918287937743191, 0.2918287937743191, 0.2918287937743191, 0.2918287937743191, 0.2918287937743191, 0.48638132295719844, 0.2918287937743191, 0.48638132295719844, 0.38910505836575876, 0.2918287937743191, 0.6809338521400778, 0.0, 0.2918287937743191, 0.19455252918287938, 0.2918287937743191, 0.48638132295719844, 0.48638132295719844, 0.2918287937743191, 0.48638132295719844, 0.2918287937743191, 0.2918287937743191, 0.19455252918287938, 0.0, 1.9455252918287937, 0.09727626459143969, 0.5836575875486382, 0.2918287937743191, 0.48638132295719844, 0.19455252918287938, 0.8754863813229572, 0.2918287937743191, 0.38910505836575876, 0.19455252918287938, 0.38910505836575876, 0.0, 0.48638132295719844, 0.0, 0.19455252918287938, 0.19455252918287938, 0.09727626459143969, 1.4591439688715953, 0.0, 3.501945525291829, 0.19455252918287938, 3.5992217898832686, 0.09727626459143969, 0.9727626459143969, 0.09727626459143969, 1.4591439688715953, 0.09727626459143969, 0.9727626459143969, 0.2918287937743191, 0.19455252918287938, 0.2918287937743191, 0.19455252918287938, 0.5836575875486382, 1.4591439688715953, 1.264591439688716, 1.1673151750972763, 0.7782101167315175, 4.766536964980545, 0.09727626459143969, 0.48638132295719844, 3.404669260700389, 0.48638132295719844, 18.8715953307393, 0.2918287937743191, 5.933852140077821, 1.556420233463035, 2.0428015564202333, 5.642023346303502, 0.7782101167315175, 0.38910505836575876, 5.739299610894942]
loss_list=[0.7459045691611519, 0.6754150643335742, 0.7275828787720592, 0.5584329672693931, 0.5871020108252883, 0.4116194284577014, 0.3514887813772092, 0.3500270647503186, 0.3046384744312417, 0.3179334343245997, 0.244906360527606, 0.20247392388325697, 0.2031857593806133, 0.19092598326330204, 0.16062661232293998, 0.16589285055129505, 0.14275425129278707, 0.17050361299870026, 0.1718646432018921, 0.13173184670055804, 0.11685110727089205, 0.11830506973697526, 0.10947306438511174, 0.11351989361680154, 0.11837608400570433, 0.1211213897705083, 0.12016940652402412, 0.08371569915867869, 0.093108830545913, 0.10131583859318403, 0.10049673350866943, 0.09877808120438715, 0.10495390661480938, 0.1084650635839209, 0.08250796134409494, 0.07051508890047639, 0.09963825870738523, 0.08987201027269723, 0.07213838143550658, 0.06593099895552469, 0.09428103608410572, 0.07788065364976861, 0.06914714963346948, 0.07284858512404443, 0.0928940549070053, 0.06778293836670786, 0.06417367689381011, 0.08212137517533467, 0.07119932597682244, 0.07812762722801751, 0.06424447961985238, 0.07505269947251528, 0.06105857071612677, 0.08427487837618441, 0.06777486696518183, 0.09342693249510986, 0.06751141220645487, 0.06346757196445836, 0.05286913216589475, 0.08752145270508122, 0.057914037740216, 0.06180223176180741, 0.06301962506237187, 0.05833676563962428, 0.05073069470250858, 0.05432439447481511, 0.07733850891556607, 0.05576448732493102, 0.05591936735103977, 0.05365721981612695, 0.06845940849532252, 0.049859459716499625, 0.052472386453272596, 0.04427384561004377, 0.06132965796343712, 0.04873712712822174, 0.04632639564376872, 0.0533295869563998, 0.045481029231195756, 0.04810161915731046, 0.04564306652851393, 0.06038017332749935, 0.044630048418100275, 0.04431998899093307, 0.044197573485622206, 0.05427069983431827, 0.04437723092317962, 0.04510596908873775, 0.05621272475213117, 0.046802960999669206, 0.04436227344367674, 0.03881528150113671, 0.05633760227715746, 0.04272578159356025, 0.04032979870760807, 0.045658343038695336, 0.045554362189697675, 0.0396849447542952, 0.04039081736181771, 0.037099528556106195]
BBSR:18.87
ABSR:4.17
max acc:97.71
