======================================
    IID: 0
    Dataset: mnist
    Model: Mnist_CNN
    Model Init: None
    Aggregation Function: zkp
    Long attack: 4
    Wide attack: 4
    Threshold reject: 0.5
    Threshold down: 0.0
    Attack method: dba
    Fraction of malicious agents: 15.0%
    Poison Frac: 0.2
    Backdoor From 7 to 5
    Attack Begin: 0
    Trigger Shape: square
    Trigger Position X: 0
    Trigger Position Y: 0
    Number of agents: 100
    Fraction of agents each turn: 30(30.0%)
    Local batch size: 50
    Local epoch: 3
    Client_LR: 0.01
    Client_Momentum: 0.9
    Global Rounds: 100
======================================
main_task_accuracy=[0, 21.479999542236328, 24.899999618530273, 37.369998931884766, 54.88999938964844, 53.34000015258789, 59.599998474121094, 68.16999816894531, 49.20000076293945, 65.02999877929688, 61.22999954223633, 76.69999694824219, 76.55000305175781, 79.36000061035156, 79.1500015258789, 83.08000183105469, 85.7699966430664, 88.30000305175781, 87.19000244140625, 88.2300033569336, 88.7300033569336, 89.45999908447266, 89.25, 86.30000305175781, 88.2300033569336, 92.68000030517578, 92.83999633789062, 90.02999877929688, 92.43000030517578, 93.1500015258789, 91.83999633789062, 89.22000122070312, 89.29000091552734, 93.02999877929688, 92.68000030517578, 94.0999984741211, 94.69000244140625, 92.80000305175781, 91.91000366210938, 94.45999908447266, 95.04000091552734, 94.29000091552734, 94.47000122070312, 94.95999908447266, 94.23999786376953, 94.4000015258789, 94.86000061035156, 94.13999938964844, 94.69000244140625, 93.18000030517578, 95.52999877929688, 94.06999969482422, 95.48999786376953, 95.12999725341797, 95.87999725341797, 96.22000122070312, 95.63999938964844, 95.72000122070312, 93.55000305175781, 95.5999984741211, 96.19000244140625, 94.5, 95.55000305175781, 95.48999786376953, 95.88999938964844, 96.66999816894531, 96.43000030517578, 96.0999984741211, 95.94999694824219, 96.5, 96.6500015258789, 90.36000061035156, 96.91999816894531, 93.43000030517578, 96.93000030517578, 96.66000366210938, 96.20999908447266, 96.33999633789062, 96.30999755859375, 96.79000091552734, 96.06999969482422, 96.19999694824219, 94.58000183105469, 96.94000244140625, 96.44000244140625, 96.08999633789062, 96.5999984741211, 97.13999938964844, 96.63999938964844, 95.20999908447266, 95.7300033569336, 92.37000274658203, 96.8499984741211, 97.05000305175781, 95.22000122070312, 96.58999633789062, 96.94999694824219, 97.38999938964844, 94.6500015258789, 97.29000091552734, 95.16999816894531]
backdoor_accuracy=[0, 0.0, 0.0, 0.0, 0.0, 0.0, 0.0, 0.0, 0.09727626459143969, 0.0, 2.237354085603113, 0.19455252918287938, 0.2918287937743191, 0.09727626459143969, 0.0, 0.38910505836575876, 0.0, 0.2918287937743191, 0.19455252918287938, 0.19455252918287938, 0.19455252918287938, 0.19455252918287938, 0.38910505836575876, 0.19455252918287938, 0.09727626459143969, 0.5836575875486382, 0.19455252918287938, 1.264591439688716, 0.0, 0.19455252918287938, 0.0, 0.0, 0.38910505836575876, 0.19455252918287938, 0.8754863813229572, 0.09727626459143969, 0.0, 0.0, 0.5836575875486382, 0.0, 0.2918287937743191, 0.48638132295719844, 1.0700389105058365, 0.2918287937743191, 0.2918287937743191, 0.6809338521400778, 0.2918287937743191, 0.38910505836575876, 0.38910505836575876, 0.0, 0.19455252918287938, 0.19455252918287938, 0.0, 0.7782101167315175, 0.2918287937743191, 0.09727626459143969, 0.2918287937743191, 0.2918287937743191, 0.2918287937743191, 0.09727626459143969, 1.1673151750972763, 0.2918287937743191, 1.264591439688716, 0.2918287937743191, 0.0, 0.2918287937743191, 0.19455252918287938, 0.9727626459143969, 0.2918287937743191, 1.9455252918287937, 0.09727626459143969, 0.38910505836575876, 1.7509727626459144, 0.2918287937743191, 0.5836575875486382, 0.9727626459143969, 0.2918287937743191, 0.9727626459143969, 1.3618677042801557, 0.2918287937743191, 1.556420233463035, 1.556420233463035, 0.38910505836575876, 7.2957198443579765, 0.38910505836575876, 2.7237354085603114, 0.48638132295719844, 1.556420233463035, 2.3346303501945527, 0.2918287937743191, 3.307392996108949, 2.821011673151751, 5.544747081712062, 0.38910505836575876, 0.8754863813229572, 3.5992217898832686, 0.9727626459143969, 2.431906614785992, 1.0700389105058365, 0.48638132295719844, 4.961089494163424]
loss_list=[0.7129161025736137, 0.7180560312726495, 0.8091098107941088, 0.6173453354435635, 0.525277224856734, 0.4157911396960492, 0.4524325913624196, 0.3527609247273776, 0.33878200778962936, 0.3365917463911347, 0.323093138169428, 0.24129224237002186, 0.21519430158571318, 0.3065484646985743, 0.2612866962508224, 0.16157490215985357, 0.1757886682000288, 0.17659439064084514, 0.15564409738263812, 0.13431475399049328, 0.1212265111819819, 0.14016242520221317, 0.14434453581354398, 0.1483574962880683, 0.11247684879258764, 0.14092216286322595, 0.11763162998174177, 0.1184188460410067, 0.1071272112282238, 0.134953937925231, 0.10226657744140481, 0.10795275703460865, 0.12997158443209464, 0.09921837253562572, 0.10061558197633676, 0.09282306303725914, 0.09610694366414001, 0.09624000922042208, 0.08895390004245309, 0.08595091283896168, 0.09041426114358926, 0.07939982469913681, 0.07851851741646486, 0.06591291272423269, 0.09107015822399764, 0.06293232069309498, 0.06769021094443253, 0.08837290580778381, 0.07257282314367335, 0.06939915949728491, 0.07340503745003636, 0.08083258964849885, 0.07191341322772547, 0.0843731970785056, 0.06274571521660109, 0.0733359199652127, 0.06285733731726222, 0.07287963366262155, 0.07067119430948735, 0.0767138602980792, 0.060521079418020506, 0.07065058701774543, 0.06883298238148526, 0.06361438029884019, 0.06648381585841817, 0.06856302298255525, 0.07829960857486903, 0.056031101242967944, 0.06134320501848829, 0.055327892867572295, 0.07225001277052975, 0.08586640164670185, 0.05748985621727585, 0.07078952070022766, 0.061008847660483444, 0.0536173311273634, 0.04778476798658761, 0.07828377953441357, 0.05332701246256912, 0.05208810027285925, 0.04688082589509744, 0.05885294272050318, 0.06228083256030267, 0.047161166188682914, 0.06559693928380822, 0.06360785657401254, 0.05685254939077293, 0.04922873788295496, 0.06088058072452536, 0.06294771366007292, 0.06124778820617383, 0.060938122503944404, 0.05921677245177704, 0.05245925644271474, 0.06587321410846464, 0.04822163600956465, 0.052006606001849365, 0.04740647004604416, 0.056069971949613974, 0.04571290182281449]
BBSR:5.54
ABSR:2.32
max acc:97.39
