======================================
    IID: 0
    Dataset: mnist
    Model: cnn_mnist
    Model Init: None
    Aggregation Function: daba
    Fraction NonIID: 0
    Long attack: 3
    Wide attack: 3
    Style send: trust
    Threshold reject: 0.5
    Threshold down: 0.0
    Attack method: dba
    Fraction of malicious agents: 15.0%
    Poison Frac: 0.2
    Backdoor From 7 to 5
    Attack Begin: 0
    Trigger Shape: square
    Trigger Position X: 0
    Trigger Position Y: 0
    Number of agents: 100
    Fraction of agents each turn: 30(30.0%)
    Local batch size: 50
    Local epoch: 3
    Client_LR: 0.01
    Client_Momentum: 0.9
    Global Rounds: 100
======================================
main_task_accuracy=[0, 12.279999732971191, 24.100000381469727, 14.710000038146973, 46.34000015258789, 55.33000183105469, 58.79999923706055, 64.52999877929688, 39.75, 56.08000183105469, 76.26000213623047, 59.22999954223633, 79.91000366210938, 79.23999786376953, 86.0999984741211, 83.05000305175781, 84.41999816894531, 89.31999969482422, 86.69999694824219, 89.12999725341797, 82.13999938964844, 81.2300033569336, 86.80000305175781, 88.3499984741211, 87.66999816894531, 90.87000274658203, 90.43000030517578, 93.66999816894531, 91.68000030517578, 84.62999725341797, 89.48999786376953, 93.91999816894531, 93.16000366210938, 91.33000183105469, 95.95999908447266, 95.36000061035156, 94.93000030517578, 95.1500015258789, 94.18000030517578, 94.52999877929688, 91.41999816894531, 94.52999877929688, 92.70999908447266, 95.23999786376953, 93.30999755859375, 96.63999938964844, 96.48999786376953, 92.08999633789062, 95.06999969482422, 94.81999969482422, 93.4800033569336, 94.33000183105469, 95.33999633789062, 86.62999725341797, 92.7300033569336, 96.54000091552734, 96.1500015258789, 95.5999984741211, 96.68000030517578, 94.91000366210938, 96.18000030517578, 97.51000213623047, 97.0999984741211, 96.33000183105469, 97.0199966430664, 96.16999816894531, 97.11000061035156, 97.20999908447266, 94.9800033569336, 95.37000274658203, 96.36000061035156, 97.66000366210938, 97.01000213623047, 97.3499984741211, 97.19000244140625, 96.36000061035156, 97.06999969482422, 97.55999755859375, 96.93000030517578, 95.55999755859375, 97.26000213623047, 96.79000091552734, 96.56999969482422, 94.30999755859375, 96.70999908447266, 97.16000366210938, 97.45999908447266, 97.02999877929688, 97.55999755859375, 95.7699966430664, 96.11000061035156, 97.06999969482422, 95.88999938964844, 97.27999877929688, 96.66999816894531, 95.05000305175781, 96.94999694824219, 97.5199966430664, 93.70999908447266, 97.23999786376953, 83.93000030517578]
backdoor_accuracy=[0, 0.0, 89.10505836575875, 0.0, 0.0, 1.4591439688715953, 0.0, 4.961089494163424, 0.0, 0.0, 0.0, 0.0, 0.0, 0.5836575875486382, 0.38910505836575876, 0.19455252918287938, 0.0, 0.0, 0.0, 0.0, 0.2918287937743191, 0.5836575875486382, 0.0, 0.2918287937743191, 0.38910505836575876, 0.2918287937743191, 0.0, 0.0, 0.19455252918287938, 0.38910505836575876, 0.0, 0.0, 0.2918287937743191, 0.19455252918287938, 0.09727626459143969, 0.09727626459143969, 0.09727626459143969, 0.09727626459143969, 0.0, 0.38910505836575876, 0.0, 0.0, 0.0, 0.19455252918287938, 0.2918287937743191, 0.09727626459143969, 0.2918287937743191, 0.2918287937743191, 0.38910505836575876, 0.2918287937743191, 0.38910505836575876, 0.38910505836575876, 0.38910505836575876, 0.19455252918287938, 0.38910505836575876, 0.38910505836575876, 0.19455252918287938, 0.38910505836575876, 0.19455252918287938, 0.19455252918287938, 0.38910505836575876, 0.09727626459143969, 0.48638132295719844, 0.38910505836575876, 0.2918287937743191, 0.19455252918287938, 0.38910505836575876, 0.2918287937743191, 0.09727626459143969, 0.2918287937743191, 0.2918287937743191, 0.09727626459143969, 0.09727626459143969, 0.19455252918287938, 0.38910505836575876, 0.38910505836575876, 0.38910505836575876, 0.19455252918287938, 0.09727626459143969, 0.19455252918287938, 0.48638132295719844, 0.19455252918287938, 0.38910505836575876, 0.38910505836575876, 0.2918287937743191, 0.19455252918287938, 0.38910505836575876, 0.19455252918287938, 0.2918287937743191, 0.7782101167315175, 0.2918287937743191, 0.48638132295719844, 0.38910505836575876, 0.19455252918287938, 0.19455252918287938, 0.19455252918287938, 0.2918287937743191, 0.38910505836575876, 0.2918287937743191, 0.7782101167315175, 0.5836575875486382]
loss_list=[0.5507518182558491, 0.4029779392425148, 0.41369274579174736, 0.41590755966650456, 0.23760414960860962, 0.18000154456071904, 0.1773800213559336, 0.20827992626942987, 0.28858890311251867, 0.23657894444711858, 0.1314500534170061, 0.13300975497728074, 0.1203345510510597, 0.09646260871366862, 0.10028909988885973, 0.0844941641821408, 0.1042383342009581, 0.0924599823419235, 0.07836627316725717, 0.07524972977427016, 0.09448340440452965, 0.08027612166961058, 0.07795055408434169, 0.07975900067498277, 0.09243874922689686, 0.07247589334458784, 0.07050357834500515, 0.0739926787243529, 0.06227225667741045, 0.07360717268821843, 0.06125908458214571, 0.05222277473096594, 0.06325466178176312, 0.06631816586539503, 0.054399789006010606, 0.046126828415691636, 0.05056562142509102, 0.05050529158760449, 0.06340758478280825, 0.056856981899226694, 0.055405748661536094, 0.060318528899423324, 0.06442195458775046, 0.05429474362007119, 0.05611272544009259, 0.04756651201788468, 0.044779450030707636, 0.054582328454677274, 0.05720322560977031, 0.047939232335125946, 0.05542624137833206, 0.054983308447830864, 0.05199801147999147, 0.06755135718730083, 0.06516577929128314, 0.046831663880469825, 0.044651438269645315, 0.052316732863432046, 0.04027522477406961, 0.04283530495298647, 0.04391492521615313, 0.03743251073304906, 0.04420663685614311, 0.0443759142625262, 0.03988497273675738, 0.03927187910266408, 0.03510666315560444, 0.0390570144365756, 0.044028979016206796, 0.048259352129034226, 0.04214874523108755, 0.03552773804263839, 0.03938935385612686, 0.034580064818179435, 0.03439411798675534, 0.03641304581535401, 0.032721433363449, 0.030314452074074388, 0.04038444892583402, 0.04294082852051957, 0.033767852392721065, 0.04087249344743591, 0.04201987361471675, 0.041386225249948415, 0.03532541031582881, 0.03864461209697294, 0.037392089626375004, 0.037678477832975406, 0.03493587075648384, 0.03536268330188974, 0.03519785230640714, 0.03283833657313445, 0.03470833482938264, 0.034677889052004966, 0.038869275139569476, 0.04091576222000796, 0.038581563991867726, 0.03374430147912343, 0.03589262943553897, 0.03931784756790189]
BBSR:99.32
ABSR:78.31
max acc:97.52
