======================================
    IID: 0
    Dataset: mnist
    Model: cnn_mnist
    Model Init: None
    Aggregation Function: daba
    Fraction NonIID: 0
    Long attack: 4
    Wide attack: 4
    Style send: trust
    Threshold reject: 0.5
    Threshold down: 0.0
    Attack method: badnet
    Fraction of malicious agents: 15.0%
    Poison Frac: 0.2
    Backdoor From 7 to 5
    Attack Begin: 0
    Trigger Shape: square
    Trigger Position X: 0
    Trigger Position Y: 0
    Number of agents: 100
    Fraction of agents each turn: 30(30.0%)
    Local batch size: 50
    Local epoch: 3
    Client_LR: 0.01
    Client_Momentum: 0.9
    Global Rounds: 100
======================================
main_task_accuracy=[0, 44.04999923706055, 12.739999771118164, 45.130001068115234, 52.72999954223633, 23.969999313354492, 63.91999816894531, 47.36000061035156, 66.31999969482422, 79.0999984741211, 75.30999755859375, 65.62000274658203, 75.08999633789062, 84.37999725341797, 83.5199966430664, 84.6500015258789, 89.98999786376953, 92.70999908447266, 87.86000061035156, 78.79000091552734, 84.58999633789062, 51.93000030517578, 84.58000183105469, 90.23999786376953, 88.12000274658203, 92.55999755859375, 90.12999725341797, 94.8499984741211, 91.76000213623047, 92.3499984741211, 89.63999938964844, 94.87000274658203, 95.55000305175781, 95.52999877929688, 96.05000305175781, 96.19000244140625, 96.48999786376953, 93.91000366210938, 92.52999877929688, 93.13999938964844, 95.52999877929688, 96.37999725341797, 95.87999725341797, 94.45999908447266, 92.13999938964844, 91.52999877929688, 84.87000274658203, 95.55000305175781, 96.4000015258789, 93.80999755859375, 96.37000274658203, 96.63999938964844, 97.05999755859375, 95.61000061035156, 95.04000091552734, 97.04000091552734, 95.93000030517578, 96.08000183105469, 92.66999816894531, 92.54000091552734, 97.25, 96.80999755859375, 97.37999725341797, 95.2300033569336, 97.5, 97.86000061035156, 94.05000305175781, 96.9800033569336, 96.20999908447266, 97.94000244140625, 96.86000061035156, 97.3499984741211, 97.41999816894531, 98.13999938964844, 98.18000030517578, 96.22000122070312, 94.88999938964844, 97.62000274658203, 97.9800033569336, 97.66000366210938, 94.0199966430664, 97.9000015258789, 98.2300033569336, 95.87999725341797, 96.19999694824219, 97.91000366210938, 97.54000091552734, 97.37000274658203, 96.45999908447266, 97.62999725341797, 97.5199966430664, 98.25, 97.7300033569336, 97.55000305175781, 96.86000061035156, 97.87000274658203, 96.69999694824219, 97.37999725341797, 97.62000274658203, 97.80999755859375, 96.73999786376953]
backdoor_accuracy=[0, 0.0, 0.0, 3.6964980544747084, 0.0, 0.0, 0.6809338521400778, 0.0, 0.0, 0.09727626459143969, 0.0, 0.0, 0.0, 0.0, 0.09727626459143969, 0.09727626459143969, 0.0, 0.0, 0.0, 0.0, 0.0, 0.0, 0.09727626459143969, 0.0, 0.0, 0.0, 0.0, 0.0, 0.0, 0.0, 0.0, 0.0, 0.0, 0.0, 0.0, 0.0, 0.0, 0.0, 0.0, 0.09727626459143969, 0.0, 0.0, 0.0, 0.0, 0.0, 0.0, 0.0, 0.0, 0.0, 0.0, 0.0, 0.0, 0.0, 0.0, 0.0, 0.0, 0.0, 0.0, 0.0, 0.09727626459143969, 0.0, 0.0, 0.0, 0.0, 0.0, 0.0, 0.0, 0.0, 0.0, 0.0, 0.0, 0.09727626459143969, 0.09727626459143969, 0.0, 0.2918287937743191, 0.09727626459143969, 0.0, 0.0, 0.0, 0.0, 0.09727626459143969, 0.0, 0.0, 0.0, 0.09727626459143969, 0.0, 0.0, 0.0, 0.0, 0.09727626459143969, 0.0, 0.0, 0.0, 0.09727626459143969, 0.0, 0.0, 0.0, 0.09727626459143969, 0.0, 0.09727626459143969, 0.09727626459143969]
loss_list=[0.5051383111040224, 0.243405007478611, 0.39460499504878166, 0.19370137853981007, 0.17435289706290075, 0.29172835266332603, 0.26818482401936716, 0.18728228692266463, 0.21264111862751095, 0.13060190698812907, 0.13617285711641525, 0.12259349020996871, 0.13591057077471103, 0.1056915067379877, 0.0913530111361387, 0.09887221828821673, 0.07138241600238134, 0.07593468210440388, 0.0876235269182832, 0.08834568950967467, 0.12191779414942287, 0.18127616079685893, 0.12701452111359518, 0.09919863630111495, 0.08992213226374476, 0.08195424116707355, 0.07405123754557635, 0.061881444753641775, 0.06120968786963789, 0.05751943957272229, 0.0651601524467839, 0.05493282275817659, 0.05497057804715837, 0.047951091823582634, 0.044552556238494495, 0.047990277661645916, 0.059163310330280036, 0.05272921497245264, 0.06429195064601909, 0.0495402587315462, 0.05131286130773312, 0.04944823937799501, 0.03846634873652644, 0.05084282985138732, 0.045201146287641346, 0.06728240942114319, 0.06316643572656093, 0.04651358234029128, 0.04763741592316684, 0.05082772741979899, 0.04416752255299975, 0.043744361502100405, 0.04138933987315192, 0.04315035261345937, 0.052768781674882505, 0.03876020991190512, 0.0413970984498689, 0.04665613772979762, 0.05026580982353195, 0.043761576631693846, 0.033948183659430975, 0.0368991520241171, 0.03325776284091761, 0.045518174117574015, 0.03456418847929031, 0.036295991057749014, 0.039865092973174136, 0.03254326131456421, 0.0333029095421845, 0.027006538784179093, 0.03675297798871477, 0.03370113378714892, 0.0349765522188438, 0.028805453600601275, 0.02927537523408811, 0.04147848756636909, 0.038605943995851454, 0.0365628444707661, 0.028247075371401746, 0.02960495585183296, 0.03753177723257166, 0.032103364316834866, 0.026308954009534577, 0.03633266213678475, 0.03225853641442634, 0.028902671625118195, 0.03105587136593897, 0.03991402808120649, 0.03273144669977904, 0.028907292509702257, 0.03298532602956693, 0.02743629602646841, 0.03023044265915873, 0.03150123279189859, 0.034033191946275985, 0.02849837507251947, 0.026906707906032112, 0.030795083860981367, 0.02657789109144015, 0.027535434578186427]
BBSR:99.42
ABSR:81.86
max acc:98.25
