======================================
    IID: 0
    Dataset: mnist
    Model: Mnist_CNN
    Model Init: None
    Aggregation Function: krum
    Long attack: 3
    Wide attack: 3
    Threshold reject: 0.5
    Threshold down: 0.0
    Attack method: dba
    Fraction of malicious agents: 15.0%
    Poison Frac: 0.2
    Backdoor From 7 to 5
    Attack Begin: 0
    Trigger Shape: square
    Trigger Position X: 0
    Trigger Position Y: 0
    Number of agents: 100
    Fraction of agents each turn: 30(30.0%)
    Local batch size: 50
    Local epoch: 3
    Client_LR: 0.01
    Client_Momentum: 0.9
    Global Rounds: 80
    Proportion of malicious are selected: 0.25
    Average score of malicious clients: 498.150390625
    Average score of benign clients: 372.7466125488281
======================================
main_task_accuracy=[0, 66.75, 76.08999633789062, 83.81999969482422, 85.30999755859375, 85.01000213623047, 88.4800033569336, 88.6500015258789, 87.91999816894531, 90.04000091552734, 89.44000244140625, 91.12000274658203, 90.47000122070312, 90.95999908447266, 91.48999786376953, 92.63999938964844, 91.51000213623047, 93.12000274658203, 92.5999984741211, 93.20999908447266, 93.30999755859375, 94.12999725341797, 94.55999755859375, 94.06999969482422, 94.22000122070312, 94.22000122070312, 94.47000122070312, 94.05999755859375, 93.5, 93.22000122070312, 94.37999725341797, 93.70999908447266, 94.01000213623047, 94.36000061035156, 94.4000015258789, 94.54000091552734, 95.12999725341797, 94.6500015258789, 94.4800033569336, 94.55999755859375, 94.72000122070312, 95.19999694824219, 95.31999969482422, 95.20999908447266, 95.23999786376953, 95.4000015258789, 95.55000305175781, 94.72000122070312, 95.05999755859375, 95.27999877929688, 95.56999969482422, 95.37000274658203, 95.37000274658203, 94.7699966430664, 94.87999725341797, 95.19000244140625, 95.26000213623047, 95.2300033569336, 95.12999725341797, 95.61000061035156, 95.75, 95.86000061035156, 95.41000366210938, 95.38999938964844, 95.9000015258789, 95.37999725341797, 95.63999938964844, 95.81999969482422, 95.66999816894531, 95.41000366210938, 95.62000274658203, 95.58000183105469, 95.61000061035156, 95.91999816894531, 94.75, 95.37000274658203, 95.69000244140625, 95.55999755859375, 95.23999786376953, 95.97000122070312, 95.30999755859375]
backdoor_accuracy=[0, 0.0, 0.0, 0.0, 0.09727626459143969, 0.09727626459143969, 0.0, 0.38910505836575876, 16.731517509727627, 0.09727626459143969, 0.5836575875486382, 0.09727626459143969, 14.980544747081712, 0.6809338521400778, 0.2918287937743191, 0.38910505836575876, 14.202334630350194, 2.529182879377432, 1.7509727626459144, 69.3579766536965, 2.431906614785992, 2.529182879377432, 2.237354085603113, 78.30739299610894, 21.78988326848249, 10.505836575875486, 24.027237354085603, 98.92996108949416, 33.17120622568093, 52.14007782101167, 23.054474708171206, 99.22178988326849, 61.284046692607006, 78.89105058365759, 99.80544747081711, 99.41634241245136, 98.24902723735408, 69.94163424124514, 100.0, 99.61089494163424, 98.5408560311284, 99.70817120622569, 100.0, 100.0, 100.0, 99.90272373540856, 100.0, 99.90272373540856, 99.90272373540856, 100.0, 100.0, 100.0, 100.0, 99.90272373540856, 100.0, 99.90272373540856, 100.0, 100.0, 100.0, 100.0, 100.0, 100.0, 100.0, 100.0, 100.0, 100.0, 100.0, 99.90272373540856, 100.0, 100.0, 100.0, 100.0, 100.0, 100.0, 100.0, 100.0, 100.0, 100.0, 100.0, 100.0, 100.0]
loss_list=[1.411461540815806, 0.7877881761602682, 0.5650229527567974, 0.49404164302078163, 0.4617953411858492, 0.4595024705083684, 0.3795822816816243, 0.3468162457374009, 0.3794598984296875, 0.3459200138771775, 0.35581228143036975, 0.30609742547714647, 0.2895275031526883, 0.31629216091688533, 0.2867154783108319, 0.25834386641855794, 0.28219722634689376, 0.25876041973630587, 0.23654050136342494, 0.25401247837063345, 0.2382386074514326, 0.23121076216262698, 0.2091367800296708, 0.20124285180272178, 0.22143073244128528, 0.20725951561459688, 0.20978904906801427, 0.213696981949092, 0.216736483729134, 0.19299068131549946, 0.19780312046159357, 0.22813456090769238, 0.2078580758722518, 0.20906793422235, 0.2122659643646329, 0.20298240935933218, 0.20571391474022852, 0.2064400793034395, 0.19180416446861176, 0.20461472833289227, 0.21257104878313843, 0.17497155983071547, 0.17850439256713305, 0.20448135348234436, 0.16718096308447797, 0.19039615416026795, 0.17635101043217055, 0.17999027743318233, 0.18112987080316126, 0.16530119118050232, 0.18577497838314322, 0.17509565149231657, 0.16143473549522555, 0.18158467106116608, 0.17980305606268832, 0.16907949258698, 0.1459800425120229, 0.17486284868588858, 0.17833651833875913, 0.1724817154468084, 0.17661633753532904, 0.15596052447949524, 0.17873802706687428, 0.16026438584686742, 0.17111685324795112, 0.19450455556239704, 0.17568836792079953, 0.18372770614482256, 0.17756064516050335, 0.17748072796131986, 0.1883140043722409, 0.1731805187005037, 0.18470267211167893, 0.17306872747492777, 0.1715106300475791, 0.16712564999999646, 0.16877394403975382, 0.17053352031037167, 0.1772364249045201, 0.18164108032219564]
BBSR:100.0
ABSR:100.0
max acc:95.97
