======================================
    IID: 0
    Dataset: mnist
    Model: Mnist_CNN
    Model Init: None
    Aggregation Function: avg
    Long attack: 5
    Wide attack: 5
    Threshold reject: 0.5
    Threshold down: 0.0
    Attack method: badnet
    Fraction of malicious agents: 15.0%
    Poison Frac: 0.2
    Backdoor From 7 to 5
    Attack Begin: 0
    Trigger Shape: square
    Trigger Position X: 0
    Trigger Position Y: 0
    Number of agents: 100
    Fraction of agents each turn: 30(30.0%)
    Local batch size: 50
    Local epoch: 3
    Client_LR: 0.01
    Client_Momentum: 0.9
    Global Rounds: 80
======================================
main_task_accuracy=[0, 79.91999816894531, 88.22000122070312, 91.5199966430664, 93.06999969482422, 94.04000091552734, 94.6500015258789, 95.19000244140625, 95.68000030517578, 96.08999633789062, 96.2300033569336, 96.58000183105469, 96.55999755859375, 96.68000030517578, 96.86000061035156, 96.97000122070312, 97.08999633789062, 97.23999786376953, 97.11000061035156, 97.3499984741211, 97.33999633789062, 97.48999786376953, 97.58000183105469, 97.66999816894531, 97.69000244140625, 97.8499984741211, 97.83999633789062, 97.98999786376953, 98.05999755859375, 98.06999969482422, 98.02999877929688, 98.12000274658203, 98.19000244140625, 98.12000274658203, 98.12999725341797, 98.19000244140625, 98.18000030517578, 98.19999694824219, 98.19999694824219, 98.27999877929688, 98.25, 98.33999633789062, 98.33999633789062, 98.31999969482422, 98.33999633789062, 98.3499984741211, 98.37999725341797, 98.44000244140625, 98.37000274658203, 98.43000030517578, 98.44000244140625, 98.5, 98.5, 98.43000030517578, 98.51000213623047, 98.5, 98.4800033569336, 98.55999755859375, 98.56999969482422, 98.56999969482422, 98.44999694824219, 98.51000213623047, 98.51000213623047, 98.58000183105469, 98.62000274658203, 98.55999755859375, 98.58000183105469, 98.58999633789062, 98.55999755859375, 98.58999633789062, 98.69000244140625, 98.66999816894531, 98.5999984741211, 98.66999816894531, 98.62000274658203, 98.68000030517578, 98.68000030517578, 98.72000122070312, 98.7300033569336, 98.69000244140625, 98.69000244140625]
backdoor_accuracy=[0, 2.3346303501945527, 0.0, 0.09727626459143969, 0.19455252918287938, 0.2918287937743191, 0.2918287937743191, 0.38910505836575876, 0.48638132295719844, 0.48638132295719844, 1.0700389105058365, 1.556420233463035, 2.3346303501945527, 2.6264591439688716, 3.404669260700389, 5.155642023346304, 6.42023346303502, 8.852140077821012, 12.45136186770428, 19.163424124513618, 20.136186770428015, 37.840466926070036, 42.12062256809339, 47.95719844357976, 63.521400778210115, 72.85992217898833, 85.11673151750973, 83.46303501945525, 85.21400778210116, 89.10505836575875, 95.13618677042801, 97.56809338521401, 97.08171206225681, 98.05447470817121, 97.17898832684826, 97.37354085603113, 98.5408560311284, 98.83268482490273, 98.83268482490273, 99.22178988326849, 99.22178988326849, 99.31906614785993, 99.41634241245136, 99.22178988326849, 99.31906614785993, 99.41634241245136, 99.41634241245136, 99.70817120622569, 99.41634241245136, 99.41634241245136, 99.70817120622569, 99.80544747081711, 99.80544747081711, 99.80544747081711, 99.80544747081711, 99.80544747081711, 99.80544747081711, 99.80544747081711, 99.80544747081711, 99.90272373540856, 99.80544747081711, 99.80544747081711, 99.90272373540856, 99.90272373540856, 99.90272373540856, 99.90272373540856, 99.90272373540856, 99.90272373540856, 100.0, 99.90272373540856, 100.0, 100.0, 100.0, 100.0, 100.0, 99.90272373540856, 100.0, 100.0, 100.0, 100.0, 100.0]
loss_list=[1.4213469497483187, 0.6862021250480956, 0.41157884935688493, 0.3313950963243089, 0.26013961045278444, 0.2113384729232451, 0.19476704980538348, 0.17084445573690565, 0.15681410471184387, 0.15018479659814726, 0.1251540150822639, 0.1291082940863991, 0.11648015289125266, 0.1171792084137166, 0.10388078842773057, 0.10794558998413685, 0.09270994992258798, 0.09651598126975573, 0.09101944264598341, 0.08584844951066328, 0.0862453275371926, 0.07797547378977103, 0.08301858067103295, 0.07239479122347096, 0.0762471043872835, 0.07103654069172198, 0.07324808385755838, 0.07482148721353199, 0.07202915775617869, 0.06502001597828261, 0.0639393277951949, 0.0627914929718974, 0.06428831296130977, 0.05615940354835017, 0.057709344369394594, 0.05623209472155348, 0.06202789945022268, 0.05558312523703213, 0.05304314110438678, 0.051171201431560516, 0.05140231771540424, 0.053447070233394484, 0.05451724211746507, 0.048098727102412586, 0.05190834728471765, 0.053237386630387094, 0.04562522349044247, 0.04601628989218782, 0.04745527503757992, 0.053883949984123714, 0.05131110626095294, 0.04765981826369739, 0.048654378784145476, 0.043724366866118, 0.044068288671075026, 0.044562827652165043, 0.044839260207090496, 0.04029252418861348, 0.04152533290754872, 0.04507192327732671, 0.038454857294452416, 0.04424096859781062, 0.04116239973439158, 0.041279941473116234, 0.04208179607213066, 0.039272477050873965, 0.03979839783617838, 0.03662527540094229, 0.03899325074666507, 0.043036911554541674, 0.03749256911349478, 0.037340036212558374, 0.03555894205593645, 0.04040892697877198, 0.03572073566693238, 0.036737560940350196, 0.03376104158532777, 0.030829210186846357, 0.03464349961155823, 0.03206489298903063]
BBSR:100.0
ABSR:99.99
max acc:98.73
