======================================
    IID: 0
    Dataset: cifar
    Model: resnet
    Model Init: None
    Aggregation Function: flame
    Long attack: 3
    Wide attack: 3
    Threshold reject: 0.5
    Threshold down: 0.0
    Attack method: dba
    Fraction of malicious agents: 15.0%
    Poison Frac: 0.2
    Backdoor From 7 to 5
    Attack Begin: 0
    Trigger Shape: square
    Trigger Position X: 0
    Trigger Position Y: 0
    Number of agents: 100
    Fraction of agents each turn: 30(30.0%)
    Local batch size: 50
    Local epoch: 3
    Client_LR: 0.01
    Client_Momentum: 0.9
    Global Rounds: 80
    Noise in FLAME: 0.001
proportion of malicious are selected:0.7125
proportion of benign are selected:0.5177884615384616
======================================
main_task_accuracy=[0, 10.0, 22.979999542236328, 38.310001373291016, 43.11000061035156, 45.06999969482422, 42.75, 51.7599983215332, 49.43000030517578, 53.619998931884766, 55.38999938964844, 54.380001068115234, 55.5, 49.599998474121094, 53.619998931884766, 49.790000915527344, 59.11000061035156, 58.099998474121094, 55.779998779296875, 57.34000015258789, 60.189998626708984, 62.400001525878906, 61.11000061035156, 61.66999816894531, 61.02000045776367, 60.630001068115234, 60.0099983215332, 59.869998931884766, 59.22999954223633, 62.52000045776367, 62.77000045776367, 58.41999816894531, 61.91999816894531, 63.290000915527344, 60.529998779296875, 61.52000045776367, 63.900001525878906, 63.040000915527344, 63.34000015258789, 64.26000213623047, 62.97999954223633, 62.15999984741211, 64.19000244140625, 62.459999084472656, 61.54999923706055, 64.0199966430664, 64.08000183105469, 61.56999969482422, 63.95000076293945, 65.05999755859375, 65.94999694824219, 65.37000274658203, 64.63999938964844, 66.97000122070312, 66.19999694824219, 65.91999816894531, 62.95000076293945, 64.48999786376953, 65.45999908447266, 66.33999633789062, 65.55000305175781, 66.79000091552734, 67.62000274658203, 66.18000030517578, 65.68000030517578, 65.68000030517578, 66.16999816894531, 67.97000122070312, 66.77999877929688, 66.69999694824219, 66.23999786376953, 65.0199966430664, 65.8499984741211, 66.63999938964844, 67.8499984741211, 67.2699966430664, 66.43000030517578, 66.54000091552734, 65.68000030517578, 67.70999908447266, 67.12000274658203]
backdoor_accuracy=[0, 0.0, 13.0, 26.0, 16.5, 9.6, 16.3, 13.9, 2.7, 5.9, 6.3, 10.3, 8.9, 22.4, 6.3, 6.0, 8.6, 13.5, 9.2, 4.5, 4.7, 8.6, 16.8, 17.4, 7.1, 19.6, 16.6, 8.7, 9.7, 15.6, 9.1, 4.3, 14.7, 16.9, 1.7, 11.3, 5.2, 9.6, 6.8, 17.9, 10.4, 9.5, 9.8, 13.7, 8.7, 15.0, 5.3, 9.9, 9.9, 15.2, 7.4, 13.5, 7.4, 8.6, 11.3, 12.4, 20.5, 3.9, 7.7, 6.0, 6.0, 3.7, 6.8, 16.5, 11.0, 13.5, 7.1, 8.1, 8.1, 4.7, 5.1, 15.4, 8.7, 6.5, 13.8, 8.6, 8.2, 4.5, 19.8, 6.5, 10.2]
loss_list=[1.6577439125378925, 1.452310576505131, 1.1637460879153674, 0.9805606929295595, 0.8972096737556987, 0.8144076605555085, 0.6981873543394936, 0.6934160254854296, 0.6509199769091275, 0.6011355946937369, 0.5579011880109708, 0.5964982039346879, 0.5998629339577425, 0.5775470072651903, 0.5866168328250448, 0.5405369436161384, 0.5425057530992975, 0.4874578405963257, 0.47825759434141213, 0.5322555650263612, 0.5299342469043202, 0.4734250839634075, 0.47067362753881353, 0.5003383008535537, 0.4621413009148091, 0.45017239185774494, 0.5027554694257884, 0.480479981943758, 0.5290287392260506, 0.41274772881478483, 0.5100198123283269, 0.5014132128169554, 0.4839023326321816, 0.4206538332245933, 0.5090001479326748, 0.36351007748964353, 0.4137228398025036, 0.40179632912519286, 0.48043235676104407, 0.4023027815072177, 0.4252883028189859, 0.38216867135811794, 0.45339591644186955, 0.5029016297952169, 0.41857134558105213, 0.4425941897144851, 0.47606710547658937, 0.4247929275299733, 0.4764751334822116, 0.4009507724645341, 0.4178096010295364, 0.4112958006246481, 0.43196752204921934, 0.36892681067563704, 0.3302422777338264, 0.39635016722850386, 0.434269141402199, 0.43964156768646934, 0.4723132718168198, 0.44775521720293915, 0.3584053426867145, 0.38813601902427364, 0.3862301645108447, 0.4198094020736041, 0.3993541161683647, 0.4129246590352463, 0.38077688914878915, 0.3978671160852537, 0.3864855555682961, 0.3928240508209759, 0.4003499918105081, 0.42036989464890195, 0.36158630549610193, 0.433010456018512, 0.39190521778965676, 0.329374151606656, 0.42705267916136014, 0.3853611830277886, 0.35979657957175115, 0.3837800611453389]
BBSR:19.8
ABSR:9.76
max acc:67.85
