======================================
    IID: 0
    Dataset: cifar
    Model: resnet
    Model Init: None
    Aggregation Function: avg
    Long attack: 3
    Wide attack: 3
    Threshold reject: 0.5
    Threshold down: 0.0
    Attack method: badnet
    Fraction of malicious agents: 15.0%
    Poison Frac: 0.2
    Backdoor From 7 to 5
    Attack Begin: 0
    Trigger Shape: square
    Trigger Position X: 0
    Trigger Position Y: 0
    Number of agents: 100
    Fraction of agents each turn: 30(30.0%)
    Local batch size: 50
    Local epoch: 3
    Client_LR: 0.01
    Client_Momentum: 0.9
    Global Rounds: 80
======================================
main_task_accuracy=[0, 10.010000228881836, 21.959999084472656, 39.31999969482422, 44.83000183105469, 46.61000061035156, 50.45000076293945, 50.77000045776367, 54.470001220703125, 55.349998474121094, 57.95000076293945, 57.41999816894531, 59.34000015258789, 61.939998626708984, 61.869998931884766, 63.599998474121094, 62.790000915527344, 61.90999984741211, 65.31999969482422, 64.47000122070312, 66.7300033569336, 66.33999633789062, 65.23999786376953, 65.3499984741211, 66.9800033569336, 66.88999938964844, 66.83000183105469, 68.25, 67.79000091552734, 68.61000061035156, 66.97000122070312, 68.66000366210938, 69.08000183105469, 68.62000274658203, 68.68000030517578, 67.68000030517578, 69.5, 68.76000213623047, 69.66000366210938, 69.94000244140625, 68.68000030517578, 70.08999633789062, 70.13999938964844, 69.23999786376953, 69.52999877929688, 69.75, 71.58999633789062, 69.08999633789062, 69.55999755859375, 69.58999633789062, 70.9800033569336, 69.47000122070312, 71.94000244140625, 69.58999633789062, 71.30999755859375, 69.01000213623047, 71.62000274658203, 71.27999877929688, 71.08999633789062, 70.75, 71.87000274658203, 71.11000061035156, 70.81999969482422, 71.86000061035156, 70.93000030517578, 72.41000366210938, 72.30000305175781, 71.5999984741211, 71.83000183105469, 72.3499984741211, 71.44999694824219, 71.11000061035156, 71.88999938964844, 70.5199966430664, 72.97000122070312, 71.80999755859375, 72.08999633789062, 72.25, 72.48999786376953, 72.25, 72.2300033569336]
backdoor_accuracy=[0, 0.0, 4.7, 4.2, 5.7, 11.9, 8.6, 11.1, 10.3, 14.2, 10.3, 21.3, 10.1, 17.7, 9.6, 19.5, 8.7, 15.5, 8.5, 11.1, 5.1, 8.7, 8.4, 12.1, 11.3, 11.8, 4.4, 16.6, 3.3, 12.8, 4.8, 9.9, 5.2, 6.7, 9.3, 3.3, 10.4, 4.6, 9.2, 9.9, 4.4, 9.3, 7.0, 6.4, 12.1, 6.2, 13.0, 4.9, 6.5, 14.5, 7.5, 5.2, 7.0, 6.1, 4.1, 8.4, 4.8, 10.5, 3.9, 10.0, 6.8, 10.0, 5.6, 5.8, 6.3, 9.6, 8.2, 8.4, 5.0, 7.1, 5.5, 10.3, 5.4, 8.0, 4.2, 9.1, 8.4, 4.9, 8.7, 10.7, 4.2]
loss_list=[1.6743555955754383, 1.3967762625217437, 1.0912195350726444, 0.9204623555143673, 0.7900048826179572, 0.7199779923342995, 0.6755693429128993, 0.6249534647870394, 0.6022314313509398, 0.5050545297542379, 0.5722792446571922, 0.5012378293979499, 0.5286821081923941, 0.46363994227722294, 0.46107455582720125, 0.43315950545378856, 0.4405662594559708, 0.4091067415755242, 0.4260691261612294, 0.3707617517886684, 0.343263930742008, 0.3499079326783411, 0.377633633014953, 0.35242628426704964, 0.31028215081793153, 0.33725574595103447, 0.3352325503683339, 0.34082949791621003, 0.26851115590634034, 0.30429053939723716, 0.3143463426678339, 0.28770331611960304, 0.27364016076265313, 0.2441368620203704, 0.26004033960453754, 0.2756410770979709, 0.2920173512593222, 0.24057566301328032, 0.26687745397729384, 0.2515310370275336, 0.21805724716072694, 0.24649006876861673, 0.24484528168880687, 0.22063276697157158, 0.21533257617977342, 0.1893439700006921, 0.20728670109736005, 0.19637325919724788, 0.17193347807404483, 0.18679922054133685, 0.20177644420893764, 0.1752681223586357, 0.1616150123531568, 0.16836579783328087, 0.16820624653185307, 0.13669538590449115, 0.17168484141028276, 0.14704876584078497, 0.1333668790651589, 0.13389623664271005, 0.11341469544244723, 0.15499738996447476, 0.12744221424541644, 0.09845847971038896, 0.10217631392556038, 0.09447532933295909, 0.07799459463308774, 0.1200371960461942, 0.11006067640070491, 0.08928572248615739, 0.10449460865932957, 0.11161888816562066, 0.09272998542893524, 0.07570221606868371, 0.08001393092828545, 0.10667157399157683, 0.08220656197951434, 0.07791332961048789, 0.07882093559740395, 0.09825512090532959]
BBSR:10.7
ABSR:7.28
max acc:72.97
