======================================
    IID: 0
    Dataset: mnist
    Model: Mnist_CNN
    Model Init: None
    Aggregation Function: fltrust
    Long attack: 3
    Wide attack: 3
    Threshold reject: 0.5
    Threshold down: 0.0
    Attack method: badnet
    Fraction of malicious agents: 15.0%
    Poison Frac: 0.2
    Backdoor From 7 to 5
    Attack Begin: 0
    Trigger Shape: square
    Trigger Position X: 0
    Trigger Position Y: 0
    Number of agents: 100
    Fraction of agents each turn: 30(30.0%)
    Local batch size: 50
    Local epoch: 3
    Client_LR: 0.01
    Client_Momentum: 0.9
    Global Rounds: 80
    Dataset In Server: 200
======================================
main_task_accuracy=[0, 62.56999969482422, 81.87000274658203, 86.95999908447266, 89.01000213623047, 89.7699966430664, 90.62000274658203, 91.48999786376953, 91.94000244140625, 92.58999633789062, 92.91000366210938, 93.62000274658203, 93.94999694824219, 94.20999908447266, 94.58000183105469, 94.8499984741211, 95.08000183105469, 95.20999908447266, 95.36000061035156, 95.5199966430664, 95.77999877929688, 95.86000061035156, 96.04000091552734, 96.04000091552734, 96.16000366210938, 96.25, 96.41000366210938, 96.44000244140625, 96.44000244140625, 96.61000061035156, 96.66000366210938, 96.83000183105469, 96.86000061035156, 97.0, 97.0, 97.06999969482422, 97.04000091552734, 97.12000274658203, 96.95999908447266, 97.05000305175781, 97.2300033569336, 97.05000305175781, 97.25, 97.29000091552734, 97.3499984741211, 97.41000366210938, 97.36000061035156, 97.41000366210938, 97.4800033569336, 97.52999877929688, 97.56999969482422, 97.58000183105469, 97.5199966430664, 97.55999755859375, 97.6500015258789, 97.48999786376953, 97.7300033569336, 97.69999694824219, 97.58000183105469, 97.69000244140625, 97.70999908447266, 97.76000213623047, 97.7699966430664, 97.83999633789062, 97.91000366210938, 97.83999633789062, 97.94999694824219, 97.88999938964844, 97.94999694824219, 97.94999694824219, 97.94000244140625, 97.94999694824219, 97.97000122070312, 98.02999877929688, 98.05999755859375, 98.0199966430664, 97.9800033569336, 97.91999816894531, 97.95999908447266, 98.04000091552734, 98.0199966430664]
backdoor_accuracy=[0, 0.0, 0.0, 0.0, 0.0, 0.0, 0.0, 0.0, 0.0, 0.19455252918287938, 0.5836575875486382, 0.5836575875486382, 0.7782101167315175, 0.8754863813229572, 1.264591439688716, 1.3618677042801557, 1.264591439688716, 1.1673151750972763, 1.4591439688715953, 1.7509727626459144, 1.6536964980544746, 1.8482490272373542, 1.8482490272373542, 1.7509727626459144, 2.821011673151751, 3.11284046692607, 3.8910505836575875, 6.22568093385214, 10.408560311284047, 10.408560311284047, 14.105058365758754, 12.45136186770428, 12.256809338521402, 11.867704280155642, 8.365758754863814, 10.408560311284047, 17.607003891050585, 11.089494163424124, 15.17509727626459, 12.45136186770428, 13.035019455252918, 15.077821011673151, 15.369649805447471, 15.272373540856032, 15.077821011673151, 17.315175097276263, 17.120622568093385, 16.828793774319067, 17.898832684824903, 16.147859922178988, 16.439688715953306, 16.926070038910506, 16.634241245136188, 51.459143968871594, 40.856031128404666, 71.3035019455253, 45.719844357976655, 57.976653696498055, 73.5408560311284, 75.58365758754864, 81.32295719844358, 83.65758754863813, 94.8443579766537, 90.85603112840467, 80.44747081712062, 83.36575875486382, 83.65758754863813, 91.24513618677042, 90.1750972762646, 88.52140077821012, 87.64591439688716, 85.89494163424125, 92.50972762645914, 89.88326848249027, 91.82879377431907, 90.75875486381322, 92.99610894941634, 98.24902723735408, 98.5408560311284, 98.63813229571984, 98.83268482490273]
loss_list=[1.4200479693786063, 1.0018861807657011, 0.6773460187243693, 0.535103005133193, 0.4422703385503605, 0.40042727627989017, 0.3515785507481507, 0.33444990841201466, 0.3001296790279072, 0.2722751155006465, 0.25704555521446343, 0.24824280179660727, 0.22626102867188175, 0.2085422290545521, 0.20096627496784988, 0.19378405894914807, 0.17603605472567407, 0.163303789955498, 0.1601127927755993, 0.1534672498270267, 0.14869554385241832, 0.15651157897417292, 0.14700191162357273, 0.14363955233829342, 0.1327704305497158, 0.13145733700707707, 0.1253145139226972, 0.12020739590128261, 0.11967420362622824, 0.11288023794662545, 0.11891652770302813, 0.105024385534114, 0.10513948809139127, 0.10622476337811526, 0.11118547556395031, 0.10669165021796341, 0.11267438858813335, 0.09620339740984932, 0.09483213081833614, 0.102042855754156, 0.09984295075039634, 0.09868053532360742, 0.09311425950368775, 0.0957286344262574, 0.0874084411616992, 0.09094729941112527, 0.08814661572381591, 0.0828818035377848, 0.08625541881733395, 0.08394655881712983, 0.08532009608808416, 0.08570457138873712, 0.08519355396392068, 0.08056879262898511, 0.07879375813321936, 0.085473624347695, 0.08519850387802405, 0.07440456475091232, 0.0754281014206377, 0.07937742706712787, 0.07432761950244318, 0.07780506323900711, 0.07293718402177526, 0.07341800126472882, 0.06273172495279912, 0.07302065713429882, 0.07095443547628065, 0.06740371893922036, 0.07610691055123968, 0.07145668633724327, 0.06875429491599494, 0.07016065258608022, 0.06636500197081742, 0.07165052169996237, 0.06717046108273225, 0.06810860411590906, 0.0651464036020281, 0.06590730477232637, 0.06669135947383688, 0.06914178261244104]
BBSR:98.83
ABSR:94.97
max acc:98.06
