======================================
    IID: 0
    Dataset: fashion_mnist
    Model: cnn_mnist
    Model Init: None
    Aggregation Function: zkp
    Fraction NonIID: 0
    Long attack: 5
    Wide attack: 5
    Wide attack: trust
    Threshold reject: 0.5
    Threshold down: 0.0
    Attack method: dba
    Fraction of malicious agents: 15.0%
    Poison Frac: 0.2
    Backdoor From 7 to 5
    Attack Begin: 0
    Trigger Shape: square
    Trigger Position X: 0
    Trigger Position Y: 0
    Number of agents: 100
    Fraction of agents each turn: 30(30.0%)
    Local batch size: 50
    Local epoch: 3
    Client_LR: 0.01
    Client_Momentum: 0.9
    Global Rounds: 100
======================================
main_task_accuracy=[0, 66.30999755859375, 72.08000183105469, 74.30000305175781, 75.91999816894531, 76.45999908447266, 75.04000091552734, 79.0, 77.69000244140625, 80.52999877929688, 79.18000030517578, 80.70999908447266, 70.8499984741211, 81.72000122070312, 78.37999725341797, 78.55000305175781, 79.63999938964844, 81.2699966430664, 81.2699966430664, 81.98999786376953, 82.83000183105469, 83.86000061035156, 84.0199966430664, 84.0199966430664, 82.97000122070312, 84.47000122070312, 80.7699966430664, 85.5, 85.36000061035156, 84.97000122070312, 84.47000122070312, 83.62999725341797, 85.30000305175781, 80.66999816894531, 85.6500015258789, 84.62999725341797, 84.98999786376953, 86.37000274658203, 86.33999633789062, 83.26000213623047, 83.91000366210938, 85.13999938964844, 85.5999984741211, 87.30999755859375, 84.23999786376953, 86.54000091552734, 86.54000091552734, 86.55000305175781, 82.47000122070312, 86.1500015258789, 87.61000061035156, 86.52999877929688, 86.66000366210938, 87.19000244140625, 86.62000274658203, 83.44999694824219, 86.11000061035156, 87.0199966430664, 87.02999877929688, 87.0199966430664, 87.7699966430664, 86.91999816894531, 85.76000213623047, 87.33999633789062, 88.26000213623047, 87.33999633789062, 86.01000213623047, 86.76000213623047, 87.06999969482422, 87.95999908447266, 88.12000274658203, 86.79000091552734, 87.08999633789062, 87.95999908447266, 87.70999908447266, 86.27999877929688, 87.95999908447266, 86.80000305175781, 87.06999969482422, 88.73999786376953, 88.16000366210938, 87.9000015258789, 86.76000213623047, 88.87000274658203, 87.1500015258789, 87.1500015258789, 85.86000061035156, 88.69000244140625, 88.2300033569336, 88.31999969482422, 88.31999969482422, 88.63999938964844, 88.58999633789062, 88.06999969482422, 88.52999877929688, 89.01000213623047, 89.0, 88.52999877929688, 88.48999786376953, 88.48999786376953, 88.7300033569336]
backdoor_accuracy=[0, 0.0, 0.0, 0.2, 0.1, 21.7, 1.0, 52.4, 70.0, 87.9, 56.1, 96.3, 77.1, 92.5, 89.2, 85.8, 95.1, 97.3, 97.3, 99.9, 99.8, 99.8, 99.9, 99.4, 99.4, 99.4, 99.5, 99.7, 99.7, 99.9, 99.5, 99.9, 99.9, 99.9, 99.9, 100.0, 99.6, 99.9, 99.9, 99.9, 99.9, 100.0, 100.0, 99.9, 99.9, 100.0, 100.0, 99.9, 99.6, 99.9, 100.0, 99.5, 99.9, 99.9, 100.0, 99.9, 100.0, 100.0, 100.0, 100.0, 100.0, 100.0, 100.0, 100.0, 100.0, 100.0, 100.0, 99.9, 100.0, 100.0, 100.0, 100.0, 100.0, 100.0, 100.0, 100.0, 100.0, 100.0, 100.0, 100.0, 100.0, 100.0, 100.0, 100.0, 100.0, 100.0, 100.0, 100.0, 100.0, 100.0, 100.0, 100.0, 100.0, 100.0, 100.0, 100.0, 100.0, 100.0, 100.0, 100.0, 100.0]
loss_list=[1.4256664469286249, 0.8262513428650521, 0.6581560389587171, 0.5649901259414575, 0.5261467534634803, 0.5066508512599049, 0.47128142594463296, 0.4543911800961251, 0.41351203430719935, 0.4394802777579535, 0.4182060946675915, 0.41735338764610114, 0.417854298285588, 0.4121141663166108, 0.42817288511605167, 0.37691971769349436, 0.40293823228804043, 0.3595109820917802, 0.3659682756117372, 0.3700472269138253, 0.3425397744540263, 0.33650012399173446, 0.34108802051179943, 0.34412497694569594, 0.33362746487061185, 0.3261029268856402, 0.3229437096389356, 0.3258325970662689, 0.3208942269664948, 0.3160114693420904, 0.3106515666849358, 0.31689297172620345, 0.32498648586786455, 0.3165144046458106, 0.2752444771290929, 0.33501741438414206, 0.2954498481626312, 0.2857225459896856, 0.27960333027359513, 0.2974821584540661, 0.2949911909453847, 0.27180829834606907, 0.26579024039415855, 0.2905810948357814, 0.26803085764835555, 0.24983214971574919, 0.2784205822412063, 0.2665292640147661, 0.2880730336394023, 0.26713006893793734, 0.25792565562727826, 0.25971198749245594, 0.2589402306186795, 0.25812294300887045, 0.2609560211301195, 0.23925073035406294, 0.27489566930949144, 0.25644562207162375, 0.23826068407786938, 0.23149322436570569, 0.2581524602654907, 0.2560398700767783, 0.2741575913020858, 0.23167619263339378, 0.24939421611079188, 0.250486738231309, 0.24384450672746252, 0.23605814531135058, 0.24400530457410408, 0.2450696039703433, 0.24256580866424848, 0.2548095246742445, 0.23654906444803434, 0.21374715980211342, 0.20894898362112815, 0.2558075491287229, 0.24502316683151373, 0.24436383009025897, 0.23035404114914992, 0.23147520532107188, 0.24042985441715067, 0.22336072179626806, 0.22826776291692144, 0.24169408457215738, 0.21413842812352987, 0.22131169284693902, 0.24160841997557633, 0.21281233069969827, 0.2246066226830913, 0.2067263342871296, 0.2109307688885127, 0.22681869457268883, 0.19597408879824255, 0.22071538432846188, 0.22422826689823225, 0.21178475456415782, 0.21510820648788162, 0.21305590343006225, 0.19782328965935717, 0.2194043127173143]
BBSR:100.0
ABSR:100.0
max acc:89.01
