======================================
    IID: 0
    Dataset: mnist
    Model: cnn_mnist
    Model Init: None
    Aggregation Function: avg
    Fraction NonIID: 0
    Long attack: 3
    Wide attack: 3
    Wide attack: trust
    Threshold reject: 0.5
    Threshold down: 0.0
    Attack method: dba
    Fraction of malicious agents: 15.0%
    Poison Frac: 0.2
    Backdoor From 7 to 5
    Attack Begin: 0
    Trigger Shape: square
    Trigger Position X: 0
    Trigger Position Y: 0
    Number of agents: 100
    Fraction of agents each turn: 30(30.0%)
    Local batch size: 50
    Local epoch: 3
    Client_LR: 0.01
    Client_Momentum: 0.9
    Global Rounds: 100
======================================
main_task_accuracy=[0, 48.52000045776367, 50.86000061035156, 67.72000122070312, 65.69000244140625, 73.38999938964844, 74.08999633789062, 72.44000244140625, 75.11000061035156, 79.48999786376953, 88.58999633789062, 92.51000213623047, 92.27999877929688, 84.70999908447266, 94.80000305175781, 95.05999755859375, 94.38999938964844, 93.66999816894531, 94.87000274658203, 94.7699966430664, 95.4800033569336, 94.76000213623047, 95.62999725341797, 96.16000366210938, 95.38999938964844, 95.58000183105469, 95.83999633789062, 96.4800033569336, 95.8499984741211, 96.37999725341797, 96.88999938964844, 96.77999877929688, 96.6500015258789, 96.5999984741211, 96.41999816894531, 96.91000366210938, 97.45999908447266, 97.30999755859375, 97.12000274658203, 97.4000015258789, 97.63999938964844, 97.75, 97.44999694824219, 97.06999969482422, 97.5, 97.5999984741211, 96.76000213623047, 97.80000305175781, 98.05000305175781, 96.94000244140625, 97.93000030517578, 97.79000091552734, 97.79000091552734, 98.08000183105469, 98.04000091552734, 97.5999984741211, 98.05000305175781, 98.05000305175781, 98.05000305175781, 98.16999816894531, 97.93000030517578, 97.6500015258789, 98.29000091552734, 97.44999694824219, 98.0, 97.93000030517578, 98.33999633789062, 96.77999877929688, 98.12000274658203, 97.5999984741211, 98.37000274658203, 98.02999877929688, 98.0, 98.08999633789062, 98.23999786376953, 98.37000274658203, 98.0999984741211, 97.93000030517578, 98.5, 98.33000183105469, 98.08000183105469, 98.19999694824219, 98.36000061035156, 98.41000366210938, 98.18000030517578, 98.05000305175781, 98.27999877929688, 98.41000366210938, 98.37000274658203, 98.55999755859375, 98.43000030517578, 98.19999694824219, 98.61000061035156, 98.30999755859375, 98.22000122070312, 98.66000366210938, 98.30999755859375, 97.91000366210938, 98.13999938964844, 98.19999694824219, 98.5999984741211]
backdoor_accuracy=[0, 0.0, 0.0, 0.0, 0.6809338521400778, 0.19455252918287938, 0.0, 0.09727626459143969, 0.0, 0.09727626459143969, 0.0, 0.19455252918287938, 0.2918287937743191, 0.0, 0.5836575875486382, 0.19455252918287938, 0.0, 0.0, 0.19455252918287938, 0.09727626459143969, 0.38910505836575876, 0.0, 0.38910505836575876, 0.0, 0.19455252918287938, 0.19455252918287938, 0.09727626459143969, 0.19455252918287938, 0.0, 0.19455252918287938, 0.09727626459143969, 0.19455252918287938, 0.0, 0.38910505836575876, 0.09727626459143969, 0.2918287937743191, 0.38910505836575876, 0.6809338521400778, 0.48638132295719844, 0.9727626459143969, 0.5836575875486382, 1.556420233463035, 0.2918287937743191, 0.9727626459143969, 1.8482490272373542, 1.1673151750972763, 2.140077821011673, 1.7509727626459144, 1.9455252918287937, 1.264591439688716, 1.7509727626459144, 3.501945525291829, 5.447470817120623, 2.3346303501945527, 4.863813229571984, 4.377431906614786, 3.11284046692607, 8.463035019455253, 3.8910505836575875, 8.365758754863814, 11.770428015564203, 14.202334630350194, 7.976653696498055, 11.867704280155642, 8.073929961089494, 12.15953307392996, 37.35408560311284, 14.299610894941635, 26.167315175097276, 28.891050583657588, 45.42801556420233, 20.136186770428015, 39.10505836575876, 25.972762645914397, 29.377431906614785, 28.30739299610895, 82.19844357976653, 16.926070038910506, 58.75486381322957, 21.595330739299612, 27.82101167315175, 58.75486381322957, 85.3112840466926, 33.268482490272376, 83.94941634241245, 79.6692607003891, 73.15175097276264, 88.13229571984436, 77.23735408560312, 79.86381322957199, 89.49416342412451, 60.89494163424124, 90.36964980544747, 91.92607003891051, 72.08171206225681, 89.98054474708171, 94.55252918287938, 91.34241245136187, 97.47081712062257, 91.24513618677042, 95.3307392996109]
loss_list=[0.45696502222457613, 0.3251350578243735, 0.1932439169068242, 0.1570718682398264, 0.1467745900573135, 0.120372443404001, 0.12408168281286433, 0.11005684553683241, 0.10080231208984117, 0.0984120810043556, 0.07716761137738543, 0.0826641746288401, 0.072446937101645, 0.07175038691992472, 0.05225860786766253, 0.058054185317228814, 0.053807346423728995, 0.047182160738122064, 0.048353517527550745, 0.0628618492577184, 0.05008810051330089, 0.05072088638118862, 0.0480173756877243, 0.04937174476627024, 0.04525687373286107, 0.048750429782469504, 0.041965987315477765, 0.04014825952389932, 0.0373039321310689, 0.03924888445523009, 0.04275422876998388, 0.04387711428056827, 0.039047034763335375, 0.03585269494998496, 0.039931730615244604, 0.04019071314942371, 0.03110883021460885, 0.03581411973916935, 0.04240522295995183, 0.03581369087186496, 0.031100241086849823, 0.03275945240239908, 0.03468955458744008, 0.03762046406817736, 0.030538851598752956, 0.02947068369070353, 0.035906249591969, 0.03625849316611336, 0.025268104995547366, 0.032367800923143474, 0.027148212748427495, 0.03253202291993399, 0.027154073839881127, 0.02870574692651561, 0.029785895508812412, 0.023997957593702955, 0.028339988895435608, 0.028914101666313873, 0.024813899080670856, 0.023947612395735986, 0.028924151544952766, 0.02949826065810803, 0.026693758948454167, 0.03091713623961645, 0.025607136846382595, 0.03427622216368877, 0.024845805025846355, 0.026375466897422248, 0.019608579735298545, 0.02872660363823759, 0.026672102361210002, 0.02135138328336623, 0.020220632289089987, 0.024865749923192536, 0.022594732874795846, 0.02310528364506916, 0.028176418941452848, 0.0255693251912447, 0.01865850238027678, 0.021035439197561602, 0.019795013798775195, 0.023144256058234943, 0.02358865534222149, 0.019808840534969736, 0.019559633143120127, 0.02422006070820259, 0.0187387402524789, 0.021232722563689115, 0.01998677229321421, 0.02232627831391877, 0.01925556495824977, 0.024582443075763773, 0.01978456697678173, 0.02261158498152519, 0.020140598803814014, 0.018173542277951947, 0.017157128865156426, 0.023417995306573156, 0.023369753723007515, 0.018764022848402173]
BBSR:97.47
ABSR:87.52
max acc:98.66
