======================================
    IID: 0
    Dataset: fashion_mnist
    Model: cnn_mnist
    Model Init: None
    Aggregation Function: zkp
    Fraction NonIID: 0
    Long attack: 5
    Wide attack: 5
    Wide attack: trust
    Threshold reject: 0.5
    Threshold down: 0.0
    Attack method: dba
    Fraction of malicious agents: 15.0%
    Poison Frac: 0.2
    Backdoor From 7 to 5
    Attack Begin: 0
    Trigger Shape: square
    Trigger Position X: 0
    Trigger Position Y: 0
    Number of agents: 100
    Fraction of agents each turn: 30(30.0%)
    Local batch size: 50
    Local epoch: 3
    Client_LR: 0.01
    Client_Momentum: 0.9
    Global Rounds: 100
======================================
main_task_accuracy=[0, 60.09000015258789, 73.20999908447266, 74.91000366210938, 75.68000030517578, 73.41000366210938, 78.7300033569336, 78.51000213623047, 76.33000183105469, 80.52999877929688, 80.55999755859375, 79.43000030517578, 76.83000183105469, 76.72000122070312, 78.04000091552734, 78.25, 82.12000274658203, 82.7300033569336, 82.66000366210938, 80.73999786376953, 83.61000061035156, 84.33999633789062, 82.93000030517578, 84.12999725341797, 84.70999908447266, 83.05000305175781, 84.5999984741211, 84.62999725341797, 85.1500015258789, 84.9800033569336, 84.2300033569336, 86.08000183105469, 84.83999633789062, 81.81999969482422, 85.79000091552734, 86.25, 85.69000244140625, 86.98999786376953, 85.94000244140625, 86.52999877929688, 85.19000244140625, 87.27999877929688, 84.69999694824219, 86.3499984741211, 86.27999877929688, 87.73999786376953, 87.73999786376953, 87.29000091552734, 86.62999725341797, 86.37999725341797, 86.94000244140625, 87.37000274658203, 86.76000213623047, 85.83000183105469, 85.69999694824219, 87.05999755859375, 85.12000274658203, 85.3499984741211, 86.88999938964844, 82.94999694824219, 87.12999725341797, 88.3499984741211, 87.47000122070312, 87.93000030517578, 88.88999938964844, 83.54000091552734, 87.9000015258789, 88.61000061035156, 88.3499984741211, 87.45999908447266, 88.54000091552734, 87.62000274658203, 88.66999816894531, 88.58999633789062, 88.73999786376953, 88.8499984741211, 87.13999938964844, 88.22000122070312, 87.9000015258789, 88.81999969482422, 87.56999969482422, 87.68000030517578, 88.80000305175781, 89.11000061035156, 89.19999694824219, 88.63999938964844, 88.29000091552734, 87.76000213623047, 88.41999816894531, 88.41999816894531, 88.8499984741211, 89.26000213623047, 87.94000244140625, 86.88999938964844, 89.47000122070312, 88.61000061035156, 88.27999877929688, 89.0999984741211, 85.44000244140625, 88.33999633789062, 88.70999908447266]
backdoor_accuracy=[0, 0.0, 0.0, 0.2, 16.1, 82.4, 70.7, 44.6, 59.7, 73.8, 62.2, 91.2, 59.6, 80.9, 82.8, 74.3, 93.7, 55.1, 96.7, 70.0, 97.4, 94.6, 92.4, 95.8, 99.4, 99.4, 97.4, 99.9, 99.9, 95.4, 99.9, 99.9, 100.0, 99.9, 100.0, 100.0, 100.0, 100.0, 99.6, 100.0, 100.0, 100.0, 100.0, 100.0, 99.9, 100.0, 100.0, 99.9, 100.0, 100.0, 100.0, 100.0, 100.0, 100.0, 100.0, 100.0, 100.0, 100.0, 100.0, 100.0, 100.0, 100.0, 100.0, 100.0, 100.0, 100.0, 100.0, 100.0, 100.0, 100.0, 100.0, 100.0, 100.0, 100.0, 100.0, 100.0, 100.0, 100.0, 100.0, 100.0, 100.0, 100.0, 100.0, 100.0, 100.0, 100.0, 100.0, 100.0, 100.0, 100.0, 100.0, 100.0, 100.0, 100.0, 100.0, 100.0, 100.0, 100.0, 100.0, 100.0, 100.0]
loss_list=[1.4601431156750082, 0.8687615460543723, 0.6154631095765918, 0.5652164109603122, 0.5098702675904387, 0.5243801547076414, 0.487578445935139, 0.4549663305075632, 0.4332448460230674, 0.4282061925088918, 0.44065031945291494, 0.39651386644001363, 0.40070392428034995, 0.39445702132803423, 0.38091274791017715, 0.37476498917159107, 0.3622187333043526, 0.3726119897017876, 0.35107119154461, 0.32223446996261684, 0.3390778405350392, 0.35291399622542996, 0.32267317944378765, 0.3304810280256249, 0.32124630015481404, 0.3405616054725315, 0.35054591531278917, 0.31791230740232607, 0.3093880179096704, 0.30720290081851453, 0.3006918358271597, 0.3247312421737998, 0.2966110360843164, 0.30267269884546594, 0.2824185092105634, 0.3000213329024889, 0.270804186499919, 0.2895812583845798, 0.27442146829087977, 0.29862006619503656, 0.2723515508799918, 0.2609405029496109, 0.2813079534374453, 0.26746477370874744, 0.27968300122043327, 0.2567988437048539, 0.26906198755734495, 0.2719154080134575, 0.27478287343832636, 0.2609189242469492, 0.2692190574292369, 0.2527332357268918, 0.24536359375687664, 0.27543096385413296, 0.2784468722288256, 0.25565701313144357, 0.2542130708470251, 0.2577548955360221, 0.265811792133307, 0.2641059019119927, 0.22679218145397803, 0.22668394118512944, 0.24583775310052766, 0.2381847147967804, 0.22438259093711774, 0.23749855126564692, 0.2223821588446972, 0.22447933425816397, 0.22205707510864295, 0.21491320778753747, 0.23712219134387044, 0.23786794439441078, 0.23740076065856824, 0.23166423081420368, 0.21314291623765944, 0.2093299583376696, 0.23570194211271078, 0.23582408979742064, 0.20650575768409501, 0.21813199545291292, 0.21564787538480704, 0.2145901631322448, 0.19747866676016546, 0.20160441607650786, 0.2098630259555109, 0.21639996361401348, 0.20849660821086552, 0.20067398041935158, 0.20079725532171622, 0.21004581384412532, 0.20089461434873995, 0.20249394645259056, 0.21408718202297608, 0.19412883971214157, 0.19190771888631086, 0.21805118873577425, 0.24005421979387329, 0.19775782208889722, 0.22168545172791237, 0.20355672749725207]
BBSR:100.0
ABSR:100.0
max acc:89.47
