======================================
    IID: 0
    Dataset: mnist
    Model: cnn_mnist
    Model Init: None
    Aggregation Function: avg
    Fraction NonIID: 0
    Long attack: 4
    Wide attack: 4
    Wide attack: trust
    Threshold reject: 0.5
    Threshold down: 0.0
    Attack method: dba
    Fraction of malicious agents: 15.0%
    Poison Frac: 0.2
    Backdoor From 7 to 5
    Attack Begin: 0
    Trigger Shape: square
    Trigger Position X: 0
    Trigger Position Y: 0
    Number of agents: 100
    Fraction of agents each turn: 30(30.0%)
    Local batch size: 50
    Local epoch: 3
    Client_LR: 0.01
    Client_Momentum: 0.9
    Global Rounds: 100
======================================
main_task_accuracy=[0, 32.869998931884766, 60.59000015258789, 51.970001220703125, 71.4000015258789, 79.63999938964844, 86.87000274658203, 84.2699966430664, 82.80000305175781, 85.69000244140625, 87.76000213623047, 87.3499984741211, 91.66000366210938, 89.19999694824219, 89.9800033569336, 93.73999786376953, 89.05999755859375, 93.12999725341797, 92.70999908447266, 94.5199966430664, 94.19999694824219, 95.3499984741211, 94.13999938964844, 93.44999694824219, 94.43000030517578, 95.5, 95.44000244140625, 95.5199966430664, 95.83000183105469, 96.47000122070312, 96.30000305175781, 96.55000305175781, 96.37999725341797, 97.02999877929688, 96.43000030517578, 96.29000091552734, 95.81999969482422, 96.94000244140625, 96.44000244140625, 96.4800033569336, 96.97000122070312, 96.77999877929688, 96.4800033569336, 97.16000366210938, 97.36000061035156, 96.91000366210938, 96.95999908447266, 96.30000305175781, 97.26000213623047, 97.48999786376953, 97.52999877929688, 97.66000366210938, 97.9800033569336, 97.26000213623047, 97.19000244140625, 97.97000122070312, 97.80000305175781, 97.69000244140625, 97.9800033569336, 98.08999633789062, 98.02999877929688, 97.91999816894531, 98.0199966430664, 98.16000366210938, 98.11000061035156, 98.16999816894531, 98.16999816894531, 97.52999877929688, 97.95999908447266, 97.44000244140625, 98.04000091552734, 97.63999938964844, 98.18000030517578, 97.87000274658203, 97.98999786376953, 98.16000366210938, 97.91999816894531, 98.12999725341797, 98.05999755859375, 97.91999816894531, 98.05000305175781, 97.30000305175781, 97.66000366210938, 98.23999786376953, 98.2699966430664, 98.30000305175781, 98.04000091552734, 98.16999816894531, 98.2300033569336, 97.98999786376953, 98.37000274658203, 98.4000015258789, 98.2300033569336, 98.47000122070312, 98.25, 98.4800033569336, 98.08999633789062, 97.98999786376953, 98.41999816894531, 98.23999786376953, 98.44000244140625]
backdoor_accuracy=[0, 0.0, 0.6809338521400778, 0.0, 2.140077821011673, 0.38910505836575876, 0.0, 0.2918287937743191, 0.48638132295719844, 0.09727626459143969, 0.0, 0.19455252918287938, 0.2918287937743191, 0.0, 0.19455252918287938, 0.2918287937743191, 0.0, 0.19455252918287938, 0.0, 0.38910505836575876, 0.0, 0.5836575875486382, 0.09727626459143969, 0.38910505836575876, 0.09727626459143969, 0.09727626459143969, 0.19455252918287938, 0.38910505836575876, 0.09727626459143969, 0.48638132295719844, 0.38910505836575876, 0.2918287937743191, 0.7782101167315175, 0.48638132295719844, 0.48638132295719844, 2.140077821011673, 0.6809338521400778, 3.404669260700389, 1.7509727626459144, 1.7509727626459144, 4.182879377431907, 2.3346303501945527, 3.501945525291829, 2.821011673151751, 6.906614785992218, 3.21011673151751, 9.14396887159533, 4.669260700389105, 8.852140077821012, 4.571984435797665, 11.964980544747082, 6.809338521400778, 9.82490272373541, 23.054474708171206, 14.007782101167315, 25.972762645914397, 21.108949416342412, 16.342412451361866, 40.75875486381323, 35.11673151750973, 56.22568093385214, 46.59533073929961, 55.6420233463035, 48.83268482490272, 39.688715953307394, 58.36575875486381, 57.87937743190661, 80.25291828793775, 28.404669260700388, 52.91828793774319, 85.21400778210116, 47.47081712062257, 83.07392996108949, 53.30739299610895, 88.2295719844358, 77.43190661478599, 61.08949416342413, 77.14007782101167, 84.14396887159533, 82.87937743190662, 89.10505836575875, 57.19844357976654, 87.45136186770428, 92.31517509727627, 93.19066147859922, 86.96498054474708, 91.53696498054475, 89.29961089494164, 95.62256809338521, 87.54863813229572, 92.80155642023347, 90.46692607003891, 94.45525291828794, 94.26070038910505, 91.63424124513618, 98.73540856031128, 87.93774319066148, 94.16342412451363, 97.66536964980544, 98.63813229571984, 93.3852140077821]
loss_list=[0.4928240147076866, 0.3088848585334584, 0.2423430852526426, 0.17570326118562551, 0.15737964965677603, 0.10498438279315732, 0.11475988997471334, 0.1054004544139926, 0.08980292458759334, 0.08789119236064619, 0.07010473681353431, 0.07823599932787176, 0.07251261766809083, 0.06713480353439936, 0.07729969595281333, 0.06374376192115644, 0.0786563492567469, 0.05750651892331899, 0.055421940013586087, 0.052843837910993216, 0.04735584483893799, 0.048384272992439886, 0.05823312207863881, 0.04620079333822686, 0.044613965382155694, 0.04546319508660113, 0.04579013847721972, 0.04470486780864584, 0.03518172612698035, 0.04071525278630548, 0.045513897521714725, 0.04414157534731336, 0.04475759320547296, 0.03010519937820972, 0.030435388842516706, 0.033860372444836716, 0.03265220397825343, 0.03263348967122427, 0.030801973385903902, 0.034951583284645406, 0.03325016096737714, 0.03850828911127783, 0.04110904452689287, 0.03554258844370524, 0.033448686371470804, 0.03320954679614346, 0.029093639232738066, 0.0360707516162582, 0.031003120714584206, 0.035108682478602334, 0.027724731998350207, 0.030054786451916855, 0.030997743114581287, 0.026083450871388938, 0.02508545277509506, 0.02683464799694061, 0.028020907537764674, 0.028226373036050457, 0.029201930842177464, 0.025815288196487755, 0.024238041381425875, 0.027337821552551607, 0.024954979181050052, 0.02447167906779517, 0.02683454826659983, 0.024042992316450556, 0.023461402987789755, 0.02679423030334245, 0.022729144320570167, 0.030042742557727747, 0.022882948238825897, 0.02302142652845428, 0.028162944970153685, 0.02350724629998858, 0.026497667792859635, 0.01882940213526362, 0.02188371342076042, 0.02452679161063025, 0.019967670311558036, 0.025818341498612115, 0.021261766208878836, 0.02622000272098698, 0.02500824642903248, 0.022121425200048984, 0.020997585396416007, 0.022655250601502842, 0.018525080769425724, 0.019724439976530696, 0.018034402405900797, 0.023073222721412608, 0.018249155511304408, 0.01687410173919166, 0.01975892278437021, 0.019148730896905657, 0.02411105981582969, 0.017928383259212064, 0.023176502606537492, 0.02197792471620855, 0.015240937009888048, 0.02009708042715351]
BBSR:98.74
ABSR:94.13
max acc:98.48
