======================================
    IID: 0
    Dataset: fashion_mnist
    Model: cnn_mnist
    Model Init: None
    Aggregation Function: zkp
    Fraction NonIID: 0
    Long attack: 4
    Wide attack: 4
    Wide attack: trust
    Threshold reject: 0.5
    Threshold down: 0.0
    Attack method: dba
    Fraction of malicious agents: 15.0%
    Poison Frac: 0.2
    Backdoor From 7 to 5
    Attack Begin: 0
    Trigger Shape: square
    Trigger Position X: 0
    Trigger Position Y: 0
    Number of agents: 100
    Fraction of agents each turn: 30(30.0%)
    Local batch size: 50
    Local epoch: 3
    Client_LR: 0.01
    Client_Momentum: 0.9
    Global Rounds: 100
======================================
main_task_accuracy=[0, 64.23999786376953, 72.95999908447266, 75.1500015258789, 74.91000366210938, 77.6500015258789, 77.7699966430664, 78.20999908447266, 80.12000274658203, 79.69000244140625, 79.69000244140625, 75.72000122070312, 76.5, 79.0199966430664, 81.51000213623047, 81.56999969482422, 82.30999755859375, 83.16999816894531, 80.30999755859375, 82.31999969482422, 83.22000122070312, 78.76000213623047, 82.58000183105469, 82.56999969482422, 83.93000030517578, 84.20999908447266, 84.79000091552734, 84.79000091552734, 85.25, 84.16999816894531, 83.04000091552734, 80.69000244140625, 84.41999816894531, 84.95999908447266, 80.0, 85.48999786376953, 84.9800033569336, 85.30000305175781, 85.94999694824219, 86.41000366210938, 82.58000183105469, 86.33999633789062, 85.37999725341797, 82.7699966430664, 86.16999816894531, 86.04000091552734, 86.80999755859375, 86.5199966430664, 86.5199966430664, 86.81999969482422, 85.91999816894531, 84.83000183105469, 86.93000030517578, 86.18000030517578, 86.36000061035156, 84.66000366210938, 85.37999725341797, 82.91000366210938, 86.8499984741211, 86.98999786376953, 87.91000366210938, 83.86000061035156, 86.80999755859375, 85.4000015258789, 87.12000274658203, 87.18000030517578, 87.5999984741211, 86.43000030517578, 87.23999786376953, 85.80000305175781, 87.87000274658203, 86.1500015258789, 88.5199966430664, 87.98999786376953, 87.05000305175781, 87.26000213623047, 88.75, 87.6500015258789, 88.48999786376953, 86.98999786376953, 87.91000366210938, 87.79000091552734, 87.79000091552734, 88.2699966430664, 84.80999755859375, 87.23999786376953, 87.79000091552734, 87.66000366210938, 88.4000015258789, 86.62000274658203, 86.9800033569336, 85.69000244140625, 88.30999755859375, 88.87000274658203, 88.77999877929688, 87.54000091552734, 87.73999786376953, 86.43000030517578, 89.0, 88.44000244140625, 87.43000030517578]
backdoor_accuracy=[0, 0.0, 0.0, 0.0, 0.0, 8.6, 95.3, 63.1, 97.6, 91.6, 91.6, 95.1, 98.2, 98.5, 99.6, 97.1, 97.6, 99.5, 99.5, 98.9, 99.8, 99.5, 99.6, 99.4, 99.8, 99.8, 99.9, 99.9, 99.9, 99.9, 100.0, 100.0, 99.9, 99.9, 100.0, 99.9, 97.4, 99.6, 99.9, 99.9, 99.9, 99.9, 99.9, 100.0, 100.0, 100.0, 99.9, 100.0, 100.0, 99.9, 99.9, 99.9, 99.9, 99.9, 100.0, 100.0, 100.0, 99.9, 100.0, 99.9, 99.9, 99.9, 99.9, 100.0, 99.9, 99.9, 100.0, 100.0, 100.0, 100.0, 100.0, 99.9, 100.0, 100.0, 100.0, 100.0, 100.0, 100.0, 100.0, 100.0, 100.0, 100.0, 100.0, 100.0, 100.0, 100.0, 99.9, 100.0, 99.9, 99.9, 100.0, 100.0, 100.0, 99.9, 99.9, 100.0, 100.0, 100.0, 100.0, 100.0, 99.9]
loss_list=[1.4231421249332252, 0.8520172461867332, 0.6153546274950107, 0.5486050065606832, 0.48700726700049846, 0.47596772470408033, 0.48827616369558685, 0.4287809383744994, 0.43456491085666193, 0.40344485410799585, 0.4361108782183793, 0.4252069898432603, 0.4292605294190623, 0.38416457425251055, 0.38876486364752055, 0.3808291269811214, 0.37240659689047817, 0.41452378627188774, 0.3652054749705174, 0.34662218382237125, 0.35684331168455113, 0.3754777075722814, 0.35277488949812114, 0.3277127474684407, 0.3394826769690822, 0.328010790746797, 0.3283792060558443, 0.32339728197289846, 0.32597815588944484, 0.33780841460037564, 0.3442475356989437, 0.34184745980288694, 0.3182412410154939, 0.3167280720408867, 0.3235953708800176, 0.289785604234095, 0.3059137464190523, 0.29975959767277044, 0.2850129944548287, 0.288427604245091, 0.3162038920619697, 0.2766565343675513, 0.29975849546630073, 0.29892199423371085, 0.26877724880145654, 0.28328178527385545, 0.267978988746526, 0.2935602287761867, 0.272704328113684, 0.26163904134839494, 0.2770969960286661, 0.30021167397671555, 0.28143420732683605, 0.26989182197937267, 0.3042388765555288, 0.27021038096950006, 0.28219206903164307, 0.27252518374610823, 0.25943106043635417, 0.2733972893199986, 0.26016847873968935, 0.2915344394605469, 0.2534114368811802, 0.27269382105657347, 0.2622610977488674, 0.2518757993320901, 0.24103390058433571, 0.2566809504655086, 0.2464975423610734, 0.25743525689726493, 0.23301224231513007, 0.24982904730433664, 0.2375855047704169, 0.24335352929515972, 0.24444523822447214, 0.2519802412501088, 0.2357220956607273, 0.25743805219212346, 0.2318112837754328, 0.23581954859179893, 0.2389895839375203, 0.22122720996676776, 0.21824729726994752, 0.23658845150774274, 0.25073714998585206, 0.24784850633996366, 0.21294448710460626, 0.22766232215454452, 0.23977284691882905, 0.22585198499124357, 0.21884826224090329, 0.2424347429829478, 0.22892152142745475, 0.20728315642896908, 0.2166268990754529, 0.23885524966754015, 0.22678401376879603, 0.22774574052266505, 0.2231757193286386, 0.21609819602324734]
BBSR:100.0
ABSR:99.97
max acc:89.0
