======================================
    IID: 0
    Dataset: mnist
    Model: cnn_mnist
    Model Init: None
    Aggregation Function: avg
    Fraction NonIID: 0
    Long attack: 4
    Wide attack: 4
    Wide attack: trust
    Threshold reject: 0.5
    Threshold down: 0.0
    Attack method: badnet
    Fraction of malicious agents: 15.0%
    Poison Frac: 0.2
    Backdoor From 7 to 5
    Attack Begin: 0
    Trigger Shape: square
    Trigger Position X: 0
    Trigger Position Y: 0
    Number of agents: 100
    Fraction of agents each turn: 30(30.0%)
    Local batch size: 50
    Local epoch: 3
    Client_LR: 0.01
    Client_Momentum: 0.9
    Global Rounds: 100
======================================
main_task_accuracy=[0, 54.13999938964844, 47.02000045776367, 70.8499984741211, 74.51000213623047, 75.62000274658203, 81.26000213623047, 82.88999938964844, 85.05999755859375, 84.11000061035156, 87.9800033569336, 90.7300033569336, 89.58000183105469, 90.88999938964844, 91.08000183105469, 92.66999816894531, 94.91000366210938, 92.45999908447266, 92.8499984741211, 92.41999816894531, 94.76000213623047, 95.12000274658203, 94.18000030517578, 90.5199966430664, 95.36000061035156, 95.04000091552734, 96.5199966430664, 96.86000061035156, 95.8499984741211, 94.43000030517578, 92.88999938964844, 95.94999694824219, 96.93000030517578, 96.91000366210938, 96.80999755859375, 97.0199966430664, 96.98999786376953, 97.37000274658203, 97.4000015258789, 97.05000305175781, 96.81999969482422, 97.2699966430664, 97.47000122070312, 97.18000030517578, 97.36000061035156, 97.11000061035156, 97.62999725341797, 97.72000122070312, 97.73999786376953, 97.12000274658203, 97.61000061035156, 97.45999908447266, 97.88999938964844, 95.69999694824219, 96.6500015258789, 97.36000061035156, 97.95999908447266, 97.12999725341797, 96.62000274658203, 96.87000274658203, 98.19000244140625, 97.91000366210938, 98.06999969482422, 98.05000305175781, 97.63999938964844, 98.16000366210938, 98.05999755859375, 98.19000244140625, 97.72000122070312, 98.01000213623047, 98.37999725341797, 98.1500015258789, 98.33000183105469, 98.20999908447266, 98.2699966430664, 97.95999908447266, 98.41000366210938, 98.3499984741211, 98.3499984741211, 97.58999633789062, 98.08000183105469, 98.54000091552734, 98.20999908447266, 98.08999633789062, 98.0, 98.48999786376953, 98.27999877929688, 98.36000061035156, 98.13999938964844, 98.41000366210938, 98.55999755859375, 98.43000030517578, 98.38999938964844, 98.41999816894531, 98.4000015258789, 98.30999755859375, 98.48999786376953, 98.5199966430664, 98.61000061035156, 98.69000244140625, 98.37999725341797]
backdoor_accuracy=[0, 0.0, 0.0, 0.0, 1.556420233463035, 0.0, 1.1673151750972763, 0.0, 0.2918287937743191, 0.19455252918287938, 0.6809338521400778, 2.431906614785992, 1.1673151750972763, 0.48638132295719844, 1.1673151750972763, 2.431906614785992, 1.556420233463035, 3.307392996108949, 1.8482490272373542, 0.38910505836575876, 4.280155642023346, 3.9883268482490273, 3.9883268482490273, 7.101167315175097, 8.657587548638132, 3.0155642023346303, 4.766536964980545, 8.171206225680933, 2.6264591439688716, 7.782101167315175, 11.284046692607005, 20.622568093385215, 9.630350194552529, 9.14396887159533, 7.684824902723736, 11.867704280155642, 5.3501945525291825, 15.17509727626459, 29.377431906614785, 21.108949416342412, 9.53307392996109, 38.13229571984436, 45.525291828793776, 18.3852140077821, 41.24513618677043, 46.10894941634241, 67.60700389105058, 70.71984435797665, 85.7976653696498, 53.89105058365759, 82.78210116731518, 79.08560311284047, 93.3852140077821, 89.10505836575875, 91.53696498054475, 89.59143968871595, 90.95330739299611, 93.48249027237354, 85.89494163424125, 85.3112840466926, 90.27237354085604, 93.77431906614785, 92.21789883268482, 84.72762645914396, 93.57976653696498, 92.21789883268482, 96.49805447470817, 94.16342412451363, 95.23346303501945, 94.74708171206225, 93.96887159533074, 96.3035019455253, 92.12062256809338, 96.3035019455253, 96.49805447470817, 96.49805447470817, 97.95719844357977, 97.17898832684826, 95.3307392996109, 92.02334630350195, 94.55252918287938, 95.3307392996109, 95.62256809338521, 96.49805447470817, 93.19066147859922, 95.8171206225681, 97.76264591439688, 97.17898832684826, 99.12451361867704, 99.12451361867704, 98.63813229571984, 97.37354085603113, 99.61089494163424, 98.92996108949416, 99.31906614785993, 99.80544747081711, 99.22178988326849, 99.80544747081711, 97.66536964980544, 99.31906614785993, 97.27626459143968]
loss_list=[0.5046174225607235, 0.26870257354790206, 0.20273308561828612, 0.17086618026455858, 0.14324050053434326, 0.123097587403245, 0.0946879204807344, 0.1037768775767991, 0.09774647508611331, 0.09211806018121324, 0.08395418283257952, 0.07629556419211059, 0.07939183229845374, 0.06223252198441267, 0.056372978083522395, 0.05571679895649639, 0.04934051959967168, 0.05786870821265193, 0.05365535667673702, 0.050435402046578884, 0.05011162678180657, 0.05291079621780646, 0.044406522572218915, 0.054755937984983856, 0.038762864319940075, 0.04780354914792668, 0.0424510486064765, 0.03616380728071243, 0.03917756393934969, 0.037155698427963776, 0.04045862122241065, 0.039617691797874416, 0.037026524712267625, 0.0337192902788964, 0.034771684390640205, 0.03674578905023278, 0.0366198273038765, 0.03527928259143082, 0.03205204965275867, 0.035463391359748776, 0.03387268278810522, 0.03588709579918114, 0.028375533689967387, 0.03428550502368103, 0.028616027912168513, 0.030372991146269544, 0.032196492090382646, 0.034708843704621004, 0.027947321742960045, 0.031141014177791384, 0.03075261047048067, 0.03198853307866674, 0.023158891890095703, 0.032885602623453004, 0.029083402855451246, 0.02482412796835417, 0.024808472709921044, 0.031078515521528672, 0.02664559490910649, 0.02795310167574772, 0.022860089112194518, 0.024997132264686098, 0.028209086525418193, 0.027458206239047638, 0.025183447997461146, 0.02320212448858717, 0.023285606971674606, 0.025448115769401657, 0.023750530800096474, 0.02218206934992391, 0.0235078878360242, 0.023884041893345802, 0.021988906871876608, 0.019344894499633884, 0.020023789058818, 0.026968974200035682, 0.027030454541450397, 0.017776542600209038, 0.02198319177199034, 0.017880972848751932, 0.022199402346487422, 0.019729505591463213, 0.018866479332107423, 0.0240493521025446, 0.024193289283650714, 0.023094381216766054, 0.024077946305917593, 0.023014092168760273, 0.02070782361496202, 0.017100347980923792, 0.018367241317620277, 0.020529410221895826, 0.016956909469090748, 0.02011533853879738, 0.01988115240272951, 0.023505329273095624, 0.01941686905804082, 0.0182406336397245, 0.020788560286928427, 0.01782404016279037]
BBSR:99.81
ABSR:98.83
max acc:98.69
