======================================
    IID: 0
    Dataset: mnist
    Model: cnn_mnist
    Model Init: None
    Aggregation Function: zkp
    Fraction NonIID: 0
    Long attack: 5
    Wide attack: 5
    Wide attack: trust
    Threshold reject: 0.5
    Threshold down: 0.0
    Attack method: dba
    Fraction of malicious agents: 15.0%
    Poison Frac: 0.2
    Backdoor From 7 to 5
    Attack Begin: 0
    Trigger Shape: square
    Trigger Position X: 0
    Trigger Position Y: 0
    Number of agents: 100
    Fraction of agents each turn: 30(30.0%)
    Local batch size: 50
    Local epoch: 3
    Client_LR: 0.01
    Client_Momentum: 0.9
    Global Rounds: 100
======================================
main_task_accuracy=[0, 18.6200008392334, 44.56999969482422, 22.459999084472656, 68.19999694824219, 58.029998779296875, 52.83000183105469, 70.19999694824219, 70.30000305175781, 70.0999984741211, 69.36000061035156, 80.76000213623047, 75.97000122070312, 55.540000915527344, 84.44000244140625, 68.33999633789062, 83.43000030517578, 92.52999877929688, 84.43000030517578, 85.91999816894531, 82.76000213623047, 90.44000244140625, 93.47000122070312, 90.0199966430664, 86.12000274658203, 89.2699966430664, 93.36000061035156, 91.08000183105469, 90.5, 95.04000091552734, 95.25, 94.04000091552734, 92.94999694824219, 94.77999877929688, 95.2699966430664, 90.88999938964844, 86.16999816894531, 87.9000015258789, 87.4800033569336, 94.22000122070312, 93.83999633789062, 95.30000305175781, 92.02999877929688, 94.76000213623047, 96.91999816894531, 96.20999908447266, 88.43000030517578, 95.01000213623047, 96.76000213623047, 92.80000305175781, 96.26000213623047, 95.69000244140625, 96.20999908447266, 95.16999816894531, 95.36000061035156, 87.6500015258789, 92.55999755859375, 90.75, 95.61000061035156, 97.80999755859375, 96.12999725341797, 96.61000061035156, 89.87000274658203, 95.45999908447266, 96.7699966430664, 97.52999877929688, 96.2699966430664, 97.27999877929688, 94.94999694824219, 97.12000274658203, 97.43000030517578, 97.11000061035156, 97.9000015258789, 97.55000305175781, 97.9000015258789, 97.5199966430664, 94.5999984741211, 96.55999755859375, 97.80000305175781, 97.6500015258789, 97.7699966430664, 96.94999694824219, 97.81999969482422, 97.87000274658203, 97.33999633789062, 97.54000091552734, 95.4000015258789, 96.76000213623047, 96.69999694824219, 96.47000122070312, 97.79000091552734, 97.93000030517578, 97.37999725341797, 97.93000030517578, 97.23999786376953, 97.68000030517578, 97.2699966430664, 95.91000366210938, 97.55000305175781, 98.06999969482422, 98.1500015258789]
backdoor_accuracy=[0, 0.0, 0.0, 0.0, 0.0, 2.431906614785992, 0.0, 0.48638132295719844, 0.0, 1.0700389105058365, 0.0, 0.19455252918287938, 0.19455252918287938, 0.0, 0.48638132295719844, 0.0, 0.38910505836575876, 0.19455252918287938, 0.6809338521400778, 0.2918287937743191, 0.2918287937743191, 0.19455252918287938, 0.09727626459143969, 0.6809338521400778, 0.2918287937743191, 0.38910505836575876, 3.0155642023346303, 0.0, 0.2918287937743191, 0.7782101167315175, 0.5836575875486382, 0.5836575875486382, 0.19455252918287938, 1.0700389105058365, 2.529182879377432, 0.2918287937743191, 5.447470817120623, 1.556420233463035, 1.7509727626459144, 0.9727626459143969, 5.058365758754864, 0.19455252918287938, 0.19455252918287938, 3.21011673151751, 2.529182879377432, 4.474708171206226, 0.2918287937743191, 1.3618677042801557, 9.24124513618677, 5.447470817120623, 1.8482490272373542, 7.198443579766537, 7.684824902723736, 58.65758754863813, 1.3618677042801557, 35.01945525291829, 9.24124513618677, 74.31906614785993, 1.8482490272373542, 25.19455252918288, 9.04669260700389, 49.80544747081712, 4.085603112840467, 55.73929961089494, 19.163424124513618, 69.64980544747081, 19.260700389105057, 98.92996108949416, 98.5408560311284, 24.90272373540856, 74.61089494163424, 24.22178988326848, 51.36186770428016, 90.36964980544747, 71.49805447470817, 19.55252918287938, 72.27626459143968, 9.14396887159533, 89.2023346303502, 57.39299610894942, 78.59922178988327, 90.1750972762646, 82.19844357976653, 40.95330739299611, 43.3852140077821, 97.17898832684826, 45.42801556420233, 99.61089494163424, 83.46303501945525, 99.0272373540856, 73.73540856031128, 99.70817120622569, 99.22178988326849, 100.0, 87.54863813229572, 99.70817120622569, 99.41634241245136, 95.62256809338521, 100.0, 100.0, 99.90272373540856]
loss_list=[0.47715052419988774, 0.4042947897805624, 0.21111594272790665, 0.240097496086728, 0.19837497983163288, 0.13874848913335477, 0.18276464039663004, 0.14175851490371563, 0.12106687162972313, 0.12634708849270743, 0.11935405238478855, 0.10418256957649764, 0.09880543540428703, 0.13516247598799705, 0.11816394491608644, 0.12058001988892639, 0.10044074838695256, 0.06481862796055406, 0.07120939683099284, 0.07986547405185054, 0.07582471475155211, 0.07538020409216581, 0.06356785554497335, 0.05982695278498296, 0.06104164343365059, 0.06863215225692125, 0.060020042275032354, 0.06659652352594565, 0.05230000265447876, 0.04544850698729399, 0.045460127318294095, 0.054411454656142326, 0.05517867280466502, 0.04957990118782803, 0.0396218944527428, 0.05176081890310071, 0.06127561489564001, 0.07142384508222727, 0.05669862653627477, 0.053294945756044626, 0.050835710358138116, 0.046728143924476225, 0.05628104077385427, 0.04284553234890081, 0.03598327490278798, 0.041473073182039216, 0.0578436806039424, 0.03876516756722552, 0.046144787802935364, 0.0455233580953378, 0.04159784718965902, 0.03709340241291435, 0.03924886478314646, 0.037865875157760784, 0.04246695944230491, 0.05146374133022379, 0.04012265482914012, 0.04278599842228736, 0.04924096696080333, 0.035091347133875725, 0.04044420656983659, 0.0369822699665013, 0.04632816563166313, 0.03165247866987322, 0.037523588920148516, 0.026864529042434266, 0.040037661646173076, 0.031040758062647996, 0.03586095820873667, 0.036485089270613426, 0.030855234506094942, 0.032666134257086164, 0.029598363552530902, 0.02894763231174419, 0.02705319892894759, 0.03329477248016735, 0.03163697135175396, 0.032951662973520396, 0.026818073642104527, 0.028402933517423463, 0.026895700839325378, 0.028824870793241027, 0.029412518496972562, 0.026926028726672435, 0.030249117618922815, 0.02789278068862062, 0.03499621597653322, 0.029188959061876425, 0.03581155162042423, 0.031871463996494584, 0.027613449597294202, 0.024956786858077996, 0.023560010297739138, 0.026023563129384933, 0.026975854968388013, 0.025729847282094962, 0.02760094206660036, 0.03550559436819048, 0.027065004994899392, 0.025119162690822205]
BBSR:100.0
ABSR:98.11
max acc:98.15
