======================================
    IID: 0
    Dataset: fashion_mnist
    Model: cnn_mnist
    Model Init: None
    Aggregation Function: avg
    Fraction NonIID: 0
    Long attack: 4
    Wide attack: 4
    Wide attack: trust
    Threshold reject: 0.5
    Threshold down: 0.0
    Attack method: badnet
    Fraction of malicious agents: 15.0%
    Poison Frac: 0.2
    Backdoor From 7 to 5
    Attack Begin: 0
    Trigger Shape: square
    Trigger Position X: 0
    Trigger Position Y: 0
    Number of agents: 100
    Fraction of agents each turn: 30(30.0%)
    Local batch size: 50
    Local epoch: 3
    Client_LR: 0.01
    Client_Momentum: 0.9
    Global Rounds: 100
======================================
main_task_accuracy=[0, 64.48999786376953, 71.94999694824219, 74.69000244140625, 76.55999755859375, 77.29000091552734, 78.7300033569336, 79.1500015258789, 80.30999755859375, 81.12000274658203, 81.61000061035156, 82.29000091552734, 83.04000091552734, 83.01000213623047, 83.70999908447266, 84.05999755859375, 84.3499984741211, 84.77999877929688, 84.63999938964844, 85.0, 85.19999694824219, 85.37000274658203, 85.54000091552734, 85.7699966430664, 86.04000091552734, 85.69000244140625, 86.47000122070312, 86.1500015258789, 86.62000274658203, 86.68000030517578, 86.72000122070312, 86.95999908447266, 86.98999786376953, 87.06999969482422, 87.36000061035156, 87.29000091552734, 87.4800033569336, 87.44000244140625, 87.56999969482422, 87.62999725341797, 87.8499984741211, 87.9000015258789, 87.83000183105469, 87.76000213623047, 88.01000213623047, 87.87999725341797, 88.08999633789062, 88.12999725341797, 88.20999908447266, 88.27999877929688, 88.25, 88.44000244140625, 88.55999755859375, 88.44000244140625, 88.37000274658203, 88.55000305175781, 88.58999633789062, 88.68000030517578, 88.8499984741211, 88.68000030517578, 88.62999725341797, 88.91999816894531, 88.88999938964844, 88.66000366210938, 88.83000183105469, 88.97000122070312, 88.8499984741211, 88.94999694824219, 89.08000183105469, 89.12000274658203, 89.12999725341797, 89.13999938964844, 89.08999633789062, 89.19000244140625, 89.2300033569336, 89.2699966430664, 89.41999816894531, 89.20999908447266, 89.3499984741211, 89.30000305175781, 89.3499984741211, 89.38999938964844, 89.38999938964844, 89.41000366210938, 89.5, 89.58999633789062, 89.77999877929688, 89.47000122070312, 89.80000305175781, 89.62000274658203, 89.81999969482422, 89.68000030517578, 89.87999725341797, 89.73999786376953, 89.83999633789062, 89.8499984741211, 89.73999786376953, 90.06999969482422, 89.93000030517578, 89.87999725341797, 89.80999755859375]
backdoor_accuracy=[0, 0.0, 0.1, 2.5, 9.3, 15.9, 22.2, 29.9, 31.1, 41.0, 50.2, 47.7, 57.2, 57.7, 77.5, 74.4, 75.4, 83.8, 85.7, 87.5, 90.5, 94.3, 94.8, 92.7, 96.0, 97.4, 97.4, 98.2, 98.6, 98.4, 98.7, 99.4, 99.4, 99.4, 99.5, 99.5, 99.5, 99.5, 99.5, 99.6, 99.5, 99.6, 99.6, 99.8, 99.9, 99.8, 99.9, 99.9, 99.9, 99.9, 99.9, 99.9, 99.9, 99.9, 99.9, 99.9, 99.9, 99.9, 99.9, 99.9, 99.9, 100.0, 100.0, 100.0, 100.0, 100.0, 100.0, 100.0, 100.0, 100.0, 100.0, 100.0, 100.0, 100.0, 100.0, 100.0, 100.0, 100.0, 100.0, 100.0, 100.0, 100.0, 100.0, 100.0, 100.0, 100.0, 100.0, 100.0, 100.0, 100.0, 100.0, 100.0, 100.0, 100.0, 100.0, 100.0, 100.0, 100.0, 100.0, 100.0, 100.0]
loss_list=[1.3771634689359755, 0.8222176339615275, 0.633816962937514, 0.5660408686984469, 0.4992171499602221, 0.4987666493419696, 0.4593705835993643, 0.4457134317675674, 0.42234859016068543, 0.42468374860645436, 0.38254987683699077, 0.40968520557852817, 0.39216364143692245, 0.36232139672394154, 0.36697399925302576, 0.3602687435224653, 0.3588089503830782, 0.33661186877914046, 0.3449515884121259, 0.3498512754251284, 0.3514989654706033, 0.3136378085033761, 0.31985159667070817, 0.31708225045284183, 0.3159126659406832, 0.3139485998355128, 0.30783734678256286, 0.30418594826564743, 0.2906077259047716, 0.3074988161869071, 0.2743935947375441, 0.2853662131647407, 0.29196217791004864, 0.27481056053053443, 0.2639463130108736, 0.2742565776048987, 0.29038431733605213, 0.272329392929182, 0.2669517174052695, 0.2695058968763247, 0.23809037579016554, 0.2557641226556842, 0.2591336799509547, 0.26702931905165317, 0.27738532719926706, 0.24823751171912864, 0.25672769241586874, 0.2685927758683209, 0.2486906091648119, 0.26005061892792586, 0.23499926577184208, 0.2383667051688665, 0.23968818916732243, 0.22290094889251993, 0.24703033842767277, 0.23524310784069477, 0.2327617845635999, 0.21994449926229812, 0.2173059438165553, 0.2400988509654309, 0.23309814905126885, 0.24019936514345722, 0.23726748595083205, 0.2255654875016599, 0.22303315591825928, 0.21556378302543808, 0.21350670866150828, 0.22889374571128024, 0.22667269252275152, 0.22566539965121557, 0.21529384323533765, 0.2081289510863523, 0.21173739827893404, 0.2147327068210062, 0.21556940469718372, 0.19611631707046867, 0.20669190594926476, 0.22062228689384122, 0.1988419559335819, 0.21383510746613693, 0.1974570784924759, 0.19965536111655335, 0.21072448094513402, 0.20771066346205777, 0.19869901860753694, 0.19753746427595617, 0.2016510924876288, 0.18861320762446632, 0.20208312652798163, 0.19540402664871956, 0.19024617483632433, 0.19246154798763906, 0.1882378172810638, 0.20165720176020707, 0.18873853898883144, 0.19288812858500967, 0.1891877074510342, 0.20058981377234752, 0.2002519708661431, 0.1843961380542842]
BBSR:100.0
ABSR:100.0
max acc:90.07
