======================================
    IID: 0
    Dataset: cifar
    Model: resnet
    Model Init: None
    Aggregation Function: avg
    Long attack: 4
    Wide attack: 4
    Attack method: dba
    Fraction of malicious agents: 15.0%
    Poison Frac: 0.2
    Backdoor From 7 to 5
    Attack Begin: 0
    Trigger Shape: square
    Trigger Position X: 0
    Trigger Position Y: 0
    Number of agents: 100
    Fraction of agents each turn: 30(30.0%)
    Local batch size: 50
    Local epoch: 3
    Client_LR: 0.01
    Client_Momentum: 0.9
    Global Rounds: 100
======================================
main_task_accuracy=[0, 10.0, 27.59000015258789, 42.099998474121094, 44.88999938964844, 51.56999969482422, 53.81999969482422, 58.310001373291016, 59.31999969482422, 60.86000061035156, 61.61000061035156, 63.310001373291016, 63.63999938964844, 64.16999816894531, 64.12000274658203, 65.48999786376953, 65.54000091552734, 66.0199966430664, 66.58000183105469, 67.27999877929688, 67.44999694824219, 67.66000366210938, 67.68000030517578, 68.2699966430664, 69.6500015258789, 69.76000213623047, 70.12000274658203, 69.9000015258789, 69.68000030517578, 70.79000091552734, 70.66000366210938, 70.98999786376953, 71.51000213623047, 70.87000274658203, 71.63999938964844, 71.47000122070312, 71.87999725341797, 72.25, 71.80999755859375, 72.19999694824219, 71.91999816894531, 72.93000030517578, 72.80000305175781, 72.61000061035156, 72.51000213623047, 72.83999633789062, 72.7300033569336, 72.8499984741211, 72.44999694824219, 72.91000366210938, 73.0199966430664, 73.16000366210938, 72.88999938964844, 72.91000366210938, 73.08000183105469, 73.08999633789062, 73.11000061035156, 73.20999908447266, 73.2300033569336, 73.02999877929688, 72.86000061035156, 73.0, 72.9000015258789, 72.62999725341797, 72.86000061035156, 72.77999877929688, 72.9000015258789, 72.7300033569336, 73.08999633789062, 73.0999984741211, 72.88999938964844, 72.87999725341797, 72.80999755859375, 72.80000305175781, 72.7699966430664, 72.83000183105469, 72.80000305175781, 72.75, 72.61000061035156, 72.69000244140625, 72.69000244140625, 72.77999877929688, 72.73999786376953, 72.69000244140625, 72.5999984741211, 72.4800033569336, 72.52999877929688, 72.56999969482422, 72.63999938964844, 72.68000030517578, 72.44999694824219, 72.56999969482422, 72.51000213623047, 72.4800033569336, 72.58000183105469, 72.5, 72.38999938964844, 72.4800033569336, 72.52999877929688, 72.4000015258789, 72.41999816894531]
backdoor_accuracy=[0, 10.0, 27.65999984741211, 44.09000015258789, 45.939998626708984, 52.5099983215332, 55.209999084472656, 57.15999984741211, 59.93000030517578, 60.709999084472656, 61.720001220703125, 63.119998931884766, 64.52999877929688, 65.45999908447266, 65.22000122070312, 65.54000091552734, 67.5199966430664, 66.37999725341797, 67.70999908447266, 67.5999984741211, 67.80000305175781, 67.77999877929688, 67.83999633789062, 68.58000183105469, 69.5199966430664, 69.7699966430664, 69.66000366210938, 70.55000305175781, 70.75, 70.68000030517578, 71.2300033569336, 71.19999694824219, 71.26000213623047, 72.19000244140625, 72.36000061035156, 72.33999633789062, 72.27999877929688, 72.80999755859375, 73.08000183105469, 72.83999633789062, 72.62000274658203, 72.3499984741211, 73.05999755859375, 73.29000091552734, 73.77999877929688, 73.63999938964844, 73.33000183105469, 73.72000122070312, 73.4000015258789, 73.55999755859375, 73.30000305175781, 73.4000015258789, 73.48999786376953, 73.55000305175781, 73.5, 73.62999725341797, 73.7699966430664, 73.47000122070312, 73.55999755859375, 73.61000061035156, 73.43000030517578, 73.54000091552734, 73.63999938964844, 73.62999725341797, 73.68000030517578, 73.61000061035156, 73.62999725341797, 73.52999877929688, 73.56999969482422, 73.58000183105469, 73.37999725341797, 73.51000213623047, 73.44000244140625, 73.37999725341797, 73.4000015258789, 73.41000366210938, 73.37999725341797, 73.36000061035156, 73.41999816894531, 73.37000274658203, 73.37000274658203, 73.29000091552734, 73.2699966430664, 73.29000091552734, 73.12000274658203, 73.30999755859375, 73.27999877929688, 73.20999908447266, 73.16000366210938, 73.19999694824219, 73.2300033569336, 73.2699966430664, 73.22000122070312, 73.33999633789062, 73.25, 73.2300033569336, 73.18000030517578, 73.2300033569336, 73.22000122070312, 73.16000366210938, 73.33999633789062]
loss_list=[1.9847618292437663, 1.5451540229055614, 1.1458342238598402, 0.9531922262907029, 0.7821021136972639, 0.6990781812535392, 0.5944497715702487, 0.5484312432818115, 0.5027375253869427, 0.47334738863218145, 0.4519596325316363, 0.3984363183896574, 0.387082103479964, 0.41779298074336507, 0.36410129021853216, 0.34441588319838046, 0.2878059654305172, 0.2882934469755532, 0.2920454424200579, 0.26574275441260803, 0.2906042024979575, 0.2350797904308678, 0.22764953404251073, 0.28527339878595537, 0.19310371849427213, 0.13438937943920287, 0.21210186020561697, 0.2085711699010183, 0.15910122188558387, 0.11112956838358917, 0.18015410485315245, 0.12431907812366262, 0.13541673162395856, 0.1264188734165186, 0.10417665314498463, 0.08551847722226134, 0.10081361008077185, 0.09452835917631294, 0.05714314345943017, 0.08668107767540882, 0.05545640738571011, 0.0451548335422477, 0.058461736402855936, 0.07736828752867747, 0.04335663898589297, 0.035074703787136556, 0.05093556055951114, 0.05358540761452686, 0.048856183973742494, 0.012991932140850827, 0.03026284909564613, 0.011211997270357743, 0.022118247097015327, 0.040010502358911466, 0.012463964465876215, 0.008115508618211607, 0.00819041747399347, 0.006382850089349734, 0.005077068383947738, 0.003741423412720905, 0.006585817743778333, 0.004670622478362121, 0.002796242794009029, 0.0033678999439224646, 0.002625006805109378, 0.0028051949370678305, 0.0034417081989684246, 0.019107246666713366, 0.0027230534995841384, 0.0038678275213492766, 0.0021441829970555975, 0.002892978769507156, 0.002165296492279999, 0.01224098655875423, 0.002509460505259793, 0.001573386742214401, 0.0018430707335614388, 0.0045090404168715605, 0.0013190825689040745, 0.0013802047358735254, 0.0010980693424547403, 0.0022549212039868712, 0.0011668163847773233, 0.0015059858682636537, 0.002882740205330062, 0.00269681968493387, 0.0015263489393368625, 0.0012155523182769276, 0.0009362329245454423, 0.0027472781436679535, 0.0008676868947885748, 0.0008413775686009709, 0.0013031733957905092, 0.000772192136048236, 0.0009621351769116398, 0.0010383654510224007, 0.0007123653355018984, 0.0011912851425667113, 0.0007041252361199846, 0.0006377812049726749]
BBSR:9.1
ABSR:8.9
max acc:72.58
