======================================
    IID: 0
    Dataset: cifar
    Model: resnet
    Model Init: None
    Aggregation Function: daba
    Long attack: 4
    Wide attack: 4
    Threshold reject: 0.5
    Threshold down: 0.2
    Attack method: badnet
    Fraction of malicious agents: 15.0%
    Poison Frac: 0.2
    Backdoor From 7 to 5
    Attack Begin: 0
    Trigger Shape: square
    Trigger Position X: 0
    Trigger Position Y: 0
    Number of agents: 100
    Fraction of agents each turn: 30(30.0%)
    Local batch size: 50
    Local epoch: 3
    Client_LR: 0.01
    Client_Momentum: 0.9
    Global Rounds: 100
======================================
main_task_accuracy=[0, 10.4399995803833, 19.049999237060547, 39.25, 42.119998931884766, 44.68000030517578, 46.70000076293945, 50.779998779296875, 54.849998474121094, 54.959999084472656, 55.619998931884766, 57.709999084472656, 57.619998931884766, 60.959999084472656, 59.849998474121094, 59.61000061035156, 60.33000183105469, 62.54999923706055, 62.720001220703125, 62.16999816894531, 62.83000183105469, 62.959999084472656, 65.41000366210938, 65.62000274658203, 64.58000183105469, 64.30999755859375, 66.83000183105469, 63.95000076293945, 65.2699966430664, 65.62000274658203, 66.22000122070312, 65.27999877929688, 68.41000366210938, 67.83000183105469, 67.23999786376953, 68.94000244140625, 67.0, 68.30999755859375, 67.8499984741211, 69.12000274658203, 67.44000244140625, 68.75, 70.62000274658203, 68.0, 68.45999908447266, 68.94999694824219, 69.06999969482422, 69.37999725341797, 70.19999694824219, 69.47000122070312, 70.2300033569336, 68.19000244140625, 69.0999984741211, 69.55000305175781, 71.30000305175781, 68.7699966430664, 70.20999908447266, 70.80000305175781, 70.55999755859375, 70.80000305175781, 71.19000244140625, 71.55999755859375, 71.30999755859375, 70.25, 70.8499984741211, 71.63999938964844, 70.41999816894531, 71.0999984741211, 72.18000030517578, 72.0199966430664, 72.06999969482422, 71.76000213623047, 70.62999725341797, 71.16999816894531, 69.70999908447266, 72.41000366210938, 72.77999877929688, 71.37000274658203, 71.95999908447266, 69.63999938964844, 71.55999755859375, 72.11000061035156, 71.77999877929688, 71.45999908447266, 72.30000305175781, 71.9000015258789, 72.54000091552734, 72.9000015258789, 72.47000122070312, 71.7300033569336, 73.27999877929688, 72.04000091552734, 73.02999877929688, 72.25, 73.0199966430664, 72.87999725341797, 72.56999969482422, 72.1500015258789, 73.06999969482422, 73.1500015258789, 72.69999694824219]
backdoor_accuracy=[0, 0.0, 6.1, 19.5, 26.1, 7.7, 10.6, 8.9, 8.1, 12.8, 9.1, 10.6, 10.8, 9.9, 13.0, 6.3, 12.6, 7.7, 11.3, 14.8, 13.0, 9.8, 5.4, 8.5, 9.4, 11.3, 5.5, 5.9, 7.7, 8.0, 8.9, 5.1, 7.2, 11.9, 4.4, 8.3, 7.4, 8.0, 7.5, 8.2, 13.7, 4.6, 6.4, 7.0, 12.4, 4.4, 4.9, 8.6, 8.7, 5.9, 4.0, 10.9, 4.1, 8.5, 5.6, 7.8, 2.9, 7.1, 11.8, 5.2, 6.5, 7.4, 6.9, 10.2, 8.3, 8.1, 6.8, 5.4, 5.6, 8.4, 11.0, 7.1, 7.2, 3.0, 9.9, 9.0, 4.8, 7.0, 10.3, 7.6, 6.7, 6.1, 7.7, 7.9, 6.2, 6.9, 6.1, 6.9, 7.1, 5.9, 6.6, 15.6, 2.8, 11.3, 3.9, 8.3, 8.4, 11.5, 5.2, 5.1, 9.7]
loss_list=[1.6484339201450349, 1.390259423785739, 1.0939949882030489, 0.9437928760548433, 0.825596839276453, 0.7154186286114983, 0.6795566769440968, 0.6190254629237784, 0.5873507004210518, 0.5699798269362913, 0.5269428938937682, 0.5063893984775577, 0.4774638529121876, 0.48067224553682736, 0.4600470861709779, 0.47262510529408835, 0.40885637586212004, 0.4116398401786056, 0.3909869471968461, 0.4394270677285061, 0.3710264754336742, 0.35830696812986085, 0.3606750338897109, 0.35378910531496827, 0.3339785738703277, 0.32305332607020515, 0.3801207907321967, 0.34037397389300167, 0.3131584310014215, 0.3122393859974626, 0.3107706568868728, 0.272814946927958, 0.2617942339554429, 0.2648198295374298, 0.2559248947409085, 0.281121562333881, 0.25354596027587023, 0.2632439561834972, 0.22818665211709835, 0.2541260842937562, 0.2505204791487712, 0.2352457085877864, 0.18338184994748896, 0.24329864339696036, 0.2087330495981345, 0.19418078758934923, 0.20135998901354876, 0.19884432983481223, 0.19127109201896628, 0.19259030843205338, 0.20222322875206986, 0.19876203984849988, 0.17588823460637487, 0.17360775029881756, 0.17511126870755103, 0.15334534555156196, 0.15017492758912138, 0.1510188671819762, 0.1206054464868632, 0.14471938211380295, 0.11823216510794334, 0.1247917277642086, 0.12418816083770556, 0.12691280195437787, 0.12562578533879581, 0.1351597896257752, 0.1143965382745955, 0.1052132177580562, 0.11551499579774421, 0.09770285012950707, 0.10894857292516263, 0.10076710622114153, 0.10207026334337167, 0.11796008379327962, 0.08892442294027811, 0.08114167683958334, 0.09263803601161474, 0.07650917702749009, 0.08465434208289176, 0.10108629952511465, 0.07052275894885597, 0.06647677511196685, 0.06333324706586103, 0.07666713895331163, 0.0626142753557522, 0.05435736753563914, 0.04975706266016156, 0.05600712581747858, 0.05854282375250478, 0.056129799777635436, 0.04637830411884352, 0.042731314327457866, 0.04776511895143712, 0.04390265820392718, 0.03777143445435083, 0.03871525954461604, 0.03129117941058616, 0.024995098463647683, 0.020239164065003718, 0.0336680306973479]
BBSR:15.6
ABSR:8.18
max acc:73.15
