======================================
    IID: 0
    Dataset: cifar
    Model: resnet
    Model Init: None
    Aggregation Function: avg
    Long attack: 3
    Wide attack: 3
    Attack method: badnet
    Fraction of malicious agents: 15.0%
    Poison Frac: 0.2
    Backdoor From 7 to 5
    Attack Begin: 0
    Trigger Shape: square
    Trigger Position X: 0
    Trigger Position Y: 0
    Number of agents: 100
    Fraction of agents each turn: 30(30.0%)
    Local batch size: 50
    Local epoch: 3
    Client_LR: 0.01
    Client_Momentum: 0.9
    Global Rounds: 100
======================================
main_task_accuracy=[0, 10.0, 10.0, 10.0, 15.960000038146973, 10.0, 17.940000534057617, 13.079999923706055, 21.3799991607666, 10.140000343322754, 17.290000915527344, 18.920000076293945, 10.0, 18.239999771118164, 17.1299991607666, 11.680000305175781, 22.90999984741211, 22.670000076293945, 18.190000534057617, 16.31999969482422, 17.360000610351562, 17.06999969482422, 21.8799991607666, 13.640000343322754, 18.93000030517578, 21.360000610351562, 25.219999313354492, 27.75, 15.220000267028809, 13.670000076293945, 29.0, 21.670000076293945, 31.5, 20.770000457763672, 20.850000381469727, 19.25, 19.209999084472656, 10.229999542236328, 24.06999969482422, 22.540000915527344, 28.610000610351562, 24.600000381469727, 32.060001373291016, 21.59000015258789, 20.18000030517578, 28.450000762939453, 21.59000015258789, 21.8700008392334, 27.68000030517578, 27.3799991607666, 34.720001220703125, 19.81999969482422, 32.20000076293945, 12.420000076293945, 22.989999771118164, 27.93000030517578, 38.20000076293945, 28.690000534057617, 37.13999938964844, 31.649999618530273, 28.719999313354492, 30.729999542236328, 16.719999313354492, 29.6200008392334, 20.729999542236328, 28.809999465942383, 36.619998931884766, 17.950000762939453, 30.850000381469727, 29.059999465942383, 19.34000015258789, 36.66999816894531, 31.280000686645508, 25.600000381469727, 40.72999954223633, 28.719999313354492, 33.4900016784668, 18.420000076293945, 34.15999984741211, 19.780000686645508, 29.329999923706055, 34.25, 34.25, 40.5099983215332, 21.579999923706055, 17.270000457763672, 27.84000015258789, 23.56999969482422, 35.84000015258789, 33.61000061035156, 33.0099983215332, 19.670000076293945, 28.200000762939453, 27.389999389648438, 33.66999816894531, 33.439998626708984, 31.1200008392334, 26.299999237060547, 39.689998626708984, 40.150001525878906, 38.189998626708984]
backdoor_accuracy=[0, 10.0, 33.88999938964844, 40.70000076293945, 49.7599983215332, 50.08000183105469, 53.189998626708984, 55.400001525878906, 55.68000030517578, 55.900001525878906, 57.52000045776367, 55.720001220703125, 58.4900016784668, 60.66999816894531, 60.880001068115234, 61.36000061035156, 61.689998626708984, 62.59000015258789, 59.779998779296875, 63.40999984741211, 64.27999877929688, 64.72000122070312, 65.33000183105469, 61.189998626708984, 61.970001220703125, 63.88999938964844, 64.33999633789062, 63.61000061035156, 65.20999908447266, 65.77999877929688, 65.55000305175781, 65.87999725341797, 67.08000183105469, 65.80000305175781, 66.19000244140625, 66.38999938964844, 66.7300033569336, 65.62000274658203, 66.37000274658203, 67.33000183105469, 68.26000213623047, 67.87000274658203, 66.0, 66.05000305175781, 67.66999816894531, 67.55000305175781, 68.36000061035156, 68.44000244140625, 68.29000091552734, 68.0199966430664, 67.83999633789062, 67.8499984741211, 68.68000030517578, 69.20999908447266, 68.52999877929688, 68.9000015258789, 68.36000061035156, 68.0999984741211, 68.62999725341797, 68.11000061035156, 68.0199966430664, 68.0, 68.02999877929688, 68.06999969482422, 67.7300033569336, 68.16000366210938, 69.23999786376953, 68.2699966430664, 69.05000305175781, 68.94999694824219, 69.68000030517578, 69.55000305175781, 69.86000061035156, 69.86000061035156, 68.27999877929688, 69.45999908447266, 67.16000366210938, 69.9000015258789, 69.87999725341797, 69.80999755859375, 68.88999938964844, 68.91999816894531, 68.61000061035156, 70.25, 69.94999694824219, 69.12999725341797, 70.62999725341797, 69.62999725341797, 69.13999938964844, 69.9000015258789, 69.93000030517578, 69.72000122070312, 70.2699966430664, 69.79000091552734, 69.9800033569336, 69.63999938964844, 69.62999725341797, 69.01000213623047, 70.19999694824219, 70.08999633789062, 70.4000015258789]
loss_list=[0.5453403062104056, 0.6734091427584381, 0.7115971674955692, 0.8069557199509655, 0.5987979671346519, 0.6218297001322924, 0.551863095750732, 0.6500790342483456, 0.5526256857674665, 0.5288968636232465, 0.4811782085104382, 0.5243661167865026, 0.46941989596110284, 0.46262136696744777, 0.46011871402585386, 0.43969462086312816, 0.4294572973753448, 0.3418593072302433, 0.3319700704152762, 0.40074852054214144, 0.37412921973140184, 0.44597931468247637, 0.4255396738233757, 0.39541090417553254, 0.4052124883969728, 0.3888531858249571, 0.27999013836889913, 0.27622376506863655, 0.3545994629376669, 0.3910871530922415, 0.342195075364677, 0.23020534573229995, 0.29221527979540085, 0.33857551204827563, 0.36298320113540583, 0.368908151044533, 0.3870019093144329, 0.3272029216419831, 0.25733725076931196, 0.2779829418451403, 0.3051467144780223, 0.34910252377023704, 0.3023585038025299, 0.3098996128133709, 0.3054994437095069, 0.27275387907442666, 0.29834281125981266, 0.27392046690207045, 0.25548985199014046, 0.21994108046512575, 0.272737662906, 0.2573444477494097, 0.3245831345280657, 0.22013535064299644, 0.29386798965176697, 0.2437853167077543, 0.24198343199174996, 0.21449387290331354, 0.20714918274658006, 0.20843192703924662, 0.22046265893067865, 0.209432001125428, 0.20213750479141285, 0.23706297150030958, 0.26807881366475167, 0.2659295593263233, 0.23822504230187308, 0.2086611481493997, 0.23366480260954034, 0.23091075443642495, 0.20241082734878396, 0.2052574018721671, 0.1702937438941719, 0.16891376160405486, 0.1553414390320136, 0.17555888306102335, 0.21389723577865372, 0.18981520280044326, 0.18088450282074625, 0.19629508137705792, 0.2219423507228942, 0.17985095680949387, 0.17560978861493898, 0.20611703966384914, 0.25426383948662884, 0.25476168539752647, 0.23589225726704066, 0.21274231298265212, 0.18231651849983116, 0.17732830639627106, 0.14940676626288443, 0.1648860959119512, 0.18018429587517498, 0.2314628848069183, 0.16394203324986828, 0.16989660115158528, 0.17583775524246564, 0.20429109841827361, 0.12092876790303829, 0.11882535726198264]
BBSR:83.7
ABSR:13.41
max acc:40.15
