======================================
    IID: 0
    Dataset: cifar
    Model: resnet
    Model Init: None
    Aggregation Function: daba
    Long attack: 5
    Wide attack: 5
    Threshold reject: 0.6
    Threshold down: 0.2
    Attack method: dba
    Fraction of malicious agents: 15.0%
    Poison Frac: 0.2
    Backdoor From 7 to 5
    Attack Begin: 0
    Trigger Shape: square
    Trigger Position X: 0
    Trigger Position Y: 0
    Number of agents: 100
    Fraction of agents each turn: 30(30.0%)
    Local batch size: 50
    Local epoch: 3
    Client_LR: 0.01
    Client_Momentum: 0.9
    Global Rounds: 100
======================================
main_task_accuracy=[0, 10.0, 29.219999313354492, 41.709999084472656, 44.970001220703125, 44.34000015258789, 50.849998474121094, 44.25, 51.189998626708984, 52.459999084472656, 55.689998626708984, 56.439998626708984, 57.36000061035156, 59.65999984741211, 58.88999938964844, 61.91999816894531, 57.88999938964844, 62.77000045776367, 61.29999923706055, 63.7599983215332, 63.20000076293945, 63.959999084472656, 63.43000030517578, 63.90999984741211, 65.38999938964844, 65.77999877929688, 65.5199966430664, 67.0999984741211, 63.290000915527344, 67.13999938964844, 65.16999816894531, 66.7699966430664, 67.7300033569336, 68.43000030517578, 66.69999694824219, 67.48999786376953, 68.80000305175781, 67.97000122070312, 68.22000122070312, 68.47000122070312, 68.38999938964844, 68.81999969482422, 67.16000366210938, 67.27999877929688, 70.37000274658203, 69.97000122070312, 67.9000015258789, 68.31999969482422, 69.9000015258789, 68.91999816894531, 69.91000366210938, 69.04000091552734, 69.80999755859375, 69.4800033569336, 71.20999908447266, 70.19999694824219, 67.5999984741211, 71.27999877929688, 66.5999984741211, 71.16000366210938, 70.62999725341797, 69.94000244140625, 71.16000366210938, 70.8499984741211, 70.41000366210938, 69.29000091552734, 69.72000122070312, 71.86000061035156, 71.12000274658203, 70.66000366210938, 71.80999755859375, 69.44000244140625, 70.01000213623047, 69.75, 70.12000274658203, 71.55000305175781, 71.47000122070312, 72.69999694824219, 72.52999877929688, 71.02999877929688, 72.13999938964844, 72.58999633789062, 72.06999969482422, 71.70999908447266, 72.30999755859375, 72.01000213623047, 72.3499984741211, 71.87999725341797, 72.1500015258789, 72.5199966430664, 72.68000030517578, 71.16999816894531, 72.5, 73.16999816894531, 73.12999725341797, 72.94999694824219, 72.80000305175781, 73.36000061035156, 72.43000030517578, 73.19000244140625, 73.13999938964844]
backdoor_accuracy=[0, 0.0, 12.0, 9.8, 12.8, 15.9, 9.0, 13.0, 8.4, 13.2, 11.5, 12.7, 17.6, 7.1, 9.7, 10.2, 9.3, 9.5, 9.2, 6.1, 8.5, 6.6, 6.6, 8.2, 9.2, 4.6, 8.9, 7.4, 11.2, 6.0, 4.0, 6.1, 10.2, 6.5, 6.4, 9.1, 7.6, 3.9, 6.6, 10.3, 6.5, 4.5, 10.9, 4.1, 6.6, 6.2, 5.2, 9.6, 7.1, 5.7, 8.5, 4.6, 9.6, 3.7, 8.3, 3.7, 7.4, 6.9, 6.4, 4.7, 5.3, 3.3, 8.5, 3.9, 9.8, 2.6, 11.9, 3.8, 9.3, 5.4, 4.7, 5.7, 6.1, 7.2, 3.7, 10.0, 5.0, 6.2, 4.7, 5.4, 4.5, 4.1, 5.0, 10.9, 5.6, 6.2, 4.7, 3.8, 6.9, 4.7, 6.1, 5.8, 4.5, 8.7, 3.0, 6.3, 3.8, 6.1, 2.9, 5.4, 4.9]
loss_list=[1.6281354027324253, 1.3738468774822026, 1.0919462250669798, 0.9276570679909655, 0.8362623385422759, 0.6762569248303772, 0.7306750439272988, 0.5924734051194456, 0.5991594434157013, 0.5520204214255015, 0.5415455656912591, 0.510416847223209, 0.5022023258461721, 0.4467081216060453, 0.4547007161409905, 0.44492109452063844, 0.42971414210067854, 0.4157710156237915, 0.4251881478561295, 0.35375057921279224, 0.3398456359057066, 0.4244996166943262, 0.34207700663504925, 0.3550414371169689, 0.3369361742699724, 0.3122826416987098, 0.3271879971772433, 0.3593217363922546, 0.3499430774757639, 0.2941628125527253, 0.2766668092262828, 0.2688421982697522, 0.2839942542057381, 0.26560009340897933, 0.27121729728869265, 0.23353935727487418, 0.2278967253110992, 0.25697973198503155, 0.2718396327169871, 0.2588877820032131, 0.2514019429606076, 0.21900697901017133, 0.2338672598174566, 0.21152518614040067, 0.20499198031508256, 0.2144211140265947, 0.1589958152484097, 0.1963204867542825, 0.18589478329056874, 0.18140823783042528, 0.19195174206358692, 0.19710601683654302, 0.17605316738378154, 0.1601880797875734, 0.1897374951686814, 0.16179852311939205, 0.15319863115217433, 0.18222664844412875, 0.15729109655396314, 0.11239465943644365, 0.15985256300928694, 0.15487059500306108, 0.11240282566642336, 0.14993057321388428, 0.12784372518472895, 0.10545849150881016, 0.11415174567919974, 0.1252455554515796, 0.0788661159928759, 0.10476761322423249, 0.09385759312581893, 0.12453769078717515, 0.09432522330504273, 0.12042847985851242, 0.10664380375894124, 0.08297957682108972, 0.0862491422709071, 0.06651184378062479, 0.07871345487804825, 0.0779613765976198, 0.08167029900350219, 0.06749804914757583, 0.07663092716647144, 0.05511268037599317, 0.05365988810005043, 0.06514683979595752, 0.04569658599881222, 0.06717498014603432, 0.05150887800589165, 0.043442757369888986, 0.05170965548960439, 0.04217070945632359, 0.04250370427634658, 0.03873423557175557, 0.04934937473409163, 0.03154344920494219, 0.032719703764612654, 0.029826553465002993, 0.02910055017153758, 0.02452955893396089]
BBSR:8.7
ABSR:5.14
max acc:73.36
