======================================
    IID: 0
    Dataset: mnist
    Model: Mnist_CNN
    Model Init: None
    Aggregation Function: RLR
    Fraction NonIID: 0
    Long attack: 3
    Wide attack: 3
    Wide attack: trust
    Threshold reject: 0.5
    Threshold down: 0.0
    Attack method: dba
    Fraction of malicious agents: 25.0%
    Poison Frac: 0.2
    Backdoor From 7 to 2
    Attack Begin: 0
    Trigger Shape: square
    Type poisoning: 
    Trigger Position X: 0
    Trigger Position Y: 0
    Number of agents: 100
    Fraction of agents each turn: 30(30.0%)
    Local batch size: 50
    Local epoch: 3
    Client_LR: 0.01
    Client_Momentum: 0.9
    Global Rounds: 100
    RobustLR_threshold: 4
======================================
main_task_accuracy=[0, 25.8700008392334, 31.010000228881836, 60.20000076293945, 52.04999923706055, 60.31999969482422, 61.58000183105469, 64.31999969482422, 83.12999725341797, 87.9800033569336, 85.77999877929688, 90.37999725341797, 93.30000305175781, 90.44999694824219, 92.06999969482422, 90.19999694824219, 91.7699966430664, 94.41000366210938, 88.55000305175781, 93.58999633789062, 93.55000305175781, 94.22000122070312, 93.30999755859375, 91.12999725341797, 94.44999694824219, 93.04000091552734, 93.7699966430664, 91.97000122070312, 94.55999755859375, 94.19999694824219, 94.44000244140625, 95.06999969482422, 95.91000366210938, 96.16000366210938, 94.45999908447266, 96.30000305175781, 94.87999725341797, 95.58999633789062, 96.12000274658203, 95.19000244140625, 95.83000183105469, 94.83000183105469, 95.30999755859375, 95.41999816894531, 96.68000030517578, 95.94000244140625, 96.44000244140625, 96.76000213623047, 96.20999908447266, 96.56999969482422, 94.18000030517578, 96.30999755859375, 96.11000061035156, 96.30000305175781, 96.2699966430664, 96.66999816894531, 96.29000091552734, 96.72000122070312, 97.05999755859375, 96.30999755859375, 96.94999694824219, 96.68000030517578, 97.38999938964844, 96.06999969482422, 96.22000122070312, 96.80000305175781, 96.61000061035156, 97.20999908447266, 95.88999938964844, 97.37000274658203, 97.27999877929688, 97.30000305175781, 97.13999938964844, 97.0999984741211, 97.30000305175781, 97.45999908447266, 97.13999938964844, 96.94999694824219, 97.44000244140625, 97.56999969482422, 97.2699966430664, 97.3499984741211, 97.55000305175781, 97.58999633789062, 97.61000061035156, 97.30000305175781, 97.55000305175781, 97.52999877929688, 97.0199966430664, 97.62999725341797, 97.0199966430664, 96.11000061035156, 95.11000061035156, 96.73999786376953, 97.56999969482422, 97.43000030517578, 97.22000122070312, 97.4800033569336, 97.56999969482422, 97.36000061035156, 97.63999938964844]
backdoor_accuracy=[0, 0.0, 5.155642023346304, 3.404669260700389, 1.264591439688716, 0.48638132295719844, 9.727626459143968, 4.085603112840467, 2.9182879377431905, 15.75875486381323, 3.6964980544747084, 2.821011673151751, 11.381322957198444, 6.22568093385214, 3.21011673151751, 5.836575875486381, 2.9182879377431905, 4.766536964980545, 3.8910505836575875, 2.0428015564202333, 17.412451361867703, 8.365758754863814, 5.058365758754864, 4.182879377431907, 8.754863813229573, 15.17509727626459, 2.3346303501945527, 8.463035019455253, 4.085603112840467, 4.961089494163424, 5.447470817120623, 11.575875486381323, 8.268482490272374, 12.937743190661479, 10.019455252918288, 12.937743190661479, 8.949416342412452, 5.836575875486381, 7.392996108949417, 8.463035019455253, 25.389105058365757, 6.22568093385214, 2.821011673151751, 8.171206225680933, 5.836575875486381, 27.042801556420233, 30.642023346303503, 10.700389105058365, 7.490272373540856, 9.33852140077821, 10.311284046692608, 7.782101167315175, 56.03112840466926, 30.739299610894943, 5.933852140077821, 14.494163424124514, 67.41245136186771, 34.92217898832685, 17.704280155642024, 42.217898832684824, 76.07003891050584, 32.19844357976654, 37.159533073929964, 65.36964980544747, 28.30739299610895, 38.326848249027236, 47.17898832684825, 90.36964980544747, 12.256809338521402, 77.04280155642023, 49.5136186770428, 55.1556420233463, 77.04280155642023, 78.30739299610894, 91.82879377431907, 56.90661478599222, 33.17120622568093, 86.18677042801556, 70.13618677042801, 86.96498054474708, 95.71984435797665, 96.01167315175097, 96.59533073929961, 95.03891050583658, 95.52529182879377, 96.49805447470817, 94.94163424124514, 79.47470817120623, 94.26070038910505, 91.43968871595331, 95.23346303501945, 88.03501945525292, 97.95719844357977, 93.48249027237354, 98.83268482490273, 99.31906614785993, 96.88715953307393, 95.3307392996109, 94.55252918287938, 98.5408560311284, 96.78988326848248]
loss_list=[0.476479605201258, 0.36666467155695837, 0.24400295021992272, 0.1955123726741619, 0.18287224612092437, 0.1527462532667658, 0.17016360548717266, 0.14691989047625392, 0.1307163297573257, 0.1031478418204548, 0.10522093862947467, 0.10724918704631507, 0.08085279355805008, 0.07249340464164597, 0.08540145668868868, 0.07771424596200496, 0.07141394172360241, 0.07091511546642501, 0.07906049397443421, 0.07031565970683872, 0.05403173916310199, 0.07873950713296009, 0.06741875852986191, 0.05846130717405986, 0.06900524177488696, 0.06771806434667844, 0.06345113937339295, 0.0573249817242171, 0.06312679464489111, 0.06608873661145925, 0.04918201045965698, 0.050116031640447076, 0.059728480212338245, 0.050471796194131564, 0.060364807628999796, 0.05417030080414084, 0.06034509624727955, 0.048021096715709186, 0.050907508046293376, 0.051964473030029996, 0.05005611375902758, 0.057355692717034605, 0.06357460442145375, 0.05636337190628331, 0.040719360689749275, 0.03655246081955636, 0.05297984940902844, 0.04878955561218192, 0.049120589415740365, 0.044843512947349055, 0.0598724993740124, 0.03938465529675926, 0.038595481277452166, 0.050605687519866466, 0.04918254258536413, 0.045928472239383074, 0.03785057588327315, 0.046915334143008434, 0.04252173480617827, 0.04513084118583211, 0.04275491527897565, 0.04665042504482852, 0.03476084548284537, 0.04019176436412874, 0.043614738755148916, 0.04240073903425332, 0.04176457676410129, 0.039157474449866836, 0.05334754449873834, 0.03357429903216103, 0.037106104294587355, 0.04113471229657669, 0.042531220851559234, 0.0431901754289032, 0.03703084437649274, 0.04161867742537824, 0.03394941779849286, 0.03397695874583971, 0.039551955408624086, 0.04267196399693319, 0.03768147500024734, 0.04378959140252124, 0.04205515770315462, 0.04287945201932186, 0.03852425365391538, 0.0400060748299805, 0.04109641664996228, 0.03346685251838121, 0.03523833487836301, 0.037712612811235294, 0.028111730888847778, 0.04461188764838748, 0.037046395875065745, 0.04841184920854102, 0.036670255235393516, 0.031060909172065, 0.038433041304322756, 0.032590303924769234, 0.03579208561094423, 0.03720780854392488]
BBSR:99.32
ABSR:95.97
max acc:97.64
