======================================
    IID: 1
    Dataset: cifar
    Model: resnet
    Model Init: None
    Aggregation Function: fltrust
    Fraction NonIID: 0
    Long attack: 3
    Wide attack: 3
    Wide attack: trust
    Threshold reject: 0.5
    Threshold down: 0.0
    Attack method: badnet
    Fraction of malicious agents: 25.0%
    Poison Frac: 0.2
    Backdoor From 7 to 2
    Attack Begin: 0
    Trigger Shape: square
    Type poisoning: cs
    Trigger Position X: 0
    Trigger Position Y: 0
    Number of agents: 100
    Fraction of agents each turn: 30(30.0%)
    Local batch size: 50
    Local epoch: 3
    Client_LR: 0.01
    Client_Momentum: 0.9
    Global Rounds: 100
    Dataset In Server: 200
======================================
main_task_accuracy=[0, 11.34000015258789, 11.09000015258789, 14.350000381469727, 20.829999923706055, 27.979999542236328, 31.90999984741211, 37.900001525878906, 43.36000061035156, 44.41999816894531, 44.970001220703125, 49.310001373291016, 48.290000915527344, 46.65999984741211, 51.36000061035156, 54.11000061035156, 55.0, 54.630001068115234, 56.279998779296875, 58.58000183105469, 59.08000183105469, 58.86000061035156, 58.810001373291016, 59.5099983215332, 60.029998779296875, 59.16999816894531, 61.369998931884766, 62.18000030517578, 62.84000015258789, 63.31999969482422, 63.59000015258789, 64.0999984741211, 64.48999786376953, 63.34000015258789, 65.06999969482422, 64.37000274658203, 64.87999725341797, 65.1500015258789, 65.01000213623047, 66.30999755859375, 65.86000061035156, 67.4000015258789, 66.94000244140625, 67.02999877929688, 65.13999938964844, 66.93000030517578, 65.88999938964844, 68.37000274658203, 67.77999877929688, 67.80000305175781, 66.86000061035156, 69.0999984741211, 68.51000213623047, 67.8499984741211, 68.58000183105469, 67.91000366210938, 69.7300033569336, 68.62999725341797, 68.2699966430664, 67.56999969482422, 70.04000091552734, 68.37999725341797, 69.08000183105469, 68.83999633789062, 68.3499984741211, 67.38999938964844, 71.16000366210938, 70.08000183105469, 69.11000061035156, 70.88999938964844, 69.44000244140625, 70.93000030517578, 70.19999694824219, 68.43000030517578, 72.13999938964844, 71.55999755859375, 70.30999755859375, 70.93000030517578, 69.98999786376953, 70.45999908447266, 70.73999786376953, 71.37999725341797, 69.7300033569336, 70.11000061035156, 70.41000366210938, 68.27999877929688, 71.3499984741211, 69.91999816894531, 72.54000091552734, 70.0, 70.23999786376953, 72.41000366210938, 71.25, 69.94999694824219, 72.11000061035156, 71.41999816894531, 70.83000183105469, 69.7699966430664, 72.0199966430664, 70.91000366210938, 69.30999755859375]
backdoor_accuracy=[0, 0.0, 6.9, 5.6, 5.2, 6.8, 4.6, 3.4, 2.4, 2.8, 3.8, 3.2, 5.8, 9.1, 7.9, 4.8, 5.3, 6.7, 5.9, 1.6, 4.9, 5.1, 10.3, 10.2, 9.9, 7.8, 1.4, 3.1, 7.7, 5.2, 6.7, 5.4, 3.4, 11.5, 6.4, 7.4, 5.1, 2.9, 2.2, 4.6, 3.2, 4.9, 4.4, 4.0, 2.7, 1.1, 1.2, 3.6, 2.5, 1.8, 1.6, 2.4, 1.5, 2.2, 1.2, 1.5, 2.2, 1.2, 1.7, 1.4, 2.5, 1.6, 0.8, 1.2, 1.3, 2.1, 2.8, 1.3, 1.2, 2.0, 1.9, 3.2, 2.3, 1.8, 1.5, 1.0, 0.8, 2.1, 1.6, 0.7, 0.7, 1.7, 2.4, 1.3, 2.0, 2.3, 2.4, 1.2, 1.9, 1.1, 1.7, 3.3, 2.1, 0.6, 1.3, 1.2, 1.9, 1.9, 0.9, 0.2, 3.1]
loss_list=[1.9845599446031785, 1.5877516553799313, 1.2665775007009508, 1.1019873332315022, 0.9784021749430234, 0.9100039586424826, 0.8309830459538433, 0.7823429383420282, 0.7590077955110205, 0.7414066211755075, 0.7836806952249675, 0.9418412323130504, 0.7454956285862457, 0.9553330705366615, 0.6931417831819917, 0.7585786112315126, 0.6307576500849489, 0.7321330547582411, 0.6130266748329933, 0.6055640172430625, 0.637542753997776, 0.5499783063284122, 0.6786901656621036, 0.5758944590679473, 0.44463764473381967, 0.541374426803086, 0.5779671370534277, 0.5018669768206827, 0.5466594699480467, 0.47369125196632617, 0.5210976251631249, 0.462908193313439, 0.47554477743830326, 0.48972364669044816, 0.4256321210353376, 0.38463190429274813, 0.40849155847836904, 0.4068349098217571, 0.4195710388605948, 0.39980568347084844, 0.30787218571705216, 0.386226720844085, 0.32615789137573703, 0.3700940335469528, 0.31222132996733604, 0.40043226207244315, 0.3518872937450134, 0.35163606678601356, 0.3113391650396969, 0.3174127031218571, 0.2791694895069425, 0.33414676618244915, 0.29653910603607075, 0.2645551023055385, 0.2911014652214038, 0.252183241424306, 0.26939754246501246, 0.28262948125574955, 0.23452736867029064, 0.24045607666226312, 0.2636759658214093, 0.2524838054777744, 0.2687141783711397, 0.22270636231431531, 0.25837017351024166, 0.22273887699359973, 0.20609014020915817, 0.2040189154969994, 0.20889720255043356, 0.2449619093666034, 0.17003757293471908, 0.20873604729739278, 0.12218124813742985, 0.16735736099194684, 0.1745733142676505, 0.11278551319226, 0.1603544353922027, 0.199720338069989, 0.15666842484057675, 0.14002565614905002, 0.1620189955075168, 0.10413738031302475, 0.16339818103251874, 0.12320248621606475, 0.14288494206893826, 0.20221043889721238, 0.10139860395076944, 0.12287496493883537, 0.11748947815077071, 0.1274426027853042, 0.1039834847234629, 0.10496961972883176, 0.10000918323555703, 0.12919068021648047, 0.08162171011421984, 0.097380007617887, 0.09672771194716916, 0.09702359626444783, 0.10063698625137076, 0.10117179954644398]
BBSR:3.3
ABSR:1.65
max acc:72.41
