======================================
    IID: 0
    Dataset: fashion_mnist
    Model: Mnist_CNN
    Model Init: None
    Aggregation Function: flame
    Fraction NonIID: 0
    Long attack: 3
    Wide attack: 3
    Wide attack: trust
    Threshold reject: 0.5
    Threshold down: 0.0
    Attack method: dba
    Fraction of malicious agents: 25.0%
    Poison Frac: 0.2
    Backdoor From 7 to 2
    Attack Begin: 0
    Trigger Shape: square
    Type poisoning: 
    Trigger Position X: 0
    Trigger Position Y: 0
    Number of agents: 100
    Fraction of agents each turn: 30(30.0%)
    Local batch size: 50
    Local epoch: 3
    Client_LR: 0.01
    Client_Momentum: 0.9
    Global Rounds: 100
    Noise in FLAME: 0.001
proportion of malicious are selected:0.6514285714285715
proportion of benign are selected:0.5008695652173913
======================================
main_task_accuracy=[0, 60.5, 72.3499984741211, 74.25, 76.05000305175781, 76.68000030517578, 78.2699966430664, 79.30999755859375, 80.1500015258789, 80.37999725341797, 81.66999816894531, 82.0, 81.27999877929688, 82.83999633789062, 83.3499984741211, 83.56999969482422, 83.70999908447266, 84.08000183105469, 84.11000061035156, 84.43000030517578, 84.66999816894531, 84.91000366210938, 85.41999816894531, 84.80999755859375, 85.33000183105469, 85.68000030517578, 85.98999786376953, 85.68000030517578, 86.04000091552734, 86.31999969482422, 85.93000030517578, 85.83000183105469, 86.58000183105469, 86.16000366210938, 86.56999969482422, 86.63999938964844, 86.86000061035156, 86.58000183105469, 86.20999908447266, 87.20999908447266, 87.1500015258789, 86.22000122070312, 86.69999694824219, 87.26000213623047, 86.68000030517578, 86.86000061035156, 87.33999633789062, 87.80000305175781, 87.22000122070312, 86.88999938964844, 87.68000030517578, 87.5, 87.58999633789062, 87.69999694824219, 88.01000213623047, 87.37000274658203, 87.41999816894531, 87.87000274658203, 88.08000183105469, 87.55000305175781, 87.68000030517578, 88.08999633789062, 87.66999816894531, 87.83999633789062, 88.29000091552734, 88.20999908447266, 88.0, 87.91000366210938, 88.27999877929688, 88.38999938964844, 87.83999633789062, 88.69999694824219, 88.4000015258789, 88.44999694824219, 88.44000244140625, 88.37999725341797, 88.38999938964844, 87.91999816894531, 88.62000274658203, 88.70999908447266, 88.66999816894531, 88.08000183105469, 88.37000274658203, 88.88999938964844, 88.30000305175781, 88.55000305175781, 88.97000122070312, 88.75, 88.52999877929688, 89.18000030517578, 88.94000244140625, 88.26000213623047, 88.77999877929688, 89.08000183105469, 88.7300033569336, 88.73999786376953, 89.13999938964844, 89.1500015258789, 88.61000061035156, 88.80000305175781, 89.2699966430664]
backdoor_accuracy=[0, 28.1, 0.2, 2.0, 39.8, 62.4, 75.9, 99.7, 99.9, 99.7, 99.8, 99.9, 100.0, 100.0, 100.0, 100.0, 100.0, 100.0, 100.0, 100.0, 100.0, 100.0, 100.0, 100.0, 100.0, 100.0, 100.0, 100.0, 100.0, 100.0, 100.0, 100.0, 100.0, 100.0, 100.0, 100.0, 100.0, 100.0, 100.0, 100.0, 100.0, 100.0, 100.0, 100.0, 100.0, 100.0, 100.0, 100.0, 100.0, 100.0, 100.0, 100.0, 100.0, 100.0, 100.0, 100.0, 100.0, 100.0, 100.0, 100.0, 100.0, 100.0, 100.0, 100.0, 100.0, 100.0, 100.0, 100.0, 100.0, 100.0, 100.0, 100.0, 100.0, 100.0, 100.0, 100.0, 100.0, 100.0, 100.0, 100.0, 100.0, 100.0, 100.0, 100.0, 100.0, 100.0, 100.0, 100.0, 100.0, 100.0, 100.0, 100.0, 100.0, 100.0, 100.0, 100.0, 100.0, 100.0, 100.0, 100.0, 100.0]
loss_list=[1.4272936407062742, 0.8248194999165006, 0.623015653949093, 0.5390954490820017, 0.5242280039384408, 0.4878064082452543, 0.43208823442735056, 0.4502607604212782, 0.41875225449739784, 0.44751468626437363, 0.37316143030507715, 0.44471351706457357, 0.40418498357412974, 0.35440072070255313, 0.41035615335460063, 0.38545842986139983, 0.3435697481795043, 0.3263240394216996, 0.37262441090963516, 0.3538481755182147, 0.33175880511256833, 0.3193287184220498, 0.3715449488273374, 0.3361897316243914, 0.31682486563093126, 0.3127837663654376, 0.3211632087999196, 0.2899312028816592, 0.2815723925828934, 0.31862835030726816, 0.31745160170313386, 0.28668047152459614, 0.33254742844513163, 0.3217132011256008, 0.30396290408723325, 0.3128716007737374, 0.31525135347447186, 0.31102280922372033, 0.2929336974535275, 0.2908700570326161, 0.325225948507863, 0.3123742180565994, 0.25772830109042977, 0.3127231579135964, 0.29981849470727695, 0.2748405226420059, 0.2835094124302958, 0.30424594931580395, 0.29902363103917906, 0.27632818742206805, 0.29495594915071555, 0.2516550606892755, 0.27454771632846037, 0.24770938180283544, 0.282862611780702, 0.28502589302068504, 0.24193254932588729, 0.263594471083747, 0.29297383991932424, 0.27190860415619145, 0.2455115764419099, 0.28707104128337024, 0.2444489548051799, 0.2471952144142792, 0.25976705052803656, 0.26352675920352336, 0.24933272027755496, 0.20842453902932231, 0.2665942619744412, 0.25141861858363773, 0.26032996596423563, 0.26780262593593857, 0.25477331166190126, 0.2549472900297217, 0.20294680980517082, 0.2534222997431816, 0.2634088031740653, 0.25484732688508105, 0.24110478778990604, 0.2763313688475776, 0.250082420302486, 0.21496074932144477, 0.23231500910629552, 0.2568932623136788, 0.246442152718427, 0.21526388657749282, 0.26801113258460874, 0.22961958757498202, 0.22930083882787988, 0.2315724534586209, 0.259023422844432, 0.262325900365357, 0.21686935390828657, 0.24561327754399154, 0.21210837434218435, 0.21575907720080406, 0.22944734244676376, 0.22405730831885234, 0.21668009226883042, 0.19494919440476224]
BBSR:100.0
ABSR:100.0
max acc:89.27
