======================================
    IID: 0
    Dataset: mnist
    Model: Mnist_CNN
    Model Init: None
    Aggregation Function: DABA
    Fraction NonIID: 0
    Long attack: 3
    Wide attack: 3
    Wide attack: trust
    Threshold reject: 0.5
    Threshold down: 0.0
    Attack method: badnet
    Fraction of malicious agents: 25.0%
    Poison Frac: 0.2
    Backdoor From 7 to 2
    Attack Begin: 0
    Trigger Shape: square
    Type poisoning: pgd
    Trigger Position X: 0
    Trigger Position Y: 0
    Number of agents: 100
    Fraction of agents each turn: 30(30.0%)
    Local batch size: 50
    Local epoch: 3
    Client_LR: 0.01
    Client_Momentum: 0.9
    Global Rounds: 100
======================================
main_task_accuracy=[0, 12.260000228881836, 31.739999771118164, 46.470001220703125, 40.2400016784668, 48.310001373291016, 50.630001068115234, 58.27000045776367, 60.689998626708984, 66.62000274658203, 75.47000122070312, 83.76000213623047, 88.5, 85.7699966430664, 86.83000183105469, 86.8499984741211, 88.08999633789062, 88.56999969482422, 89.7699966430664, 88.31999969482422, 92.1500015258789, 92.73999786376953, 88.23999786376953, 93.27999877929688, 78.87999725341797, 85.58000183105469, 85.87000274658203, 83.91999816894531, 91.76000213623047, 90.27999877929688, 86.98999786376953, 90.2300033569336, 93.16999816894531, 94.22000122070312, 93.86000061035156, 94.47000122070312, 95.95999908447266, 87.73999786376953, 92.05000305175781, 93.62999725341797, 96.06999969482422, 96.2300033569336, 93.31999969482422, 94.30000305175781, 95.1500015258789, 95.18000030517578, 96.30999755859375, 96.97000122070312, 96.72000122070312, 93.38999938964844, 96.12000274658203, 93.73999786376953, 96.38999938964844, 94.55999755859375, 96.87999725341797, 96.45999908447266, 94.05000305175781, 95.88999938964844, 96.22000122070312, 96.19000244140625, 95.62999725341797, 95.11000061035156, 96.47000122070312, 94.79000091552734, 96.88999938964844, 97.12000274658203, 94.58999633789062, 96.91999816894531, 93.29000091552734, 96.16000366210938, 94.41999816894531, 96.08999633789062, 97.6500015258789, 97.72000122070312, 96.44999694824219, 96.12999725341797, 97.43000030517578, 97.08000183105469, 95.75, 96.69000244140625, 95.97000122070312, 97.69999694824219, 97.36000061035156, 89.66999816894531, 96.83999633789062, 96.79000091552734, 98.13999938964844, 97.27999877929688, 97.98999786376953, 97.04000091552734, 97.30999755859375, 94.87000274658203, 90.9000015258789, 96.0, 96.87000274658203, 97.79000091552734, 97.05000305175781, 97.18000030517578, 97.2699966430664, 98.05000305175781, 97.68000030517578]
backdoor_accuracy=[0, 0.0, 0.0, 0.09727626459143969, 0.0, 0.0, 2.237354085603113, 4.766536964980545, 8.949416342412452, 1.7509727626459144, 2.3346303501945527, 8.463035019455253, 3.404669260700389, 2.237354085603113, 1.1673151750972763, 2.6264591439688716, 4.669260700389105, 8.657587548638132, 1.1673151750972763, 11.186770428015564, 1.556420233463035, 4.571984435797665, 2.140077821011673, 2.237354085603113, 35.89494163424124, 3.307392996108949, 0.8754863813229572, 1.4591439688715953, 4.280155642023346, 29.669260700389106, 9.14396887159533, 1.1673151750972763, 12.743190661478598, 9.24124513618677, 77.82101167315174, 1.7509727626459144, 69.3579766536965, 7.003891050583658, 68.48249027237354, 32.976653696498055, 28.50194552529183, 17.509727626459146, 7.003891050583658, 82.97665369649805, 37.2568093385214, 3.5992217898832686, 97.08171206225681, 14.883268482490273, 25.291828793774318, 62.840466926070036, 97.85992217898833, 0.48638132295719844, 82.58754863813229, 9.04669260700389, 99.61089494163424, 98.83268482490273, 100.0, 76.65369649805447, 99.90272373540856, 92.21789883268482, 96.01167315175097, 99.70817120622569, 99.12451361867704, 98.05447470817121, 100.0, 94.55252918287938, 99.90272373540856, 61.284046692607006, 75.68093385214007, 97.08171206225681, 95.62256809338521, 99.31906614785993, 99.70817120622569, 100.0, 99.0272373540856, 100.0, 48.735408560311285, 98.63813229571984, 20.428015564202333, 99.90272373540856, 20.719844357976655, 100.0, 99.31906614785993, 99.80544747081711, 99.41634241245136, 100.0, 100.0, 99.90272373540856, 100.0, 99.90272373540856, 100.0, 100.0, 100.0, 99.90272373540856, 100.0, 98.63813229571984, 100.0, 100.0, 100.0, 100.0, 100.0]
loss_list=[0.4794408431238219, 0.3967236717472507, 0.31624002755407105, 0.21970265153395602, 0.23254876270247335, 0.1809214324902289, 0.21400992363969804, 0.18375181098882748, 0.1795547828192849, 0.14522462785087548, 0.11242302582564599, 0.10633543331660357, 0.08816919042255837, 0.08994541333071655, 0.07780414821226306, 0.0781428008869511, 0.09029683130142982, 0.07761704943649882, 0.07630306599256943, 0.07138058405316469, 0.05935153230738151, 0.05392880620230271, 0.07438172433224755, 0.07471580431748973, 0.09052065573553739, 0.09326528542957058, 0.07067541319915996, 0.0914895289549051, 0.061984141775097555, 0.058618949332450127, 0.07363489706310614, 0.06383513927684853, 0.07249519135185278, 0.05322995892355179, 0.0601507611048745, 0.04652455855472613, 0.0438885918777108, 0.06516124593592504, 0.05110312296767407, 0.04558426062636942, 0.04280693560626125, 0.03510656569902932, 0.05070113355277938, 0.03973672230855243, 0.04096932612728626, 0.03687236789347959, 0.03810653261901162, 0.03287941763489132, 0.035494575919871846, 0.04661847902642626, 0.03294363923500201, 0.03859869701247558, 0.03995012469406833, 0.050334769799871545, 0.035423360949271746, 0.036672208370679735, 0.04330289423914535, 0.03550850015310923, 0.03133019473424254, 0.042261769559709984, 0.034879898083938314, 0.03544223597119536, 0.034673899837258326, 0.044771139884626145, 0.032754717948049995, 0.03722190590052538, 0.03778619800475339, 0.03492367649622062, 0.03566711491246567, 0.03588089171975124, 0.03399173615412166, 0.03466196245190808, 0.030127879732834505, 0.028685756326221848, 0.03315211205929975, 0.029617845219091672, 0.030346025168335795, 0.029142403292407602, 0.031524357612438166, 0.03477990566622701, 0.039043327214813836, 0.024373924829372288, 0.03316351572985915, 0.04570631624414572, 0.03419813494986713, 0.03402670562415924, 0.025815144521995164, 0.029444434248795105, 0.023257648193384037, 0.029156942908317073, 0.025164844076903555, 0.046899964898899534, 0.040655634038514306, 0.034187542376348655, 0.034190706180603075, 0.02956698147879538, 0.026389620813988275, 0.02972903802851775, 0.02634535098638092, 0.02685911417325568]
BBSR:14.978168260474757
ABSR:16.871343735408196
max acc:98.05
