======================================
    IID: 0
    Dataset: mnist
    Model: Mnist_CNN
    Model Init: None
    Aggregation Function: fltrust
    Fraction NonIID: 0
    Long attack: 3
    Wide attack: 3
    Wide attack: trust
    Threshold reject: 0.5
    Threshold down: 0.0
    Attack method: badnet
    Fraction of malicious agents: 25.0%
    Poison Frac: 0.2
    Backdoor From 7 to 2
    Attack Begin: 0
    Trigger Shape: square
    Type poisoning: 
    Trigger Position X: 0
    Trigger Position Y: 0
    Number of agents: 100
    Fraction of agents each turn: 30(30.0%)
    Local batch size: 50
    Local epoch: 3
    Client_LR: 0.01
    Client_Momentum: 0.9
    Global Rounds: 100
    Dataset In Server: 200
======================================
main_task_accuracy=[0, 28.65999984741211, 31.8799991607666, 40.83000183105469, 59.59000015258789, 55.310001373291016, 79.45999908447266, 52.7400016784668, 81.30999755859375, 78.05000305175781, 80.62000274658203, 78.18000030517578, 79.43000030517578, 75.48999786376953, 84.5199966430664, 89.5199966430664, 73.75, 88.6500015258789, 82.55000305175781, 79.52999877929688, 88.63999938964844, 89.41999816894531, 93.13999938964844, 89.69000244140625, 92.16000366210938, 88.55999755859375, 92.38999938964844, 92.66999816894531, 92.3499984741211, 91.2699966430664, 92.08999633789062, 91.80000305175781, 91.73999786376953, 92.2699966430664, 94.12000274658203, 94.37000274658203, 94.0199966430664, 93.54000091552734, 90.95999908447266, 94.41999816894531, 94.48999786376953, 95.29000091552734, 94.19999694824219, 94.9000015258789, 95.87999725341797, 93.51000213623047, 95.83000183105469, 95.30999755859375, 94.54000091552734, 95.86000061035156, 94.83999633789062, 94.55999755859375, 95.48999786376953, 95.33999633789062, 95.1500015258789, 95.87999725341797, 96.19999694824219, 96.2699966430664, 96.55000305175781, 95.9800033569336, 95.68000030517578, 96.52999877929688, 96.30000305175781, 96.54000091552734, 96.73999786376953, 96.72000122070312, 95.68000030517578, 96.8499984741211, 96.56999969482422, 96.41999816894531, 95.94999694824219, 96.63999938964844, 92.93000030517578, 95.55999755859375, 96.01000213623047, 97.13999938964844, 97.08000183105469, 96.66999816894531, 96.72000122070312, 97.04000091552734, 97.48999786376953, 97.16000366210938, 97.12999725341797, 97.0, 97.30999755859375, 95.83000183105469, 97.16000366210938, 97.38999938964844, 96.87999725341797, 97.4000015258789, 97.27999877929688, 97.19000244140625, 97.12999725341797, 97.45999908447266, 96.04000091552734, 97.7300033569336, 97.61000061035156, 97.7699966430664, 97.22000122070312, 97.6500015258789, 97.70999908447266]
backdoor_accuracy=[0, 0.0, 0.0, 0.09727626459143969, 0.38910505836575876, 1.1673151750972763, 5.155642023346304, 0.48638132295719844, 2.140077821011673, 2.431906614785992, 3.307392996108949, 4.669260700389105, 1.7509727626459144, 3.0155642023346303, 1.3618677042801557, 5.739299610894942, 2.431906614785992, 9.82490272373541, 1.9455252918287937, 5.447470817120623, 6.614785992217898, 5.058365758754864, 7.587548638132295, 7.684824902723736, 6.614785992217898, 4.280155642023346, 10.214007782101167, 9.04669260700389, 5.447470817120623, 10.700389105058365, 7.101167315175097, 9.24124513618677, 9.630350194552529, 6.3229571984435795, 25.291828793774318, 13.326848249027238, 20.330739299610894, 11.284046692607005, 25.0, 14.883268482490273, 21.595330739299612, 21.98443579766537, 43.57976653696498, 22.66536964980545, 29.085603112840467, 15.95330739299611, 61.86770428015564, 14.883268482490273, 42.60700389105058, 20.622568093385215, 36.478599221789885, 16.439688715953306, 30.544747081712064, 19.844357976653697, 33.463035019455255, 26.459143968871594, 50.583657587548636, 39.494163424124515, 61.38132295719844, 78.01556420233463, 47.66536964980545, 80.83657587548637, 32.295719844357976, 82.49027237354086, 48.44357976653696, 71.10894941634241, 63.13229571984436, 71.88715953307393, 75.0, 46.88715953307393, 91.73151750972762, 52.04280155642024, 60.01945525291829, 80.1556420233463, 95.8171206225681, 57.295719844357976, 79.37743190661479, 73.05447470817121, 48.249027237354085, 90.95330739299611, 58.56031128404669, 87.54863813229572, 51.070038910505836, 72.37354085603113, 59.53307392996109, 68.19066147859922, 80.35019455252919, 91.82879377431907, 41.43968871595331, 89.88326848249027, 64.10505836575875, 98.05447470817121, 57.87937743190661, 93.3852140077821, 39.29961089494164, 95.13618677042801, 74.90272373540856, 95.13618677042801, 93.77431906614785, 96.98443579766537, 96.98443579766537]
loss_list=[0.5544253806235181, 0.4047940289480243, 0.3215548398013001, 0.23950188819166468, 0.24102256113138215, 0.21540084308390345, 0.18177695365940652, 0.1918084534254961, 0.16530816687301733, 0.1324599622386631, 0.1235990125569672, 0.12528579184569713, 0.12150330216467084, 0.1209341890954116, 0.09983749213984443, 0.09163482898478365, 0.12916069659615886, 0.11103424595130719, 0.10660837785721085, 0.11820384059331676, 0.09229448174753568, 0.10045734595919283, 0.08255924308091235, 0.07522556079512835, 0.07322210441158594, 0.07872501799802338, 0.07229703410465468, 0.0563104579923504, 0.07184359483631564, 0.08005529507652026, 0.07114672155704947, 0.0671406283600595, 0.06768306971587655, 0.05715982461697416, 0.06174442788094289, 0.05146961691575544, 0.04801681636765863, 0.062130082682881144, 0.056926763417123834, 0.0555007329725837, 0.05372321731010622, 0.050481283743939745, 0.047894558206242915, 0.06563371591552104, 0.06608497401134798, 0.07297120356217637, 0.048114479538767047, 0.0420134045546522, 0.05284159722988091, 0.040455539130381725, 0.04199869444583258, 0.05009395516151518, 0.05306367117750406, 0.05020342347634761, 0.04421399747312012, 0.047346496175202625, 0.04228335494172986, 0.049722405430153965, 0.046713861312985265, 0.02954902958573901, 0.0429629978482016, 0.03632651400820528, 0.04970711072341552, 0.046911206370209076, 0.04090695088440772, 0.04380405446069514, 0.04550411940577167, 0.031227732433108082, 0.04240715891291564, 0.04218576172974728, 0.03572658873570696, 0.03371331069285598, 0.04486599894795641, 0.0473481069083553, 0.038543364091737094, 0.034546651216418985, 0.03009402392739154, 0.033907432816483916, 0.03383798176356147, 0.03336252682052507, 0.03561518967334472, 0.032797521411097055, 0.03349538370798286, 0.03214485008624304, 0.03358250493489614, 0.038339901741397224, 0.033955680368744016, 0.034788359754893805, 0.029478198894520462, 0.029867653689990246, 0.029248035224772668, 0.04117799308676666, 0.033753074286780455, 0.03251663490550775, 0.030318753473405347, 0.029842762517450206, 0.025361773614147633, 0.034048319827493435, 0.03115942319454245, 0.03014064091799406]
BBSR:98.05
ABSR:84.15
max acc:97.77
