======================================
    IID: 0
    Dataset: fashion_mnist
    Model: Mnist_CNN
    Model Init: None
    Aggregation Function: krum
    Fraction NonIID: 0
    Long attack: 3
    Wide attack: 3
    Wide attack: trust
    Threshold reject: 0.5
    Threshold down: 0.0
    Attack method: dba
    Fraction of malicious agents: 25.0%
    Poison Frac: 0.2
    Backdoor From 7 to 2
    Attack Begin: 0
    Trigger Shape: square
    Type poisoning: 
    Trigger Position X: 0
    Trigger Position Y: 0
    Number of agents: 100
    Fraction of agents each turn: 30(30.0%)
    Local batch size: 50
    Local epoch: 3
    Client_LR: 0.01
    Client_Momentum: 0.9
    Global Rounds: 100
    Proportion of malicious are selected: 0.39
    Average score of malicious clients: 770.5152587890625
    Average score of benign clients: 297.9414367675781
======================================
main_task_accuracy=[0, 58.849998474121094, 65.58999633789062, 68.94999694824219, 74.25, 74.38999938964844, 73.23999786376953, 75.08000183105469, 75.23999786376953, 75.94999694824219, 75.18000030517578, 77.44999694824219, 77.44000244140625, 79.4800033569336, 78.0999984741211, 78.91999816894531, 79.47000122070312, 79.9000015258789, 79.55999755859375, 80.19000244140625, 78.44000244140625, 81.0, 78.95999908447266, 80.45999908447266, 80.2300033569336, 80.44000244140625, 77.55999755859375, 79.70999908447266, 80.73999786376953, 82.44999694824219, 80.37999725341797, 82.68000030517578, 82.68000030517578, 81.36000061035156, 80.87000274658203, 81.52999877929688, 83.0199966430664, 81.5999984741211, 81.36000061035156, 82.6500015258789, 82.9800033569336, 82.51000213623047, 82.01000213623047, 83.31999969482422, 82.55999755859375, 82.62000274658203, 82.33000183105469, 82.7699966430664, 82.41000366210938, 83.29000091552734, 83.98999786376953, 83.19000244140625, 83.51000213623047, 83.41000366210938, 83.11000061035156, 82.36000061035156, 83.06999969482422, 83.5199966430664, 82.47000122070312, 82.68000030517578, 84.33000183105469, 84.0999984741211, 84.38999938964844, 82.87999725341797, 83.72000122070312, 83.83000183105469, 83.95999908447266, 83.87999725341797, 84.18000030517578, 83.9800033569336, 83.38999938964844, 83.91000366210938, 84.55999755859375, 84.41999816894531, 84.69999694824219, 84.33000183105469, 84.01000213623047, 84.2300033569336, 83.86000061035156, 83.51000213623047, 84.06999969482422, 82.7699966430664, 84.69000244140625, 83.80999755859375, 84.31999969482422, 84.0, 85.19999694824219, 84.48999786376953, 84.51000213623047, 84.80000305175781, 85.16000366210938, 84.25, 83.93000030517578, 84.91000366210938, 84.19000244140625, 83.73999786376953, 84.58000183105469, 85.33000183105469, 84.80000305175781, 84.81999969482422, 85.23999786376953]
backdoor_accuracy=[0, 0.0, 0.0, 78.9, 68.5, 2.3, 0.6, 97.9, 40.5, 24.1, 99.9, 100.0, 99.8, 99.8, 100.0, 100.0, 100.0, 100.0, 100.0, 100.0, 100.0, 100.0, 100.0, 99.9, 100.0, 100.0, 100.0, 99.9, 100.0, 100.0, 100.0, 100.0, 100.0, 99.9, 100.0, 99.9, 100.0, 99.9, 100.0, 100.0, 100.0, 99.9, 100.0, 100.0, 99.9, 99.9, 100.0, 99.9, 100.0, 100.0, 100.0, 100.0, 100.0, 100.0, 100.0, 100.0, 100.0, 100.0, 100.0, 100.0, 100.0, 99.9, 100.0, 100.0, 100.0, 100.0, 100.0, 100.0, 99.9, 100.0, 100.0, 100.0, 100.0, 100.0, 100.0, 99.9, 100.0, 100.0, 100.0, 99.9, 99.9, 100.0, 100.0, 100.0, 100.0, 100.0, 100.0, 100.0, 100.0, 100.0, 100.0, 100.0, 100.0, 100.0, 100.0, 100.0, 100.0, 100.0, 100.0, 100.0, 100.0]
loss_list=[1.3942557631819337, 0.925623375894847, 0.7420161075890063, 0.6668008615849195, 0.6350867951495779, 0.5939457222405407, 0.5541571749167308, 0.57557690863808, 0.5380551315292162, 0.5631474459267878, 0.48530021220169683, 0.5554272955214536, 0.5044765471170346, 0.47639806289225817, 0.4851065246595277, 0.5192318029632724, 0.4764279414037311, 0.44885664873377046, 0.488341599057808, 0.520106828785329, 0.44245610039129296, 0.49573581700247743, 0.4881129064079788, 0.4546677044351343, 0.40994086924388445, 0.4752377235572096, 0.4668311013460712, 0.42926763164362425, 0.43144735838114123, 0.4754573639758208, 0.41532209613532933, 0.4074906797521249, 0.45310376267535274, 0.46723751292598475, 0.41922802573966766, 0.3723292495020563, 0.45053709518095414, 0.43416626638284445, 0.41020820107724926, 0.40604523315128904, 0.43010909640989087, 0.45807196326139893, 0.3842808921097053, 0.4648624276914806, 0.4153962898456181, 0.4105342325719969, 0.39417081029947704, 0.48228095305600643, 0.3741901780875331, 0.3604968042181873, 0.40769644087801377, 0.444372452832586, 0.4187758292864869, 0.42562192960047274, 0.46344902032158436, 0.3916409094455756, 0.3460367423042448, 0.4404272218441799, 0.43019523544719945, 0.40755166307488383, 0.36417052920959475, 0.4068834878935444, 0.421243316107602, 0.38929939574941436, 0.3992842630474586, 0.4412713280120107, 0.38058698460873636, 0.3611962733449656, 0.4001003631476865, 0.4489334483355007, 0.35116171258225753, 0.3678732473112178, 0.40826666404695805, 0.4305035076384364, 0.37357371420205, 0.4217300052237179, 0.3738890890700363, 0.36859253711817364, 0.43776851127859795, 0.45102210379619573, 0.43338836534983577, 0.35087152834274565, 0.4028799135237931, 0.43023121626012845, 0.34736354621817117, 0.35764407331718967, 0.4040864349808544, 0.4114767425193417, 0.38879932571392223, 0.39725334471462426, 0.43365992947861, 0.3977482053744435, 0.35076795432078484, 0.39580202819693283, 0.42007169022949215, 0.3398443825129006, 0.34737640346456494, 0.37824657659253325, 0.3930035709580234, 0.3433800969822591]
BBSR:100.0
ABSR:100.0
max acc:85.33
