======================================
    IID: 1
    Dataset: cifar
    Model: resnet
    Model Init: None
    Aggregation Function: fltrust
    Fraction NonIID: 0
    Long attack: 3
    Wide attack: 3
    Wide attack: trust
    Threshold reject: 0.5
    Threshold down: 0.0
    Attack method: dba
    Fraction of malicious agents: 25.0%
    Poison Frac: 0.2
    Backdoor From 7 to 2
    Attack Begin: 0
    Trigger Shape: square
    Type poisoning: 
    Trigger Position X: 0
    Trigger Position Y: 0
    Number of agents: 100
    Fraction of agents each turn: 30(30.0%)
    Local batch size: 50
    Local epoch: 3
    Client_LR: 0.01
    Client_Momentum: 0.9
    Global Rounds: 100
    Dataset In Server: 200
======================================
main_task_accuracy=[0, 10.0, 11.670000076293945, 15.09000015258789, 22.040000915527344, 28.25, 33.869998931884766, 37.529998779296875, 41.54999923706055, 44.41999816894531, 45.470001220703125, 45.900001525878906, 51.34000015258789, 49.61000061035156, 53.790000915527344, 53.22999954223633, 52.47999954223633, 57.689998626708984, 57.380001068115234, 56.869998931884766, 57.4900016784668, 57.77000045776367, 58.029998779296875, 60.220001220703125, 60.54999923706055, 62.349998474121094, 62.83000183105469, 62.2400016784668, 62.88999938964844, 62.849998474121094, 62.20000076293945, 65.12999725341797, 65.05999755859375, 64.38999938964844, 64.05999755859375, 64.43000030517578, 64.4000015258789, 64.26000213623047, 64.08000183105469, 65.83999633789062, 66.04000091552734, 66.04000091552734, 66.91000366210938, 66.94000244140625, 67.04000091552734, 66.43000030517578, 68.2300033569336, 68.44000244140625, 67.7300033569336, 68.61000061035156, 68.8499984741211, 67.47000122070312, 68.79000091552734, 68.56999969482422, 68.45999908447266, 67.55000305175781, 65.56999969482422, 69.12000274658203, 68.91999816894531, 68.31999969482422, 69.76000213623047, 69.26000213623047, 69.0199966430664, 68.55000305175781, 70.31999969482422, 69.4800033569336, 70.79000091552734, 70.37999725341797, 69.06999969482422, 69.54000091552734, 69.45999908447266, 71.23999786376953, 70.93000030517578, 69.41999816894531, 70.62000274658203, 70.30000305175781, 71.33000183105469, 70.63999938964844, 69.80000305175781, 71.20999908447266, 70.70999908447266, 69.8499984741211, 71.88999938964844, 71.31999969482422, 70.7699966430664, 70.05000305175781, 70.81999969482422, 69.5999984741211, 71.11000061035156, 71.20999908447266, 69.79000091552734, 71.9000015258789, 71.36000061035156, 70.48999786376953, 71.4800033569336, 71.0199966430664, 70.68000030517578, 71.01000213623047, 71.97000122070312, 70.7699966430664, 71.20999908447266]
backdoor_accuracy=[0, 0.0, 19.4, 33.8, 23.8, 13.5, 8.0, 7.7, 8.0, 7.4, 4.2, 7.5, 3.2, 5.0, 10.1, 16.3, 15.1, 3.5, 7.6, 7.7, 9.7, 2.6, 4.5, 8.9, 8.1, 6.1, 6.2, 7.1, 6.1, 8.6, 7.7, 8.9, 6.7, 6.6, 7.6, 1.7, 2.4, 3.0, 2.9, 3.7, 6.0, 6.3, 4.2, 6.2, 7.3, 6.8, 3.9, 4.3, 4.5, 4.7, 5.5, 5.5, 5.9, 5.6, 3.8, 2.9, 2.9, 3.8, 3.7, 3.4, 2.9, 3.0, 3.9, 3.7, 4.7, 5.5, 3.9, 3.6, 1.9, 3.6, 3.7, 4.7, 3.4, 3.3, 5.4, 3.7, 4.4, 4.2, 5.5, 4.7, 3.5, 3.1, 4.3, 3.9, 4.0, 2.6, 3.7, 6.2, 5.5, 4.7, 3.5, 2.9, 4.9, 5.6, 3.4, 5.8, 3.0, 3.1, 4.4, 3.9, 2.8]
loss_list=[2.018195309771431, 1.6066938782400553, 1.2041293324695697, 1.0770862518913218, 0.9688777743942208, 0.9066339313735562, 0.8280394584768348, 0.7968262099805806, 0.7338572677556013, 0.7301966566592454, 0.9138414524661173, 0.7213944681943395, 0.9106816007196902, 0.6958376919454895, 0.845128109223313, 0.6618155111289686, 0.6113075938068019, 0.7525697435107497, 0.6230992755831944, 0.6076926010267601, 0.5752593914799701, 0.6792669721775585, 0.5441695636686765, 0.5843408876794598, 0.5474718476564157, 0.5546945031908884, 0.5147624369042589, 0.5226708806844222, 0.5461082150869899, 0.4725856982047359, 0.4732412831966456, 0.47858640190013424, 0.46205520503533376, 0.47632721396783995, 0.4642588897059775, 0.4928717707056138, 0.36827463037230906, 0.5171610890411668, 0.46200567937223236, 0.4720477058309028, 0.40897142847715373, 0.424896154376135, 0.4201060994652411, 0.3696315541660361, 0.42115034912253674, 0.3924303015026574, 0.43446711254383735, 0.3505857614332087, 0.35069541449723257, 0.33605043985001326, 0.3117713973368518, 0.3429663370499879, 0.3274017253064085, 0.26978844027772236, 0.4070788638112007, 0.3722455900193503, 0.3434150281040153, 0.34216445511711435, 0.33332012834958735, 0.25670285089872785, 0.3247932495981351, 0.2914654164741903, 0.3475900122440524, 0.3012544183171121, 0.230309541857989, 0.2455736545284486, 0.24063304235030147, 0.20766986276411142, 0.2009005215579075, 0.36035372144646105, 0.22237483218642104, 0.21834655851206566, 0.21042029311815788, 0.22598393293427457, 0.2076807859014823, 0.17497878364989047, 0.2618565691781825, 0.18060744826856537, 0.19634406147266015, 0.24572055545797208, 0.2059377253179749, 0.19945513921828634, 0.17204609461788398, 0.1896408331564291, 0.17195646843252083, 0.21168342404714272, 0.14801196849219397, 0.21556940748188128, 0.14932549275050405, 0.16818321866740008, 0.17996817563899745, 0.11587331302383164, 0.15508479741592762, 0.16754863636393566, 0.1079878494479797, 0.09258132735441907, 0.16262163270504162, 0.12602237614130396, 0.0957359534277283, 0.15269293975240242]
BBSR:5.8
ABSR:3.98
max acc:71.97
