======================================
    IID: 0
    Dataset: fashion_mnist
    Model: Mnist_CNN
    Model Init: None
    Aggregation Function: RLR
    Fraction NonIID: 0
    Long attack: 3
    Wide attack: 3
    Wide attack: trust
    Threshold reject: 0.5
    Threshold down: 0.0
    Attack method: dba
    Fraction of malicious agents: 25.0%
    Poison Frac: 0.2
    Backdoor From 7 to 2
    Attack Begin: 0
    Trigger Shape: square
    Type poisoning: 
    Trigger Position X: 0
    Trigger Position Y: 0
    Number of agents: 100
    Fraction of agents each turn: 30(30.0%)
    Local batch size: 50
    Local epoch: 3
    Client_LR: 0.01
    Client_Momentum: 0.9
    Global Rounds: 100
    RobustLR_threshold: 4
======================================
main_task_accuracy=[0, 60.959999084472656, 71.9800033569336, 74.80000305175781, 76.33000183105469, 77.55000305175781, 78.43000030517578, 79.44000244140625, 80.33999633789062, 80.12999725341797, 81.19000244140625, 81.37999725341797, 82.69000244140625, 82.83000183105469, 83.5199966430664, 83.79000091552734, 83.86000061035156, 84.31999969482422, 84.5199966430664, 84.66000366210938, 84.76000213623047, 84.86000061035156, 85.18000030517578, 85.4800033569336, 85.5, 85.69999694824219, 85.9000015258789, 86.1500015258789, 85.83999633789062, 86.12000274658203, 86.43000030517578, 86.41999816894531, 86.54000091552734, 86.48999786376953, 86.66999816894531, 86.7300033569336, 86.98999786376953, 87.12000274658203, 86.87000274658203, 87.0999984741211, 87.1500015258789, 87.16000366210938, 87.27999877929688, 87.47000122070312, 87.30000305175781, 87.5199966430664, 87.66999816894531, 87.80999755859375, 87.87999725341797, 87.86000061035156, 87.87999725341797, 87.86000061035156, 87.93000030517578, 88.12999725341797, 88.04000091552734, 88.08999633789062, 88.11000061035156, 88.2699966430664, 88.23999786376953, 88.19999694824219, 88.38999938964844, 88.45999908447266, 88.48999786376953, 88.04000091552734, 88.48999786376953, 88.26000213623047, 88.41000366210938, 88.61000061035156, 88.5999984741211, 88.69000244140625, 88.27999877929688, 88.6500015258789, 88.62000274658203, 88.8499984741211, 88.80000305175781, 88.87000274658203, 88.87999725341797, 89.06999969482422, 88.8499984741211, 88.97000122070312, 89.05999755859375, 88.95999908447266, 88.95999908447266, 89.02999877929688, 89.1500015258789, 89.12999725341797, 89.06999969482422, 88.98999786376953, 89.06999969482422, 89.2699966430664, 89.27999877929688, 89.25, 89.11000061035156, 89.33999633789062, 89.25, 89.25, 89.47000122070312, 89.33000183105469, 89.26000213623047, 89.43000030517578, 89.48999786376953]
backdoor_accuracy=[0, 0.0, 0.0, 0.0, 4.1, 37.0, 71.4, 75.9, 89.0, 94.2, 97.2, 99.1, 99.8, 99.8, 99.8, 99.8, 99.9, 99.9, 100.0, 99.9, 100.0, 100.0, 100.0, 100.0, 100.0, 100.0, 100.0, 100.0, 100.0, 100.0, 100.0, 100.0, 100.0, 100.0, 100.0, 100.0, 100.0, 100.0, 100.0, 100.0, 100.0, 100.0, 100.0, 100.0, 100.0, 100.0, 100.0, 100.0, 100.0, 100.0, 100.0, 100.0, 100.0, 100.0, 100.0, 100.0, 100.0, 100.0, 100.0, 100.0, 100.0, 100.0, 100.0, 100.0, 100.0, 100.0, 100.0, 100.0, 100.0, 100.0, 100.0, 100.0, 100.0, 100.0, 100.0, 100.0, 100.0, 100.0, 100.0, 100.0, 100.0, 100.0, 100.0, 100.0, 100.0, 100.0, 100.0, 100.0, 100.0, 100.0, 100.0, 100.0, 100.0, 100.0, 100.0, 100.0, 100.0, 100.0, 100.0, 100.0, 100.0]
loss_list=[1.4362184069774768, 0.8969074354127602, 0.6630493221045645, 0.5610156665245694, 0.5311074309809892, 0.5100899873094427, 0.4389156621363429, 0.4772916513184707, 0.4390321993510481, 0.4470534573412604, 0.382349304937654, 0.44297302321151455, 0.3790667466129418, 0.3731550831554665, 0.37319667575259996, 0.3840273144275502, 0.372064364184108, 0.3601355253684299, 0.35819257503996293, 0.3341797869755989, 0.3418213272984658, 0.302840095344517, 0.34312055157842464, 0.3467043447204762, 0.315731799899152, 0.34226051562776166, 0.3156159416668945, 0.2994123408018991, 0.29773639732350904, 0.33085405761031095, 0.303104153861878, 0.27788034512281967, 0.30893470921933086, 0.3095977127345073, 0.2802704994911673, 0.27456224195797135, 0.2973768913704487, 0.2954372508175396, 0.25467024649389913, 0.2774481733846995, 0.3011196258167425, 0.26883783344248385, 0.261213112693211, 0.28611546018057404, 0.2848823878051782, 0.2656753283442447, 0.23980787746884208, 0.2696229516976961, 0.27355576190338643, 0.24728280733925873, 0.26492169829844325, 0.26972746147463716, 0.24298285315917045, 0.24509929660362773, 0.26562619950380867, 0.23567875774956684, 0.21821686311590455, 0.2501899935788026, 0.26312175748731803, 0.24255314318946117, 0.21254980484610078, 0.25104291078945, 0.24438644717274988, 0.22622376673302994, 0.23613470734476494, 0.24371201162295478, 0.24769147276119494, 0.23791195939519197, 0.24581332053920188, 0.24494333540917274, 0.22688674883468563, 0.2233116511031295, 0.243687162919108, 0.23446940383701415, 0.23582246613481808, 0.2294714375847467, 0.2335398691326932, 0.2179900402237696, 0.219966974976921, 0.22906136492577692, 0.2251363692822418, 0.20681466506276694, 0.2194726846077376, 0.21847325087938874, 0.22250483181948466, 0.22354881146198347, 0.2442634841547934, 0.2083871850950851, 0.21458302951521346, 0.2154538076802123, 0.21597382329335363, 0.21052154629594752, 0.20815565658181356, 0.21632372540145836, 0.21590969062548268, 0.20182002984349515, 0.20039317540272517, 0.21401601340621706, 0.2156571942605768, 0.18720329265903543]
BBSR:100.0
ABSR:100.0
max acc:89.49
