======================================
    IID: 0
    Dataset: fashion_mnist
    Model: Mnist_CNN
    Model Init: None
    Aggregation Function: flame
    Fraction NonIID: 0
    Long attack: 3
    Wide attack: 3
    Wide attack: trust
    Threshold reject: 0.5
    Threshold down: 0.0
    Attack method: badnet
    Fraction of malicious agents: 25.0%
    Poison Frac: 0.2
    Backdoor From 7 to 2
    Attack Begin: 0
    Trigger Shape: square
    Type poisoning: pgd
    Trigger Position X: 0
    Trigger Position Y: 0
    Number of agents: 100
    Fraction of agents each turn: 30(30.0%)
    Local batch size: 50
    Local epoch: 3
    Client_LR: 0.01
    Client_Momentum: 0.9
    Global Rounds: 100
    Noise in FLAME: 0.001
proportion of malicious are selected:0.61
proportion of benign are selected:0.5143478260869565
======================================
main_task_accuracy=[0, 55.31999969482422, 69.44000244140625, 75.44000244140625, 76.58000183105469, 77.36000061035156, 78.05999755859375, 79.63999938964844, 79.6500015258789, 81.08999633789062, 80.44000244140625, 81.54000091552734, 82.41999816894531, 82.47000122070312, 82.91000366210938, 82.91000366210938, 83.7699966430664, 84.4800033569336, 84.37000274658203, 84.41000366210938, 84.7699966430664, 84.98999786376953, 85.22000122070312, 85.19000244140625, 85.30000305175781, 85.7300033569336, 85.7699966430664, 85.87000274658203, 86.25, 86.38999938964844, 85.94999694824219, 86.1500015258789, 86.54000091552734, 86.5, 86.16999816894531, 86.87000274658203, 86.72000122070312, 86.79000091552734, 86.62000274658203, 87.08999633789062, 87.06999969482422, 87.0, 87.16000366210938, 87.19000244140625, 87.20999908447266, 87.19000244140625, 87.33999633789062, 87.41999816894531, 87.48999786376953, 87.43000030517578, 87.66999816894531, 87.16999816894531, 87.66000366210938, 87.93000030517578, 87.86000061035156, 88.08999633789062, 87.55999755859375, 88.16000366210938, 88.27999877929688, 88.23999786376953, 87.95999908447266, 88.20999908447266, 88.13999938964844, 88.16000366210938, 88.38999938964844, 88.5, 88.19999694824219, 88.44999694824219, 88.41000366210938, 88.18000030517578, 88.44000244140625, 88.5199966430664, 88.20999908447266, 88.56999969482422, 88.54000091552734, 88.37000274658203, 88.69000244140625, 88.83999633789062, 88.9800033569336, 88.1500015258789, 88.51000213623047, 88.8499984741211, 88.7699966430664, 88.62999725341797, 88.97000122070312, 88.79000091552734, 88.80000305175781, 88.83999633789062, 88.69999694824219, 88.72000122070312, 88.91000366210938, 88.9800033569336, 88.83999633789062, 88.91000366210938, 89.19999694824219, 89.13999938964844, 89.02999877929688, 88.62000274658203, 89.01000213623047, 88.66999816894531, 88.8499984741211]
backdoor_accuracy=[0, 0.0, 1.7, 3.0, 29.6, 35.8, 61.2, 84.0, 91.5, 97.3, 98.8, 99.7, 99.6, 99.8, 99.8, 99.9, 99.9, 99.9, 99.9, 99.9, 99.9, 99.9, 100.0, 100.0, 100.0, 100.0, 100.0, 100.0, 100.0, 100.0, 100.0, 100.0, 100.0, 100.0, 100.0, 100.0, 100.0, 100.0, 100.0, 100.0, 100.0, 100.0, 100.0, 100.0, 100.0, 100.0, 100.0, 100.0, 100.0, 100.0, 100.0, 100.0, 100.0, 100.0, 100.0, 100.0, 100.0, 100.0, 100.0, 100.0, 100.0, 100.0, 100.0, 100.0, 100.0, 100.0, 100.0, 100.0, 100.0, 100.0, 100.0, 100.0, 100.0, 100.0, 100.0, 100.0, 100.0, 100.0, 100.0, 100.0, 100.0, 100.0, 100.0, 100.0, 100.0, 100.0, 100.0, 100.0, 100.0, 100.0, 100.0, 100.0, 100.0, 100.0, 100.0, 100.0, 100.0, 100.0, 100.0, 100.0, 100.0]
loss_list=[1.4278140097856522, 0.856558355854617, 0.6242983757345762, 0.5633718017074797, 0.5477385627726714, 0.5107325756301483, 0.47568444800045756, 0.4815633153611863, 0.4521231537408851, 0.4309776037103601, 0.39575620006631934, 0.402633400923676, 0.39888411783095873, 0.3918694588045278, 0.3975947234227703, 0.3772887074043629, 0.38372594559289236, 0.33023563082226454, 0.3583368923791029, 0.36741444534725626, 0.3635312422558113, 0.3393832476464687, 0.3542896234809801, 0.3525203924108711, 0.330111247214868, 0.31257547869312535, 0.3059665525815002, 0.30883490482207254, 0.32528543715813646, 0.29203122440656576, 0.32120165107771753, 0.3251955147625671, 0.288600714482298, 0.32018711558129226, 0.28092690371666795, 0.3042618953139969, 0.29128889691739995, 0.31591615692746866, 0.27455641443806666, 0.30283665592540737, 0.29848990656297514, 0.30446481675047565, 0.3209737424462758, 0.29572594490730103, 0.28622521331740747, 0.2593707669250391, 0.29155858249438027, 0.2980347948976689, 0.2666923915018776, 0.28079467949078035, 0.2829157466965694, 0.2933446680919991, 0.28377418743308497, 0.2629710369907251, 0.2787271075261136, 0.29019826004385124, 0.26637903810996144, 0.2654549512149835, 0.24556171865788873, 0.26756090839151986, 0.24929332597508888, 0.2547896501711674, 0.2632698104199436, 0.24738543609640112, 0.27098865422109764, 0.26394195712895857, 0.25118543034488405, 0.2817717550598361, 0.26009871202900453, 0.2531863919485154, 0.2622635063715279, 0.26676625646305846, 0.24715120508163063, 0.2509130557723067, 0.25060787511196125, 0.23738904033477107, 0.2594157397488339, 0.2284823719705283, 0.2409497562149126, 0.2357017269047598, 0.26132440892117165, 0.2462920224949442, 0.22847308207699962, 0.21574440613320026, 0.23718414930454285, 0.24693073899554158, 0.2309988601702369, 0.23934458349486473, 0.22320057047289557, 0.22315901746904412, 0.2528428662878771, 0.2592070856295457, 0.23654423635970379, 0.2452901708013895, 0.23556051897057503, 0.23815563353364938, 0.2213271164111103, 0.2594352967278273, 0.26822814368297926, 0.23764756555255087]
BBSR:100.0
ABSR:100.0
max acc:89.2
