======================================
    IID: 1
    Dataset: cifar
    Model: resnet
    Model Init: None
    Aggregation Function: fltrust
    Fraction NonIID: 0
    Long attack: 3
    Wide attack: 3
    Wide attack: trust
    Threshold reject: 0.5
    Threshold down: 0.0
    Attack method: badnet
    Fraction of malicious agents: 25.0%
    Poison Frac: 0.2
    Backdoor From 7 to 2
    Attack Begin: 0
    Trigger Shape: square
    Type poisoning: pgd
    Trigger Position X: 0
    Trigger Position Y: 0
    Number of agents: 100
    Fraction of agents each turn: 30(30.0%)
    Local batch size: 50
    Local epoch: 3
    Client_LR: 0.01
    Client_Momentum: 0.9
    Global Rounds: 100
    Dataset In Server: 200
======================================
main_task_accuracy=[0, 10.0, 11.140000343322754, 12.579999923706055, 20.309999465942383, 27.360000610351562, 34.52000045776367, 39.45000076293945, 44.36000061035156, 47.47999954223633, 50.779998779296875, 54.130001068115234, 52.63999938964844, 54.95000076293945, 54.689998626708984, 53.709999084472656, 57.91999816894531, 55.90999984741211, 54.880001068115234, 56.95000076293945, 58.880001068115234, 58.869998931884766, 58.810001373291016, 60.9900016784668, 61.5099983215332, 62.54999923706055, 62.43000030517578, 57.880001068115234, 58.7400016784668, 63.279998779296875, 63.86000061035156, 63.16999816894531, 63.88999938964844, 63.33000183105469, 64.30000305175781, 64.69999694824219, 64.20999908447266, 66.08000183105469, 65.33000183105469, 65.13999938964844, 64.97000122070312, 66.1500015258789, 65.18000030517578, 64.20999908447266, 64.04000091552734, 66.06999969482422, 66.56999969482422, 65.30999755859375, 66.97000122070312, 66.94000244140625, 68.08999633789062, 67.22000122070312, 68.2699966430664, 66.8499984741211, 68.56999969482422, 67.86000061035156, 68.88999938964844, 68.25, 68.27999877929688, 69.33999633789062, 68.70999908447266, 67.61000061035156, 69.69999694824219, 69.05000305175781, 68.48999786376953, 69.88999938964844, 68.91999816894531, 66.94999694824219, 70.5999984741211, 69.38999938964844, 69.12000274658203, 67.19999694824219, 70.5999984741211, 69.87000274658203, 68.37999725341797, 70.79000091552734, 70.3499984741211, 67.83999633789062, 70.48999786376953, 70.19999694824219, 69.0199966430664, 70.26000213623047, 69.1500015258789, 71.0999984741211, 69.9000015258789, 69.55000305175781, 69.91000366210938, 70.0199966430664, 68.83000183105469, 71.79000091552734, 69.95999908447266, 70.63999938964844, 70.70999908447266, 70.13999938964844, 70.33000183105469, 70.94000244140625, 71.83999633789062, 70.4000015258789, 70.91999816894531, 72.12999725341797, 71.44000244140625]
backdoor_accuracy=[0, 0.0, 3.1, 9.1, 9.8, 6.0, 4.8, 3.4, 3.4, 4.6, 4.2, 5.7, 4.9, 3.5, 3.4, 1.9, 4.3, 4.4, 2.1, 3.6, 3.4, 3.6, 2.5, 4.8, 5.6, 6.8, 6.2, 5.8, 4.0, 6.0, 4.1, 2.6, 6.1, 4.6, 3.3, 3.6, 2.7, 2.8, 2.3, 1.8, 5.5, 3.5, 3.5, 4.2, 3.3, 1.8, 3.4, 3.2, 3.8, 3.0, 3.0, 2.8, 3.6, 2.1, 3.5, 2.2, 4.5, 2.7, 3.6, 2.3, 1.7, 1.0, 2.6, 1.7, 1.8, 5.1, 1.7, 1.0, 4.5, 3.0, 3.8, 1.8, 2.6, 1.9, 1.1, 4.8, 1.4, 1.2, 1.7, 1.7, 1.7, 3.6, 1.5, 2.2, 1.0, 2.2, 3.2, 1.9, 0.4, 3.1, 2.8, 2.3, 3.2, 2.2, 2.8, 1.7, 2.3, 1.2, 2.4, 2.7, 1.5]
loss_list=[1.9628268755806817, 1.5233597748809393, 1.142873514129056, 1.0000003846817545, 0.9030108759800594, 0.8423958123309744, 0.8122619617895948, 0.7494431118170419, 0.7520425298313302, 0.7173521262076168, 0.6678666204379663, 0.7277996599094736, 0.7913539068462947, 0.8500266849420346, 0.7048088371256989, 0.8925312609241035, 0.689415402362744, 0.5974132595873541, 0.6836916875138157, 0.6365440563689401, 0.6851190361675495, 0.637131717486514, 0.5483960526198561, 0.5693922278942127, 0.49320196513345255, 0.5244919477483362, 0.5206588032526068, 0.6492103081025804, 0.4580248345072484, 0.5013273731228484, 0.4437688122760866, 0.5159838284117482, 0.47315110476609945, 0.41219548398654704, 0.47717965825641934, 0.43072961359776346, 0.3919034394546826, 0.4795876922686068, 0.43342690500353154, 0.38111605959220074, 0.41971843136189924, 0.39144532214488004, 0.37545152933310916, 0.4807454570441687, 0.38208537068567233, 0.3997644061253717, 0.3636851293995278, 0.37101300756408206, 0.4456202755506254, 0.31135819514877056, 0.3698287566976311, 0.2841175411324042, 0.31756539223133584, 0.2748342682910799, 0.3018553127632347, 0.2665795954803212, 0.3429206403634615, 0.2844989890532775, 0.2287312440389845, 0.29033263621198585, 0.2770233695837022, 0.2431837559617513, 0.2904683302746465, 0.21858066801246928, 0.1972863458095688, 0.2390672175010614, 0.27921124492797794, 0.23942045571935727, 0.19212195098044402, 0.20464306008704533, 0.20379935826886345, 0.2174232012592256, 0.18837072816871417, 0.23599199132405274, 0.2072944581323666, 0.15079740740708075, 0.13541049054384027, 0.1725855244140581, 0.15854486451458397, 0.14352100143002136, 0.16148357564609295, 0.18387249917354592, 0.14699254620477503, 0.12786511565565079, 0.15255443957834766, 0.1418869706253625, 0.1370703710326537, 0.16679678412626445, 0.16202546517455224, 0.08389967570120158, 0.15690879036866437, 0.1081030403534209, 0.12090685142236499, 0.13237307247802768, 0.1577979073104345, 0.10406931736286626, 0.08611236952374586, 0.15377298794188798, 0.0801790782364939, 0.07570936164983626]
BBSR:3.2
ABSR:2.23
max acc:72.13
