======================================
    IID: 0
    Dataset: fashion_mnist
    Model: Mnist_CNN
    Model Init: None
    Aggregation Function: krum
    Fraction NonIID: 0
    Long attack: 3
    Wide attack: 3
    Wide attack: trust
    Threshold reject: 0.5
    Threshold down: 0.0
    Attack method: badnet
    Fraction of malicious agents: 25.0%
    Poison Frac: 0.2
    Backdoor From 7 to 2
    Attack Begin: 0
    Trigger Shape: square
    Type poisoning: 
    Trigger Position X: 0
    Trigger Position Y: 0
    Number of agents: 100
    Fraction of agents each turn: 30(30.0%)
    Local batch size: 50
    Local epoch: 3
    Client_LR: 0.01
    Client_Momentum: 0.9
    Global Rounds: 100
    Proportion of malicious are selected: 0.48
    Average score of malicious clients: 961.7985229492188
    Average score of benign clients: 370.0393371582031
======================================
main_task_accuracy=[0, 59.83000183105469, 69.81999969482422, 68.30000305175781, 73.61000061035156, 75.75, 75.51000213623047, 74.68000030517578, 75.4800033569336, 78.80000305175781, 78.29000091552734, 77.55000305175781, 78.87999725341797, 77.04000091552734, 78.41999816894531, 79.58999633789062, 79.51000213623047, 80.08000183105469, 81.11000061035156, 79.05999755859375, 81.08999633789062, 80.4800033569336, 81.30000305175781, 80.7699966430664, 79.6500015258789, 80.41000366210938, 82.13999938964844, 81.76000213623047, 81.95999908447266, 82.30999755859375, 82.22000122070312, 82.51000213623047, 80.47000122070312, 82.68000030517578, 82.75, 81.94000244140625, 81.73999786376953, 81.58999633789062, 80.94000244140625, 83.13999938964844, 83.19999694824219, 82.94000244140625, 83.36000061035156, 83.25, 83.06999969482422, 82.31999969482422, 82.93000030517578, 82.29000091552734, 83.76000213623047, 83.95999908447266, 83.11000061035156, 83.75, 83.5999984741211, 82.91000366210938, 83.5199966430664, 81.88999938964844, 84.22000122070312, 84.08000183105469, 84.55999755859375, 83.54000091552734, 80.43000030517578, 83.7300033569336, 84.08999633789062, 82.86000061035156, 84.05999755859375, 83.86000061035156, 83.76000213623047, 84.2699966430664, 84.33000183105469, 83.91999816894531, 84.02999877929688, 84.25, 84.66999816894531, 84.58999633789062, 83.20999908447266, 83.93000030517578, 83.73999786376953, 84.22000122070312, 84.41999816894531, 84.62999725341797, 83.76000213623047, 84.6500015258789, 84.52999877929688, 84.5199966430664, 84.47000122070312, 83.61000061035156, 83.87999725341797, 84.5999984741211, 84.16000366210938, 83.66999816894531, 84.45999908447266, 82.97000122070312, 83.83999633789062, 84.38999938964844, 84.44999694824219, 83.97000122070312, 84.19999694824219, 82.41000366210938, 84.62000274658203, 83.91999816894531, 84.06999969482422]
backdoor_accuracy=[0, 0.0, 0.0, 88.1, 1.8, 48.4, 19.1, 99.5, 99.7, 100.0, 100.0, 100.0, 100.0, 99.7, 100.0, 99.9, 99.9, 99.9, 100.0, 100.0, 100.0, 100.0, 100.0, 100.0, 100.0, 100.0, 100.0, 100.0, 100.0, 100.0, 100.0, 100.0, 100.0, 100.0, 100.0, 100.0, 100.0, 100.0, 100.0, 100.0, 100.0, 100.0, 100.0, 100.0, 100.0, 100.0, 100.0, 100.0, 100.0, 100.0, 100.0, 100.0, 100.0, 100.0, 100.0, 100.0, 100.0, 100.0, 100.0, 100.0, 100.0, 100.0, 100.0, 100.0, 100.0, 100.0, 100.0, 100.0, 100.0, 100.0, 100.0, 100.0, 100.0, 100.0, 99.9, 100.0, 100.0, 100.0, 100.0, 100.0, 100.0, 100.0, 100.0, 100.0, 100.0, 100.0, 100.0, 100.0, 100.0, 100.0, 100.0, 100.0, 100.0, 100.0, 100.0, 100.0, 100.0, 100.0, 100.0, 100.0, 100.0]
loss_list=[1.4316213855036979, 0.7935002496397053, 0.6602947653029805, 0.6341667260146804, 0.5736297727872927, 0.5713750898976018, 0.505739792905472, 0.5114718569097695, 0.49154766357883256, 0.4958191095127001, 0.4874946836934045, 0.4900706484913826, 0.48169995635333984, 0.470641818459801, 0.45993310693927386, 0.4820310189216224, 0.4639944822561961, 0.4500655281357468, 0.4784492846957788, 0.44668177952645005, 0.47609711830262774, 0.4602434503604416, 0.42926982796440527, 0.4542394661655028, 0.4415163117736854, 0.4775602993883054, 0.4464501272197124, 0.43005132244003047, 0.48023811174487635, 0.46476488422464435, 0.45636701674580027, 0.4353673718317791, 0.3991239706830432, 0.441439541325801, 0.47201680729372625, 0.40218658405873503, 0.4323425545253687, 0.45482708907651687, 0.4140383633871183, 0.4087001229601878, 0.4314645636102391, 0.4451444947126287, 0.3849005783442408, 0.3769702245024274, 0.4193640748349329, 0.43062933396496295, 0.47386481292821736, 0.416240513441584, 0.38759584904958805, 0.40363938911576525, 0.4108957489297069, 0.37795191465238864, 0.38760275916299874, 0.42131972395970185, 0.44570263414471245, 0.4090130692020197, 0.37002249643534285, 0.4146214088071483, 0.4103575696220138, 0.44469600102208834, 0.37277060278208446, 0.43996245359227976, 0.42368448050002816, 0.4109799586650398, 0.3937148098868352, 0.37180996064303645, 0.3925304440315813, 0.40604480190722153, 0.388649658586278, 0.4018723767755243, 0.4071543812996457, 0.38708779491350515, 0.37826125601886473, 0.46411301076274225, 0.44791983543998665, 0.40611793402478935, 0.391245939209195, 0.42466130655698703, 0.3817269827046268, 0.44584779443124456, 0.42644145302733194, 0.4363574965391308, 0.38920069360562287, 0.45142410769907726, 0.4371526608760987, 0.451436788002374, 0.40715925530530517, 0.39119549110441265, 0.43895853294503734, 0.4172818797161905, 0.44854922692498395, 0.4507746790777202, 0.40133392920101035, 0.3814694643402214, 0.43817803865747035, 0.41221264790219725, 0.47158050928954726, 0.36757817070551774, 0.3974218708394027, 0.3926451083410669]
BBSR:100.0
ABSR:100.0
max acc:84.62
