======================================
    IID: 1
    Dataset: cifar
    Model: resnet
    Model Init: None
    Aggregation Function: avg
    Fraction NonIID: 0
    Long attack: 3
    Wide attack: 3
    Wide attack: trust
    Threshold reject: 0.5
    Threshold down: 0.0
    Attack method: badnet
    Fraction of malicious agents: 25.0%
    Poison Frac: 0.2
    Backdoor From 7 to 2
    Attack Begin: 0
    Trigger Shape: square
    Type poisoning: cs
    Trigger Position X: 0
    Trigger Position Y: 0
    Number of agents: 100
    Fraction of agents each turn: 30(30.0%)
    Local batch size: 50
    Local epoch: 3
    Client_LR: 0.01
    Client_Momentum: 0.9
    Global Rounds: 100
======================================
main_task_accuracy=[0, 10.0, 16.260000228881836, 34.5099983215332, 41.380001068115234, 45.279998779296875, 48.290000915527344, 52.119998931884766, 55.18000030517578, 57.029998779296875, 56.65999984741211, 59.58000183105469, 60.11000061035156, 62.939998626708984, 62.84000015258789, 63.31999969482422, 64.16999816894531, 64.47000122070312, 64.94000244140625, 65.16999816894531, 65.7300033569336, 66.62999725341797, 65.7699966430664, 66.77999877929688, 66.37999725341797, 67.47000122070312, 67.6500015258789, 67.0, 68.51000213623047, 68.91000366210938, 69.26000213623047, 71.05000305175781, 69.58999633789062, 68.5, 69.58000183105469, 70.44000244140625, 69.58999633789062, 69.91000366210938, 70.7300033569336, 72.02999877929688, 70.7300033569336, 70.80000305175781, 72.0199966430664, 72.0, 72.29000091552734, 72.06999969482422, 72.63999938964844, 72.58000183105469, 71.9000015258789, 72.08000183105469, 72.72000122070312, 72.7699966430664, 71.88999938964844, 72.62000274658203, 72.66999816894531, 72.62000274658203, 72.69999694824219, 72.58000183105469, 72.69000244140625, 72.54000091552734, 72.95999908447266, 72.7300033569336, 72.69000244140625, 72.87000274658203, 72.91000366210938, 72.94999694824219, 73.0199966430664, 72.73999786376953, 72.69000244140625, 72.62999725341797, 72.52999877929688, 72.61000061035156, 72.62000274658203, 72.75, 72.69999694824219, 72.86000061035156, 72.80000305175781, 72.77999877929688, 72.80999755859375, 72.70999908447266, 72.76000213623047, 72.69000244140625, 72.63999938964844, 72.63999938964844, 72.68000030517578, 72.61000061035156, 72.55999755859375, 72.5, 72.51000213623047, 72.4800033569336, 72.56999969482422, 72.61000061035156, 72.5999984741211, 72.5999984741211, 72.55000305175781, 72.54000091552734, 72.54000091552734, 72.55000305175781, 72.5199966430664, 72.51000213623047, 72.51000213623047]
backdoor_accuracy=[0, 0.0, 14.2, 5.8, 2.5, 5.2, 2.8, 3.8, 2.5, 2.9, 2.3, 2.4, 2.5, 2.0, 1.9, 2.0, 2.1, 2.5, 1.5, 0.9, 1.2, 1.7, 2.1, 1.1, 1.4, 2.4, 1.1, 0.8, 2.4, 1.0, 0.8, 1.3, 1.0, 1.6, 1.4, 1.4, 0.8, 0.8, 1.5, 2.0, 2.1, 1.1, 1.8, 1.4, 1.8, 1.2, 2.0, 3.1, 2.4, 2.1, 3.0, 2.6, 1.8, 1.6, 1.9, 2.3, 2.3, 2.6, 2.3, 2.7, 2.8, 2.5, 2.4, 4.1, 2.8, 3.3, 3.7, 3.0, 3.3, 3.0, 3.4, 3.3, 3.0, 3.2, 3.0, 3.1, 3.1, 2.9, 3.0, 3.1, 3.1, 3.0, 3.3, 3.4, 3.4, 3.5, 3.6, 3.4, 3.6, 3.4, 2.9, 3.2, 3.0, 3.0, 3.3, 3.4, 3.3, 3.1, 3.0, 3.1, 3.2]
loss_list=[1.9687517223093247, 1.4694945399628745, 1.1134967274467151, 0.9586829154524537, 0.8297667162782616, 0.737318446284367, 0.6594363695507247, 0.6230869302319157, 0.5739792391078339, 0.5319092906845939, 0.5360870296880603, 0.48011537333329524, 0.46923952563562316, 0.42593668200903473, 0.43884031076398156, 0.3918332187282957, 0.385780545634528, 0.37682554887918135, 0.35533422290140554, 0.3309536714738028, 0.31754280943009583, 0.34386636841835255, 0.2719998002104047, 0.27102841990999876, 0.30503341264505346, 0.30223775416198706, 0.2647122290011288, 0.2618968244993852, 0.2410335483562408, 0.23606070820552605, 0.2129398912895057, 0.2248648587428033, 0.28484140620980825, 0.19007384677210615, 0.15315169360152342, 0.2267165116122406, 0.17599371971691852, 0.125084766631739, 0.11466157837990772, 0.2064541813964024, 0.18061112869789622, 0.13101631841350658, 0.12676628296936138, 0.0969402200303092, 0.11548221063554391, 0.11112401305151359, 0.11391796842818921, 0.11637685428451125, 0.13768979799849657, 0.11674172346874709, 0.09944706107877817, 0.14817242057185565, 0.10318813847966443, 0.09220355782444435, 0.08223008026495031, 0.08927855621020876, 0.08258554640064376, 0.10885925013808043, 0.09337170547323895, 0.13578892685408286, 0.09829570360717801, 0.08461333645067902, 0.10615113477170879, 0.09516829408695533, 0.09221394372410334, 0.08062647766857282, 0.10440352677409664, 0.0964070448659994, 0.10586723116493277, 0.11282116040986795, 0.10207357396504248, 0.10922334862984528, 0.10441342516118314, 0.1219316969298557, 0.11259889929851245, 0.11757532333525074, 0.10033763308446697, 0.11854155718876026, 0.1320152369007054, 0.12051829654820422, 0.11579590734393504, 0.11124034855291638, 0.13273149656484337, 0.1187667588121096, 0.10978074559959672, 0.11476157838025958, 0.13298607779587554, 0.14198766046538372, 0.1319600784568077, 0.13647991539223264, 0.1382599535483395, 0.13338220176668578, 0.12738519056675918, 0.1402390730524914, 0.11127333122231198, 0.12752061031525952, 0.11603318234577371, 0.13260913243999106, 0.14523832935492256, 0.12746681031581827]
BBSR:3.4
ABSR:3.16
max acc:72.61
