======================================
    IID: 0
    Dataset: fashion_mnist
    Model: Mnist_CNN
    Model Init: None
    Aggregation Function: flame
    Fraction NonIID: 0
    Long attack: 3
    Wide attack: 3
    Wide attack: trust
    Threshold reject: 0.5
    Threshold down: 0.0
    Attack method: badnet
    Fraction of malicious agents: 25.0%
    Poison Frac: 0.2
    Backdoor From 7 to 2
    Attack Begin: 0
    Trigger Shape: square
    Type poisoning: 
    Trigger Position X: 0
    Trigger Position Y: 0
    Number of agents: 100
    Fraction of agents each turn: 30(30.0%)
    Local batch size: 50
    Local epoch: 3
    Client_LR: 0.01
    Client_Momentum: 0.9
    Global Rounds: 100
    Noise in FLAME: 0.001
proportion of malicious are selected:0.5828571428571429
proportion of benign are selected:0.5226086956521739
======================================
main_task_accuracy=[0, 61.150001525878906, 68.44999694824219, 74.66999816894531, 76.33999633789062, 75.43000030517578, 78.23999786376953, 78.91000366210938, 79.70999908447266, 79.94999694824219, 80.69999694824219, 82.0999984741211, 82.55000305175781, 82.30000305175781, 83.12999725341797, 83.5999984741211, 83.5, 84.05000305175781, 84.27999877929688, 84.4800033569336, 84.45999908447266, 84.91000366210938, 85.41000366210938, 85.08999633789062, 85.33000183105469, 85.72000122070312, 85.62000274658203, 85.66000366210938, 85.94000244140625, 85.68000030517578, 86.37000274658203, 86.11000061035156, 86.61000061035156, 86.66000366210938, 86.52999877929688, 86.6500015258789, 86.69999694824219, 86.56999969482422, 86.75, 86.7300033569336, 86.86000061035156, 87.16000366210938, 86.70999908447266, 87.2699966430664, 87.44000244140625, 86.94999694824219, 87.33999633789062, 87.19999694824219, 87.5, 87.47000122070312, 87.61000061035156, 87.75, 87.62999725341797, 88.0, 87.5199966430664, 87.80999755859375, 88.16999816894531, 87.91999816894531, 87.94000244140625, 88.05999755859375, 88.19000244140625, 88.18000030517578, 88.2300033569336, 88.33999633789062, 87.94000244140625, 88.27999877929688, 88.05999755859375, 88.0199966430664, 88.27999877929688, 88.33999633789062, 88.4000015258789, 88.2699966430664, 88.54000091552734, 88.48999786376953, 88.44999694824219, 88.5999984741211, 88.5199966430664, 88.69000244140625, 88.61000061035156, 88.73999786376953, 88.69999694824219, 88.93000030517578, 88.79000091552734, 88.81999969482422, 88.63999938964844, 88.94000244140625, 88.9800033569336, 88.80000305175781, 89.05000305175781, 88.9800033569336, 88.54000091552734, 89.01000213623047, 89.01000213623047, 88.80000305175781, 88.75, 89.2699966430664, 89.23999786376953, 89.37000274658203, 88.98999786376953, 89.01000213623047, 89.20999908447266]
backdoor_accuracy=[0, 0.0, 0.0, 0.2, 1.8, 23.1, 60.1, 81.0, 92.9, 97.1, 98.7, 99.3, 99.7, 99.9, 99.9, 99.9, 100.0, 100.0, 99.9, 100.0, 100.0, 100.0, 100.0, 100.0, 100.0, 100.0, 100.0, 100.0, 100.0, 100.0, 100.0, 100.0, 100.0, 100.0, 100.0, 100.0, 100.0, 100.0, 100.0, 100.0, 100.0, 100.0, 100.0, 100.0, 100.0, 100.0, 100.0, 100.0, 100.0, 100.0, 100.0, 100.0, 100.0, 100.0, 100.0, 100.0, 100.0, 100.0, 100.0, 100.0, 100.0, 100.0, 100.0, 100.0, 100.0, 100.0, 100.0, 100.0, 100.0, 100.0, 100.0, 100.0, 100.0, 100.0, 100.0, 100.0, 100.0, 100.0, 100.0, 100.0, 100.0, 100.0, 100.0, 100.0, 100.0, 100.0, 100.0, 100.0, 100.0, 100.0, 100.0, 100.0, 100.0, 100.0, 100.0, 100.0, 100.0, 100.0, 100.0, 100.0, 100.0]
loss_list=[1.4604821613265409, 0.8758162437213793, 0.6425038928786914, 0.5838246953432208, 0.5405219199756781, 0.4919140127935896, 0.47532960956019377, 0.4443873302735114, 0.43390910941417565, 0.436623541596863, 0.42939018943795454, 0.3938906504048241, 0.397112103468842, 0.3935919270471289, 0.3722487472894567, 0.3916454009228835, 0.36697224281314356, 0.3436847893107269, 0.37324095134519875, 0.35847713503020784, 0.37199656749489135, 0.3394944055281856, 0.3360133908482062, 0.3351002348793878, 0.33216059045452206, 0.3432014354125217, 0.31702238223342977, 0.3273001325489195, 0.32739731844652586, 0.289057728610243, 0.33323255113015576, 0.3037435446072508, 0.3058387789357867, 0.3309650602750481, 0.3115547302661948, 0.28949799829473094, 0.3086038926478338, 0.31321189817455075, 0.2822939044864917, 0.31620471202940853, 0.2846566340506629, 0.28191999401207324, 0.28582523166098533, 0.27567911982122395, 0.26735720630666177, 0.2830433699095415, 0.27597445817664273, 0.26680308950168113, 0.2826112510981382, 0.2705004920268914, 0.28594627250675797, 0.2863831642894418, 0.2833360548786544, 0.2872174218883393, 0.2690281555263533, 0.2674815038564029, 0.24983317433270041, 0.26825578636144876, 0.24967992864031763, 0.2661438838389047, 0.25769774494520215, 0.2472577545222723, 0.2604558316697539, 0.24227806071888797, 0.24745790262672082, 0.25757149295467474, 0.26151951361378584, 0.29099149761583515, 0.26594381619210317, 0.22464566724892288, 0.277652626193163, 0.22443674411969608, 0.27269037327625684, 0.25805534421190346, 0.25699494965719405, 0.2546436071628705, 0.2541781261632289, 0.24971558620152923, 0.25977808648582407, 0.24314823948554, 0.23869945513843388, 0.22851971569815988, 0.2545958497147593, 0.24866286860951395, 0.24973937723337222, 0.22986487761588284, 0.25684011288642605, 0.23867932371105308, 0.23743462527205272, 0.2569598333892861, 0.2329184970197578, 0.24782060110010207, 0.24896234782343665, 0.2484654076897574, 0.2192185975249029, 0.2381031473287968, 0.23232030599481535, 0.2399632112433513, 0.26009151601163605, 0.2332573126027085]
BBSR:100.0
ABSR:100.0
max acc:89.37
