======================================
    IID: 0
    Dataset: mnist
    Model: Mnist_CNN
    Model Init: None
    Aggregation Function: flame
    Fraction NonIID: 0
    Long attack: 3
    Wide attack: 3
    Wide attack: trust
    Threshold reject: 0.5
    Threshold down: 0.0
    Attack method: badnet
    Fraction of malicious agents: 25.0%
    Poison Frac: 0.2
    Backdoor From 7 to 2
    Attack Begin: 0
    Trigger Shape: square
    Type poisoning: 
    Trigger Position X: 0
    Trigger Position Y: 0
    Number of agents: 100
    Fraction of agents each turn: 30(30.0%)
    Local batch size: 50
    Local epoch: 3
    Client_LR: 0.01
    Client_Momentum: 0.9
    Global Rounds: 100
    Noise in FLAME: 0.001
proportion of malicious are selected:0.6514285714285715
proportion of benign are selected:0.5413043478260869
======================================
main_task_accuracy=[0, 34.0, 32.08000183105469, 46.27000045776367, 36.209999084472656, 49.68000030517578, 52.849998474121094, 67.11000061035156, 58.9900016784668, 59.15999984741211, 71.4000015258789, 69.5999984741211, 66.05000305175781, 72.66999816894531, 71.30000305175781, 70.47000122070312, 67.6500015258789, 66.68000030517578, 72.26000213623047, 70.16000366210938, 71.66999816894531, 72.81999969482422, 77.0999984741211, 76.47000122070312, 76.93000030517578, 77.27999877929688, 77.83999633789062, 77.13999938964844, 76.69000244140625, 76.52999877929688, 77.52999877929688, 77.20999908447266, 76.83999633789062, 76.55000305175781, 77.30999755859375, 78.33999633789062, 77.86000061035156, 78.26000213623047, 78.0, 77.8499984741211, 76.61000061035156, 77.87999725341797, 77.6500015258789, 77.52999877929688, 77.69000244140625, 77.91999816894531, 77.77999877929688, 77.36000061035156, 77.31999969482422, 78.05999755859375, 78.66999816894531, 78.4000015258789, 77.44000244140625, 77.54000091552734, 78.19999694824219, 77.44000244140625, 78.4000015258789, 78.4000015258789, 78.58000183105469, 77.19999694824219, 76.94000244140625, 78.58000183105469, 78.5199966430664, 78.70999908447266, 77.91999816894531, 77.94000244140625, 84.66999816894531, 80.20999908447266, 79.95999908447266, 78.76000213623047, 79.56999969482422, 79.45999908447266, 79.2699966430664, 79.12999725341797, 78.69999694824219, 79.30999755859375, 79.2300033569336, 78.87999725341797, 79.08000183105469, 78.88999938964844, 78.41999816894531, 79.05999755859375, 79.05999755859375, 78.9800033569336, 78.12000274658203, 78.80999755859375, 78.88999938964844, 78.91999816894531, 78.20999908447266, 78.37999725341797, 77.66000366210938, 77.4000015258789, 78.98999786376953, 78.7699966430664, 78.37999725341797, 87.72000122070312, 83.80999755859375, 82.38999938964844, 83.62000274658203, 82.86000061035156, 82.37999725341797]
backdoor_accuracy=[0, 0.0, 0.0, 10.797665369649806, 0.0, 0.2918287937743191, 19.941634241245136, 0.6809338521400778, 0.09727626459143969, 12.743190661478598, 1.7509727626459144, 1.9455252918287937, 11.770428015564203, 4.280155642023346, 3.5992217898832686, 8.754863813229573, 9.43579766536965, 2.9182879377431905, 2.9182879377431905, 5.739299610894942, 19.55252918287938, 32.00389105058366, 28.59922178988327, 9.630350194552529, 12.256809338521402, 9.922178988326849, 21.20622568093385, 22.08171206225681, 16.731517509727627, 12.45136186770428, 50.778210116731515, 32.00389105058366, 19.844357976653697, 9.82490272373541, 32.39299610894942, 65.95330739299611, 75.58365758754864, 73.5408560311284, 54.18287937743191, 41.14785992217899, 49.02723735408561, 96.20622568093385, 96.49805447470817, 99.80544747081711, 99.5136186770428, 99.80544747081711, 99.80544747081711, 99.80544747081711, 99.12451361867704, 99.22178988326849, 99.80544747081711, 99.61089494163424, 97.27626459143968, 96.88715953307393, 99.70817120622569, 99.41634241245136, 99.90272373540856, 96.69260700389106, 97.56809338521401, 97.47081712062257, 98.83268482490273, 97.27626459143968, 100.0, 99.80544747081711, 98.44357976653697, 95.62256809338521, 99.90272373540856, 93.96887159533074, 99.70817120622569, 99.90272373540856, 99.80544747081711, 100.0, 100.0, 99.90272373540856, 99.90272373540856, 100.0, 99.90272373540856, 99.90272373540856, 100.0, 100.0, 99.90272373540856, 100.0, 100.0, 100.0, 100.0, 100.0, 100.0, 100.0, 100.0, 100.0, 100.0, 100.0, 100.0, 100.0, 99.90272373540856, 100.0, 100.0, 100.0, 100.0, 100.0, 100.0]
loss_list=[0.48139781108182716, 0.3685438599462232, 0.30963908911691423, 0.2837131008008058, 0.2815334465630198, 0.20327556881145867, 0.25828709509806813, 0.19903368303508567, 0.194589573615355, 0.2015093623986779, 0.17993143473153367, 0.18054450390052018, 0.21378710179943738, 0.13740501131376057, 0.1674380429944942, 0.15392969072744184, 0.15536340281674937, 0.2100625652016493, 0.16251166925355162, 0.16665451678255985, 0.18872532131312156, 0.21358621799485997, 0.16584037528333073, 0.1851271383225944, 0.18041229178371207, 0.20567353778975603, 0.1830088335470711, 0.1435785406752421, 0.1718675590538707, 0.23518271554857878, 0.14184665640504432, 0.15091681963243422, 0.19458832398734463, 0.12786410692437059, 0.13735549392407007, 0.2138708551279128, 0.15543709073081918, 0.1786320951519151, 0.15833802610712333, 0.1773759662040428, 0.15554382591052487, 0.16934052183222306, 0.15600633504157022, 0.16440757934710565, 0.17090940174472566, 0.11755329763890746, 0.11816000375256368, 0.18128969438788872, 0.20815516671687356, 0.16203013991768722, 0.15543846321240834, 0.1512875487995654, 0.12972680348442733, 0.15225014161390446, 0.10583325651216795, 0.11335767899424898, 0.15535768916234247, 0.21922133139828978, 0.1222609145289614, 0.11266348562676852, 0.1523389138549473, 0.10602821905134098, 0.17228849921263864, 0.09640354994321379, 0.16099450568186854, 0.2220773101416391, 0.10095461903688188, 0.07510025540656048, 0.113128834324964, 0.1223024935873858, 0.13464494840431723, 0.11048026476247426, 0.12519103634477344, 0.12862915285496362, 0.15317349196289837, 0.10203226905058566, 0.1509828617397981, 0.13015969730579283, 0.12605365425884096, 0.11014678702404491, 0.1437748196443747, 0.13268616033488137, 0.12173827607605041, 0.10607235057563089, 0.1430667655595091, 0.14151223966051826, 0.12060894478208789, 0.10954495128396156, 0.12529390881271574, 0.08117013533077808, 0.11749430554471942, 0.1676994571677629, 0.16865715408234164, 0.13982543416236137, 0.22362433082358676, 0.07704342312675862, 0.08638550442260402, 0.13000505975629664, 0.13870890887392215, 0.12153472330662156]
BBSR:100.0
ABSR:99.99
max acc:87.72
