======================================
    IID: 0
    Dataset: fashion_mnist
    Model: Mnist_CNN
    Model Init: None
    Aggregation Function: avg
    Fraction NonIID: 0
    Long attack: 3
    Wide attack: 3
    Wide attack: trust
    Threshold reject: 0.5
    Threshold down: 0.0
    Attack method: dba
    Fraction of malicious agents: 25.0%
    Poison Frac: 0.2
    Backdoor From 7 to 2
    Attack Begin: 0
    Trigger Shape: square
    Type poisoning: 
    Trigger Position X: 0
    Trigger Position Y: 0
    Number of agents: 100
    Fraction of agents each turn: 30(30.0%)
    Local batch size: 50
    Local epoch: 3
    Client_LR: 0.01
    Client_Momentum: 0.9
    Global Rounds: 100
======================================
main_task_accuracy=[0, 63.310001373291016, 73.33000183105469, 75.66000366210938, 77.75, 78.51000213623047, 79.58999633789062, 80.08000183105469, 80.47000122070312, 81.31999969482422, 82.02999877929688, 83.19000244140625, 82.55000305175781, 83.45999908447266, 83.62999725341797, 84.38999938964844, 84.66999816894531, 84.80000305175781, 85.0999984741211, 84.83000183105469, 85.19000244140625, 85.62999725341797, 85.79000091552734, 85.38999938964844, 86.0199966430664, 86.20999908447266, 86.31999969482422, 86.08000183105469, 86.61000061035156, 86.68000030517578, 86.68000030517578, 86.87000274658203, 87.05999755859375, 87.05000305175781, 86.94000244140625, 87.12999725341797, 87.19999694824219, 87.4800033569336, 87.2699966430664, 87.55000305175781, 87.5199966430664, 87.48999786376953, 87.69999694824219, 87.58000183105469, 87.79000091552734, 87.83999633789062, 87.9000015258789, 88.04000091552734, 88.19000244140625, 88.1500015258789, 88.0999984741211, 88.29000091552734, 87.91999816894531, 88.37000274658203, 88.27999877929688, 88.3499984741211, 88.27999877929688, 88.66999816894531, 88.6500015258789, 88.58999633789062, 88.56999969482422, 88.86000061035156, 88.76000213623047, 88.80000305175781, 88.81999969482422, 88.83000183105469, 88.80999755859375, 88.97000122070312, 89.1500015258789, 89.06999969482422, 88.8499984741211, 89.19999694824219, 89.45999908447266, 89.13999938964844, 89.27999877929688, 89.41999816894531, 89.41000366210938, 88.88999938964844, 89.44000244140625, 89.58000183105469, 89.41999816894531, 89.1500015258789, 89.66999816894531, 89.68000030517578, 89.37999725341797, 89.66999816894531, 89.73999786376953, 89.72000122070312, 89.30999755859375, 89.76000213623047, 89.81999969482422, 89.72000122070312, 89.83000183105469, 89.93000030517578, 89.94999694824219, 89.93000030517578, 89.94999694824219, 90.01000213623047, 89.91000366210938, 90.0999984741211, 90.20999908447266]
backdoor_accuracy=[0, 0.0, 0.0, 0.3, 0.3, 12.0, 39.5, 63.1, 90.3, 96.3, 97.6, 99.7, 99.7, 99.7, 99.9, 99.8, 99.9, 99.9, 100.0, 100.0, 100.0, 100.0, 100.0, 100.0, 100.0, 100.0, 100.0, 100.0, 100.0, 100.0, 100.0, 100.0, 100.0, 100.0, 100.0, 100.0, 100.0, 100.0, 100.0, 100.0, 100.0, 100.0, 100.0, 100.0, 100.0, 100.0, 100.0, 100.0, 100.0, 100.0, 100.0, 100.0, 100.0, 100.0, 100.0, 100.0, 100.0, 100.0, 100.0, 100.0, 100.0, 100.0, 100.0, 100.0, 100.0, 100.0, 100.0, 100.0, 100.0, 100.0, 100.0, 100.0, 100.0, 100.0, 100.0, 100.0, 100.0, 100.0, 100.0, 100.0, 100.0, 100.0, 100.0, 100.0, 100.0, 100.0, 100.0, 100.0, 100.0, 100.0, 100.0, 100.0, 100.0, 100.0, 100.0, 100.0, 100.0, 100.0, 100.0, 100.0, 100.0]
loss_list=[1.400943375903147, 0.8249585746890968, 0.5905664848784605, 0.511796592624375, 0.5063969482978186, 0.48758779423380333, 0.40920996327918996, 0.43947942465957673, 0.47143529840503573, 0.4053496595541085, 0.3770202111452818, 0.4146178797439291, 0.3779747482872121, 0.36228928035470076, 0.36229259417978704, 0.37617342701112777, 0.32527898634887403, 0.30422621280368833, 0.33512536783668184, 0.31923140380531556, 0.3340025945532101, 0.2999752857101461, 0.32048131983934175, 0.29274826955602123, 0.3112178052275407, 0.29757367731761875, 0.30672886292450136, 0.2993348672951537, 0.28220347766592, 0.2937855447952946, 0.29072944669535866, 0.26825944314607314, 0.293511217094406, 0.2925041573449832, 0.2763761955140917, 0.25002319860030653, 0.3031344908565559, 0.275385737022454, 0.23434100514622744, 0.23878939001717506, 0.25231714739843647, 0.24802568949655524, 0.2376403053222155, 0.26765895192683853, 0.2416585834627902, 0.24749970602009577, 0.24062829224254803, 0.2893000148581686, 0.2461565188960069, 0.2253383104568692, 0.2600192684266303, 0.24682678640992556, 0.2413202377570862, 0.20931595917273726, 0.25288033883725464, 0.2214236729243701, 0.19986900476721567, 0.21661289518837024, 0.2159229574535318, 0.2071210349668507, 0.20208922030611168, 0.24456396487162071, 0.22404524323151065, 0.2159107175000288, 0.20261716233152485, 0.226997218998494, 0.20578887191670087, 0.1829247763708096, 0.22861455633494726, 0.1972934678550465, 0.19081214160003046, 0.19596204352910046, 0.21688542291522026, 0.2120202958394118, 0.19022989670090654, 0.210027035098109, 0.20235370454481907, 0.2057773844597654, 0.18852517039135647, 0.21959590516398073, 0.2046362139698532, 0.17319865226918071, 0.19028465985148038, 0.1972321092375313, 0.19868076118744085, 0.18738134229486736, 0.2242688326372041, 0.19260838153013202, 0.17540972888021283, 0.173831265076512, 0.18021104772299246, 0.19449503603046414, 0.15298126554245958, 0.1951892097359868, 0.17900445972983203, 0.17621347136295368, 0.19260853714292384, 0.18443556259455227, 0.1820034450842757, 0.17148064298348292]
BBSR:100.0
ABSR:100.0
max acc:90.21
