======================================
    IID: 0
    Dataset: fashion_mnist
    Model: Mnist_CNN
    Model Init: None
    Aggregation Function: fltrust
    Fraction NonIID: 0
    Long attack: 3
    Wide attack: 3
    Wide attack: trust
    Threshold reject: 0.5
    Threshold down: 0.0
    Attack method: badnet
    Fraction of malicious agents: 25.0%
    Poison Frac: 0.2
    Backdoor From 7 to 2
    Attack Begin: 0
    Trigger Shape: square
    Type poisoning: pgd
    Trigger Position X: 0
    Trigger Position Y: 0
    Number of agents: 100
    Fraction of agents each turn: 30(30.0%)
    Local batch size: 50
    Local epoch: 3
    Client_LR: 0.01
    Client_Momentum: 0.9
    Global Rounds: 100
    Dataset In Server: 200
======================================
main_task_accuracy=[0, 55.88999938964844, 63.29999923706055, 69.33999633789062, 71.13999938964844, 72.61000061035156, 73.73999786376953, 74.94999694824219, 76.08000183105469, 76.36000061035156, 76.63999938964844, 76.9800033569336, 77.55999755859375, 78.3499984741211, 78.62000274658203, 78.93000030517578, 79.56999969482422, 80.11000061035156, 80.6500015258789, 80.48999786376953, 81.1500015258789, 81.13999938964844, 81.48999786376953, 81.93000030517578, 82.13999938964844, 82.58000183105469, 82.52999877929688, 83.05000305175781, 83.4000015258789, 83.31999969482422, 83.37000274658203, 83.8499984741211, 83.91000366210938, 83.66999816894531, 84.0, 84.05999755859375, 84.37000274658203, 84.33999633789062, 84.41000366210938, 84.47000122070312, 84.76000213623047, 84.83000183105469, 84.56999969482422, 84.8499984741211, 85.16999816894531, 84.7699966430664, 85.02999877929688, 85.23999786376953, 85.48999786376953, 85.48999786376953, 85.38999938964844, 85.55000305175781, 85.75, 85.77999877929688, 85.6500015258789, 85.66999816894531, 85.4800033569336, 85.73999786376953, 85.55999755859375, 85.72000122070312, 85.70999908447266, 86.01000213623047, 86.12000274658203, 85.98999786376953, 86.04000091552734, 85.98999786376953, 86.36000061035156, 86.37000274658203, 86.48999786376953, 86.33000183105469, 86.44999694824219, 86.33000183105469, 86.5999984741211, 86.55999755859375, 86.5999984741211, 86.66999816894531, 86.95999908447266, 86.73999786376953, 86.87000274658203, 86.80999755859375, 86.79000091552734, 87.0199966430664, 86.9800033569336, 86.7300033569336, 87.02999877929688, 87.19000244140625, 87.0199966430664, 87.26000213623047, 87.22000122070312, 87.44000244140625, 87.2699966430664, 87.41000366210938, 87.37999725341797, 86.94999694824219, 87.1500015258789, 87.27999877929688, 87.27999877929688, 87.2300033569336, 87.41000366210938, 87.41999816894531, 87.20999908447266]
backdoor_accuracy=[0, 0.0, 0.0, 0.0, 0.0, 0.0, 0.0, 0.1, 0.5, 1.9, 6.9, 29.8, 44.4, 42.8, 60.2, 73.7, 78.7, 87.2, 87.3, 84.0, 89.9, 93.5, 94.8, 95.8, 96.8, 96.8, 96.1, 97.3, 96.7, 96.0, 98.0, 98.0, 99.1, 99.4, 99.5, 99.6, 99.5, 99.7, 99.9, 99.9, 99.9, 99.9, 99.9, 99.8, 99.8, 99.7, 99.8, 99.9, 99.9, 99.9, 99.9, 99.9, 99.9, 99.9, 99.9, 99.9, 99.9, 99.9, 99.9, 99.9, 99.9, 99.9, 99.9, 99.9, 99.9, 99.9, 99.9, 99.9, 99.9, 99.9, 99.9, 100.0, 100.0, 100.0, 100.0, 100.0, 100.0, 100.0, 100.0, 100.0, 100.0, 100.0, 99.9, 99.9, 99.9, 100.0, 99.9, 100.0, 100.0, 100.0, 100.0, 100.0, 100.0, 100.0, 100.0, 100.0, 99.9, 99.9, 99.9, 100.0, 100.0]
loss_list=[1.4383445915800555, 1.0872239541952253, 0.9137211258488674, 0.7563381815122233, 0.6855944506824018, 0.6145721339793118, 0.6160955320905757, 0.5587822740276656, 0.530309565793033, 0.5290472906082868, 0.5365930939438167, 0.48590887824970264, 0.4993747216821821, 0.4370695777237415, 0.46585739475709415, 0.4412373234414393, 0.4350322053802234, 0.4395593547848639, 0.41702120239949886, 0.43974349431141657, 0.4353447374163402, 0.4108855728404943, 0.4103306354471931, 0.4078890594964226, 0.4122527772560717, 0.39364652638496067, 0.3992215099503044, 0.3738320791507485, 0.38097885232418777, 0.39145223723586514, 0.37110836748723636, 0.391420873157956, 0.37699650033480586, 0.38583909088262813, 0.3928610372391564, 0.3650665406551627, 0.35934994249018254, 0.35943039349728717, 0.33397364430129534, 0.34746733863182644, 0.3502464044218262, 0.3485409322505196, 0.3621531997910804, 0.3336340071012576, 0.35149662218022126, 0.34707336742430933, 0.3128108191096949, 0.30929422705882675, 0.35657020490616553, 0.33489145502034157, 0.32345846743771334, 0.33189034945917906, 0.32411261500307814, 0.32220915751531726, 0.2998473206603969, 0.2906016359209186, 0.29794719658998975, 0.3089087240087488, 0.32235709681279123, 0.3316144123018063, 0.2870473574295088, 0.29711789129370897, 0.30675914048872605, 0.30419413021731156, 0.3185459369897014, 0.31434488782176273, 0.27753746982801847, 0.3048788262876095, 0.29052537801951445, 0.2880367237798594, 0.28837677849870585, 0.30895211989818905, 0.3048301758865515, 0.287717891756997, 0.2794417249694191, 0.2947025231447899, 0.28050274713033885, 0.28708231067284934, 0.2864298839346264, 0.2721388557322185, 0.27667207655117465, 0.2846931318683481, 0.30124999274396236, 0.2728326733982949, 0.2909279866557982, 0.2702466681703097, 0.2872944244873469, 0.2916602548470514, 0.2810419545802116, 0.28411503306900465, 0.2638329252169502, 0.2624556000171988, 0.26695828165996954, 0.2761863071247246, 0.2766374462146174, 0.26037356743796003, 0.2507962150309511, 0.27279319612792235, 0.2817296238650603, 0.2628006123109824]
BBSR:100.0
ABSR:99.97
max acc:87.42
