======================================
    IID: 0
    Dataset: fashion_mnist
    Model: Mnist_CNN
    Model Init: None
    Aggregation Function: DABA
    Fraction NonIID: 0
    Long attack: 3
    Wide attack: 3
    Wide attack: trust
    Threshold reject: 0.5
    Threshold down: 0.0
    Attack method: badnet
    Fraction of malicious agents: 25.0%
    Poison Frac: 0.2
    Backdoor From 7 to 2
    Attack Begin: 0
    Trigger Shape: square
    Type poisoning: cs
    Trigger Position X: 0
    Trigger Position Y: 0
    Number of agents: 100
    Fraction of agents each turn: 30(30.0%)
    Local batch size: 50
    Local epoch: 3
    Client_LR: 0.01
    Client_Momentum: 0.9
    Global Rounds: 100
======================================
main_task_accuracy=[0, 60.599998474121094, 72.38999938964844, 75.5199966430664, 77.1500015258789, 77.16000366210938, 76.29000091552734, 79.12999725341797, 78.52999877929688, 76.8499984741211, 80.58000183105469, 82.2300033569336, 81.61000061035156, 78.33000183105469, 81.45999908447266, 83.98999786376953, 80.6500015258789, 79.8499984741211, 79.47000122070312, 84.30000305175781, 77.44999694824219, 82.61000061035156, 83.77999877929688, 80.44999694824219, 84.43000030517578, 79.08999633789062, 85.0999984741211, 84.7699966430664, 83.08999633789062, 85.9800033569336, 84.0999984741211, 83.6500015258789, 85.13999938964844, 82.01000213623047, 85.06999969482422, 86.51000213623047, 85.86000061035156, 85.44999694824219, 86.13999938964844, 86.18000030517578, 78.83999633789062, 85.87999725341797, 86.47000122070312, 85.29000091552734, 86.94999694824219, 86.58999633789062, 85.0199966430664, 86.45999908447266, 84.83999633789062, 83.11000061035156, 86.54000091552734, 86.54000091552734, 87.02999877929688, 87.02999877929688, 86.68000030517578, 88.0199966430664, 86.48999786376953, 86.06999969482422, 87.19000244140625, 87.73999786376953, 85.54000091552734, 87.62999725341797, 86.7300033569336, 87.41000366210938, 82.68000030517578, 86.61000061035156, 87.79000091552734, 88.05999755859375, 87.16999816894531, 87.12999725341797, 85.91000366210938, 87.19999694824219, 87.19999694824219, 88.61000061035156, 84.4000015258789, 87.5199966430664, 87.30999755859375, 87.0999984741211, 87.95999908447266, 88.56999969482422, 88.87000274658203, 87.37000274658203, 88.41999816894531, 89.06999969482422, 88.58999633789062, 88.08999633789062, 87.44000244140625, 89.11000061035156, 87.81999969482422, 88.4000015258789, 88.87999725341797, 88.16000366210938, 88.16000366210938, 88.18000030517578, 86.93000030517578, 88.11000061035156, 88.16000366210938, 88.48999786376953, 87.44000244140625, 88.70999908447266, 89.0999984741211]
backdoor_accuracy=[0, 0.0, 0.1, 5.1, 99.5, 98.5, 100.0, 100.0, 100.0, 100.0, 100.0, 100.0, 100.0, 100.0, 100.0, 100.0, 100.0, 100.0, 100.0, 100.0, 100.0, 100.0, 100.0, 100.0, 100.0, 100.0, 99.8, 100.0, 100.0, 100.0, 100.0, 100.0, 100.0, 100.0, 100.0, 100.0, 100.0, 100.0, 100.0, 100.0, 99.8, 100.0, 100.0, 100.0, 100.0, 100.0, 100.0, 100.0, 100.0, 99.9, 100.0, 100.0, 100.0, 100.0, 100.0, 100.0, 100.0, 100.0, 100.0, 100.0, 100.0, 100.0, 100.0, 100.0, 99.9, 100.0, 100.0, 100.0, 100.0, 100.0, 100.0, 100.0, 100.0, 100.0, 100.0, 100.0, 100.0, 100.0, 100.0, 100.0, 100.0, 100.0, 100.0, 100.0, 100.0, 99.9, 100.0, 99.9, 100.0, 100.0, 100.0, 100.0, 100.0, 100.0, 99.9, 100.0, 100.0, 100.0, 100.0, 100.0, 100.0]
loss_list=[1.48423424285871, 0.8441981662754661, 0.6363232990381894, 0.5341586213696885, 0.5070257289404119, 0.4807951143494359, 0.4429151109247297, 0.44093654067428023, 0.455181896003584, 0.40260200951662334, 0.41274299689189137, 0.38160988952343655, 0.3972193329664016, 0.409477015874452, 0.38910279988345714, 0.3408753070255949, 0.3733768396631435, 0.3401946677826345, 0.3468297864413924, 0.3444491890500541, 0.3410471530562197, 0.3547577185004398, 0.33058385164649395, 0.31214185590269394, 0.3282473488883288, 0.31088331271721803, 0.317642728291038, 0.3135302639600856, 0.29188427872679845, 0.31062801081204305, 0.3221568740455917, 0.3092642446565959, 0.30859895339925525, 0.30900634074652633, 0.29019907856946453, 0.2796106648251966, 0.2770689671410731, 0.28643520823852336, 0.26151857225362346, 0.29164865527784933, 0.3049838753969029, 0.28036402998906046, 0.26725159979563345, 0.27613919570490164, 0.2723694024952474, 0.2587125920587116, 0.27468921903313864, 0.25740786431081314, 0.2830031318003657, 0.2606340539831392, 0.22163922763774518, 0.2517636067509927, 0.2292332108253268, 0.2631085361216079, 0.235118409887784, 0.2663794732859565, 0.23959654374220582, 0.2704908417917237, 0.2350960358425423, 0.23726388297768103, 0.22535587568180976, 0.22357024771713274, 0.23997117692207984, 0.24429121871168408, 0.24440175376625523, 0.2553305972246799, 0.2273528671633728, 0.23105732117331135, 0.2545113196993178, 0.21901693296687752, 0.2532745903840771, 0.2216864141152689, 0.21093069008137613, 0.21384880079594618, 0.23921948432646412, 0.22583956667825716, 0.22240751154927738, 0.23473386090697232, 0.19829354037496227, 0.21218308536680758, 0.20289151815921758, 0.21935111501047186, 0.20439898747502375, 0.20416337976887547, 0.206053492701095, 0.2233802548514817, 0.21632723369014759, 0.2088798666416012, 0.2028930759143636, 0.20050770317083577, 0.20224079516957755, 0.19284944715392255, 0.20432728589857344, 0.17998146581187566, 0.21817533285788226, 0.21499497229750786, 0.21223730207248417, 0.20577142597952236, 0.1991017821469102, 0.18976389216086656]
BBSR:100.0
ABSR:99.99
max acc:89.1
