======================================
    IID: 0
    Dataset: fashion_mnist
    Model: Mnist_CNN
    Model Init: None
    Aggregation Function: avg
    Fraction NonIID: 0
    Long attack: 3
    Wide attack: 3
    Wide attack: trust
    Threshold reject: 0.5
    Threshold down: 0.0
    Attack method: badnet
    Fraction of malicious agents: 25.0%
    Poison Frac: 0.2
    Backdoor From 7 to 2
    Attack Begin: 0
    Trigger Shape: square
    Type poisoning: cs
    Trigger Position X: 0
    Trigger Position Y: 0
    Number of agents: 100
    Fraction of agents each turn: 30(30.0%)
    Local batch size: 50
    Local epoch: 3
    Client_LR: 0.01
    Client_Momentum: 0.9
    Global Rounds: 100
======================================
main_task_accuracy=[0, 64.4800033569336, 72.3499984741211, 75.20999908447266, 76.47000122070312, 77.80000305175781, 78.76000213623047, 79.9000015258789, 80.29000091552734, 81.25, 81.41999816894531, 82.05999755859375, 82.5999984741211, 83.02999877929688, 83.29000091552734, 83.80000305175781, 84.08000183105469, 83.9800033569336, 84.62999725341797, 84.93000030517578, 85.16000366210938, 85.58999633789062, 85.68000030517578, 85.88999938964844, 85.83000183105469, 86.1500015258789, 86.33999633789062, 86.3499984741211, 86.12000274658203, 86.52999877929688, 86.83999633789062, 86.93000030517578, 87.01000213623047, 87.1500015258789, 87.26000213623047, 87.05000305175781, 87.33000183105469, 87.23999786376953, 87.5, 87.62999725341797, 87.76000213623047, 87.7699966430664, 87.87000274658203, 87.79000091552734, 87.95999908447266, 88.12999725341797, 88.22000122070312, 88.45999908447266, 88.29000091552734, 88.38999938964844, 88.0199966430664, 88.51000213623047, 88.30000305175781, 88.58000183105469, 88.69000244140625, 88.44000244140625, 88.5, 88.5999984741211, 88.86000061035156, 88.94000244140625, 88.83000183105469, 88.69000244140625, 88.83000183105469, 89.04000091552734, 89.12000274658203, 89.16999816894531, 89.1500015258789, 89.0, 89.25, 89.0999984741211, 89.41000366210938, 89.33999633789062, 89.36000061035156, 89.23999786376953, 89.48999786376953, 89.45999908447266, 89.33999633789062, 89.48999786376953, 89.58000183105469, 89.33000183105469, 89.66999816894531, 89.5999984741211, 89.52999877929688, 89.72000122070312, 89.61000061035156, 89.58999633789062, 89.72000122070312, 89.51000213623047, 89.83000183105469, 89.72000122070312, 89.81999969482422, 89.87000274658203, 89.95999908447266, 89.9000015258789, 89.94999694824219, 90.0199966430664, 90.20999908447266, 90.02999877929688, 90.1500015258789, 90.11000061035156, 89.80000305175781]
backdoor_accuracy=[0, 0.0, 0.1, 0.7, 26.6, 52.0, 72.8, 91.2, 96.6, 98.7, 99.2, 99.6, 99.7, 99.8, 99.9, 99.9, 99.9, 99.9, 99.9, 99.9, 100.0, 100.0, 100.0, 100.0, 100.0, 100.0, 100.0, 100.0, 100.0, 100.0, 100.0, 100.0, 100.0, 100.0, 100.0, 100.0, 100.0, 100.0, 100.0, 100.0, 100.0, 100.0, 100.0, 100.0, 100.0, 100.0, 100.0, 100.0, 100.0, 100.0, 100.0, 100.0, 100.0, 100.0, 100.0, 100.0, 100.0, 100.0, 100.0, 100.0, 100.0, 100.0, 100.0, 100.0, 100.0, 100.0, 100.0, 100.0, 100.0, 100.0, 100.0, 100.0, 100.0, 100.0, 100.0, 100.0, 100.0, 100.0, 100.0, 100.0, 100.0, 100.0, 100.0, 100.0, 100.0, 100.0, 100.0, 100.0, 100.0, 100.0, 100.0, 100.0, 100.0, 100.0, 100.0, 100.0, 100.0, 100.0, 100.0, 100.0, 100.0]
loss_list=[1.3543590085649935, 0.8175040426629561, 0.6146833289690592, 0.5588796333582314, 0.5161920470978927, 0.5026326142113519, 0.47646517308635844, 0.4552688378909672, 0.43434899532822563, 0.4015477133845843, 0.38775943302445953, 0.3968144308775663, 0.3690758493349509, 0.38883419904719896, 0.3765268465021142, 0.3627503940973568, 0.3533782442755721, 0.3605802609930159, 0.3309873892684225, 0.33611928721958834, 0.3466941994200978, 0.31893371372587154, 0.3253411768970114, 0.3327077737250537, 0.35111441123126835, 0.30332298642024397, 0.3081802513795318, 0.29702976360848105, 0.30868732929229736, 0.2930930381537312, 0.29754808011499273, 0.2755245998087856, 0.2713548838730074, 0.2803691828968349, 0.2863137752335104, 0.26234976484405775, 0.2740694425275756, 0.2782969450716068, 0.25307343240344415, 0.26100501622314803, 0.2794321288164981, 0.2647159941287504, 0.25413828500787966, 0.2630672926152194, 0.2550866689464009, 0.2517780964245536, 0.25402108011767266, 0.2431802780332941, 0.23862004338729162, 0.2660766771908297, 0.2408022399819284, 0.22827452790268044, 0.2324640293001991, 0.25109420551711487, 0.2348308235820796, 0.24236507078425756, 0.226472612325516, 0.2560802374828469, 0.23092329282037635, 0.2213832271164628, 0.23844008930027485, 0.22631606949424304, 0.22113212582965697, 0.23008256495274879, 0.21593471569595513, 0.2156801383424964, 0.2315937131229374, 0.21302258929030762, 0.21761803657540843, 0.2182694569712988, 0.21120640717067382, 0.21786362393069325, 0.20745021199497088, 0.21947097616201197, 0.20852888173734146, 0.20673150530136708, 0.2031254515155322, 0.22164315704549495, 0.21471548220401424, 0.22077189600957486, 0.19145606529071096, 0.2078368305539091, 0.20611518210800434, 0.1967155990190804, 0.19458483719197964, 0.2028285486295957, 0.18622690045136817, 0.21277552624836693, 0.19164561816767137, 0.18699625398860212, 0.19806965943425897, 0.1798928835808679, 0.19350346875618457, 0.1905722334842991, 0.18991511586570628, 0.19490496923767583, 0.1893263663820646, 0.19577754442062648, 0.19326036603672916, 0.19050204700885198]
BBSR:100.0
ABSR:100.0
max acc:90.21
