======================================
    IID: 0
    Dataset: mnist
    Model: Mnist_CNN
    Model Init: None
    Aggregation Function: avg
    Fraction NonIID: 0
    Long attack: 3
    Wide attack: 3
    Wide attack: trust
    Threshold reject: 0.5
    Threshold down: 0.0
    Attack method: dba
    Fraction of malicious agents: 25.0%
    Poison Frac: 0.2
    Backdoor From 7 to 2
    Attack Begin: 0
    Trigger Shape: square
    Type poisoning: 
    Trigger Position X: 0
    Trigger Position Y: 0
    Number of agents: 100
    Fraction of agents each turn: 30(30.0%)
    Local batch size: 50
    Local epoch: 3
    Client_LR: 0.01
    Client_Momentum: 0.9
    Global Rounds: 100
======================================
main_task_accuracy=[0, 50.9900016784668, 44.970001220703125, 49.209999084472656, 63.279998779296875, 79.94999694824219, 75.19999694824219, 89.31999969482422, 92.38999938964844, 90.27999877929688, 88.08000183105469, 90.62999725341797, 93.91000366210938, 94.29000091552734, 93.19999694824219, 94.88999938964844, 94.44999694824219, 93.29000091552734, 95.7300033569336, 96.16999816894531, 95.52999877929688, 95.62999725341797, 96.02999877929688, 95.62000274658203, 95.5, 94.12999725341797, 96.05000305175781, 96.2300033569336, 96.0999984741211, 97.13999938964844, 95.9000015258789, 95.58000183105469, 94.30999755859375, 96.63999938964844, 96.16999816894531, 96.4000015258789, 95.97000122070312, 96.43000030517578, 97.37999725341797, 97.08999633789062, 97.41000366210938, 97.30000305175781, 96.8499984741211, 97.2699966430664, 97.80000305175781, 97.29000091552734, 97.68000030517578, 97.69999694824219, 97.41000366210938, 97.04000091552734, 97.79000091552734, 97.79000091552734, 97.7699966430664, 97.77999877929688, 97.9800033569336, 97.80999755859375, 97.48999786376953, 97.6500015258789, 98.08999633789062, 98.0999984741211, 98.04000091552734, 98.16999816894531, 97.68000030517578, 97.70999908447266, 98.05999755859375, 98.19999694824219, 98.05000305175781, 97.5, 96.83000183105469, 97.95999908447266, 97.61000061035156, 97.83999633789062, 98.2300033569336, 97.83000183105469, 98.08999633789062, 97.75, 98.22000122070312, 98.3499984741211, 97.95999908447266, 98.12000274658203, 98.48999786376953, 98.18000030517578, 98.31999969482422, 98.30999755859375, 98.27999877929688, 98.48999786376953, 98.56999969482422, 98.54000091552734, 98.06999969482422, 98.1500015258789, 98.1500015258789, 98.20999908447266, 98.4000015258789, 98.5, 98.61000061035156, 98.30999755859375, 98.55999755859375, 98.66000366210938, 98.30999755859375, 98.52999877929688, 98.3499984741211]
backdoor_accuracy=[0, 0.0, 4.085603112840467, 0.19455252918287938, 1.0700389105058365, 7.101167315175097, 3.404669260700389, 3.11284046692607, 5.739299610894942, 20.428015564202333, 2.140077821011673, 9.43579766536965, 8.463035019455253, 15.369649805447471, 4.474708171206226, 8.754863813229573, 20.330739299610894, 36.57587548638132, 18.3852140077821, 37.93774319066148, 39.29961089494164, 72.56809338521401, 22.957198443579767, 90.85603112840467, 86.67315175097276, 84.53307392996109, 86.96498054474708, 97.95719844357977, 94.55252918287938, 91.73151750972762, 94.94163424124514, 99.31906614785993, 40.56420233463035, 97.56809338521401, 98.15175097276264, 97.85992217898833, 95.03891050583658, 98.83268482490273, 99.61089494163424, 98.92996108949416, 99.5136186770428, 99.31906614785993, 99.70817120622569, 99.61089494163424, 99.70817120622569, 99.70817120622569, 99.70817120622569, 99.70817120622569, 99.70817120622569, 100.0, 99.80544747081711, 99.70817120622569, 100.0, 99.80544747081711, 99.90272373540856, 100.0, 100.0, 99.90272373540856, 99.90272373540856, 100.0, 100.0, 99.90272373540856, 100.0, 100.0, 99.90272373540856, 100.0, 100.0, 99.90272373540856, 100.0, 100.0, 100.0, 99.70817120622569, 100.0, 100.0, 100.0, 100.0, 100.0, 100.0, 100.0, 100.0, 100.0, 100.0, 100.0, 100.0, 100.0, 100.0, 100.0, 100.0, 100.0, 100.0, 100.0, 100.0, 100.0, 100.0, 100.0, 100.0, 100.0, 100.0, 100.0, 100.0, 100.0]
loss_list=[0.5454311458289597, 0.24940078403783789, 0.23064482617695115, 0.18233333641098914, 0.17618177114332462, 0.10763260640062604, 0.11021890499674909, 0.10261622428868361, 0.08154621378297035, 0.07460154305788354, 0.07228092385530811, 0.08461690839337815, 0.062182118055651193, 0.05266307369900136, 0.06310733057823467, 0.05869737849423462, 0.04777433825115629, 0.057811754757594404, 0.0539417239055223, 0.04773826007165059, 0.045349675517595577, 0.0478189861530317, 0.05327801102913056, 0.045068369058731864, 0.05564985038305139, 0.050939198617140795, 0.043003474596666626, 0.03803728986991731, 0.03436713031410914, 0.037693525379419536, 0.040350480863968544, 0.04199744779721627, 0.047459728814857806, 0.037012833719152156, 0.04035833464594577, 0.033985703345534427, 0.04276215506943802, 0.03556864799498372, 0.031712392631805274, 0.03294111120244578, 0.02838565215296882, 0.029990207924444894, 0.029187389984122566, 0.03625266677847717, 0.022073741163169198, 0.029505824724677342, 0.03471957130012549, 0.031579700632349, 0.022126739316704124, 0.030964238961509186, 0.025474149213839684, 0.024011572393711843, 0.029132809543515523, 0.028640456108591856, 0.02702765269560593, 0.02607930719124389, 0.028454721277982653, 0.03000248969474664, 0.02452694337481926, 0.024658541316419924, 0.028193525443805698, 0.02619286510368339, 0.02481063767076091, 0.02629741221277561, 0.027738015914118806, 0.024212025391556025, 0.026306814073213156, 0.026911832388834045, 0.027461776265472426, 0.022129025956980464, 0.021275328151246012, 0.028876612310870395, 0.021073036232401796, 0.022963740827496235, 0.026292274767630235, 0.0225236366472822, 0.023381763365735518, 0.022760003239958932, 0.021986838224792287, 0.02356594711755739, 0.020222199234611896, 0.023117928795097338, 0.024676828124937922, 0.01810321468260845, 0.022851143885521442, 0.022970662498580142, 0.01972844989080414, 0.022662319567942377, 0.02014769235308082, 0.024270465394709333, 0.022797006058857483, 0.02263627087322273, 0.02304622631766797, 0.022340092041787545, 0.01817101262810851, 0.02102946163307716, 0.023277079489065287, 0.018827599041783247, 0.01929815086073936, 0.017891520179025386]
BBSR:100.0
ABSR:100.0
max acc:98.66
