======================================
    IID: 1
    Dataset: cifar
    Model: resnet
    Model Init: None
    Aggregation Function: RLR
    Fraction NonIID: 0
    Long attack: 3
    Wide attack: 3
    Wide attack: trust
    Threshold reject: 0.5
    Threshold down: 0.0
    Attack method: badnet
    Fraction of malicious agents: 25.0%
    Poison Frac: 0.2
    Backdoor From 7 to 2
    Attack Begin: 0
    Trigger Shape: square
    Type poisoning: cs
    Trigger Position X: 0
    Trigger Position Y: 0
    Number of agents: 100
    Fraction of agents each turn: 30(30.0%)
    Local batch size: 50
    Local epoch: 3
    Client_LR: 0.01
    Client_Momentum: 0.9
    Global Rounds: 100
    RobustLR_threshold: 4
======================================
main_task_accuracy=[0, 10.0, 11.510000228881836, 24.760000228881836, 32.540000915527344, 40.06999969482422, 42.470001220703125, 46.36000061035156, 48.31999969482422, 51.470001220703125, 52.84000015258789, 54.810001373291016, 55.77000045776367, 58.81999969482422, 58.25, 59.25, 58.43000030517578, 61.209999084472656, 61.63999938964844, 60.939998626708984, 61.63999938964844, 63.29999923706055, 63.08000183105469, 63.25, 63.43000030517578, 65.05000305175781, 64.0999984741211, 63.970001220703125, 65.02999877929688, 64.91000366210938, 65.41999816894531, 66.16999816894531, 65.61000061035156, 65.62999725341797, 66.4800033569336, 65.19999694824219, 64.9800033569336, 65.22000122070312, 64.5999984741211, 64.33000183105469, 65.9000015258789, 67.2699966430664, 67.33999633789062, 67.44999694824219, 67.63999938964844, 66.02999877929688, 67.18000030517578, 66.43000030517578, 65.83000183105469, 63.689998626708984, 63.72999954223633, 65.4800033569336, 65.16000366210938, 65.29000091552734, 68.61000061035156, 66.94000244140625, 68.44999694824219, 68.81999969482422, 69.06999969482422, 68.66999816894531, 67.44000244140625, 68.72000122070312, 66.87999725341797, 69.25, 69.11000061035156, 68.38999938964844, 65.86000061035156, 69.41999816894531, 69.16999816894531, 69.36000061035156, 69.38999938964844, 69.44000244140625, 70.66000366210938, 70.48999786376953, 68.98999786376953, 71.19000244140625, 70.31999969482422, 70.87000274658203, 70.79000091552734, 71.01000213623047, 70.54000091552734, 70.2300033569336, 70.79000091552734, 71.44000244140625, 71.01000213623047, 71.72000122070312, 70.51000213623047, 71.33999633789062, 71.22000122070312, 71.31999969482422, 70.70999908447266, 70.25, 71.29000091552734, 71.05999755859375, 71.4000015258789, 71.37999725341797, 71.62999725341797, 71.4800033569336, 71.29000091552734, 71.62999725341797, 71.5999984741211]
backdoor_accuracy=[0, 0.0, 2.8, 1.9, 2.8, 2.0, 0.7, 0.5, 1.5, 1.0, 1.2, 0.9, 1.0, 1.8, 2.3, 1.2, 1.0, 1.6, 1.4, 1.4, 1.2, 1.0, 0.8, 0.2, 0.6, 0.8, 0.6, 0.7, 0.5, 0.6, 0.3, 0.4, 0.7, 0.7, 1.2, 0.4, 1.3, 0.9, 1.3, 0.4, 0.7, 1.0, 1.3, 1.6, 1.7, 0.3, 0.7, 0.4, 1.3, 0.4, 1.2, 0.9, 0.8, 1.0, 1.3, 0.3, 1.4, 0.6, 0.5, 0.6, 0.4, 0.6, 1.3, 0.8, 0.8, 0.6, 0.9, 0.5, 1.2, 0.7, 0.9, 1.3, 1.4, 1.7, 0.7, 1.8, 1.2, 1.0, 1.1, 1.4, 1.8, 0.9, 2.6, 1.0, 3.1, 2.0, 1.4, 2.2, 2.6, 1.6, 1.7, 0.9, 3.2, 1.8, 2.6, 2.3, 2.0, 2.1, 1.8, 1.7, 2.2]
loss_list=[1.9755238746272197, 1.5609727508491942, 1.2692690859238305, 1.0696517762872908, 0.9126699742095339, 0.838129064159261, 0.7267474745420947, 0.6758707548015648, 0.6200009931168623, 0.5986523393624357, 0.55534767391781, 0.5239524849173096, 0.5082245029509067, 0.47857536969499453, 0.4752282066063749, 0.4584594190286265, 0.44645578493053706, 0.4157640568818897, 0.44786094016292033, 0.38882020168627307, 0.40625515143283536, 0.3751679899191691, 0.3687970616347674, 0.353480316116992, 0.31724413058927486, 0.3039765756411686, 0.33586026166462246, 0.29649992150202803, 0.30482469553438324, 0.28668655148655586, 0.2679376020872345, 0.24106683159686831, 0.27588081029994, 0.23928385000727656, 0.2551306095504616, 0.2697369231643258, 0.27819012222242434, 0.2120960496597561, 0.22273121210112648, 0.25918996814890616, 0.1857097003651628, 0.2179407135314412, 0.1775515128677297, 0.17072584665386886, 0.18437269206870247, 0.12026635887644561, 0.1569801686367201, 0.15469791187322698, 0.18372095615467213, 0.19164404807275984, 0.1693043511487647, 0.15229958799344284, 0.22408065630155352, 0.12666791405593456, 0.2077058674928007, 0.1228781854066377, 0.07718889481772848, 0.09884704248960285, 0.07810745483348405, 0.09336967290282096, 0.12805481086795528, 0.14036756047797908, 0.089167717632857, 0.0843270986963762, 0.11795007905240508, 0.11815397487584654, 0.10279621249840905, 0.09642969410017638, 0.08960069419127346, 0.07432005568245788, 0.08009511917461673, 0.03697386740258985, 0.060463061937480224, 0.08108944856887522, 0.03727538585412225, 0.04901530165828363, 0.05394055701504436, 0.03517590006620998, 0.04220043272829369, 0.062029472790309216, 0.07395202666980266, 0.046122820151342434, 0.044176123375085204, 0.040974180309337194, 0.012049779435947133, 0.06782700840047458, 0.02606573255623516, 0.04884115487059413, 0.03562964409096215, 0.06527330716032238, 0.06120172762061379, 0.009931796553183735, 0.0477157044756172, 0.016138105239960066, 0.03211521400063551, 0.015040466224842626, 0.011203616789037673, 0.03247899330679906, 0.012180742008553756, 0.0266049176861735]
BBSR:3.2
ABSR:2.06
max acc:71.63
