======================================
    IID: 0
    Dataset: mnist
    Model: Mnist_CNN
    Model Init: None
    Aggregation Function: DABA
    Fraction NonIID: 0
    Long attack: 3
    Wide attack: 3
    Wide attack: trust
    Threshold reject: 0.5
    Threshold down: 0.0
    Attack method: dba
    Fraction of malicious agents: 25.0%
    Poison Frac: 0.2
    Backdoor From 7 to 2
    Attack Begin: 0
    Trigger Shape: square
    Type poisoning: 
    Trigger Position X: 0
    Trigger Position Y: 0
    Number of agents: 100
    Fraction of agents each turn: 30(30.0%)
    Local batch size: 50
    Local epoch: 3
    Client_LR: 0.01
    Client_Momentum: 0.9
    Global Rounds: 100
======================================
main_task_accuracy=[0, 36.33000183105469, 45.130001068115234, 33.130001068115234, 36.84000015258789, 61.95000076293945, 62.2599983215332, 62.90999984741211, 59.61000061035156, 70.54000091552734, 66.16999816894531, 78.91000366210938, 64.97000122070312, 75.5999984741211, 78.47000122070312, 84.5999984741211, 82.33999633789062, 80.91999816894531, 90.1500015258789, 91.5999984741211, 89.5999984741211, 93.37000274658203, 91.5999984741211, 90.05000305175781, 81.81999969482422, 87.25, 90.58999633789062, 87.55999755859375, 93.26000213623047, 92.5, 91.20999908447266, 93.91000366210938, 95.38999938964844, 95.5999984741211, 95.66000366210938, 94.63999938964844, 95.2699966430664, 93.5999984741211, 94.8499984741211, 96.86000061035156, 93.80999755859375, 96.98999786376953, 85.79000091552734, 89.4800033569336, 95.25, 95.5, 96.81999969482422, 92.80000305175781, 94.19999694824219, 97.12000274658203, 95.44999694824219, 95.48999786376953, 96.52999877929688, 95.45999908447266, 96.44999694824219, 96.93000030517578, 97.19000244140625, 94.9800033569336, 97.30999755859375, 97.5199966430664, 94.66999816894531, 96.66000366210938, 96.81999969482422, 97.4800033569336, 97.43000030517578, 97.19999694824219, 97.87999725341797, 79.6500015258789, 92.12000274658203, 93.8499984741211, 97.25, 95.4000015258789, 97.79000091552734, 96.11000061035156, 97.63999938964844, 97.98999786376953, 97.45999908447266, 97.04000091552734, 97.43000030517578, 97.70999908447266, 97.87999725341797, 98.0999984741211, 96.76000213623047, 96.08000183105469, 96.62999725341797, 97.22000122070312, 97.7699966430664, 97.33999633789062, 97.41999816894531, 97.43000030517578, 93.44000244140625, 95.0999984741211, 98.0, 98.01000213623047, 97.55999755859375, 97.98999786376953, 95.62000274658203, 97.23999786376953, 96.16000366210938, 97.62000274658203, 96.1500015258789]
backdoor_accuracy=[0, 0.09727626459143969, 9.43579766536965, 0.0, 0.0, 19.260700389105057, 0.0, 2.431906614785992, 0.0, 2.3346303501945527, 1.556420233463035, 1.556420233463035, 18.67704280155642, 0.0, 3.307392996108949, 3.404669260700389, 1.4591439688715953, 61.284046692607006, 2.3346303501945527, 3.5992217898832686, 61.673151750972764, 4.961089494163424, 14.785992217898833, 11.673151750972762, 87.64591439688716, 74.5136186770428, 85.40856031128405, 99.22178988326849, 5.447470817120623, 27.43190661478599, 60.11673151750973, 97.66536964980544, 99.5136186770428, 89.10505836575875, 94.55252918287938, 98.34630350194553, 93.28793774319067, 92.70428015564202, 99.70817120622569, 96.40077821011673, 97.08171206225681, 100.0, 94.45525291828794, 99.90272373540856, 100.0, 99.90272373540856, 99.70817120622569, 99.90272373540856, 100.0, 100.0, 100.0, 98.44357976653697, 100.0, 99.80544747081711, 99.80544747081711, 99.61089494163424, 100.0, 99.70817120622569, 99.61089494163424, 99.90272373540856, 99.90272373540856, 100.0, 100.0, 100.0, 99.90272373540856, 100.0, 100.0, 99.22178988326849, 100.0, 100.0, 100.0, 100.0, 100.0, 99.90272373540856, 100.0, 100.0, 100.0, 100.0, 99.80544747081711, 99.90272373540856, 100.0, 100.0, 100.0, 100.0, 100.0, 100.0, 100.0, 100.0, 100.0, 100.0, 100.0, 100.0, 100.0, 100.0, 100.0, 100.0, 100.0, 100.0, 100.0, 100.0, 100.0]
loss_list=[0.5553076342099221, 0.3087658434396539, 0.2262203852362236, 0.2584713716676458, 0.2715621060366032, 0.15673346879502378, 0.167598561809679, 0.189227018893038, 0.1412193204356243, 0.15812336034932659, 0.13049897940228716, 0.10852560514857966, 0.1086716428034729, 0.1296255540338907, 0.11389623547973976, 0.08999636100423318, 0.0832028681033328, 0.09919299372053124, 0.09121025769132016, 0.07075435109271434, 0.056307861065830564, 0.06930466062084027, 0.07883265714404307, 0.06777990308178597, 0.08919463045847041, 0.09767186279926883, 0.06429333819285675, 0.07256495822025862, 0.06387741047052065, 0.05287676265650034, 0.04503056759487971, 0.05234664091731634, 0.051615484604202615, 0.04512720863620996, 0.04719112112809902, 0.04909142388563502, 0.04742264854555818, 0.04346847854353357, 0.04055273278422789, 0.04066986446585565, 0.04212143908531355, 0.03565563037601541, 0.06400892765255668, 0.06624030435248292, 0.05160711109683688, 0.0403437618769693, 0.04377895864569788, 0.05216662210779878, 0.043188257502318486, 0.03500087425202098, 0.04545478861638548, 0.04554904217985586, 0.0337738622992122, 0.04264206359511438, 0.03729110501112595, 0.03470952590060667, 0.037353096632475116, 0.0426041514126459, 0.03367367913689139, 0.03413893694334426, 0.039916096592624, 0.03698987501715833, 0.03294056081199886, 0.03215913835991243, 0.029960392997144734, 0.03353750059835982, 0.030413961003754857, 0.07065542318414134, 0.05247775419678232, 0.045099475344426945, 0.036171199157868004, 0.03675297445064774, 0.033170567825579284, 0.034900026950192724, 0.03172829593005491, 0.029656855685258946, 0.02974903774262904, 0.030511388100183556, 0.02820061615000361, 0.030426356971077127, 0.027389875607553012, 0.029260632845771357, 0.03417612244932565, 0.033917312818527647, 0.036152375702175256, 0.03082902508521906, 0.0270338261539006, 0.031350638062044855, 0.03399587667410992, 0.03500557056349356, 0.037936024869714494, 0.04032063828070831, 0.029391179607668814, 0.02695818154820262, 0.027583830786852562, 0.02756587063296945, 0.03661659609251496, 0.03067135039879539, 0.028464571922913986, 0.03345600414290642]
BBSR:100.0
ABSR:100.0
max acc:98.01
