======================================
    IID: 0
    Dataset: fashion_mnist
    Model: Mnist_CNN
    Model Init: None
    Aggregation Function: avg
    Fraction NonIID: 0
    Long attack: 3
    Wide attack: 3
    Wide attack: trust
    Threshold reject: 0.5
    Threshold down: 0.0
    Attack method: badnet
    Fraction of malicious agents: 25.0%
    Poison Frac: 0.2
    Backdoor From 7 to 2
    Attack Begin: 0
    Trigger Shape: square
    Type poisoning: 
    Trigger Position X: 0
    Trigger Position Y: 0
    Number of agents: 100
    Fraction of agents each turn: 30(30.0%)
    Local batch size: 50
    Local epoch: 3
    Client_LR: 0.01
    Client_Momentum: 0.9
    Global Rounds: 100
======================================
main_task_accuracy=[0, 68.12000274658203, 71.62999725341797, 73.81999969482422, 77.06999969482422, 77.83999633789062, 78.4000015258789, 80.13999938964844, 81.11000061035156, 81.37999725341797, 81.87000274658203, 82.58999633789062, 82.20999908447266, 83.79000091552734, 83.41000366210938, 84.05000305175781, 84.7300033569336, 84.8499984741211, 84.86000061035156, 84.61000061035156, 85.41999816894531, 85.73999786376953, 85.98999786376953, 86.06999969482422, 86.11000061035156, 86.30000305175781, 86.36000061035156, 86.4000015258789, 86.61000061035156, 86.5199966430664, 86.62999725341797, 86.66999816894531, 86.86000061035156, 86.9800033569336, 87.0199966430664, 87.20999908447266, 87.22000122070312, 87.08000183105469, 87.05999755859375, 87.5199966430664, 87.2699966430664, 87.38999938964844, 87.62000274658203, 87.76000213623047, 87.77999877929688, 87.6500015258789, 87.93000030517578, 87.61000061035156, 87.9000015258789, 88.0999984741211, 87.95999908447266, 88.01000213623047, 88.02999877929688, 88.16999816894531, 88.08000183105469, 88.20999908447266, 88.29000091552734, 88.5999984741211, 88.37000274658203, 88.55999755859375, 88.5, 88.8499984741211, 88.76000213623047, 88.52999877929688, 88.81999969482422, 88.68000030517578, 88.88999938964844, 88.81999969482422, 88.73999786376953, 88.98999786376953, 89.12000274658203, 88.97000122070312, 89.08999633789062, 88.80999755859375, 89.27999877929688, 89.26000213623047, 89.1500015258789, 89.20999908447266, 89.33999633789062, 89.2699966430664, 89.25, 88.93000030517578, 89.33999633789062, 89.06999969482422, 89.25, 89.41000366210938, 89.44000244140625, 89.55000305175781, 89.52999877929688, 89.47000122070312, 89.7300033569336, 89.76000213623047, 89.55999755859375, 89.79000091552734, 89.63999938964844, 89.8499984741211, 89.62999725341797, 89.5, 89.69000244140625, 89.91999816894531, 89.94000244140625]
backdoor_accuracy=[0, 0.0, 0.0, 1.6, 4.7, 57.5, 80.4, 92.4, 97.1, 98.8, 99.6, 99.7, 99.8, 99.8, 99.8, 99.9, 99.9, 99.9, 99.9, 100.0, 100.0, 100.0, 100.0, 100.0, 100.0, 100.0, 100.0, 100.0, 100.0, 100.0, 100.0, 100.0, 100.0, 100.0, 100.0, 100.0, 100.0, 100.0, 100.0, 100.0, 100.0, 100.0, 100.0, 100.0, 100.0, 100.0, 100.0, 100.0, 100.0, 100.0, 100.0, 100.0, 100.0, 100.0, 100.0, 100.0, 100.0, 100.0, 100.0, 100.0, 100.0, 100.0, 100.0, 100.0, 100.0, 100.0, 100.0, 100.0, 100.0, 100.0, 100.0, 100.0, 100.0, 100.0, 100.0, 100.0, 100.0, 100.0, 100.0, 100.0, 100.0, 100.0, 100.0, 100.0, 100.0, 100.0, 100.0, 100.0, 100.0, 100.0, 100.0, 100.0, 100.0, 100.0, 100.0, 100.0, 100.0, 100.0, 100.0, 100.0, 100.0]
loss_list=[1.4679304604729018, 0.8640419169984483, 0.6225164071691257, 0.5515144209067027, 0.5126319763285142, 0.4860605140113169, 0.4636327766916818, 0.42055382537483066, 0.4071898548898322, 0.42551230417081615, 0.3952003549370501, 0.40834910865459173, 0.37650588285867814, 0.38849910757745854, 0.356702963180012, 0.3503918193625631, 0.3494628056745838, 0.341200780633975, 0.35451703030892, 0.3432407847709126, 0.33152601977603297, 0.3135231996886432, 0.3010067316324071, 0.3197199848721977, 0.3228694987103895, 0.32187447052931895, 0.32015907292564705, 0.28602606264391434, 0.2792513310115922, 0.3064057918610396, 0.3111001032439095, 0.28567585519825417, 0.2771163924769671, 0.2718278265834131, 0.2930359069499429, 0.256062375543708, 0.248435526372244, 0.26097074671889897, 0.26927346805179553, 0.2716846916307178, 0.25967619130215436, 0.27013645052082, 0.23655572791963264, 0.256405147128842, 0.24758230379299706, 0.2389736412817405, 0.2532443972407944, 0.2539885787224327, 0.24744035106807677, 0.24590224164227648, 0.24066206730419284, 0.22231136974533675, 0.2322091483028123, 0.24162121221630115, 0.2351562088044981, 0.24829955904537598, 0.2499621037566276, 0.23426341104183204, 0.23641559671507117, 0.2327365631703287, 0.22456806818782174, 0.2128319257370162, 0.22806532708410585, 0.21817059597276425, 0.2170223230064881, 0.22079958750659395, 0.22798405866207622, 0.23131257860265947, 0.2395880644520124, 0.1992913558466912, 0.22444022169543637, 0.21048714711537791, 0.2075262645880381, 0.22858669927723155, 0.23160537597895772, 0.2010444238057567, 0.21957914688348495, 0.20726637972553297, 0.22014417931592722, 0.19784557975104283, 0.18345237415180435, 0.20226540329124498, 0.19300566769498229, 0.20872931676502854, 0.21437498424029738, 0.1901848841993207, 0.19799793634598173, 0.19262920022183266, 0.20278322846904676, 0.19427576402581676, 0.19417088012021316, 0.1985990825040197, 0.20240200219020527, 0.17683953043263131, 0.18545940520793752, 0.19574658645196236, 0.16987017607661312, 0.18228401176338258, 0.18918820469536715, 0.19169445610669852]
BBSR:100.0
ABSR:100.0
max acc:89.94
