======================================
    IID: 0
    Dataset: fashion_mnist
    Model: Mnist_CNN
    Model Init: None
    Aggregation Function: RLR
    Fraction NonIID: 0
    Long attack: 3
    Wide attack: 3
    Wide attack: trust
    Threshold reject: 0.5
    Threshold down: 0.0
    Attack method: badnet
    Fraction of malicious agents: 25.0%
    Poison Frac: 0.2
    Backdoor From 7 to 2
    Attack Begin: 0
    Trigger Shape: square
    Type poisoning: 
    Trigger Position X: 0
    Trigger Position Y: 0
    Number of agents: 100
    Fraction of agents each turn: 30(30.0%)
    Local batch size: 50
    Local epoch: 3
    Client_LR: 0.01
    Client_Momentum: 0.9
    Global Rounds: 100
    RobustLR_threshold: 4
======================================
main_task_accuracy=[0, 56.97999954223633, 71.86000061035156, 75.4800033569336, 76.47000122070312, 77.63999938964844, 78.45999908447266, 79.02999877929688, 79.91999816894531, 79.9800033569336, 80.44999694824219, 81.4800033569336, 82.06999969482422, 82.62000274658203, 82.70999908447266, 83.62000274658203, 83.66999816894531, 83.94000244140625, 84.33999633789062, 84.5, 84.69000244140625, 84.94000244140625, 84.87999725341797, 85.11000061035156, 85.29000091552734, 85.44000244140625, 85.68000030517578, 85.75, 86.13999938964844, 85.9800033569336, 86.04000091552734, 86.30999755859375, 86.30000305175781, 86.48999786376953, 86.61000061035156, 86.66000366210938, 86.48999786376953, 86.68000030517578, 86.9000015258789, 86.95999908447266, 87.06999969482422, 87.27999877929688, 87.13999938964844, 87.25, 87.26000213623047, 87.1500015258789, 87.5999984741211, 87.52999877929688, 87.08999633789062, 87.62000274658203, 87.7300033569336, 87.66000366210938, 87.80000305175781, 87.72000122070312, 87.76000213623047, 87.88999938964844, 87.9000015258789, 87.91999816894531, 87.98999786376953, 87.83999633789062, 88.26000213623047, 88.2699966430664, 88.41999816894531, 88.38999938964844, 88.41000366210938, 88.37999725341797, 88.58000183105469, 88.54000091552734, 88.44999694824219, 88.51000213623047, 88.61000061035156, 88.6500015258789, 88.62000274658203, 88.62000274658203, 88.7300033569336, 88.83000183105469, 88.70999908447266, 88.80000305175781, 88.87000274658203, 88.8499984741211, 89.0, 88.9800033569336, 89.05999755859375, 89.05999755859375, 89.22000122070312, 89.05999755859375, 89.1500015258789, 89.13999938964844, 89.12999725341797, 89.33999633789062, 89.31999969482422, 89.22000122070312, 89.29000091552734, 89.2699966430664, 89.4000015258789, 89.41000366210938, 89.48999786376953, 89.55000305175781, 89.62999725341797, 89.5199966430664, 89.54000091552734]
backdoor_accuracy=[0, 0.3, 0.0, 0.1, 1.0, 8.1, 21.5, 77.1, 84.1, 94.9, 98.2, 98.5, 99.4, 99.8, 100.0, 100.0, 100.0, 100.0, 100.0, 100.0, 100.0, 100.0, 100.0, 100.0, 100.0, 100.0, 100.0, 100.0, 100.0, 100.0, 100.0, 100.0, 100.0, 100.0, 100.0, 100.0, 100.0, 100.0, 100.0, 100.0, 100.0, 100.0, 100.0, 100.0, 100.0, 100.0, 100.0, 100.0, 100.0, 100.0, 100.0, 100.0, 100.0, 100.0, 100.0, 100.0, 100.0, 100.0, 100.0, 100.0, 100.0, 100.0, 100.0, 100.0, 100.0, 100.0, 100.0, 100.0, 100.0, 100.0, 100.0, 100.0, 100.0, 100.0, 100.0, 100.0, 100.0, 100.0, 100.0, 100.0, 100.0, 100.0, 100.0, 100.0, 100.0, 100.0, 100.0, 100.0, 100.0, 100.0, 100.0, 100.0, 100.0, 100.0, 100.0, 100.0, 100.0, 100.0, 100.0, 100.0, 100.0]
loss_list=[1.4395049775364226, 0.892745067731098, 0.6253269267027025, 0.5565537223454428, 0.5003405470125102, 0.4624576172205034, 0.47565630050721, 0.43704948688822753, 0.42623667232692236, 0.41356638182920435, 0.42438405693543174, 0.39045386689680583, 0.3855588589967401, 0.3750817941018828, 0.35936587812310017, 0.34645065958439203, 0.3668389924905367, 0.3682345667578003, 0.3363054299727082, 0.34576531030858554, 0.3416140164524592, 0.33490786003638745, 0.33672110485947787, 0.34802007668272217, 0.32553392936372094, 0.32145237460456505, 0.3088003687560558, 0.3089968606415722, 0.303131470815451, 0.32533194142635224, 0.28727031349790866, 0.3302424454716621, 0.3077330466187386, 0.2887724694450972, 0.30329207050165646, 0.27291298146808035, 0.2931441262122933, 0.2848975866653577, 0.284726131628095, 0.28898167852657264, 0.2980618447858702, 0.28206546449757836, 0.2627820378635079, 0.27083346575015665, 0.2611997685188221, 0.2607142505580905, 0.2727881830116665, 0.24653764709968262, 0.2685657958310374, 0.27767684422778316, 0.2232938344452392, 0.2533704914463063, 0.24136986861833262, 0.25299625021095085, 0.24874586056297027, 0.2565153704335292, 0.2497274270919324, 0.25174998161555434, 0.24679048389748287, 0.25415579031428526, 0.2495105143852049, 0.25648138958236405, 0.23815377745432434, 0.25047314129079934, 0.2483718722196365, 0.24173494077770522, 0.2357740764661381, 0.25339043800270666, 0.24751785934592282, 0.24461704682972696, 0.2110057360906568, 0.2343874058147237, 0.22797055114922973, 0.2257350965394397, 0.22523652032638591, 0.22808447671985183, 0.22954589261811362, 0.21446569247895644, 0.22711581599174274, 0.2186046271343474, 0.24407391277383325, 0.23032013232026388, 0.22655075446668047, 0.22306371597849112, 0.21599585307865507, 0.23490791167822425, 0.2101261379593914, 0.22861317046745508, 0.2175905910182607, 0.2248733701287872, 0.22136058586787574, 0.21329268660413583, 0.20808483420664237, 0.20879979853483815, 0.19858249807212916, 0.21101842468466472, 0.22122385656219662, 0.20989948301576078, 0.20950001381268654, 0.20612469840863787]
BBSR:100.0
ABSR:100.0
max acc:89.63
