======================================
    IID: 0
    Dataset: fashion_mnist
    Model: Mnist_CNN
    Model Init: None
    Aggregation Function: DABA
    Fraction NonIID: 0
    Long attack: 3
    Wide attack: 3
    Wide attack: trust
    Threshold reject: 0.5
    Threshold down: 0.0
    Attack method: badnet
    Fraction of malicious agents: 25.0%
    Poison Frac: 0.2
    Backdoor From 7 to 2
    Attack Begin: 0
    Trigger Shape: square
    Type poisoning: pgd
    Trigger Position X: 0
    Trigger Position Y: 0
    Number of agents: 100
    Fraction of agents each turn: 30(30.0%)
    Local batch size: 50
    Local epoch: 3
    Client_LR: 0.01
    Client_Momentum: 0.9
    Global Rounds: 100
======================================
main_task_accuracy=[0, 65.22000122070312, 69.62000274658203, 72.16999816894531, 73.0, 75.5, 77.44999694824219, 77.83000183105469, 76.33999633789062, 78.69000244140625, 77.56999969482422, 79.93000030517578, 79.72000122070312, 81.5, 77.87999725341797, 82.06999969482422, 81.83000183105469, 81.93000030517578, 81.37999725341797, 81.1500015258789, 82.97000122070312, 78.91999816894531, 83.56999969482422, 76.93000030517578, 82.66000366210938, 84.68000030517578, 73.79000091552734, 84.08000183105469, 84.45999908447266, 84.7699966430664, 84.47000122070312, 83.70999908447266, 85.30000305175781, 85.11000061035156, 84.30000305175781, 85.29000091552734, 84.37999725341797, 85.95999908447266, 84.23999786376953, 83.93000030517578, 83.08999633789062, 86.16999816894531, 84.16999816894531, 84.16000366210938, 86.06999969482422, 84.6500015258789, 85.95999908447266, 82.8499984741211, 85.41999816894531, 86.31999969482422, 85.33000183105469, 85.30000305175781, 83.69000244140625, 86.77999877929688, 86.8499984741211, 87.23999786376953, 87.23999786376953, 87.33000183105469, 86.7699966430664, 85.61000061035156, 86.44000244140625, 86.83999633789062, 87.23999786376953, 87.72000122070312, 87.44000244140625, 87.3499984741211, 87.4000015258789, 86.87999725341797, 87.02999877929688, 86.86000061035156, 87.20999908447266, 88.0999984741211, 86.81999969482422, 87.20999908447266, 87.5999984741211, 87.70999908447266, 86.06999969482422, 88.38999938964844, 86.91000366210938, 87.76000213623047, 88.01000213623047, 88.22000122070312, 88.66999816894531, 87.91999816894531, 83.38999938964844, 87.94000244140625, 87.94000244140625, 85.9800033569336, 86.7699966430664, 88.02999877929688, 87.12000274658203, 85.83999633789062, 86.02999877929688, 88.08999633789062, 87.16000366210938, 87.47000122070312, 88.47000122070312, 88.25, 88.70999908447266, 87.94000244140625, 87.44999694824219]
backdoor_accuracy=[0, 0.0, 0.0, 0.1, 32.3, 45.9, 99.8, 99.9, 99.9, 99.9, 100.0, 100.0, 100.0, 100.0, 100.0, 100.0, 100.0, 100.0, 100.0, 100.0, 100.0, 100.0, 100.0, 100.0, 100.0, 100.0, 99.8, 100.0, 100.0, 100.0, 100.0, 100.0, 100.0, 100.0, 100.0, 100.0, 100.0, 100.0, 100.0, 100.0, 100.0, 100.0, 100.0, 100.0, 100.0, 100.0, 100.0, 100.0, 100.0, 100.0, 100.0, 100.0, 100.0, 100.0, 100.0, 100.0, 100.0, 100.0, 100.0, 100.0, 100.0, 100.0, 100.0, 100.0, 100.0, 100.0, 100.0, 100.0, 100.0, 100.0, 100.0, 100.0, 100.0, 100.0, 100.0, 100.0, 100.0, 100.0, 100.0, 100.0, 100.0, 100.0, 100.0, 100.0, 100.0, 100.0, 100.0, 100.0, 100.0, 100.0, 100.0, 100.0, 100.0, 100.0, 100.0, 100.0, 100.0, 100.0, 100.0, 100.0, 100.0]
loss_list=[1.3738501216526384, 0.8917838620642822, 0.6350767752638569, 0.6265604826173294, 0.5350787325589745, 0.4896485580959253, 0.45759004357236405, 0.4673087692509095, 0.4647286646895939, 0.46017709321307915, 0.459173065237701, 0.44814863136659067, 0.42213897155942737, 0.40482940213685803, 0.40887787529715786, 0.3888456746108001, 0.4223153528688405, 0.40287468927326026, 0.365809932820223, 0.3888655662191686, 0.3697571057412359, 0.3753188760675214, 0.3642130092890174, 0.36134852849085025, 0.30406719649693487, 0.33755528652971545, 0.35665708569533866, 0.3450708473377205, 0.3169804410698513, 0.33505458808331584, 0.30627926065827965, 0.32687511640014477, 0.3050394065229705, 0.3022134360960788, 0.3024192185106652, 0.3051350397126818, 0.3099619731289784, 0.2936441252042573, 0.31023398634322263, 0.3235275035068669, 0.31326851435005665, 0.2858163263338307, 0.2801682042371896, 0.2737470305593753, 0.29834584501330497, 0.3040460045138994, 0.2765221242861891, 0.30616577949926804, 0.26065957301675724, 0.289807606547105, 0.292602650957458, 0.28491564593105406, 0.2905892367957642, 0.2673350085987261, 0.24090910316617406, 0.2284573331613232, 0.2679253619543655, 0.26912221170065026, 0.24612154988572005, 0.2630834477194758, 0.24716435683960158, 0.24541588878190082, 0.254469986266836, 0.258299258687637, 0.26528661936797476, 0.23433827391687642, 0.27333327121342776, 0.2483850131225255, 0.2416850976663193, 0.25354415564970284, 0.2573235306267937, 0.21582310443606087, 0.23737835758883083, 0.23379871598789811, 0.21810158255113363, 0.2271574354523586, 0.2616837399201123, 0.22565621372691735, 0.23967719534067095, 0.22490575392213133, 0.23735144401176114, 0.23181960450278385, 0.20580195713167385, 0.2272832852270868, 0.2720907001911352, 0.22640208181304236, 0.22461265562688584, 0.24932277425951158, 0.23984706238671033, 0.25368069311845354, 0.21165473745376973, 0.22691461872999313, 0.22134249761821356, 0.21317094040741386, 0.23299357280549077, 0.21948279483692232, 0.2288857395933182, 0.20230433674770648, 0.21138886583244637, 0.21395157501273968]
BBSR:100.0
ABSR:100.0
max acc:88.71
