======================================
    IID: 0
    Dataset: mnist
    Model: Mnist_CNN
    Model Init: None
    Aggregation Function: fltrust
    Fraction NonIID: 0
    Long attack: 3
    Wide attack: 3
    Wide attack: trust
    Threshold reject: 0.5
    Threshold down: 0.0
    Attack method: badnet
    Fraction of malicious agents: 25.0%
    Poison Frac: 0.2
    Backdoor From 7 to 2
    Attack Begin: 0
    Trigger Shape: square
    Type poisoning: cs
    Trigger Position X: 0
    Trigger Position Y: 0
    Number of agents: 100
    Fraction of agents each turn: 30(30.0%)
    Local batch size: 50
    Local epoch: 3
    Client_LR: 0.01
    Client_Momentum: 0.9
    Global Rounds: 100
    Dataset In Server: 200
======================================
main_task_accuracy=[0, 22.459999084472656, 51.20000076293945, 40.54999923706055, 65.8499984741211, 67.55000305175781, 70.70999908447266, 79.41000366210938, 76.19999694824219, 67.05000305175781, 74.98999786376953, 87.73999786376953, 81.54000091552734, 90.72000122070312, 76.04000091552734, 88.5, 84.47000122070312, 89.16000366210938, 89.44999694824219, 89.81999969482422, 85.73999786376953, 89.55000305175781, 92.22000122070312, 88.04000091552734, 93.94000244140625, 89.5999984741211, 88.22000122070312, 88.79000091552734, 93.08000183105469, 93.8499984741211, 93.04000091552734, 91.56999969482422, 95.26000213623047, 91.05000305175781, 93.2699966430664, 94.3499984741211, 92.69000244140625, 93.88999938964844, 95.45999908447266, 94.61000061035156, 94.7300033569336, 94.87000274658203, 95.2300033569336, 84.1500015258789, 95.26000213623047, 95.0999984741211, 95.33999633789062, 94.81999969482422, 94.91000366210938, 95.02999877929688, 93.86000061035156, 95.5, 96.7300033569336, 95.30999755859375, 95.58999633789062, 95.5199966430664, 96.80999755859375, 95.33999633789062, 96.33999633789062, 96.5199966430664, 95.86000061035156, 96.11000061035156, 96.0, 96.08999633789062, 97.11000061035156, 96.41000366210938, 96.30999755859375, 96.27999877929688, 96.4800033569336, 96.83999633789062, 96.4800033569336, 96.79000091552734, 96.86000061035156, 97.0, 96.0999984741211, 96.56999969482422, 97.0199966430664, 96.93000030517578, 97.2300033569336, 96.8499984741211, 96.9800033569336, 97.08000183105469, 97.3499984741211, 96.75, 97.11000061035156, 96.98999786376953, 97.04000091552734, 96.86000061035156, 97.33999633789062, 97.16000366210938, 97.58999633789062, 97.36000061035156, 96.81999969482422, 97.58000183105469, 96.9000015258789, 95.30000305175781, 97.56999969482422, 97.12999725341797, 96.48999786376953, 96.94999694824219, 97.55999755859375]
backdoor_accuracy=[0, 0.0, 0.0, 0.0, 0.8754863813229572, 2.9182879377431905, 0.8754863813229572, 6.128404669260701, 2.0428015564202333, 2.431906614785992, 6.031128404669261, 4.377431906614786, 2.431906614785992, 5.058365758754864, 0.5836575875486382, 9.727626459143968, 2.237354085603113, 4.863813229571984, 2.9182879377431905, 1.8482490272373542, 14.785992217898833, 2.7237354085603114, 1.7509727626459144, 9.630350194552529, 3.6964980544747084, 4.474708171206226, 6.809338521400778, 1.6536964980544746, 10.116731517509727, 2.9182879377431905, 10.116731517509727, 1.556420233463035, 9.04669260700389, 3.501945525291829, 3.8910505836575875, 3.5992217898832686, 7.879377431906615, 4.182879377431907, 8.754863813229573, 2.3346303501945527, 21.88715953307393, 2.7237354085603114, 8.463035019455253, 1.8482490272373542, 4.669260700389105, 11.089494163424124, 8.949416342412452, 7.392996108949417, 3.307392996108949, 3.21011673151751, 12.45136186770428, 6.128404669260701, 8.657587548638132, 6.031128404669261, 26.653696498054476, 9.04669260700389, 28.59922178988327, 3.501945525291829, 30.155642023346303, 5.544747081712062, 18.28793774319066, 9.33852140077821, 49.221789883268485, 16.731517509727627, 64.2023346303502, 45.3307392996109, 62.2568093385214, 84.43579766536965, 68.28793774319067, 53.69649805447471, 93.67704280155642, 43.77431906614786, 87.15953307392996, 33.268482490272376, 87.15953307392996, 24.31906614785992, 72.47081712062257, 43.8715953307393, 52.04280155642024, 96.10894941634241, 16.53696498054475, 80.6420233463035, 67.80155642023347, 45.13618677042802, 42.80155642023346, 41.05058365758755, 90.6614785992218, 16.05058365758755, 89.78599221789884, 34.04669260700389, 50.87548638132296, 45.233463035019454, 51.750972762645915, 78.11284046692607, 78.21011673151752, 58.17120622568093, 97.56809338521401, 93.96887159533074, 96.98443579766537, 97.56809338521401, 93.19066147859922]
loss_list=[0.43850949578296494, 0.37956492736822184, 0.2634236014598314, 0.20830284518203965, 0.20464102132557818, 0.1887689438390572, 0.17265691282924914, 0.15010064678882173, 0.14077199527950887, 0.1311672700437566, 0.13270289848169395, 0.10077236961625419, 0.1059859480670527, 0.07556178830149736, 0.07957180387528326, 0.11109649915733152, 0.09425308301195899, 0.10015780052626913, 0.07981717383460976, 0.07815362841670333, 0.0853817328091155, 0.07166217639112414, 0.06657373944170744, 0.06988050633118482, 0.06846001910861052, 0.05710941235224796, 0.08567136326907879, 0.07587596158963184, 0.0733524427245054, 0.06885174594804756, 0.060272294911002715, 0.05940608725648081, 0.061295238205829494, 0.051621045280602254, 0.05438946155202687, 0.051055409898212396, 0.047118061885763424, 0.049517601580695264, 0.054838519718094544, 0.05255526964157244, 0.05668930035773255, 0.048477720543126504, 0.04562262672024694, 0.0736631439706928, 0.04487289671164577, 0.04341304756540095, 0.0498671942200688, 0.0447002894935177, 0.04046217054242505, 0.04550252697689802, 0.05061760771607864, 0.046142535518801917, 0.04245829650502055, 0.041388719623484636, 0.040429385534869605, 0.03970671245554916, 0.03780003047365323, 0.042659100993183756, 0.0441367006540688, 0.04997337044700885, 0.03931341712393919, 0.0434362243735661, 0.039418733813562826, 0.042089962837285375, 0.04227002379843645, 0.03775778070943587, 0.04180662520385789, 0.040559274090686534, 0.04129944334386151, 0.033396398495249176, 0.03727125876423654, 0.03561192986605869, 0.03542439307021163, 0.03327971450394855, 0.03712090132913694, 0.040679039071663266, 0.03142865542196959, 0.043679312891273143, 0.036656766375958806, 0.04781385760419198, 0.03462623573798574, 0.04174915422383874, 0.04031887759623534, 0.03563671909498645, 0.03701739511374591, 0.03330791787780186, 0.030359591266288326, 0.037164217244477625, 0.030797687463144405, 0.03932975366828107, 0.03027822326872544, 0.034016718044110855, 0.03582842554365347, 0.037420218604712244, 0.03462175595413583, 0.046451950872924336, 0.03135293203139585, 0.027801234982367147, 0.02742499369957733, 0.0272574572167931]
BBSR:97.57
ABSR:79.08
max acc:97.58
