======================================
    IID: 0
    Dataset: mnist
    Model: Mnist_CNN
    Model Init: None
    Aggregation Function: krum
    Fraction NonIID: 0
    Long attack: 3
    Wide attack: 3
    Wide attack: trust
    Threshold reject: 0.5
    Threshold down: 0.0
    Attack method: badnet
    Fraction of malicious agents: 25.0%
    Poison Frac: 0.2
    Backdoor From 7 to 2
    Attack Begin: 0
    Trigger Shape: square
    Type poisoning: pgd
    Trigger Position X: 0
    Trigger Position Y: 0
    Number of agents: 100
    Fraction of agents each turn: 30(30.0%)
    Local batch size: 50
    Local epoch: 3
    Client_LR: 0.01
    Client_Momentum: 0.9
    Global Rounds: 100
    Proportion of malicious are selected: 0.63
    Average score of malicious clients: 834.1668701171875
    Average score of benign clients: 378.8170471191406
======================================
main_task_accuracy=[0, 21.280000686645508, 26.43000030517578, 32.61000061035156, 19.690000534057617, 21.190000534057617, 26.940000534057617, 30.18000030517578, 32.310001373291016, 23.520000457763672, 24.610000610351562, 34.310001373291016, 47.290000915527344, 12.970000267028809, 40.58000183105469, 57.599998474121094, 19.760000228881836, 9.760000228881836, 26.950000762939453, 39.11000061035156, 25.219999313354492, 38.099998474121094, 27.719999313354492, 49.25, 59.959999084472656, 23.479999542236328, 47.220001220703125, 57.650001525878906, 62.959999084472656, 46.310001373291016, 66.95999908447266, 51.08000183105469, 70.20999908447266, 44.75, 60.54999923706055, 62.400001525878906, 60.13999938964844, 57.099998474121094, 58.599998474121094, 51.18000030517578, 70.45999908447266, 62.41999816894531, 61.70000076293945, 67.11000061035156, 45.97999954223633, 70.63999938964844, 83.97000122070312, 77.44999694824219, 75.80999755859375, 84.87000274658203, 80.83000183105469, 80.5199966430664, 78.91000366210938, 76.45999908447266, 71.08999633789062, 60.86000061035156, 79.66000366210938, 71.37000274658203, 82.91000366210938, 79.22000122070312, 77.19000244140625, 80.91999816894531, 73.0999984741211, 72.01000213623047, 73.95999908447266, 74.12000274658203, 73.87999725341797, 73.58000183105469, 76.55000305175781, 82.43000030517578, 76.41999816894531, 75.33999633789062, 74.5999984741211, 73.26000213623047, 71.73999786376953, 81.16000366210938, 79.12000274658203, 78.56999969482422, 77.08999633789062, 66.73999786376953, 74.73999786376953, 82.11000061035156, 77.88999938964844, 77.19999694824219, 75.27999877929688, 71.20999908447266, 71.4800033569336, 84.26000213623047, 82.11000061035156, 80.72000122070312, 52.75, 73.48999786376953, 76.51000213623047, 87.1500015258789, 85.5199966430664, 84.25, 82.80000305175781, 82.66999816894531, 80.75, 81.37000274658203, 82.04000091552734]
backdoor_accuracy=[0, 0.0, 0.0, 0.0, 0.0, 0.0, 0.0, 0.0, 0.0, 0.0, 0.0, 0.0, 0.2918287937743191, 0.0, 0.09727626459143969, 6.517509727626459, 0.0, 0.0, 0.0, 34.53307392996109, 1.4591439688715953, 99.31906614785993, 41.24513618677043, 2.431906614785992, 29.280155642023345, 0.0, 12.062256809338521, 4.863813229571984, 8.463035019455253, 4.961089494163424, 9.727626459143968, 6.517509727626459, 22.470817120622566, 5.3501945525291825, 15.66147859922179, 27.529182879377434, 17.607003891050585, 11.381322957198444, 47.27626459143969, 13.035019455252918, 32.5875486381323, 21.98443579766537, 20.914396887159533, 98.15175097276264, 97.08171206225681, 96.40077821011673, 87.06225680933852, 59.824902723735406, 53.69649805447471, 72.47081712062257, 61.7704280155642, 83.56031128404669, 86.284046692607, 74.5136186770428, 88.32684824902724, 63.326848249027236, 69.45525291828794, 55.05836575875487, 78.01556420233463, 69.94163424124514, 68.19066147859922, 79.47470817120623, 57.490272373540854, 52.52918287937743, 77.33463035019456, 60.01945525291829, 54.18287937743191, 51.459143968871594, 64.98054474708171, 97.17898832684826, 84.63035019455253, 80.93385214007782, 78.98832684824903, 80.54474708171206, 77.14007782101167, 74.70817120622569, 66.82879377431907, 65.27237354085604, 62.159533073929964, 33.17120622568093, 56.42023346303502, 93.3852140077821, 81.03112840466926, 78.40466926070039, 74.0272373540856, 68.09338521400778, 66.92607003891051, 82.19844357976653, 70.3307392996109, 68.57976653696498, 10.700389105058365, 49.02723735408561, 81.51750972762646, 95.52529182879377, 90.95330739299611, 85.7976653696498, 79.08560311284047, 75.58365758754864, 78.30739299610894, 82.58754863813229, 80.1556420233463]
loss_list=[0.43836346132813325, 1.4539236957795905, 0.7430506074357187, 0.46626762568005264, 0.44103272041986447, 0.40834859244934546, 0.43008528907014404, 0.37505467302342016, 0.33010407381947204, 0.40193593749511597, 0.34273042909934437, 0.30170678444064775, 0.24185728322977917, 0.4197881146858119, 0.2895293237134226, 0.24158000156354634, 0.49240681831262567, 0.41735411833946917, 0.34827780952642173, 0.22771291276670771, 0.33137471977666133, 0.22317494639913268, 0.33356644023647125, 0.2691824333310684, 0.18257716518761555, 0.4212902875256661, 0.21039821846012996, 0.18230833632387922, 0.16723579254528664, 0.23928494205921524, 0.24414832541408873, 0.21721449200022186, 0.15061736267067788, 0.24006902070813088, 0.19983626602016485, 0.16199254098430008, 0.16351437150919243, 0.1739375989836874, 0.16806201272174268, 0.16322805972978563, 0.14760760173216322, 0.17757343089844985, 0.19070493051380658, 0.1567270140458507, 0.20967230506255738, 0.14918836769731264, 0.13734201973077653, 0.1389032365195059, 0.15068743613791372, 0.12507402713924448, 0.13126948282837125, 0.12698070828067573, 0.1382566538224267, 0.1643815110221864, 0.14314792029306755, 0.13608658171447552, 0.11244340134230485, 0.16254305005235406, 0.11203940453818172, 0.12045746241532461, 0.13958302147872698, 0.12175098006253218, 0.15296479521971706, 0.13909848973057967, 0.09713129323716269, 0.12929096613735486, 0.12939600262469783, 0.1268245338865355, 0.14159416169569672, 0.09483813885485506, 0.15349031205518668, 0.11907149520756709, 0.1324154215152326, 0.14776479832620099, 0.16835589407344126, 0.10512132953331475, 0.1283830777278595, 0.12078990686538593, 0.13680557889364728, 0.1387881167139278, 0.1418169218660504, 0.10911699692733366, 0.14990715493924017, 0.11532368345215979, 0.13039837057567852, 0.12140267121889559, 0.11960575637649705, 0.08944763945636805, 0.13478743120231737, 0.14648544436032657, 0.1858718491742841, 0.12647697239677233, 0.13186427991867739, 0.10171645566003579, 0.11112013144424167, 0.11105471243021976, 0.10289390506388546, 0.14898779059136882, 0.13748883480510635, 0.13505970323444166]
BBSR:95.53
ABSR:79.85
max acc:87.15
