======================================
    IID: 0
    Dataset: mnist
    Model: Mnist_CNN
    Model Init: None
    Aggregation Function: RLR
    Fraction NonIID: 0
    Long attack: 3
    Wide attack: 3
    Wide attack: trust
    Threshold reject: 0.5
    Threshold down: 0.0
    Attack method: badnet
    Fraction of malicious agents: 25.0%
    Poison Frac: 0.2
    Backdoor From 7 to 2
    Attack Begin: 0
    Trigger Shape: square
    Type poisoning: 
    Trigger Position X: 0
    Trigger Position Y: 0
    Number of agents: 100
    Fraction of agents each turn: 30(30.0%)
    Local batch size: 50
    Local epoch: 3
    Client_LR: 0.01
    Client_Momentum: 0.9
    Global Rounds: 100
    RobustLR_threshold: 4
======================================
main_task_accuracy=[0, 31.649999618530273, 47.18000030517578, 45.31999969482422, 62.380001068115234, 71.08000183105469, 82.37000274658203, 74.87000274658203, 84.16000366210938, 87.68000030517578, 89.20999908447266, 87.54000091552734, 89.23999786376953, 89.33999633789062, 93.80000305175781, 93.83000183105469, 92.51000213623047, 85.5, 90.68000030517578, 92.44000244140625, 94.33000183105469, 94.8499984741211, 92.51000213623047, 93.7300033569336, 95.08000183105469, 95.38999938964844, 94.37999725341797, 93.8499984741211, 95.26000213623047, 95.36000061035156, 93.04000091552734, 96.25, 96.05999755859375, 96.33000183105469, 94.80999755859375, 94.0999984741211, 94.36000061035156, 95.19999694824219, 93.63999938964844, 95.22000122070312, 95.29000091552734, 94.55999755859375, 94.94999694824219, 95.45999908447266, 96.02999877929688, 95.7699966430664, 96.72000122070312, 94.86000061035156, 96.55000305175781, 96.61000061035156, 96.37999725341797, 97.11000061035156, 96.8499984741211, 96.4800033569336, 95.91000366210938, 96.69999694824219, 96.94000244140625, 96.05000305175781, 96.44000244140625, 94.98999786376953, 95.56999969482422, 96.91999816894531, 96.30000305175781, 95.0999984741211, 96.94999694824219, 96.58999633789062, 97.41000366210938, 96.73999786376953, 96.5, 96.77999877929688, 96.27999877929688, 96.91000366210938, 96.58999633789062, 97.05999755859375, 96.55000305175781, 96.9800033569336, 96.5999984741211, 97.5199966430664, 97.11000061035156, 96.86000061035156, 97.70999908447266, 97.22000122070312, 97.26000213623047, 97.37999725341797, 97.30000305175781, 97.51000213623047, 96.95999908447266, 97.62999725341797, 97.55999755859375, 97.56999969482422, 97.69999694824219, 97.68000030517578, 97.45999908447266, 96.55000305175781, 97.41999816894531, 97.68000030517578, 97.41000366210938, 97.12000274658203, 97.16000366210938, 96.9800033569336, 97.45999908447266]
backdoor_accuracy=[0, 0.0, 8.073929961089494, 8.852140077821012, 2.9182879377431905, 4.182879377431907, 3.11284046692607, 1.6536964980544746, 2.3346303501945527, 6.22568093385214, 2.431906614785992, 2.237354085603113, 5.252918287937743, 0.9727626459143969, 3.307392996108949, 1.7509727626459144, 2.529182879377432, 1.264591439688716, 9.922178988326849, 4.863813229571984, 4.571984435797665, 2.431906614785992, 3.7937743190661477, 3.11284046692607, 3.9883268482490273, 4.085603112840467, 10.894941634241246, 4.377431906614786, 4.280155642023346, 12.645914396887159, 2.3346303501945527, 3.7937743190661477, 2.0428015564202333, 4.280155642023346, 6.128404669260701, 6.614785992217898, 13.326848249027238, 3.307392996108949, 20.622568093385215, 2.3346303501945527, 3.5992217898832686, 5.836575875486381, 4.182879377431907, 5.933852140077821, 8.657587548638132, 14.396887159533074, 3.8910505836575875, 2.140077821011673, 3.501945525291829, 3.5992217898832686, 3.9883268482490273, 9.727626459143968, 5.642023346303502, 9.14396887159533, 7.879377431906615, 4.085603112840467, 4.474708171206226, 4.085603112840467, 2.529182879377432, 7.392996108949417, 20.817120622568094, 9.43579766536965, 7.684824902723736, 30.642023346303503, 41.05058365758755, 18.67704280155642, 44.16342412451362, 36.86770428015564, 56.22568093385214, 46.011673151750976, 14.299610894941635, 12.54863813229572, 60.40856031128405, 23.929961089494164, 45.719844357976655, 45.13618677042802, 11.964980544747082, 59.143968871595334, 27.723735408560312, 48.44357976653696, 46.49805447470817, 63.2295719844358, 50.09727626459144, 80.83657587548637, 43.09338521400778, 94.3579766536965, 90.36964980544747, 73.05447470817121, 63.81322957198444, 63.715953307392994, 70.3307392996109, 90.95330739299611, 92.50972762645914, 82.29571984435798, 91.53696498054475, 85.89494163424125, 86.38132295719845, 89.10505836575875, 91.147859922179, 72.47081712062257, 97.17898832684826]
loss_list=[0.5006163347556927, 0.406901826377088, 0.30914976014490814, 0.23046855828451976, 0.21763422951000064, 0.17482242094341996, 0.12383409799317713, 0.11720787604412214, 0.11700630553453951, 0.10056073243277505, 0.07576272940787065, 0.08583463394542212, 0.0920019212351498, 0.08958885924331281, 0.087410822254036, 0.0741531693228565, 0.08768094559094934, 0.0791455793784883, 0.07322444942579316, 0.07737058069839324, 0.0744146145207838, 0.049557187071574534, 0.06243953685351558, 0.08434142455936346, 0.057421991062279694, 0.07121589480274597, 0.052505949669582865, 0.06621970815432267, 0.057523153953464704, 0.05808922225969484, 0.06172900660203326, 0.0440042096938162, 0.058974783604909084, 0.04716422232225838, 0.05166735569133774, 0.058788006500705016, 0.05469689502929394, 0.05910372451909995, 0.06765169451285576, 0.056115980509083854, 0.04472481877353836, 0.049904303716745084, 0.048417428013419646, 0.04837374923501063, 0.04440140136169557, 0.04868155950307803, 0.05316048681139241, 0.05373804015030676, 0.04605436335199146, 0.046451149826044334, 0.052930055060519544, 0.04128111142897283, 0.04337397249061856, 0.04628770428332564, 0.04437237744039283, 0.048109111187591674, 0.035707957616420274, 0.04754106968445379, 0.03568762997996532, 0.052002918865957336, 0.043540507080016215, 0.0347435119670632, 0.044781387243246804, 0.043874013318357434, 0.04233178253121181, 0.05099486293884354, 0.03540119771235266, 0.04020815097828564, 0.0416609077426338, 0.04308658718214691, 0.04663062208095097, 0.04140848386301992, 0.04049170917389519, 0.043218590730815847, 0.033360402499327674, 0.038566736644138525, 0.04898586731601805, 0.039433184171983285, 0.04852849001488868, 0.04035344474648919, 0.044042237852151035, 0.03511947833963481, 0.03959970824251678, 0.037639846515984496, 0.05344788698872064, 0.03289915925215555, 0.040651595338293586, 0.04012349962171154, 0.036806736041651265, 0.03886904062955248, 0.04191271943375287, 0.04081994795272467, 0.04091416310241849, 0.035262219729820424, 0.03977726858778737, 0.03986368044990326, 0.03900210846646677, 0.03353365816590432, 0.045302066869618705, 0.04133717047864023]
BBSR:4.238058668466929
ABSR:7.407433952273584
max acc:97.68
