======================================
    IID: 0
    Dataset: mnist
    Model: Mnist_CNN
    Model Init: None
    Aggregation Function: fltrust
    Fraction NonIID: 0
    Long attack: 3
    Wide attack: 3
    Wide attack: trust
    Threshold reject: 0.5
    Threshold down: 0.0
    Attack method: dba
    Fraction of malicious agents: 25.0%
    Poison Frac: 0.2
    Backdoor From 7 to 2
    Attack Begin: 0
    Trigger Shape: square
    Type poisoning: 
    Trigger Position X: 0
    Trigger Position Y: 0
    Number of agents: 100
    Fraction of agents each turn: 30(30.0%)
    Local batch size: 50
    Local epoch: 3
    Client_LR: 0.01
    Client_Momentum: 0.9
    Global Rounds: 100
    Dataset In Server: 200
======================================
main_task_accuracy=[0, 22.579999923706055, 35.810001373291016, 58.52000045776367, 61.45000076293945, 62.0099983215332, 68.7699966430664, 75.7699966430664, 76.93000030517578, 86.08999633789062, 60.040000915527344, 79.44999694824219, 87.94000244140625, 85.77999877929688, 86.94999694824219, 87.80000305175781, 86.52999877929688, 87.51000213623047, 91.88999938964844, 92.2300033569336, 89.05000305175781, 89.69000244140625, 93.76000213623047, 85.06999969482422, 91.79000091552734, 92.30999755859375, 92.12999725341797, 89.02999877929688, 92.7300033569336, 92.12999725341797, 92.81999969482422, 94.61000061035156, 93.16000366210938, 94.69000244140625, 92.66999816894531, 89.19000244140625, 93.81999969482422, 91.62999725341797, 95.12999725341797, 95.83999633789062, 94.05999755859375, 94.63999938964844, 93.91999816894531, 95.55000305175781, 91.05999755859375, 95.87000274658203, 92.41000366210938, 96.05999755859375, 94.20999908447266, 96.36000061035156, 95.0199966430664, 96.04000091552734, 95.12999725341797, 94.19999694824219, 95.52999877929688, 95.81999969482422, 96.06999969482422, 96.11000061035156, 96.48999786376953, 95.0999984741211, 96.48999786376953, 96.55999755859375, 95.75, 97.29000091552734, 95.72000122070312, 96.86000061035156, 95.9800033569336, 96.58999633789062, 96.73999786376953, 92.72000122070312, 95.91000366210938, 95.12999725341797, 96.98999786376953, 97.01000213623047, 97.08000183105469, 97.19999694824219, 96.66999816894531, 97.4800033569336, 97.01000213623047, 96.5999984741211, 97.30999755859375, 97.0199966430664, 97.43000030517578, 97.6500015258789, 96.87000274658203, 97.16999816894531, 96.83000183105469, 96.66999816894531, 97.19999694824219, 97.08000183105469, 97.55000305175781, 97.69999694824219, 94.95999908447266, 96.83000183105469, 97.68000030517578, 97.69000244140625, 96.98999786376953, 97.22000122070312, 96.63999938964844, 96.91000366210938, 97.5199966430664]
backdoor_accuracy=[0, 0.0, 0.0, 1.0700389105058365, 0.9727626459143969, 1.7509727626459144, 3.9883268482490273, 1.0700389105058365, 1.556420233463035, 3.9883268482490273, 0.09727626459143969, 1.3618677042801557, 4.085603112840467, 2.237354085603113, 4.182879377431907, 2.0428015564202333, 3.0155642023346303, 2.0428015564202333, 4.961089494163424, 2.431906614785992, 7.392996108949417, 0.9727626459143969, 4.474708171206226, 2.6264591439688716, 8.852140077821012, 4.571984435797665, 3.21011673151751, 6.517509727626459, 6.614785992217898, 2.140077821011673, 5.058365758754864, 8.754863813229573, 1.9455252918287937, 11.284046692607005, 2.431906614785992, 3.5992217898832686, 6.22568093385214, 2.9182879377431905, 9.53307392996109, 4.669260700389105, 7.392996108949417, 8.463035019455253, 27.140077821011673, 7.587548638132295, 5.3501945525291825, 10.019455252918288, 11.478599221789883, 7.587548638132295, 28.69649805447471, 7.003891050583658, 25.486381322957197, 8.365758754863814, 25.19455252918288, 4.766536964980545, 20.038910505836576, 14.396887159533074, 57.490272373540854, 9.727626459143968, 63.2295719844358, 8.463035019455253, 81.80933852140078, 28.79377431906615, 32.782101167315176, 79.37743190661479, 22.957198443579767, 48.44357976653696, 89.88326848249027, 80.93385214007782, 69.94163424124514, 60.311284046692606, 83.56031128404669, 95.91439688715953, 90.85603112840467, 97.56809338521401, 70.91439688715953, 93.48249027237354, 38.81322957198444, 97.66536964980544, 33.85214007782101, 83.65758754863813, 93.77431906614785, 96.88715953307393, 88.32684824902724, 98.73540856031128, 86.18677042801556, 99.12451361867704, 64.88326848249027, 97.17898832684826, 98.05447470817121, 98.24902723735408, 99.22178988326849, 99.90272373540856, 99.0272373540856, 99.80544747081711, 99.5136186770428, 99.70817120622569, 86.96498054474708, 99.80544747081711, 99.12451361867704, 99.90272373540856, 100.0]
loss_list=[0.4632069849594212, 0.39615754024087135, 0.3410298539977758, 0.2421079499499367, 0.20787159692004611, 0.16504995084517018, 0.14863652929021917, 0.15507828883085892, 0.13683428462631655, 0.11907483518408402, 0.13412378290150292, 0.11574104756782654, 0.09572174537860707, 0.10202106367290725, 0.10385991648402065, 0.0910869277144208, 0.07590210288297665, 0.09319930264472925, 0.09980859542134886, 0.07326853441133742, 0.08234192257255013, 0.08303909056301685, 0.07373990749783578, 0.07527046612453923, 0.078127379258149, 0.079201438031895, 0.06259052379203274, 0.0799784441890917, 0.07611870871381073, 0.06709953000602938, 0.06053757516376663, 0.06012419139382107, 0.07395473942816905, 0.04387707136368054, 0.06725460057328042, 0.06444560070487211, 0.06620730090159783, 0.0630252146697537, 0.05852634990584555, 0.05303745987591968, 0.05385002871293586, 0.050377095431813936, 0.050470780118673515, 0.05585088743668782, 0.04808007126060789, 0.05220184369082133, 0.05906881018329071, 0.043602703310361916, 0.045484390144708294, 0.05007975482635896, 0.04999963014453569, 0.04238373487909982, 0.03561521173466027, 0.06216529764624534, 0.04398081393448784, 0.04180257293358886, 0.044904441211065446, 0.0465531926186402, 0.0417302962425508, 0.04284489680930824, 0.037878393881873466, 0.042951711402465384, 0.046306093999825326, 0.03402532160850023, 0.04064558663063782, 0.034476748420571295, 0.041475332819116265, 0.03767217862833239, 0.03896537021601866, 0.04479070447082597, 0.038296004321026894, 0.040633529364062615, 0.03509527172933791, 0.029724063781428355, 0.04345373449993374, 0.029161130528962024, 0.032595167054454796, 0.03325569066475576, 0.03375568387742663, 0.034344089215842914, 0.030158346328393322, 0.034521277868956195, 0.033388920620847855, 0.03086641910723416, 0.029762386070006218, 0.03139326932642038, 0.03749742687325579, 0.03295512251871137, 0.03199903731635076, 0.03267103559105205, 0.028200190040227925, 0.026111440537182184, 0.03298858733101265, 0.03208408032123915, 0.023830723280463137, 0.02810796013596707, 0.03474949897389858, 0.030373648811239058, 0.029945285732609062, 0.030441962482016194]
BBSR:100.0
ABSR:98.38
max acc:97.7
