======================================
    IID: 0
    Dataset: fashion_mnist
    Model: Mnist_CNN
    Model Init: None
    Aggregation Function: krum
    Fraction NonIID: 0
    Long attack: 3
    Wide attack: 3
    Wide attack: trust
    Threshold reject: 0.5
    Threshold down: 0.0
    Attack method: badnet
    Fraction of malicious agents: 25.0%
    Poison Frac: 0.2
    Backdoor From 7 to 2
    Attack Begin: 0
    Trigger Shape: square
    Type poisoning: pgd
    Trigger Position X: 0
    Trigger Position Y: 0
    Number of agents: 100
    Fraction of agents each turn: 30(30.0%)
    Local batch size: 50
    Local epoch: 3
    Client_LR: 0.01
    Client_Momentum: 0.9
    Global Rounds: 100
    Proportion of malicious are selected: 0.63
    Average score of malicious clients: 841.2137451171875
    Average score of benign clients: 328.28509521484375
======================================
main_task_accuracy=[0, 54.77000045776367, 67.86000061035156, 74.29000091552734, 72.56999969482422, 75.79000091552734, 76.36000061035156, 74.08000183105469, 77.43000030517578, 74.2699966430664, 78.12000274658203, 77.55000305175781, 78.66999816894531, 78.44999694824219, 78.33999633789062, 80.16999816894531, 78.30999755859375, 80.33999633789062, 79.2300033569336, 80.11000061035156, 79.80999755859375, 80.91999816894531, 80.30999755859375, 81.48999786376953, 79.45999908447266, 80.86000061035156, 80.31999969482422, 79.93000030517578, 80.55000305175781, 82.54000091552734, 81.08999633789062, 81.91999816894531, 82.06999969482422, 82.80000305175781, 82.63999938964844, 82.3499984741211, 82.95999908447266, 81.5, 82.31999969482422, 83.26000213623047, 83.4800033569336, 81.52999877929688, 82.58999633789062, 82.66000366210938, 84.01000213623047, 83.5, 83.47000122070312, 83.62000274658203, 83.33999633789062, 83.4800033569336, 81.66000366210938, 83.5999984741211, 83.29000091552734, 81.61000061035156, 84.27999877929688, 81.83000183105469, 83.51000213623047, 83.72000122070312, 82.16999816894531, 84.48999786376953, 83.58000183105469, 84.95999908447266, 84.30999755859375, 83.91999816894531, 84.58999633789062, 83.93000030517578, 83.81999969482422, 84.08000183105469, 84.08999633789062, 84.36000061035156, 83.75, 83.95999908447266, 84.38999938964844, 84.41000366210938, 83.11000061035156, 84.12000274658203, 84.62999725341797, 84.75, 84.33000183105469, 84.45999908447266, 82.91999816894531, 84.41000366210938, 84.22000122070312, 83.98999786376953, 84.75, 84.5, 84.3499984741211, 85.06999969482422, 83.66000366210938, 83.87999725341797, 84.4800033569336, 84.69999694824219, 85.02999877929688, 84.97000122070312, 85.12000274658203, 85.05999755859375, 84.9800033569336, 84.12999725341797, 84.9000015258789, 83.66999816894531, 84.83999633789062]
backdoor_accuracy=[0, 0.0, 6.6, 100.0, 99.3, 100.0, 100.0, 100.0, 100.0, 100.0, 100.0, 100.0, 100.0, 100.0, 100.0, 100.0, 100.0, 100.0, 100.0, 100.0, 100.0, 100.0, 100.0, 100.0, 100.0, 100.0, 100.0, 100.0, 100.0, 100.0, 100.0, 100.0, 100.0, 100.0, 100.0, 100.0, 100.0, 100.0, 100.0, 100.0, 100.0, 100.0, 100.0, 100.0, 100.0, 100.0, 100.0, 100.0, 100.0, 100.0, 100.0, 100.0, 100.0, 100.0, 100.0, 100.0, 100.0, 100.0, 100.0, 100.0, 100.0, 100.0, 100.0, 100.0, 100.0, 100.0, 100.0, 100.0, 100.0, 100.0, 100.0, 100.0, 100.0, 100.0, 100.0, 100.0, 100.0, 100.0, 99.9, 100.0, 100.0, 100.0, 100.0, 100.0, 100.0, 100.0, 100.0, 100.0, 100.0, 100.0, 100.0, 100.0, 100.0, 100.0, 100.0, 100.0, 100.0, 100.0, 100.0, 100.0, 100.0]
loss_list=[1.3775791482241069, 0.8465520761769129, 0.6763484408871996, 0.6145669730035245, 0.614985074185663, 0.5695137662330158, 0.5706149284486418, 0.5633263387061932, 0.5180672928828883, 0.5150673785833296, 0.50973004117884, 0.4907140644750109, 0.4793015089161971, 0.4869559665383012, 0.46384318046685724, 0.49348737025564465, 0.48754288546947977, 0.5258843051683572, 0.46839714531821225, 0.4717951087160381, 0.48335779512094135, 0.47554263149008713, 0.4091746730729938, 0.45938898402576644, 0.4036419659404567, 0.44047420964817763, 0.43970046864512063, 0.44355630060588874, 0.4558537150560706, 0.44721724044669564, 0.3927717168125566, 0.4122103472567957, 0.45529491026989294, 0.39415822365166, 0.46347137907588926, 0.4484556596674439, 0.44177039831324866, 0.4545828588651839, 0.3957341998858653, 0.4175047304860696, 0.4483832289223317, 0.42371451013411093, 0.4221984359884152, 0.3853836691541666, 0.40182451958319654, 0.3703830128759835, 0.39879955261023026, 0.43255654870256505, 0.38423703664361875, 0.4423556685982342, 0.42819225570807856, 0.3904429819434881, 0.39246227180550775, 0.40364069813965925, 0.43036884519754476, 0.3910631537308088, 0.44369817220916347, 0.4242404779281328, 0.42623059801343416, 0.3697508128040849, 0.40822027914605485, 0.414153753452141, 0.41472247666161927, 0.3740675127573518, 0.3930485061042149, 0.396351892211371, 0.37106830339697705, 0.3733428839231944, 0.36695692615445563, 0.4085734641595519, 0.3933390805221818, 0.3781845308564327, 0.396248050639837, 0.4370548466565432, 0.4107317982487277, 0.44240636611012396, 0.3648484054478575, 0.3867297246304116, 0.4399716075397683, 0.40975902266455483, 0.4152563287160809, 0.40389652410522103, 0.4167593889300607, 0.4192919185859392, 0.3924315207785521, 0.40993073209829156, 0.4418953398587526, 0.41088648577807135, 0.40411509872345186, 0.3818295863983049, 0.4020277310852652, 0.40532184714339325, 0.43647565514245934, 0.34837947995940866, 0.3807015631862602, 0.3936133745868035, 0.40225572652718117, 0.36162026821219595, 0.4209245149235895, 0.42349683546754374]
BBSR:100.0
ABSR:100.0
max acc:85.12
