======================================
    IID: 1
    Dataset: cifar
    Model: resnet
    Model Init: None
    Aggregation Function: DABA
    Fraction NonIID: 0
    Long attack: 3
    Wide attack: 3
    Wide attack: trust
    Threshold reject: 0.5
    Threshold down: 0.0
    Attack method: badnet
    Fraction of malicious agents: 25.0%
    Poison Frac: 0.2
    Backdoor From 7 to 2
    Attack Begin: 0
    Trigger Shape: square
    Type poisoning: pgd
    Trigger Position X: 0
    Trigger Position Y: 0
    Number of agents: 100
    Fraction of agents each turn: 30(30.0%)
    Local batch size: 50
    Local epoch: 3
    Client_LR: 0.01
    Client_Momentum: 0.9
    Global Rounds: 100
======================================
main_task_accuracy=[0, 10.630000114440918, 19.899999618530273, 38.7400016784668, 44.61000061035156, 48.22999954223633, 51.279998779296875, 54.099998474121094, 55.79999923706055, 58.900001525878906, 60.7400016784668, 62.349998474121094, 64.04000091552734, 65.08000183105469, 64.27999877929688, 65.13999938964844, 66.27999877929688, 67.26000213623047, 66.55000305175781, 67.75, 68.66000366210938, 67.77999877929688, 68.91000366210938, 67.83999633789062, 68.16999816894531, 70.16999816894531, 68.9000015258789, 69.69999694824219, 71.05999755859375, 71.29000091552734, 70.16999816894531, 70.94999694824219, 70.41999816894531, 71.7300033569336, 70.55999755859375, 71.73999786376953, 71.72000122070312, 71.12999725341797, 72.3499984741211, 72.9000015258789, 73.27999877929688, 72.83000183105469, 72.86000061035156, 73.52999877929688, 73.29000091552734, 73.52999877929688, 73.61000061035156, 74.02999877929688, 74.06999969482422, 73.98999786376953, 74.29000091552734, 73.93000030517578, 73.8499984741211, 74.1500015258789, 74.47000122070312, 74.11000061035156, 74.31999969482422, 74.18000030517578, 74.43000030517578, 74.18000030517578, 74.05999755859375, 74.01000213623047, 73.94000244140625, 73.88999938964844, 73.91999816894531, 73.87999725341797, 73.80000305175781, 73.87000274658203, 73.94999694824219, 73.80000305175781, 73.77999877929688, 74.02999877929688, 73.8499984741211, 73.83999633789062, 73.62999725341797, 73.66000366210938, 73.88999938964844, 73.86000061035156, 73.8499984741211, 73.94000244140625, 73.91000366210938, 74.11000061035156, 73.76000213623047, 73.9000015258789, 73.73999786376953, 73.72000122070312, 73.79000091552734, 73.79000091552734, 73.62999725341797, 73.55999755859375, 73.69999694824219, 73.54000091552734, 73.54000091552734, 73.70999908447266, 73.52999877929688, 73.55000305175781, 73.72000122070312, 73.45999908447266, 73.51000213623047, 73.5999984741211, 73.58999633789062]
backdoor_accuracy=[0, 1.3, 8.5, 6.3, 3.9, 3.3, 2.8, 2.7, 2.6, 2.5, 3.6, 2.6, 2.3, 2.4, 2.2, 1.5, 1.5, 1.7, 1.6, 1.2, 1.5, 2.1, 1.1, 1.8, 1.7, 1.0, 1.3, 1.0, 1.3, 0.6, 0.9, 2.1, 1.7, 1.1, 0.7, 1.6, 1.1, 0.8, 1.3, 1.4, 1.1, 1.6, 1.0, 1.4, 1.8, 1.4, 1.4, 2.2, 1.8, 1.8, 1.8, 1.7, 2.2, 1.9, 2.0, 1.6, 2.3, 2.2, 2.0, 1.9, 2.2, 2.2, 2.4, 2.6, 2.1, 2.0, 1.9, 2.3, 2.2, 2.5, 2.5, 2.6, 2.1, 1.9, 2.5, 2.7, 2.5, 2.4, 2.3, 3.0, 3.0, 2.9, 2.7, 2.3, 2.5, 2.7, 2.5, 2.6, 2.5, 2.5, 2.6, 2.5, 2.6, 2.7, 2.7, 2.8, 2.8, 2.6, 2.8, 2.9, 2.6]
loss_list=[1.9650157226456535, 1.5031267713838152, 1.143350561890337, 0.9770453463660347, 0.8058736066023507, 0.7583518712967633, 0.6513858934491872, 0.6065305277084311, 0.5725667119605673, 0.5256588326394557, 0.5191453860203424, 0.4442917499380808, 0.4247638630142642, 0.43283701420865134, 0.39393552020606065, 0.3823848175733453, 0.38266157399138645, 0.34491406239879624, 0.3337110747417642, 0.3135537720554405, 0.3130321683248297, 0.31890986593957577, 0.2747545573674143, 0.2828739488062759, 0.25564536257440024, 0.2547729264049687, 0.23988805309455427, 0.26097704615857875, 0.1923306531122783, 0.1840084748497854, 0.19448105965585763, 0.22028011718532073, 0.1879550291535755, 0.15187344893826069, 0.15960482689448524, 0.1658218111021496, 0.14652967217611146, 0.12229534909982856, 0.12332472524631564, 0.13438963455898273, 0.1153447280103703, 0.08977014330539128, 0.11540653516130985, 0.10356566156377084, 0.09818575921940566, 0.09189001572586776, 0.05419214996153542, 0.04267509405261887, 0.05573598498446195, 0.05137713916295776, 0.06417146770357957, 0.05869352555322823, 0.051226828433540914, 0.032383657553647124, 0.0327186285408162, 0.04255031040132356, 0.04367631313672367, 0.04557309733732836, 0.032661609139047657, 0.02459213505534637, 0.017573275174864747, 0.019091020634967006, 0.013087443632652546, 0.02340097026027959, 0.016385693672281276, 0.018869196543043164, 0.012207074779758435, 0.014594871867140884, 0.01673688295882635, 0.005413897375514756, 0.013927991597609234, 0.016510887477359376, 0.009735451796425171, 0.010367639906164386, 0.010553940286271324, 0.007863878956122793, 0.014434658000633739, 0.005139394363003602, 0.009054916606360671, 0.008065903508718797, 0.009899977331402222, 0.007507948987590177, 0.004784576116411092, 0.0037074462667725234, 0.0034917207583849736, 0.011600759969620011, 0.004362442411155725, 0.004237410384747717, 0.008970430000691622, 0.003990309423275498, 0.007229499285668781, 0.005398527807475251, 0.008889143520662198, 0.005342793835880002, 0.0029547506631125648, 0.0026027093570964, 0.004086213714771374, 0.0039614381459088886, 0.003176628525769856, 0.004787841519832405]
BBSR:2.9
ABSR:2.7
max acc:73.72
