======================================
    IID: 0
    Dataset: mnist
    Model: Mnist_CNN
    Model Init: None
    Aggregation Function: flame
    Fraction NonIID: 0
    Long attack: 3
    Wide attack: 3
    Wide attack: trust
    Threshold reject: 0.5
    Threshold down: 0.0
    Attack method: badnet
    Fraction of malicious agents: 25.0%
    Poison Frac: 0.2
    Backdoor From 7 to 2
    Attack Begin: 0
    Trigger Shape: square
    Type poisoning: cs
    Trigger Position X: 0
    Trigger Position Y: 0
    Number of agents: 100
    Fraction of agents each turn: 30(30.0%)
    Local batch size: 50
    Local epoch: 3
    Client_LR: 0.01
    Client_Momentum: 0.9
    Global Rounds: 100
    Noise in FLAME: 0.001
proportion of malicious are selected:0.5942857142857143
proportion of benign are selected:0.552608695652174
======================================
main_task_accuracy=[0, 33.29999923706055, 29.59000015258789, 30.81999969482422, 35.279998779296875, 45.880001068115234, 57.5, 62.70000076293945, 61.0099983215332, 74.55000305175781, 72.97000122070312, 73.41000366210938, 74.91000366210938, 76.48999786376953, 75.05000305175781, 73.4000015258789, 74.05000305175781, 73.62999725341797, 72.54000091552734, 71.3499984741211, 73.68000030517578, 77.05000305175781, 77.5999984741211, 77.75, 75.4800033569336, 75.02999877929688, 75.36000061035156, 74.26000213623047, 72.36000061035156, 73.1500015258789, 71.97000122070312, 77.16999816894531, 77.97000122070312, 78.2300033569336, 77.8499984741211, 78.22000122070312, 77.86000061035156, 77.48999786376953, 78.36000061035156, 78.0, 78.06999969482422, 78.26000213623047, 77.8499984741211, 76.25, 77.79000091552734, 78.37000274658203, 78.06999969482422, 77.88999938964844, 77.9800033569336, 77.87000274658203, 77.36000061035156, 77.13999938964844, 77.23999786376953, 78.5, 77.88999938964844, 78.56999969482422, 78.48999786376953, 78.31999969482422, 77.36000061035156, 78.31999969482422, 78.30000305175781, 78.16999816894531, 78.41999816894531, 78.51000213623047, 78.12999725341797, 77.72000122070312, 77.5199966430664, 76.37999725341797, 76.55999755859375, 76.97000122070312, 77.0, 78.41000366210938, 78.7699966430664, 78.6500015258789, 78.56999969482422, 78.77999877929688, 78.6500015258789, 78.5, 78.68000030517578, 78.58000183105469, 78.5199966430664, 78.76000213623047, 78.75, 78.79000091552734, 78.7300033569336, 78.5199966430664, 78.55999755859375, 78.43000030517578, 78.61000061035156, 78.63999938964844, 78.83000183105469, 78.70999908447266, 78.66999816894531, 78.55999755859375, 78.58999633789062, 78.5, 78.61000061035156, 78.6500015258789, 78.80000305175781, 78.25, 78.16999816894531]
backdoor_accuracy=[0, 0.0, 0.0, 0.0, 0.0, 0.0, 0.0, 0.0, 0.0, 0.0, 0.0, 0.0, 0.0, 0.0, 0.19455252918287938, 0.38910505836575876, 0.6809338521400778, 0.19455252918287938, 0.2918287937743191, 0.2918287937743191, 2.0428015564202333, 0.9727626459143969, 0.09727626459143969, 0.48638132295719844, 0.9727626459143969, 2.237354085603113, 6.712062256809339, 1.6536964980544746, 1.0700389105058365, 5.739299610894942, 1.264591439688716, 11.575875486381323, 7.198443579766537, 10.992217898832685, 7.2957198443579765, 7.198443579766537, 34.24124513618677, 6.22568093385214, 11.964980544747082, 26.264591439688715, 97.56809338521401, 98.15175097276264, 98.5408560311284, 93.57976653696498, 97.76264591439688, 99.0272373540856, 99.22178988326849, 93.8715953307393, 93.77431906614785, 100.0, 100.0, 100.0, 100.0, 100.0, 100.0, 100.0, 100.0, 100.0, 100.0, 100.0, 100.0, 100.0, 100.0, 100.0, 100.0, 100.0, 100.0, 100.0, 100.0, 100.0, 100.0, 100.0, 100.0, 100.0, 100.0, 100.0, 100.0, 100.0, 100.0, 100.0, 100.0, 100.0, 100.0, 100.0, 100.0, 100.0, 100.0, 100.0, 100.0, 100.0, 100.0, 100.0, 100.0, 100.0, 100.0, 100.0, 100.0, 100.0, 100.0, 100.0, 100.0]
loss_list=[0.4830715671623817, 0.24780231156030771, 0.3308627545597684, 0.27395562081848757, 0.281540588805308, 0.22286030165773243, 0.1910343891459655, 0.13692852863824595, 0.1922637453525998, 0.11920243746735106, 0.1298798431716261, 0.12801193830747945, 0.15481177724010137, 0.12558816393134717, 0.129113049742268, 0.1450748322422327, 0.10266851972616695, 0.09595435405624404, 0.1422239220679876, 0.17216665151135543, 0.11795163293633477, 0.12155200077374813, 0.13974154848941747, 0.07793081946890588, 0.10167895234362927, 0.1066702261904623, 0.10493173699499167, 0.13499662395327977, 0.13579123391179113, 0.1027529167293016, 0.12016700998729694, 0.11740881478194742, 0.12415848473355226, 0.106352137033471, 0.11029424124977313, 0.12808351804715054, 0.09442127859246838, 0.1081947596982487, 0.13493618656203335, 0.07567776718640626, 0.11003631419975292, 0.10222973461733152, 0.0956147693630282, 0.1313297496904162, 0.11689833924692722, 0.08410999263003577, 0.10635157745657073, 0.14424382731236604, 0.10672552009072343, 0.09851906047232778, 0.12322725205266408, 0.11569598356208709, 0.08945928034256403, 0.09835390411926365, 0.12838187532770942, 0.12764735989175055, 0.10111181258058274, 0.081769034335402, 0.11671089333686292, 0.1241943788179179, 0.11450763508276411, 0.10456252737166963, 0.10880160853775464, 0.08862661806468287, 0.07571333935769434, 0.10959253984496238, 0.0900156226609809, 0.10365463664502765, 0.09172243252330176, 0.09999165183999928, 0.11282218005131701, 0.12340388383602036, 0.12462053426688911, 0.08741042537272525, 0.12077691978266895, 0.1326519006646806, 0.11976741941919591, 0.10653232292550145, 0.10722419941719928, 0.09834916846433653, 0.10846552661565337, 0.09617952777429543, 0.09999736338091478, 0.1398231605578256, 0.1019657471890719, 0.12349857464754145, 0.11631204966881609, 0.15009098519294603, 0.0833925411454776, 0.09406437751891729, 0.09206292680930206, 0.1334858674190895, 0.11709865057706688, 0.12757963191565255, 0.11500771353520815, 0.12444677168840858, 0.11442012690513027, 0.13441948396913267, 0.04403209928361829, 0.10590039586406273]
BBSR:100.0
ABSR:100.0
max acc:78.8
