======================================
    IID: 0
    Dataset: mnist
    Model: Mnist_CNN
    Model Init: None
    Aggregation Function: avg
    Fraction NonIID: 0
    Long attack: 3
    Wide attack: 3
    Wide attack: trust
    Threshold reject: 0.5
    Threshold down: 0.0
    Attack method: badnet
    Fraction of malicious agents: 25.0%
    Poison Frac: 0.2
    Backdoor From 7 to 2
    Attack Begin: 0
    Trigger Shape: square
    Type poisoning: pgd
    Trigger Position X: 0
    Trigger Position Y: 0
    Number of agents: 100
    Fraction of agents each turn: 30(30.0%)
    Local batch size: 50
    Local epoch: 3
    Client_LR: 0.01
    Client_Momentum: 0.9
    Global Rounds: 100
======================================
main_task_accuracy=[0, 38.27000045776367, 40.459999084472656, 64.79000091552734, 64.88999938964844, 79.13999938964844, 73.66000366210938, 83.33000183105469, 86.54000091552734, 87.9800033569336, 85.12000274658203, 81.4800033569336, 81.66000366210938, 90.80999755859375, 92.0, 94.2300033569336, 87.86000061035156, 94.5999984741211, 95.93000030517578, 95.52999877929688, 94.68000030517578, 94.54000091552734, 93.4800033569336, 95.25, 95.48999786376953, 95.80000305175781, 95.6500015258789, 96.19999694824219, 93.8499984741211, 95.25, 95.73999786376953, 96.54000091552734, 96.83000183105469, 95.79000091552734, 96.05999755859375, 96.70999908447266, 97.5999984741211, 96.9800033569336, 96.47000122070312, 97.19000244140625, 97.3499984741211, 97.43000030517578, 97.31999969482422, 97.44000244140625, 97.18000030517578, 97.4000015258789, 97.37000274658203, 97.76000213623047, 97.94999694824219, 97.70999908447266, 97.77999877929688, 97.86000061035156, 97.88999938964844, 97.38999938964844, 98.2699966430664, 97.87000274658203, 97.83999633789062, 97.83999633789062, 97.62000274658203, 97.98999786376953, 98.16999816894531, 98.12999725341797, 97.91000366210938, 97.58000183105469, 97.77999877929688, 97.9000015258789, 97.4000015258789, 98.20999908447266, 98.19000244140625, 98.36000061035156, 98.0999984741211, 98.33000183105469, 98.31999969482422, 97.88999938964844, 98.08000183105469, 98.25, 98.56999969482422, 97.94999694824219, 98.19999694824219, 97.9800033569336, 98.4000015258789, 97.88999938964844, 98.22000122070312, 97.80000305175781, 98.54000091552734, 98.20999908447266, 98.48999786376953, 98.58000183105469, 98.3499984741211, 98.43000030517578, 98.1500015258789, 98.2699966430664, 98.44000244140625, 98.55000305175781, 98.47000122070312, 98.44000244140625, 98.70999908447266, 98.7300033569336, 98.41000366210938, 98.62999725341797, 98.37000274658203]
backdoor_accuracy=[0, 27.626459143968873, 0.0, 13.618677042801556, 0.09727626459143969, 2.529182879377432, 3.6964980544747084, 3.307392996108949, 4.182879377431907, 1.6536964980544746, 10.408560311284047, 4.766536964980545, 5.933852140077821, 4.280155642023346, 7.392996108949417, 10.214007782101167, 4.863813229571984, 14.980544747081712, 11.186770428015564, 15.272373540856032, 5.836575875486381, 44.45525291828794, 6.906614785992218, 70.71984435797665, 40.07782101167315, 45.233463035019454, 64.39688715953308, 89.10505836575875, 78.50194552529183, 78.50194552529183, 73.83268482490273, 95.13618677042801, 82.1011673151751, 96.01167315175097, 94.64980544747081, 98.73540856031128, 99.5136186770428, 99.61089494163424, 99.80544747081711, 99.90272373540856, 99.80544747081711, 99.90272373540856, 99.80544747081711, 99.90272373540856, 99.90272373540856, 99.90272373540856, 99.90272373540856, 99.90272373540856, 99.90272373540856, 100.0, 99.90272373540856, 99.90272373540856, 100.0, 100.0, 99.90272373540856, 99.90272373540856, 99.90272373540856, 99.90272373540856, 99.80544747081711, 100.0, 99.90272373540856, 100.0, 100.0, 99.80544747081711, 100.0, 99.90272373540856, 99.90272373540856, 100.0, 100.0, 99.90272373540856, 100.0, 100.0, 100.0, 100.0, 100.0, 100.0, 100.0, 100.0, 100.0, 100.0, 100.0, 100.0, 100.0, 100.0, 100.0, 100.0, 100.0, 100.0, 100.0, 100.0, 100.0, 100.0, 100.0, 100.0, 100.0, 100.0, 100.0, 100.0, 100.0, 100.0, 100.0]
loss_list=[0.49941132666928645, 0.27757847848728023, 0.1882847810020241, 0.18190493081895517, 0.16748826112336343, 0.11731460635453744, 0.12404154190841651, 0.09867339670570593, 0.09731585921544411, 0.0945546821128174, 0.07511780599310822, 0.09396535671836248, 0.08298713859956529, 0.06447400424526717, 0.06258937410930249, 0.05976700765289562, 0.054815588332957264, 0.06441564648691768, 0.04440213878602551, 0.047007281961928715, 0.06670094252158915, 0.04724314465359229, 0.04557820525764177, 0.04313937479961615, 0.04639985397725279, 0.03971423725576606, 0.04003408778669807, 0.03344684095993485, 0.03980385407947019, 0.04759566535656693, 0.04053764732482528, 0.03454877476694391, 0.036153599017459195, 0.036166454642122245, 0.038767786189882504, 0.04076030695182275, 0.02912248487466894, 0.03173918747165518, 0.029483523760418833, 0.03027811354254111, 0.03354217994521566, 0.02708971700953543, 0.029133591655359174, 0.034093223610489616, 0.03248930333862359, 0.028749831395528183, 0.030121369474838938, 0.026776185824292843, 0.02708689607639595, 0.025966342614838937, 0.025863558887284234, 0.02859973152589218, 0.026399383315421455, 0.029172916658775146, 0.024022391768888922, 0.024438218042965604, 0.02734599054590669, 0.02639991987119115, 0.025617700760498484, 0.02446836826710529, 0.02372057508325907, 0.022664809357474367, 0.023779090782074644, 0.025236472618858804, 0.027905045857466376, 0.026107810538957575, 0.021659037600719532, 0.02003359190801079, 0.02154638874863899, 0.022128386248884864, 0.024360471404517938, 0.02757417165886668, 0.02014781825746722, 0.02624536914037589, 0.021296290380185743, 0.020643295195936922, 0.02595623559930051, 0.01697965789022936, 0.023552054142024197, 0.02170508810421611, 0.017386597585568535, 0.024876195260711453, 0.01863738383391551, 0.024434455839638457, 0.021429434346511556, 0.020986165433703685, 0.020735112856994704, 0.018126282103658915, 0.019203874924699382, 0.017572156896612273, 0.020323858062811596, 0.01878353884168034, 0.015558387374111088, 0.01917203813688226, 0.019803286875068875, 0.02096539371996748, 0.01764930213983362, 0.01811426114503782, 0.022156934385728067, 0.017836033852216826]
BBSR:100.0
ABSR:100.0
max acc:98.73
