======================================
    IID: 0
    Dataset: mnist
    Model: Mnist_CNN
    Model Init: None
    Aggregation Function: krum
    Fraction NonIID: 0
    Long attack: 3
    Wide attack: 3
    Wide attack: trust
    Threshold reject: 0.5
    Threshold down: 0.0
    Attack method: dba
    Fraction of malicious agents: 25.0%
    Poison Frac: 0.2
    Backdoor From 7 to 2
    Attack Begin: 0
    Trigger Shape: square
    Type poisoning: 
    Trigger Position X: 0
    Trigger Position Y: 0
    Number of agents: 100
    Fraction of agents each turn: 30(30.0%)
    Local batch size: 50
    Local epoch: 3
    Client_LR: 0.01
    Client_Momentum: 0.9
    Global Rounds: 100
    Proportion of malicious are selected: 0.16
    Average score of malicious clients: 2412.19140625
    Average score of benign clients: 865.0152587890625
======================================
main_task_accuracy=[0, 19.15999984741211, 19.899999618530273, 15.729999542236328, 9.899999618530273, 18.209999084472656, 18.850000381469727, 27.049999237060547, 15.84000015258789, 10.279999732971191, 18.719999313354492, 16.959999084472656, 19.940000534057617, 19.030000686645508, 21.43000030517578, 22.81999969482422, 20.09000015258789, 17.610000610351562, 14.539999961853027, 18.809999465942383, 17.700000762939453, 10.279999732971191, 18.940000534057617, 24.040000915527344, 21.1200008392334, 28.489999771118164, 15.3100004196167, 19.68000030517578, 22.81999969482422, 21.420000076293945, 38.540000915527344, 30.540000915527344, 26.229999542236328, 19.43000030517578, 22.06999969482422, 19.059999465942383, 23.59000015258789, 23.899999618530273, 23.90999984741211, 31.6299991607666, 21.06999969482422, 34.4900016784668, 33.939998626708984, 24.3700008392334, 21.6200008392334, 24.950000762939453, 43.790000915527344, 44.43000030517578, 32.369998931884766, 30.239999771118164, 42.34000015258789, 30.649999618530273, 31.489999771118164, 29.110000610351562, 40.689998626708984, 36.29999923706055, 34.68000030517578, 39.720001220703125, 35.11000061035156, 33.849998474121094, 33.18000030517578, 36.13999938964844, 33.63999938964844, 33.459999084472656, 33.599998474121094, 41.45000076293945, 37.540000915527344, 38.709999084472656, 35.470001220703125, 32.52000045776367, 32.33000183105469, 34.5099983215332, 33.380001068115234, 32.68000030517578, 32.099998474121094, 31.899999618530273, 31.700000762939453, 39.66999816894531, 34.08000183105469, 28.299999237060547, 31.489999771118164, 40.5, 36.25, 37.970001220703125, 35.529998779296875, 35.79999923706055, 38.95000076293945, 36.099998474121094, 36.58000183105469, 35.95000076293945, 34.41999816894531, 34.33000183105469, 34.220001220703125, 34.47999954223633, 40.5, 35.220001220703125, 34.58000183105469, 34.27000045776367, 35.869998931884766, 41.06999969482422, 39.77000045776367]
backdoor_accuracy=[0, 0.0, 0.0, 0.0, 0.0, 0.0, 0.0, 0.0, 0.0, 0.0, 73.15175097276264, 0.0, 99.70817120622569, 100.0, 100.0, 0.0, 100.0, 0.0, 0.0, 0.0, 0.0, 0.0, 0.0, 0.0, 99.70817120622569, 0.0, 0.0, 0.0, 0.0, 0.0, 0.0, 0.0, 95.71984435797665, 7.879377431906615, 0.0, 0.0, 0.0, 0.0, 0.0, 0.0, 0.0, 0.0, 0.0, 0.0, 100.0, 100.0, 0.0, 100.0, 100.0, 100.0, 100.0, 100.0, 100.0, 100.0, 100.0, 100.0, 100.0, 100.0, 100.0, 100.0, 100.0, 100.0, 100.0, 100.0, 100.0, 100.0, 100.0, 100.0, 100.0, 100.0, 100.0, 100.0, 100.0, 100.0, 100.0, 100.0, 100.0, 100.0, 100.0, 100.0, 100.0, 100.0, 100.0, 100.0, 100.0, 100.0, 100.0, 100.0, 100.0, 100.0, 100.0, 100.0, 100.0, 100.0, 100.0, 100.0, 100.0, 100.0, 100.0, 100.0, 100.0]
loss_list=[0.4931692660816613, 1.0263473887301624, 1.2483573639591123, 1.0169665768138194, 1.5820996330277546, 1.5573682494445256, 1.529288175073332, 1.2621158527000869, 1.4811759542328893, 1.5030937803680156, 0.9645248602831901, 1.4460466627238304, 1.4368507583634238, 1.3649813450025658, 1.2615344477305683, 0.9341499699558808, 1.622674473066482, 1.5628135062835573, 1.4938460514346217, 1.302314741504535, 1.6164787090049313, 1.4690990429601918, 1.350796792338726, 1.2062086905878913, 1.4540503369889304, 1.2032481661472605, 1.165546793171154, 1.5050832325256327, 1.1995734201886488, 1.3909425995289195, 0.9064571961756386, 0.8566160266787043, 0.8714239994341679, 1.1877625940707628, 1.2448920335256304, 1.183081823443212, 1.1939295946580022, 1.1529456232785409, 1.256389766417305, 1.1643955856986359, 1.5043674803229574, 1.0260036257380014, 1.1312137277792116, 1.3623116301025036, 0.9688540076577704, 1.073447430161541, 1.189133749794773, 0.9076361334472873, 0.7717172707516453, 0.9576244191407987, 0.9787173855244031, 0.9662794460813596, 0.9550576782780789, 0.9273182155129862, 0.9878841752021318, 0.8048256245514935, 0.7760049303710268, 0.8355840861739126, 0.9175990238024205, 0.8463506787055511, 0.9387112941936745, 0.8537343477908703, 1.0932161401888287, 0.9574452505901097, 1.006004662378591, 1.0520759083770619, 0.865642832891549, 1.0374400078878887, 0.8930905911500308, 0.8604414269453593, 0.8468380551313267, 0.7356656639576169, 0.7342928925716742, 0.6756083634233843, 0.7133129424782649, 0.7667519849488162, 0.7570641157333118, 1.024426505738851, 0.8091667385314169, 0.9077709938402091, 0.9176646799496934, 1.0009344700102514, 1.0958711171611382, 0.9780646004558312, 0.7681492731059213, 0.878296412111765, 0.9561236699469113, 0.8249238013031797, 0.8311495890609675, 0.9408364716194343, 1.0003330458195308, 0.8926508138337772, 0.9807341733312588, 0.992643854534946, 1.0536269457537084, 1.0628750855312552, 0.7929966743691795, 0.8781132496847445, 0.793244045113837, 1.1413720070834354]
BBSR:100.0
ABSR:100.0
max acc:41.07
