======================================
    IID: 0
    Dataset: fashion_mnist
    Model: Mnist_CNN
    Model Init: None
    Aggregation Function: DABA
    Fraction NonIID: 0
    Long attack: 3
    Wide attack: 3
    Wide attack: trust
    Threshold reject: 0.5
    Threshold down: 0.0
    Attack method: badnet
    Fraction of malicious agents: 25.0%
    Poison Frac: 0.2
    Backdoor From 7 to 2
    Attack Begin: 0
    Trigger Shape: square
    Type poisoning: 
    Trigger Position X: 0
    Trigger Position Y: 0
    Number of agents: 100
    Fraction of agents each turn: 30(30.0%)
    Local batch size: 50
    Local epoch: 3
    Client_LR: 0.01
    Client_Momentum: 0.9
    Global Rounds: 100
======================================
main_task_accuracy=[0, 64.62000274658203, 71.77999877929688, 71.3499984741211, 75.19000244140625, 77.19999694824219, 77.88999938964844, 78.16000366210938, 76.95999908447266, 80.11000061035156, 78.75, 78.1500015258789, 80.33000183105469, 82.01000213623047, 81.37000274658203, 80.97000122070312, 82.31999969482422, 83.55000305175781, 78.75, 82.93000030517578, 82.62999725341797, 79.76000213623047, 81.48999786376953, 83.79000091552734, 82.11000061035156, 84.7300033569336, 85.0999984741211, 84.0199966430664, 77.66999816894531, 84.23999786376953, 84.69999694824219, 80.83000183105469, 84.11000061035156, 84.87999725341797, 85.52999877929688, 85.33000183105469, 84.80000305175781, 85.8499984741211, 86.22000122070312, 85.63999938964844, 78.88999938964844, 85.88999938964844, 86.12000274658203, 85.37999725341797, 87.05000305175781, 84.3499984741211, 84.86000061035156, 86.04000091552734, 86.29000091552734, 86.3499984741211, 84.5199966430664, 85.8499984741211, 86.43000030517578, 86.72000122070312, 87.37000274658203, 87.52999877929688, 85.72000122070312, 86.9000015258789, 85.86000061035156, 87.91999816894531, 86.88999938964844, 87.95999908447266, 87.95999908447266, 87.47000122070312, 85.4000015258789, 85.3499984741211, 87.2699966430664, 87.55000305175781, 84.73999786376953, 87.87000274658203, 85.94000244140625, 86.9000015258789, 87.0999984741211, 88.33999633789062, 86.70999908447266, 87.79000091552734, 86.80999755859375, 88.4000015258789, 88.4000015258789, 87.62000274658203, 87.62000274658203, 87.62000274658203, 87.73999786376953, 88.37000274658203, 88.58999633789062, 88.80999755859375, 87.81999969482422, 88.4000015258789, 88.1500015258789, 87.11000061035156, 88.30999755859375, 87.33000183105469, 87.91000366210938, 87.27999877929688, 88.7300033569336, 88.7699966430664, 88.05000305175781, 86.29000091552734, 87.12999725341797, 88.43000030517578, 86.16999816894531]
backdoor_accuracy=[0, 0.0, 0.1, 43.3, 71.5, 100.0, 99.7, 97.6, 99.9, 79.7, 100.0, 100.0, 100.0, 100.0, 100.0, 100.0, 100.0, 100.0, 100.0, 100.0, 100.0, 100.0, 100.0, 100.0, 100.0, 100.0, 99.8, 99.9, 100.0, 100.0, 100.0, 99.9, 100.0, 100.0, 100.0, 100.0, 100.0, 100.0, 100.0, 100.0, 100.0, 100.0, 100.0, 100.0, 100.0, 100.0, 100.0, 100.0, 100.0, 100.0, 100.0, 100.0, 100.0, 100.0, 100.0, 100.0, 100.0, 100.0, 100.0, 100.0, 100.0, 100.0, 100.0, 100.0, 100.0, 100.0, 100.0, 100.0, 100.0, 100.0, 100.0, 100.0, 100.0, 100.0, 100.0, 100.0, 100.0, 100.0, 100.0, 100.0, 100.0, 100.0, 100.0, 100.0, 100.0, 100.0, 100.0, 100.0, 100.0, 100.0, 100.0, 100.0, 100.0, 100.0, 100.0, 100.0, 100.0, 100.0, 100.0, 100.0, 100.0]
loss_list=[1.4461153386367693, 0.8987273626857334, 0.6841563257078331, 0.5713952821851881, 0.4874330965457139, 0.49155229993716426, 0.4644095472577545, 0.4678076303598504, 0.4201851956960228, 0.4137268475429327, 0.4253898015521743, 0.400662637088034, 0.3711968004841495, 0.3820413961454674, 0.4030786411974717, 0.35723122029254833, 0.3756295609374151, 0.37845712391728603, 0.3749185359036481, 0.3515374432317912, 0.34691944323066204, 0.3615532777410139, 0.32719010946306354, 0.3321736702695489, 0.3404325176030397, 0.30702430057787783, 0.31238990867924354, 0.3208050767063267, 0.36939401259231897, 0.3159129636948583, 0.3440621890679554, 0.30585242431024434, 0.3223961158345142, 0.2979156835177154, 0.28453192578766634, 0.2815274402326732, 0.27609575086583693, 0.27859241532644746, 0.3022655939338384, 0.29931780909774486, 0.3207940488829518, 0.28776785052484927, 0.2781284902727715, 0.2741758710558146, 0.2844959393799028, 0.2840366258734355, 0.2634044218394492, 0.2744378003809187, 0.28420615853327846, 0.2659072647509338, 0.25269882417008, 0.25731254751897525, 0.26226473397713296, 0.2616622727467783, 0.2466752915677649, 0.23820351536592685, 0.23967929849815042, 0.25833586247775836, 0.2554073430097628, 0.25218844582257716, 0.2513850337135846, 0.2519726651565482, 0.21904514764470087, 0.24057818817112733, 0.2715559385820395, 0.2681565766740176, 0.23428719276476093, 0.23284656632070744, 0.2499271142762155, 0.21446129784884824, 0.23930652689326695, 0.24437232719458363, 0.22977821211916982, 0.2131476094515098, 0.23749100527795097, 0.23608149625533434, 0.22747941111490402, 0.18917844631122765, 0.20899962902379532, 0.1968174082658219, 0.214923573307762, 0.21355707488988565, 0.20929741003999006, 0.20449544997816835, 0.20074466887551048, 0.20742941907676007, 0.20972301944641883, 0.21353669241588144, 0.2180323240054013, 0.2288982555304688, 0.23930924322490613, 0.20950257799553645, 0.19817067671705182, 0.23226064199202318, 0.22523395988779765, 0.2211038063659712, 0.21263335119346502, 0.22106944073371038, 0.2180089131997967, 0.20343263225923114]
BBSR:100.0
ABSR:100.0
max acc:88.77
