======================================
    IID: 1
    Dataset: cifar
    Model: resnet
    Model Init: None
    Aggregation Function: RLR
    Fraction NonIID: 0
    Long attack: 3
    Wide attack: 3
    Wide attack: trust
    Threshold reject: 0.5
    Threshold down: 0.0
    Attack method: badnet
    Fraction of malicious agents: 25.0%
    Poison Frac: 0.2
    Backdoor From 7 to 2
    Attack Begin: 0
    Trigger Shape: square
    Type poisoning: pgd
    Trigger Position X: 0
    Trigger Position Y: 0
    Number of agents: 100
    Fraction of agents each turn: 30(30.0%)
    Local batch size: 50
    Local epoch: 3
    Client_LR: 0.01
    Client_Momentum: 0.9
    Global Rounds: 100
    RobustLR_threshold: 4
======================================
main_task_accuracy=[0, 10.0, 13.539999961853027, 31.649999618530273, 39.459999084472656, 44.9900016784668, 46.790000915527344, 49.34000015258789, 52.04999923706055, 54.349998474121094, 56.650001525878906, 57.43000030517578, 60.31999969482422, 60.130001068115234, 62.5, 62.459999084472656, 62.75, 62.97999954223633, 63.25, 63.369998931884766, 64.0, 64.29000091552734, 63.720001220703125, 64.7699966430664, 66.69999694824219, 65.08999633789062, 65.80999755859375, 64.7300033569336, 66.0199966430664, 67.20999908447266, 65.62999725341797, 66.19999694824219, 65.87999725341797, 66.5199966430664, 65.98999786376953, 67.55999755859375, 67.55999755859375, 68.58000183105469, 66.04000091552734, 68.16000366210938, 66.6500015258789, 67.55999755859375, 67.06999969482422, 67.58000183105469, 64.62999725341797, 69.33000183105469, 67.20999908447266, 69.08999633789062, 67.91999816894531, 69.79000091552734, 69.45999908447266, 69.06999969482422, 69.08000183105469, 70.31999969482422, 69.8499984741211, 67.55999755859375, 70.93000030517578, 70.08999633789062, 69.36000061035156, 70.66999816894531, 69.33000183105469, 69.91999816894531, 67.9800033569336, 66.23999786376953, 70.05000305175781, 70.16000366210938, 70.05000305175781, 71.12999725341797, 70.06999969482422, 71.69000244140625, 71.3499984741211, 70.30999755859375, 71.3499984741211, 71.73999786376953, 71.73999786376953, 71.95999908447266, 71.54000091552734, 71.88999938964844, 71.80999755859375, 71.20999908447266, 71.7699966430664, 72.06999969482422, 71.22000122070312, 71.33000183105469, 71.77999877929688, 71.55999755859375, 71.68000030517578, 71.2699966430664, 71.75, 71.58999633789062, 71.47000122070312, 71.52999877929688, 71.9000015258789, 71.83999633789062, 71.93000030517578, 71.83000183105469, 71.75, 71.95999908447266, 71.61000061035156, 71.55999755859375, 71.58000183105469]
backdoor_accuracy=[0, 0.0, 34.6, 7.3, 4.7, 4.8, 5.6, 6.2, 3.6, 3.3, 3.1, 4.2, 3.3, 2.8, 3.5, 3.2, 4.0, 3.9, 2.0, 1.9, 1.3, 1.1, 1.5, 1.6, 2.2, 2.2, 1.6, 1.7, 3.2, 1.7, 1.9, 1.2, 1.4, 1.6, 1.7, 2.0, 1.4, 1.7, 1.8, 2.0, 1.3, 1.1, 1.5, 1.0, 0.8, 2.0, 2.5, 0.9, 2.0, 1.2, 3.0, 1.9, 1.8, 2.8, 3.1, 0.7, 3.2, 2.1, 2.1, 1.0, 1.8, 2.5, 1.9, 3.3, 1.8, 1.4, 1.8, 2.4, 0.6, 2.4, 1.3, 2.4, 1.0, 2.5, 1.2, 3.6, 2.7, 3.2, 2.2, 2.2, 1.5, 2.5, 1.3, 2.3, 2.3, 3.4, 1.8, 2.1, 2.8, 2.1, 2.3, 1.8, 2.6, 2.5, 2.3, 2.6, 2.3, 2.5, 2.5, 2.3, 2.8]
loss_list=[1.9643572020530697, 1.4913241810931097, 1.1870785855584676, 1.0060601441893313, 0.8679563659346765, 0.7506607750886017, 0.7044409341240923, 0.6460259321994252, 0.5811253094673159, 0.570500284601003, 0.5408387748027841, 0.522261599306431, 0.4872965795608859, 0.4407734401855204, 0.4465454251629612, 0.43644092643426524, 0.4043544074499773, 0.4003817831507574, 0.4040668005434176, 0.3662625779139085, 0.3745496884133253, 0.3335916945224421, 0.3463214934161968, 0.306209037619022, 0.35931715068976494, 0.28967111355366393, 0.3298192867865631, 0.3093426231116367, 0.2560948688686928, 0.3413003453984856, 0.26132752191120134, 0.2185238198591914, 0.2564243285911572, 0.2589796663930691, 0.16877789867511533, 0.25330958106231666, 0.17792124856470357, 0.19688068172687462, 0.21568960409158738, 0.24652808316588762, 0.22929358783663095, 0.18849499577138984, 0.16261982349717682, 0.1667159706782291, 0.17691966517983623, 0.18141526474028882, 0.10215025407695472, 0.1332850608285258, 0.21663888818720198, 0.17804841499018947, 0.14377648599730392, 0.11487148225016428, 0.10405760315777217, 0.10527895805083161, 0.16935676757113666, 0.07570620515813871, 0.13475391201189876, 0.11229621634763642, 0.06296247554506407, 0.10362114984281813, 0.09237800021243553, 0.11256692422728522, 0.12335697228711472, 0.08232603242158397, 0.08718373027170957, 0.10305463070093539, 0.08287666062640105, 0.10926198754975405, 0.07383764693334038, 0.05055890573641388, 0.07140857138072736, 0.04448192831117517, 0.03195326801746786, 0.026031804736412586, 0.07284817763409387, 0.055367132148118496, 0.03453586069699668, 0.04053059874861597, 0.07411635584728275, 0.01884323675002735, 0.01210101045583239, 0.05325151847918785, 0.03897594645391412, 0.027667908399137867, 0.051776179699437416, 0.028053114616074404, 0.05613860588543807, 0.012400100059886527, 0.025741925291929684, 0.03192659761252596, 0.037040616896247235, 0.03298347989199101, 0.038366072472514744, 0.028880080072386686, 0.027098677783576722, 0.016393633277152226, 0.015229500708412363, 0.014613412798167297, 0.011746839018034937, 0.00222837186273763]
BBSR:2.8
ABSR:2.42
max acc:71.96
