======================================
    IID: 0
    Dataset: mnist
    Model: Mnist_CNN
    Model Init: None
    Aggregation Function: avg
    Fraction NonIID: 0
    Long attack: 3
    Wide attack: 3
    Wide attack: trust
    Threshold reject: 0.5
    Threshold down: 0.0
    Attack method: badnet
    Fraction of malicious agents: 25.0%
    Poison Frac: 0.2
    Backdoor From 7 to 2
    Attack Begin: 0
    Trigger Shape: square
    Type poisoning: cs
    Trigger Position X: 0
    Trigger Position Y: 0
    Number of agents: 100
    Fraction of agents each turn: 30(30.0%)
    Local batch size: 50
    Local epoch: 3
    Client_LR: 0.01
    Client_Momentum: 0.9
    Global Rounds: 100
======================================
main_task_accuracy=[0, 46.04999923706055, 49.47999954223633, 59.130001068115234, 62.33000183105469, 65.73999786376953, 82.33999633789062, 85.44000244140625, 82.41000366210938, 89.81999969482422, 88.94999694824219, 83.05000305175781, 90.33999633789062, 92.29000091552734, 94.29000091552734, 94.61000061035156, 92.08999633789062, 94.88999938964844, 95.19999694824219, 94.51000213623047, 96.66000366210938, 95.66000366210938, 96.55000305175781, 95.80999755859375, 96.4800033569336, 96.69999694824219, 96.87000274658203, 97.0, 96.4800033569336, 96.87999725341797, 97.38999938964844, 96.5199966430664, 97.08000183105469, 96.31999969482422, 97.12000274658203, 96.05000305175781, 96.33000183105469, 96.55000305175781, 97.55999755859375, 97.29000091552734, 97.45999908447266, 97.33999633789062, 97.62000274658203, 97.58000183105469, 97.63999938964844, 97.55999755859375, 97.94999694824219, 97.08000183105469, 98.12000274658203, 98.04000091552734, 96.25, 97.76000213623047, 97.63999938964844, 98.0199966430664, 97.80999755859375, 97.83000183105469, 97.9000015258789, 98.2699966430664, 98.06999969482422, 97.93000030517578, 97.86000061035156, 98.19999694824219, 97.87000274658203, 98.22000122070312, 98.05999755859375, 98.04000091552734, 98.22000122070312, 98.43000030517578, 98.0999984741211, 98.18000030517578, 98.31999969482422, 98.29000091552734, 98.22000122070312, 98.05999755859375, 98.38999938964844, 98.41999816894531, 98.47000122070312, 98.43000030517578, 98.20999908447266, 98.51000213623047, 98.08000183105469, 98.22000122070312, 98.55000305175781, 98.29000091552734, 98.26000213623047, 98.16000366210938, 98.63999938964844, 98.19000244140625, 98.4800033569336, 98.19000244140625, 98.54000091552734, 98.2699966430664, 98.48999786376953, 97.91000366210938, 98.44000244140625, 98.30000305175781, 98.47000122070312, 98.45999908447266, 98.44000244140625, 98.48999786376953, 98.38999938964844]
backdoor_accuracy=[0, 0.0, 6.906614785992218, 2.237354085603113, 1.9455252918287937, 4.961089494163424, 0.9727626459143969, 1.3618677042801557, 8.949416342412452, 3.9883268482490273, 8.560311284046692, 0.48638132295719844, 6.614785992217898, 2.431906614785992, 8.171206225680933, 17.801556420233464, 9.43579766536965, 42.704280155642024, 30.35019455252918, 20.428015564202333, 52.91828793774319, 61.86770428015564, 86.284046692607, 36.38132295719844, 43.57976653696498, 66.53696498054475, 82.78210116731518, 92.99610894941634, 94.06614785992218, 99.70817120622569, 97.27626459143968, 99.41634241245136, 99.22178988326849, 96.88715953307393, 98.92996108949416, 97.37354085603113, 99.31906614785993, 96.88715953307393, 99.41634241245136, 99.80544747081711, 99.41634241245136, 97.76264591439688, 99.5136186770428, 98.34630350194553, 99.80544747081711, 100.0, 99.80544747081711, 99.41634241245136, 100.0, 100.0, 99.80544747081711, 100.0, 100.0, 100.0, 100.0, 100.0, 100.0, 100.0, 100.0, 100.0, 100.0, 100.0, 100.0, 100.0, 100.0, 100.0, 100.0, 100.0, 100.0, 100.0, 100.0, 100.0, 100.0, 100.0, 100.0, 100.0, 100.0, 100.0, 100.0, 100.0, 100.0, 100.0, 100.0, 100.0, 100.0, 100.0, 100.0, 100.0, 100.0, 100.0, 100.0, 100.0, 100.0, 100.0, 100.0, 100.0, 100.0, 100.0, 100.0, 100.0, 100.0]
loss_list=[0.5113694197460104, 0.23479538350501736, 0.19953966181674804, 0.22875001667132952, 0.18371545751388607, 0.14469040944268158, 0.10782294691650844, 0.10646516173485082, 0.10134701862686119, 0.09264794241744516, 0.08672645458195685, 0.08681512414644676, 0.07592728232414081, 0.08463026584984341, 0.058389049679699524, 0.07255642718805942, 0.05624597707681721, 0.07066460453440278, 0.0418348026470906, 0.053244597168127086, 0.04953873886650946, 0.04400034203689317, 0.043300666425360235, 0.04377426003309744, 0.041221520470147814, 0.03858050631527356, 0.04334600896434593, 0.040573491149022, 0.0421674325772091, 0.03666688037952245, 0.04041734670400374, 0.043914679726936655, 0.028178912896594865, 0.04097065128743138, 0.03652981987124971, 0.03878177297451417, 0.029908814991553824, 0.034019557550493955, 0.02944698351731679, 0.030811445883314883, 0.030492640846370895, 0.030287778493437282, 0.02627741235952925, 0.03181799034585365, 0.03006254298603779, 0.03080014703895885, 0.026644925148273123, 0.030902363377702854, 0.025569970779250772, 0.025883424786007858, 0.03450537075805424, 0.025967061880631973, 0.03372499228531667, 0.024253846835534044, 0.023158892397013832, 0.028423854404843206, 0.027869988212523233, 0.03001792919045364, 0.023032320402230737, 0.020371308692572823, 0.024873211574042594, 0.025975747460347528, 0.02483841396682559, 0.02418574426817256, 0.021442691649133712, 0.029222675523406426, 0.023438441362739506, 0.021392227680344274, 0.024755299261990417, 0.022416075570352526, 0.01727774168738179, 0.022986530174952946, 0.025335955581636378, 0.02355740195838203, 0.023566540288770137, 0.022963075431187217, 0.023636961507368902, 0.021068897400423992, 0.025944025699209863, 0.020030040065654026, 0.0189312982727584, 0.027645593657011122, 0.023118505837576277, 0.020588927920570946, 0.02381489685217044, 0.02039811385269504, 0.01848789310826292, 0.01458509247315059, 0.017267534862845255, 0.01825323462498966, 0.0184402077635584, 0.02022791328130046, 0.019472426013257736, 0.020902066366591466, 0.01772102528484825, 0.01968748115098822, 0.020721060064324375, 0.020401536326792983, 0.019278257087539587, 0.017922593996435296]
BBSR:100.0
ABSR:100.0
max acc:98.49
