======================================
    IID: 0
    Dataset: fashion_mnist
    Model: Mnist_CNN
    Model Init: None
    Aggregation Function: krum
    Fraction NonIID: 0
    Long attack: 3
    Wide attack: 3
    Wide attack: trust
    Threshold reject: 0.5
    Threshold down: 0.0
    Attack method: badnet
    Fraction of malicious agents: 25.0%
    Poison Frac: 0.2
    Backdoor From 7 to 2
    Attack Begin: 0
    Trigger Shape: square
    Type poisoning: cs
    Trigger Position X: 0
    Trigger Position Y: 0
    Number of agents: 100
    Fraction of agents each turn: 30(30.0%)
    Local batch size: 50
    Local epoch: 3
    Client_LR: 0.01
    Client_Momentum: 0.9
    Global Rounds: 100
    Proportion of malicious are selected: 0.42
    Average score of malicious clients: 767.2499389648438
    Average score of benign clients: 292.6283264160156
======================================
main_task_accuracy=[0, 59.900001525878906, 65.81999969482422, 69.55000305175781, 70.69000244140625, 74.41999816894531, 74.44999694824219, 75.26000213623047, 76.87000274658203, 77.2300033569336, 76.79000091552734, 74.20999908447266, 74.70999908447266, 77.66999816894531, 77.04000091552734, 73.6500015258789, 77.91999816894531, 78.98999786376953, 80.38999938964844, 77.55000305175781, 78.08999633789062, 79.66999816894531, 80.3499984741211, 79.91999816894531, 80.45999908447266, 80.52999877929688, 81.36000061035156, 80.87000274658203, 79.2300033569336, 78.58000183105469, 81.80999755859375, 80.55999755859375, 80.80999755859375, 81.43000030517578, 79.69999694824219, 82.23999786376953, 81.9800033569336, 81.80999755859375, 82.22000122070312, 82.41000366210938, 83.29000091552734, 82.16999816894531, 81.38999938964844, 82.29000091552734, 82.37999725341797, 83.52999877929688, 81.5999984741211, 81.06999969482422, 82.02999877929688, 82.87999725341797, 82.44000244140625, 81.95999908447266, 82.87999725341797, 82.69999694824219, 82.61000061035156, 82.91999816894531, 82.27999877929688, 83.16000366210938, 83.19999694824219, 81.66000366210938, 82.72000122070312, 81.9800033569336, 83.66000366210938, 83.08999633789062, 81.88999938964844, 82.83999633789062, 83.94999694824219, 82.31999969482422, 82.05999755859375, 83.69999694824219, 83.06999969482422, 81.93000030517578, 83.3499984741211, 84.38999938964844, 83.30000305175781, 84.3499984741211, 83.62000274658203, 84.83000183105469, 84.95999908447266, 83.05999755859375, 83.04000091552734, 84.44000244140625, 84.2300033569336, 85.19999694824219, 84.75, 84.91999816894531, 84.19999694824219, 84.61000061035156, 84.83000183105469, 84.52999877929688, 84.91999816894531, 85.83999633789062, 84.30000305175781, 85.27999877929688, 85.51000213623047, 85.97000122070312, 85.26000213623047, 84.95999908447266, 84.93000030517578, 84.26000213623047, 85.13999938964844]
backdoor_accuracy=[0, 0.0, 0.0, 0.0, 0.2, 0.1, 0.0, 0.0, 89.0, 1.0, 0.0, 4.5, 12.6, 4.7, 0.1, 0.8, 0.2, 0.0, 49.4, 38.1, 10.8, 99.9, 98.1, 99.8, 100.0, 100.0, 100.0, 100.0, 100.0, 100.0, 100.0, 99.9, 100.0, 100.0, 100.0, 100.0, 100.0, 100.0, 100.0, 100.0, 100.0, 100.0, 100.0, 100.0, 100.0, 100.0, 100.0, 100.0, 100.0, 100.0, 100.0, 99.8, 100.0, 100.0, 100.0, 100.0, 100.0, 100.0, 100.0, 100.0, 100.0, 100.0, 100.0, 100.0, 100.0, 100.0, 100.0, 100.0, 100.0, 100.0, 100.0, 99.9, 100.0, 100.0, 100.0, 100.0, 100.0, 100.0, 100.0, 100.0, 100.0, 100.0, 100.0, 100.0, 100.0, 100.0, 100.0, 100.0, 100.0, 100.0, 100.0, 100.0, 100.0, 100.0, 100.0, 100.0, 100.0, 100.0, 100.0, 100.0, 100.0]
loss_list=[1.4543705885608986, 0.9124636084393217, 0.7147625887283573, 0.6761547584638552, 0.6371084326257308, 0.5599170812026216, 0.5754547582870281, 0.5552191072040134, 0.5134219366091268, 0.5288354463116438, 0.5326942421081992, 0.4998202908922126, 0.5051600763022348, 0.5198271913867858, 0.4803892058837745, 0.5184201250542646, 0.4857770506154608, 0.4702921842535336, 0.48934368852663934, 0.4538193756024595, 0.471432366622267, 0.4537090135600279, 0.4490804699835953, 0.45909462700149534, 0.43549440383083293, 0.43766564972767685, 0.4352045303107135, 0.48059064719688, 0.42429314783463873, 0.43997399253701713, 0.46658492480853103, 0.4663449633728576, 0.39798951245223474, 0.44723149302794973, 0.413593098162501, 0.4322611361811007, 0.41103192947942896, 0.41244343497824887, 0.3874033291030813, 0.41739721864082474, 0.4276668563278185, 0.40982724832957257, 0.4462593606897389, 0.4046064013231511, 0.4563973512957562, 0.4234944356208736, 0.46668824346874044, 0.41801357284809154, 0.436027916431151, 0.37490096535464684, 0.4268331933214709, 0.4134540530714999, 0.3890308606265872, 0.40791406603961217, 0.41910878695737297, 0.3998493057020285, 0.4082576605094666, 0.386224137383289, 0.4204838509093624, 0.42051383198230297, 0.4603274660788615, 0.4116871541728162, 0.401645915279234, 0.4207208762359288, 0.37623951938693173, 0.41299228465779575, 0.4315917429755684, 0.4649492495244853, 0.38130945805891386, 0.3924757694127038, 0.4104184352758306, 0.3953004756735431, 0.4063536377468457, 0.41067100474265994, 0.38995153317788483, 0.41917427129767554, 0.3860778117992191, 0.35779311442230305, 0.4216082550257583, 0.3518954655819538, 0.3993606367553756, 0.3850440027847611, 0.3817251564253604, 0.4442598381045241, 0.37282165860653743, 0.3920711520093458, 0.35580841104534494, 0.35275848521333597, 0.34903421826085024, 0.41648004439279984, 0.3503736951233198, 0.39668592625401083, 0.3937295933185076, 0.33646146491152684, 0.36051411107398096, 0.38566357779264876, 0.3504987640418457, 0.3567475225349578, 0.39792547576750315, 0.3306943755251942]
BBSR:100.0
ABSR:100.0
max acc:85.97
