======================================
    IID: 1
    Dataset: cifar
    Model: resnet
    Model Init: None
    Aggregation Function: fltrust
    Fraction NonIID: 0
    Long attack: 3
    Wide attack: 3
    Wide attack: trust
    Threshold reject: 0.5
    Threshold down: 0.0
    Attack method: badnet
    Fraction of malicious agents: 25.0%
    Poison Frac: 0.2
    Backdoor From 7 to 2
    Attack Begin: 0
    Trigger Shape: square
    Type poisoning: 
    Trigger Position X: 0
    Trigger Position Y: 0
    Number of agents: 100
    Fraction of agents each turn: 30(30.0%)
    Local batch size: 50
    Local epoch: 3
    Client_LR: 0.01
    Client_Momentum: 0.9
    Global Rounds: 100
    Dataset In Server: 200
======================================
main_task_accuracy=[0, 10.0, 10.149999618530273, 12.199999809265137, 15.989999771118164, 22.6299991607666, 29.959999084472656, 35.650001525878906, 39.97999954223633, 44.61000061035156, 47.709999084472656, 50.15999984741211, 51.720001220703125, 50.47999954223633, 52.18000030517578, 54.709999084472656, 53.93000030517578, 10.0, 58.79999923706055, 59.06999969482422, 58.189998626708984, 58.349998474121094, 58.15999984741211, 57.79999923706055, 56.310001373291016, 59.369998931884766, 56.95000076293945, 57.68000030517578, 54.27000045776367, 58.97999954223633, 59.689998626708984, 61.0099983215332, 62.119998931884766, 63.04999923706055, 63.16999816894531, 63.560001373291016, 64.41999816894531, 64.97000122070312, 65.30000305175781, 64.37999725341797, 64.43000030517578, 66.01000213623047, 64.94999694824219, 65.9000015258789, 67.26000213623047, 66.43000030517578, 67.48999786376953, 67.2300033569336, 67.83000183105469, 67.79000091552734, 67.12000274658203, 67.13999938964844, 67.68000030517578, 66.69999694824219, 67.62999725341797, 67.87000274658203, 67.79000091552734, 65.97000122070312, 68.69000244140625, 68.94999694824219, 68.0199966430664, 69.16999816894531, 69.19999694824219, 67.91999816894531, 68.8499984741211, 68.62000274658203, 68.79000091552734, 69.22000122070312, 68.23999786376953, 68.05000305175781, 69.86000061035156, 68.30999755859375, 71.02999877929688, 68.91000366210938, 71.08999633789062, 70.08000183105469, 70.76000213623047, 70.12999725341797, 71.0199966430664, 69.81999969482422, 68.87999725341797, 70.80999755859375, 69.94999694824219, 71.76000213623047, 70.43000030517578, 68.08000183105469, 71.29000091552734, 71.22000122070312, 69.75, 71.33000183105469, 71.41000366210938, 70.27999877929688, 70.68000030517578, 70.56999969482422, 69.2300033569336, 70.47000122070312, 72.2699966430664, 71.30000305175781, 69.6500015258789, 70.77999877929688, 68.87000274658203]
backdoor_accuracy=[0, 0.0, 0.7, 11.6, 20.2, 18.9, 13.0, 9.4, 10.3, 6.9, 4.8, 5.6, 6.0, 0.9, 4.6, 11.0, 11.0, 0.0, 3.9, 5.3, 6.0, 6.3, 4.7, 7.2, 1.8, 5.9, 8.6, 6.9, 12.4, 10.1, 8.1, 3.6, 2.0, 4.0, 5.2, 5.9, 3.5, 4.2, 4.6, 4.7, 3.0, 4.8, 3.6, 8.4, 6.3, 4.3, 3.2, 3.0, 4.5, 3.6, 3.3, 4.0, 3.3, 2.7, 1.6, 1.9, 2.3, 3.3, 3.6, 3.1, 2.2, 5.1, 3.1, 3.4, 5.8, 1.1, 2.4, 6.3, 1.1, 1.6, 5.3, 3.2, 4.8, 2.8, 3.4, 2.7, 1.7, 2.1, 4.8, 2.4, 2.4, 1.2, 1.3, 2.7, 1.4, 1.4, 4.2, 3.5, 2.4, 2.7, 1.7, 7.3, 4.7, 2.7, 0.6, 1.0, 4.4, 1.8, 2.6, 1.2, 3.2]
loss_list=[1.9628658537069958, 1.5783267098665235, 1.213886674410767, 1.0778359781205653, 0.9851720549994045, 0.9136465512878366, 0.8445722771767112, 0.8544197195271651, 0.7688112214042079, 0.7644410014152526, 0.7328560061297484, 0.7099106099787685, 0.7111896564790772, 0.969391630555296, 0.6953629441248875, 0.9206265636616282, 0.6952169315095265, 0.8938241409593158, 0.6419599489076063, 0.6063602148451739, 0.5716655911049908, 0.5853420234906176, 0.6912139339708827, 0.6131555013141285, 0.8096975638300904, 0.6286060442087343, 0.7770289157248205, 0.5743053115089423, 0.7852558355281751, 0.5882415988047919, 0.5299494682438671, 0.455107598743505, 0.5588292227372424, 0.47681533878591537, 0.47811947872228405, 0.4353830565658347, 0.5390086283752074, 0.41540044481917804, 0.5318750414521329, 0.37181056986899214, 0.48788278234488747, 0.4446779200868008, 0.3677943315830392, 0.48102381018430207, 0.3821616561888044, 0.3845112498815999, 0.4554540672344673, 0.3918904743097825, 0.38480705916014907, 0.3760471886679039, 0.31939003890056894, 0.33190148727049956, 0.3628746067242334, 0.257662996119535, 0.3793389420548919, 0.3015895759038783, 0.27829292249037985, 0.2890634249765167, 0.35427778634462614, 0.2865885581213256, 0.2552165423636325, 0.33034046641854936, 0.25901887701811377, 0.2520590754965734, 0.2975017062569451, 0.2604873413552478, 0.2792803686762151, 0.20906708079749167, 0.24987306085434588, 0.2931012282042583, 0.24674375221469538, 0.22413738589934334, 0.15731542707084575, 0.21319828768060284, 0.2317317807825101, 0.1929381641325826, 0.16529609292577435, 0.11287913650629991, 0.1638366283186931, 0.135591587934048, 0.22626187275771775, 0.18678170877741654, 0.1524648474964003, 0.13646639336974153, 0.1641106737204892, 0.16704724759212697, 0.14842820675953083, 0.0990335930616776, 0.17139708244060692, 0.15927460902254104, 0.09312213463391851, 0.23172895969244162, 0.12843451032253347, 0.10598356349723567, 0.1543238792652523, 0.14742072773217743, 0.08649352233989502, 0.09521651193512501, 0.1600208877920846, 0.09582888326568838]
BBSR:7.3
ABSR:2.95
max acc:72.27
