======================================
    IID: 1
    Dataset: cifar
    Model: resnet
    Model Init: None
    Aggregation Function: RLR
    Fraction NonIID: 0
    Long attack: 3
    Wide attack: 3
    Wide attack: trust
    Threshold reject: 0.5
    Threshold down: 0.0
    Attack method: badnet
    Fraction of malicious agents: 25.0%
    Poison Frac: 0.2
    Backdoor From 7 to 2
    Attack Begin: 0
    Trigger Shape: square
    Type poisoning: 
    Trigger Position X: 0
    Trigger Position Y: 0
    Number of agents: 100
    Fraction of agents each turn: 30(30.0%)
    Local batch size: 50
    Local epoch: 3
    Client_LR: 0.01
    Client_Momentum: 0.9
    Global Rounds: 100
    RobustLR_threshold: 4
======================================
main_task_accuracy=[0, 11.5600004196167, 17.139999389648438, 39.2400016784668, 40.97999954223633, 46.18000030517578, 51.630001068115234, 54.20000076293945, 55.2599983215332, 57.34000015258789, 60.38999938964844, 61.0099983215332, 61.36000061035156, 62.119998931884766, 63.650001525878906, 63.400001525878906, 62.790000915527344, 64.33000183105469, 64.56999969482422, 64.18000030517578, 64.36000061035156, 65.72000122070312, 66.62999725341797, 65.31999969482422, 65.77999877929688, 65.37999725341797, 67.56999969482422, 67.30999755859375, 67.70999908447266, 67.33999633789062, 67.6500015258789, 68.08999633789062, 68.0999984741211, 69.7300033569336, 69.26000213623047, 67.83999633789062, 69.88999938964844, 69.69999694824219, 68.83999633789062, 68.52999877929688, 67.83999633789062, 66.95999908447266, 68.66000366210938, 65.51000213623047, 67.9000015258789, 68.80000305175781, 68.44000244140625, 69.87000274658203, 67.69000244140625, 69.80999755859375, 67.73999786376953, 70.8499984741211, 70.62999725341797, 70.66999816894531, 68.88999938964844, 70.0, 70.18000030517578, 70.18000030517578, 69.73999786376953, 70.45999908447266, 69.56999969482422, 70.4000015258789, 71.44000244140625, 70.54000091552734, 71.48999786376953, 71.44000244140625, 71.94999694824219, 71.30999755859375, 72.05999755859375, 70.6500015258789, 71.72000122070312, 70.8499984741211, 71.47000122070312, 72.0199966430664, 71.93000030517578, 71.54000091552734, 71.76000213623047, 71.97000122070312, 71.9000015258789, 72.08000183105469, 72.23999786376953, 71.80000305175781, 72.0199966430664, 72.1500015258789, 72.12000274658203, 71.80000305175781, 71.94999694824219, 71.63999938964844, 71.62999725341797, 71.6500015258789, 71.73999786376953, 71.91999816894531, 71.79000091552734, 71.83000183105469, 71.58999633789062, 71.7300033569336, 71.80000305175781, 71.73999786376953, 71.5199966430664, 71.73999786376953, 71.7699966430664]
backdoor_accuracy=[0, 25.0, 20.7, 6.6, 4.3, 4.8, 3.6, 1.8, 3.6, 4.5, 3.4, 2.1, 2.5, 1.6, 1.7, 2.6, 1.6, 1.3, 1.1, 1.7, 1.2, 1.8, 3.0, 2.2, 1.7, 1.4, 2.1, 2.3, 2.0, 1.8, 1.5, 0.7, 1.4, 2.0, 1.0, 2.2, 2.1, 1.4, 1.2, 2.3, 3.3, 1.4, 1.8, 2.4, 0.7, 1.0, 0.8, 1.7, 1.0, 2.4, 0.9, 5.0, 1.1, 1.1, 1.0, 1.9, 3.2, 0.2, 4.9, 0.2, 6.0, 0.4, 4.5, 0.3, 2.7, 1.4, 2.3, 1.5, 1.6, 2.5, 1.0, 3.4, 0.9, 1.3, 1.1, 1.4, 1.3, 1.3, 2.4, 2.3, 1.5, 3.7, 1.3, 2.3, 1.8, 2.1, 1.9, 1.2, 1.6, 1.7, 2.2, 2.2, 2.2, 2.3, 1.7, 2.3, 2.3, 2.2, 1.4, 3.0, 1.6]
loss_list=[1.9872091519832615, 1.5411365948120757, 1.171573834220568, 0.975760896520482, 0.8301548349195057, 0.7434175477011336, 0.6530064345730676, 0.6188440536376503, 0.5523872380952038, 0.5154102294540238, 0.5130818273954921, 0.47621457492518754, 0.42516406494917136, 0.4334682436183923, 0.4264056275909146, 0.3811468404252082, 0.3500836585167174, 0.38406414889006146, 0.3398663080807051, 0.38762430582868146, 0.3257847227880523, 0.28584238933088885, 0.3196031449577357, 0.3097235949673793, 0.3090369810145866, 0.25488335562274894, 0.24863054575243346, 0.23737542536808182, 0.22214617540426038, 0.2082253430170628, 0.20721720620394787, 0.2442200272640265, 0.15651833766793258, 0.21527454771942256, 0.16610627935513747, 0.2614904478027407, 0.16876508810809654, 0.24957944888744446, 0.19126606172274074, 0.18366374772695251, 0.2073496021868454, 0.18225039709572838, 0.20146438663055757, 0.19135013268849838, 0.15015466991359266, 0.14868421825305428, 0.11349465327269476, 0.1512920147572489, 0.13051924839880993, 0.16660850630623625, 0.1393792787863317, 0.10204146868917938, 0.11318642221685472, 0.12556523549370466, 0.1251567203029602, 0.1113862952051568, 0.08349885606821368, 0.11300248639425264, 0.10722006071630556, 0.13480083940288748, 0.09754545817179154, 0.07973302049568803, 0.07975653173929055, 0.07899222359771052, 0.06619147438837293, 0.04543062723191624, 0.05831840428550398, 0.04650691784806744, 0.08671347943928492, 0.04329341936251795, 0.11283712554497471, 0.04221500113745504, 0.044567406015881314, 0.05102521488078409, 0.0677322524287067, 0.05589538847179533, 0.03400198429398491, 0.04195695068804424, 0.023300423808432245, 0.025263833171658107, 0.06746156992599732, 0.02369785653881586, 0.02094059912842163, 0.028114822931739683, 0.028715227112978834, 0.010215642097363243, 0.03271810659553416, 0.01891130296494642, 0.023305088188926678, 0.014134895240527436, 0.015951897443576148, 0.007481600064080946, 0.00982822465039034, 0.014235701068173514, 0.00807357967043269, 0.004372875801840969, 0.023102101398874055, 0.041978920397976044, 0.01817858236537985, 0.01691437505029676]
BBSR:3.0
ABSR:2.12
max acc:71.92
