======================================
    IID: 0
    Dataset: mnist
    Model: Mnist_CNN
    Model Init: None
    Aggregation Function: zkp
    Fraction NonIID: 15
    Long attack: 3
    Wide attack: 3
    Wide attack: trust
    Threshold reject: 0.5
    Threshold down: 0.0
    Attack method: badnet
    Fraction of malicious agents: 15.0%
    Poison Frac: 0.2
    Backdoor From 7 to 5
    Attack Begin: 0
    Trigger Shape: square
    Trigger Position X: 0
    Trigger Position Y: 0
    Number of agents: 100
    Fraction of agents each turn: 30(30.0%)
    Local batch size: 50
    Local epoch: 3
    Client_LR: 0.01
    Client_Momentum: 0.9
    Global Rounds: 100
======================================
main_task_accuracy=[0, 8.920000076293945, 9.579999923706055, 11.850000381469727, 10.319999694824219, 8.920000076293945, 9.739999771118164, 10.09000015258789, 9.579999923706055, 10.319999694824219, 9.800000190734863, 9.800000190734863, 9.739999771118164, 8.920000076293945, 9.819999694824219, 8.920000076293945, 10.770000457763672, 12.1899995803833, 26.6200008392334, 10.100000381469727, 10.539999961853027, 17.219999313354492, 27.040000915527344, 38.470001220703125, 30.219999313354492, 35.9900016784668, 13.239999771118164, 31.15999984741211, 24.709999084472656, 25.690000534057617, 13.359999656677246, 11.760000228881836, 42.93000030517578, 40.599998474121094, 23.360000610351562, 42.029998779296875, 29.950000762939453, 41.7400016784668, 43.709999084472656, 29.81999969482422, 51.95000076293945, 57.400001525878906, 60.459999084472656, 54.59000015258789, 43.45000076293945, 58.380001068115234, 55.52000045776367, 65.9000015258789, 57.369998931884766, 64.68000030517578, 51.65999984741211, 46.4900016784668, 61.7400016784668, 67.58999633789062, 44.52000045776367, 61.54999923706055, 67.58999633789062, 50.02000045776367, 63.04999923706055, 58.56999969482422, 63.56999969482422, 64.51000213623047, 75.37000274658203, 68.37000274658203, 53.150001525878906, 63.709999084472656, 74.0199966430664, 64.80999755859375, 74.08000183105469, 65.16999816894531, 74.77999877929688, 84.62000274658203, 75.77999877929688, 71.79000091552734, 71.56999969482422, 83.80000305175781, 65.27999877929688, 66.44000244140625, 73.98999786376953, 73.02999877929688, 68.26000213623047, 85.04000091552734, 81.58000183105469, 83.73999786376953, 80.33000183105469, 89.76000213623047, 87.19000244140625, 91.1500015258789, 90.27999877929688, 86.12000274658203, 90.16999816894531, 85.95999908447266, 88.54000091552734, 81.37000274658203, 83.16999816894531, 80.77999877929688, 77.94000244140625, 87.75, 83.86000061035156, 89.04000091552734, 84.52999877929688]
backdoor_accuracy=[0, 100.0, 0.0, 0.0, 0.0, 100.0, 0.0, 0.0, 0.0, 0.0, 0.0, 0.0, 0.0, 100.0, 0.0, 100.0, 0.0, 0.0, 0.0, 0.0, 0.0, 100.0, 20.525291828793776, 99.41634241245136, 99.90272373540856, 99.31906614785993, 0.0, 99.22178988326849, 16.634241245136188, 99.12451361867704, 0.0, 0.0, 85.89494163424125, 0.2918287937743191, 100.0, 96.49805447470817, 2.237354085603113, 53.69649805447471, 27.626459143968873, 4.961089494163424, 99.61089494163424, 96.10894941634241, 100.0, 73.44357976653697, 100.0, 86.284046692607, 57.782101167315176, 95.71984435797665, 100.0, 62.06225680933852, 100.0, 100.0, 98.05447470817121, 100.0, 30.058365758754864, 40.856031128404666, 97.37354085603113, 95.71984435797665, 99.90272373540856, 100.0, 98.44357976653697, 100.0, 100.0, 100.0, 22.957198443579767, 100.0, 100.0, 100.0, 100.0, 100.0, 100.0, 100.0, 100.0, 100.0, 77.82101167315174, 100.0, 99.61089494163424, 100.0, 100.0, 100.0, 100.0, 100.0, 100.0, 100.0, 100.0, 100.0, 100.0, 100.0, 100.0, 100.0, 100.0, 100.0, 100.0, 100.0, 100.0, 100.0, 100.0, 100.0, 100.0, 100.0, 100.0]
loss_list=[0.696430908170836, 0.9568501753449478, 0.9325382143889317, 1.0378219857197064, 1.142241815328762, 1.4580830999789345, 1.4472584508102389, 1.7199140379177063, 1.1842888866988137, 1.0530689428620839, 1.2765390219162045, 0.873008392727721, 1.1840755690226765, 1.6312497576908276, 1.3289808962859864, 1.46249237970927, 1.3112601680719573, 1.292960845109306, 1.394741446917607, 1.2450241962902655, 1.414584513535137, 1.1356214195580874, 0.9672161644680007, 0.9432024882935026, 0.9959203265249781, 0.745800836401909, 1.026221264925907, 0.7964899782432655, 0.9415027561592154, 1.1072288330906086, 1.0280162934173254, 0.8055391778987794, 0.6674046112660362, 0.7185824015546002, 0.7993112539321185, 0.7140126952472408, 0.8942298082594722, 0.5977081377769935, 0.5443541294566213, 0.8639232833933785, 0.5412171131818206, 0.45796482377521763, 0.4025016231000488, 0.3612976499116842, 0.5825625198766684, 0.5111733476418491, 0.4517402665322516, 0.378532371555381, 0.3980635302057739, 0.4190552048978933, 0.4812996077510363, 0.5480123281515737, 0.5083225880376173, 0.367464115043985, 0.425298137847999, 0.38491748005789356, 0.262093420843946, 0.45940602943909964, 0.36461871289289327, 0.3265062479782958, 0.38114563603624674, 0.31459440641010944, 0.24121862082661505, 0.33994223619530495, 0.5519554624568642, 0.29262332309117023, 0.3257323247557707, 0.36083007370632836, 0.33097803406959153, 0.35261309675295194, 0.3303593702198189, 0.22332755521603267, 0.23303050127208852, 0.2639493411020186, 0.2678330589705961, 0.2907007083440935, 0.34705406070551253, 0.27462890208743135, 0.28116296606145386, 0.2864028444266347, 0.2793492660620911, 0.24182987885285329, 0.226218955354858, 0.19046218486896116, 0.1766104815345986, 0.19667836743832956, 0.16646641883292776, 0.1343134926932135, 0.1814037627971311, 0.1491513334352205, 0.15352563960219448, 0.14778924555748668, 0.1610784671010279, 0.17936879071997477, 0.1633125043596875, 0.1744947768525657, 0.23180199581111366, 0.2115880184508271, 0.1648086518038416, 0.15920779874613528]
BBSR:100.0
ABSR:100.0
max acc:89.04
