======================================
    IID: 0
    Dataset: fashion_mnist
    Model: cnn_mnist
    Model Init: None
    Aggregation Function: avg
    Fraction NonIID: 0
    Long attack: 4
    Wide attack: 4
    Style send: trust
    Threshold reject: 0.5
    Threshold down: 0.0
    Attack method: dba
    Fraction of malicious agents: 15.0%
    Poison Frac: 0.2
    Backdoor From 7 to 5
    Attack Begin: 0
    Trigger Shape: square
    Trigger Position X: 0
    Trigger Position Y: 0
    Number of agents: 100
    Fraction of agents each turn: 30(30.0%)
    Local batch size: 50
    Local epoch: 3
    Client_LR: 0.01
    Client_Momentum: 0.9
    Global Rounds: 100
======================================
main_task_accuracy=[0, 63.119998931884766, 70.19000244140625, 73.9000015258789, 76.94000244140625, 77.77999877929688, 78.20999908447266, 79.30999755859375, 80.12999725341797, 80.55000305175781, 81.30000305175781, 81.87999725341797, 82.94000244140625, 82.52999877929688, 83.36000061035156, 83.7300033569336, 84.16999816894531, 84.43000030517578, 84.66000366210938, 84.95999908447266, 85.25, 85.19999694824219, 85.44000244140625, 85.3499984741211, 85.80999755859375, 86.0, 86.11000061035156, 86.41000366210938, 86.3499984741211, 86.62000274658203, 86.69999694824219, 86.62999725341797, 86.7699966430664, 86.91999816894531, 87.05000305175781, 87.16000366210938, 87.02999877929688, 87.44999694824219, 87.19999694824219, 87.48999786376953, 87.5199966430664, 87.55999755859375, 87.87000274658203, 87.54000091552734, 87.58000183105469, 87.97000122070312, 88.12999725341797, 87.81999969482422, 87.68000030517578, 88.05999755859375, 88.08000183105469, 88.19000244140625, 88.19000244140625, 88.18000030517578, 88.45999908447266, 88.36000061035156, 88.58000183105469, 88.48999786376953, 88.66000366210938, 88.68000030517578, 88.77999877929688, 88.9000015258789, 88.61000061035156, 89.01000213623047, 88.93000030517578, 88.94999694824219, 89.0999984741211, 89.01000213623047, 89.08000183105469, 89.06999969482422, 89.05999755859375, 89.13999938964844, 89.2699966430664, 89.4000015258789, 89.18000030517578, 89.54000091552734, 89.23999786376953, 89.30999755859375, 89.2300033569336, 89.41000366210938, 89.41000366210938, 89.58999633789062, 89.37000274658203, 89.63999938964844, 89.6500015258789, 89.66000366210938, 89.70999908447266, 89.9800033569336, 89.97000122070312, 89.87999725341797, 89.9800033569336, 89.75, 89.81999969482422, 89.91000366210938, 89.9000015258789, 90.05000305175781, 89.72000122070312, 89.94000244140625, 90.0, 90.19000244140625, 89.93000030517578]
backdoor_accuracy=[0, 0.0, 0.0, 0.0, 0.3, 11.6, 15.1, 26.5, 49.0, 60.0, 66.7, 82.4, 85.3, 89.2, 90.2, 92.2, 93.5, 94.8, 95.2, 96.5, 96.6, 98.1, 98.5, 98.7, 98.7, 98.7, 98.9, 99.2, 99.2, 98.9, 99.3, 98.8, 99.6, 99.6, 99.6, 99.6, 99.6, 99.6, 99.6, 99.6, 99.6, 99.8, 99.9, 99.8, 99.7, 99.8, 99.8, 99.8, 99.9, 99.9, 99.9, 99.9, 99.9, 99.9, 99.9, 99.8, 99.9, 99.9, 99.9, 99.9, 99.9, 99.9, 99.9, 99.9, 99.9, 99.9, 99.9, 99.9, 99.9, 99.9, 99.9, 99.9, 99.9, 99.9, 99.9, 99.9, 99.9, 99.9, 99.9, 99.9, 99.9, 99.9, 99.9, 99.9, 99.9, 99.9, 99.9, 99.9, 99.9, 99.9, 99.9, 99.9, 99.9, 99.9, 99.9, 99.9, 99.9, 99.9, 99.9, 99.9, 99.9]
loss_list=[1.392573192136155, 0.8731802779215353, 0.6686385804856266, 0.5656560323028653, 0.525198046559537, 0.500362568459025, 0.4675840063227547, 0.43404450101984854, 0.41923298095525413, 0.4188584173719088, 0.43341952736179035, 0.4018161897788996, 0.4007255224924948, 0.3805134821821142, 0.39095085826874876, 0.35117440498261543, 0.38490419659625597, 0.33891228362228026, 0.3349503864430719, 0.34093455209362283, 0.3244268241648872, 0.3474678281487689, 0.3109817457557828, 0.3234796899198382, 0.3384466517716646, 0.3266795682479386, 0.29492331442802583, 0.3076509886041835, 0.3101853301576166, 0.30295130043738977, 0.28408012246988995, 0.2864244142512756, 0.30155657947373893, 0.27441793880252924, 0.2859356745887824, 0.2613865464149664, 0.300849189053945, 0.2551441764717715, 0.27240017500395575, 0.2673422870502152, 0.27990908066707626, 0.27121041228442827, 0.2660226620802725, 0.2675808951189672, 0.27422304312112156, 0.2316346078283257, 0.2313262983035572, 0.24749538642181843, 0.24704587432055697, 0.2431757491892549, 0.23852187198655753, 0.24237651899629442, 0.2576230643317104, 0.24955605803643938, 0.2557569063587665, 0.2370636501573716, 0.23114867134330172, 0.23176430473793994, 0.24862776559225663, 0.23960743840887316, 0.2225703865375922, 0.2403494593566629, 0.24525218876423663, 0.2191397103101567, 0.22323974755040749, 0.2166431024894808, 0.2345152679692816, 0.2217681326713689, 0.22843917782970327, 0.2157633057174584, 0.23168775356305696, 0.2218787599182515, 0.20751343113025314, 0.22522204411388552, 0.2174880817653266, 0.20445925264653783, 0.22112925148189616, 0.20984553737151954, 0.19360584253272797, 0.20270377911575557, 0.19573000071018382, 0.19706590856184014, 0.19926008286851424, 0.20004522326678317, 0.2070194724421189, 0.21718010698721094, 0.19723602811874888, 0.20565576928805698, 0.2094725101323867, 0.19799462974037008, 0.18468551981625045, 0.18531211155414998, 0.1998044337732372, 0.1899869792051269, 0.17365048440319866, 0.18151092338030814, 0.19792738497360715, 0.18254832580547645, 0.19037716349724818, 0.18570441648502045]
BBSR:99.9
ABSR:99.9
max acc:90.19
