======================================
    IID: 0
    Dataset: fashion_mnist
    Model: Mnist_CNN
    Model Init: None
    Aggregation Function: daba
    Long attack: 5
    Wide attack: 5
    Threshold reject: 0.5
    Attack method: badnet
    Fraction of malicious agents: 15.0%
    Poison Frac: 0.2
    Backdoor From 7 to 5
    Attack Begin: 0
    Trigger Shape: square
    Trigger Position X: 0
    Trigger Position Y: 0
    Number of agents: 100
    Fraction of agents each turn: 30(30.0%)
    Local batch size: 50
    Local epoch: 3
    Client_LR: 0.01
    Client_Momentum: 0.9
    Global Rounds: 100
======================================
main_task_accuracy=[0, 16.280000686645508, 33.349998474121094, 24.81999969482422, 12.069999694824219, 35.7400016784668, 33.75, 32.66999816894531, 53.08000183105469, 51.560001373291016, 62.459999084472656, 36.72999954223633, 39.97999954223633, 43.16999816894531, 53.400001525878906, 60.79999923706055, 69.4800033569336, 65.30000305175781, 70.97000122070312, 68.29000091552734, 66.5999984741211, 57.290000915527344, 73.18000030517578, 51.75, 71.38999938964844, 69.08999633789062, 75.58000183105469, 61.11000061035156, 76.62999725341797, 66.38999938964844, 68.63999938964844, 57.369998931884766, 75.16000366210938, 75.05999755859375, 74.20999908447266, 67.94999694824219, 72.44999694824219, 71.33000183105469, 68.44000244140625, 73.87000274658203, 65.01000213623047, 76.48999786376953, 77.38999938964844, 72.13999938964844, 70.47000122070312, 71.55999755859375, 75.1500015258789, 70.87000274658203, 67.8499984741211, 79.87000274658203, 76.5999984741211, 75.4800033569336, 72.11000061035156, 74.08999633789062, 67.58000183105469, 63.66999816894531, 76.5999984741211, 68.88999938964844, 70.76000213623047, 72.22000122070312, 74.79000091552734, 67.26000213623047, 75.77999877929688, 75.02999877929688, 72.98999786376953, 75.41000366210938, 79.05000305175781, 61.540000915527344, 78.80999755859375, 73.04000091552734, 61.41999816894531, 75.08000183105469, 78.33999633789062, 74.94999694824219, 67.45999908447266, 80.68000030517578, 76.0999984741211, 84.25, 77.33999633789062, 74.8499984741211, 74.0199966430664, 72.01000213623047, 77.75, 80.0, 76.06999969482422, 75.08999633789062, 75.72000122070312, 73.08000183105469, 76.55999755859375, 79.7300033569336, 79.20999908447266, 80.51000213623047, 78.0199966430664, 83.69000244140625, 79.6500015258789, 74.94000244140625, 83.16000366210938, 81.41000366210938, 78.25, 76.45999908447266, 76.86000061035156]
backdoor_accuracy=[0,0.0,0.0,0.0,0.0,0.0,0.0,0.0,2.3,9.0,45.7,15.5,0.0,0.09727626459143969,0.09727626459143969,0.0,0.0,0.09727626459143969,0.09727626459143969,0.0,0.0,0.09727626459143969,0.09727626459143969,0.09727626459143969,0.09727626459143969,0.09727626459143969,0.09727626459143969,0.09727626459143969,0.09727626459143969,0.09727626459143969,0.09727626459143969,0.09727626459143969,0.09727626459143969,0.09727626459143969,0.09727626459143969,0.19455252918287938,0.19455252918287938,0.19455252918287938,0.19455252918287938,0.19455252918287938,0.19455252918287938,0.19455252918287938,0.19455252918287938,0.19455252918287938,0.19455252918287938,0.19455252918287938,0.19455252918287938,0.19455252918287938,0.2918287937743191,0.19455252918287938,0.19455252918287938,0.19455252918287938,0.2918287937743191,0.0,0.0,0.2918287937743191,0.2918287937743191,0.2918287937743191,0.38910505836575876,0.2918287937743191,0.2918287937743191,0.19455252918287938,0.2918287937743191,0.2918287937743191,0.2918287937743191,0.2918287937743191,0.09727626459143969,0.0,0.2918287937743191,0.19455252918287938,0.19455252918287938,0.2918287937743191,0.19455252918287938,0.2918287937743191,0.19455252918287938,0.2918287937743191,0.2918287937743191,0.2918287937743191,0.2918287937743191,0.2918287937743191,0.19455252918287938,0.19455252918287938,0.2918287937743191,0.19455252918287938,0.19455252918287938,0.2918287937743191,0.19455252918287938,0.19455252918287938,0.19455252918287938,0.2918287937743191,0.2918287937743191,0.2918287937743191,0.2918287937743191,0.2918287937743191,0.2918287937743191,0.2918287937743191,0.2918287937743191,0.2918287937743191,0.2918287937743191,0.19455252918287938]
loss_list=[0.5860189610736745, 0.5278743683149746, 0.5826179182148028, 0.4352444727177637, 0.41939940218610006, 0.3815413411910577, 0.2838448471264871, 0.46749435822956464, 0.4024518584593416, 0.3985047541315885, 0.28232259458424086, 0.26317193502588115, 0.4175314268800792, 0.3104656493966711, 0.3475923595955998, 0.28568193489714944, 0.3455282267877823, 0.22843450732438392, 0.1954954747672659, 0.2026764096705031, 0.33669352942665204, 0.18614246583946714, 0.27313096631751466, 0.21005001565216816, 0.30032472442245867, 0.2415657092635826, 0.22993038570136873, 0.20912015071046847, 0.20871336447970446, 0.13604743877303918, 0.2230341072259391, 0.2613666240821744, 0.1910748764108745, 0.1898355871099298, 0.19112226429571727, 0.22711692658705554, 0.189349340887665, 0.22150861248134757, 0.20437022662922244, 0.2168148280462177, 0.1717395025024652, 0.15920943017236577, 0.14941563238091654, 0.17119777256711996, 0.2684161569169127, 0.18649764464863208, 0.18926292477857515, 0.2215793397921078, 0.22916204492667688, 0.2193741967666833, 0.18144375449785333, 0.15243689617735778, 0.18056868144199223, 0.17565707858982016, 0.2022203302878472, 0.2093712204250727, 0.26293621856702887, 0.2284512230190461, 0.18646195597951673, 0.19267201527689023, 0.19364325409223607, 0.19798233505480448, 0.15331226282393481, 0.15899908561242773, 0.16075578897194853, 0.20445493765458103, 0.1587467096029848, 0.17862864680372786, 0.15895451191669827, 0.15378469042554588, 0.24911184766578437, 0.13268503268681667, 0.18541383257867594, 0.1294975203334189, 0.17244255698127262, 0.18727262543451567, 0.17452957220570575, 0.12281774187675125, 0.1809060818026067, 0.13739505432557012, 0.1959612439086312, 0.16760742529749476, 0.15502603096362255, 0.16825101177933294, 0.1570658818301394, 0.11752388242946096, 0.20225887039965626, 0.23150192639095338, 0.11478525427712719, 0.13922730434536065, 0.1583894461689418, 0.1923582715938895, 0.18411340310013047, 0.13848474894865057, 0.10209177085091682, 0.14726830282513442, 0.1230283310193592, 0.14013698279514017, 0.14113778307218994, 0.13695273507693723]
BBSR:100.0
ABSR:100.0
max acc:83.69
