======================================
    IID: 0
    Dataset: mnist
    Model: cnn_mnist
    Model Init: None
    Aggregation Function: daba
    Fraction NonIID: 0
    Long attack: 3
    Wide attack: 3
    Style send: trust
    Threshold reject: 0.5
    Threshold down: 0.0
    Attack method: badnet
    Fraction of malicious agents: 15.0%
    Poison Frac: 0.2
    Backdoor From 7 to 5
    Attack Begin: 0
    Trigger Shape: square
    Trigger Position X: 0
    Trigger Position Y: 0
    Number of agents: 100
    Fraction of agents each turn: 30(30.0%)
    Local batch size: 50
    Local epoch: 3
    Client_LR: 0.01
    Client_Momentum: 0.9
    Global Rounds: 100
======================================
main_task_accuracy=[0.0,28.710057870677023,23.641220527123505,36.80417236473914,22.208722560087068,65.59437179897404,47.81336553805769,52.79204744396868,61.30689368262942,53.042484098046934,82.18329331944736,75.16104739913138,66.64620116047064,77.49511884939358,81.83268353228183,84.11666459464031,87.0517824861463,86.4707676144319,85.15848199273229,87.46249462462016,92.17070830692349,88.23384379910448,87.1419360131088,83.67589363779213,94.0139184124338,90.40763212225092,80.54042948011161,92.72166436026356,82.83443014859486,90.96860778171576,94.07402840646228,93.2025060988907,92.16068870079872,94.59493328414818,96.24781672960872,95.55660911868227,76.20286479722336,91.71991774395053,94.40459898137826,96.08753360249295,96.15765555992607,96.47821417143743,94.8052991564475,93.68334019479765,94.18421350295417,95.71689224579804,96.18770673558024,96.18770673558024,94.56488210849402,96.40809221400433,95.07577502277532,96.17769477217561,95.28614089507462,97.3597560851338,96.01741164505985,94.94554307131372,96.35800946882077,96.37804103835016,96.23779712348394,96.92900473441038,96.15765555992607,92.90197905690871,96.21776555395455,97.03919747362244,95.6768214640191,97.25957530932637,95.96732889987629,96.53832416546591,97.24956334592174,96.94903630393978,91.80005930750842,97.2896341277007,94.37454780572409,97.64024391486622,97.01915826137288,98.24129035611,97.86062939329031,97.33971687288424,95.44641637947024,95.42638480994084,97.87064135669493,97.11933139446015,97.34973647900902,97.31968530335486,96.78876081954417,97.44990961209629,98.39155387710099,97.14939021283448,97.58014156355789,96.66854847420736,95.4063455976913,96.62847769242842,97.73039744182871,96.78876081954417,97.98083409590697,97.89068056894448,98.1010464412438,97.63022430874145,98.05095605334007,94.1341307577706,97.5]
backdoor_accuracy=[0.0,15.5,0.0,0.9833333333333334,0.0,0.016666666666666666,0.13333333333333333,0.0,0.05,0.0,0.0,0.0,0.0,0.1,0.06666666666666667,0.03333333333333333,0.0,0.0,0.0,0.0,0.05,0.1,0.0,0.05,0.06666666666666667,0.05,0.0,0.0,0.03333333333333333,0.06666666666666667,0.0,0.0,0.05,0.03333333333333333,0.016666666666666666,0.016666666666666666,0.016666666666666666,0.016666666666666666,0.0,0.06666666666666667,0.0,0.0,0.0,0.03333333333333333,0.05,0.016666666666666666,0.05,0.05,0.06666666666666667,0.05,0.06666666666666667,0.06666666666666667,0.06666666666666667,0.03333333333333333,0.06666666666666667,0.06666666666666667,0.03333333333333333,0.06666666666666667,0.03333333333333333,0.03333333333333333,0.06666666666666667,0.016666666666666666,0.08333333333333334,0.06666666666666667,0.05,0.03333333333333333,0.06666666666666667,0.05,0.016666666666666666,0.05,0.05,0.016666666666666666,0.016666666666666666,0.03333333333333333,0.06666666666666667,0.06666666666666667,0.06666666666666667,0.03333333333333333,0.016666666666666666,0.03333333333333333,0.08333333333333334,0.03333333333333333,0.06666666666666667,0.06666666666666667,0.05,0.03333333333333333,0.06666666666666667,0.03333333333333333,0.05,0.13333333333333333,0.05,0.08333333333333334,0.06666666666666667,0.03333333333333333,0.03333333333333333,0.03333333333333333,0.05,0.06666666666666667,0.05,0.13333333333333333,0.1]
loss_list=[0.4784627119533367, 0.2888225804014189, 0.27012710687539404, 0.2702777128505624, 0.3193958855363196, 0.15547118008310803, 0.19498685123529336, 0.20314906679465644, 0.16689417211724852, 0.18792730251302758, 0.15372771531896415, 0.1124219259556339, 0.16709259911113247, 0.17791657080140333, 0.10201889458535504, 0.10762657453977931, 0.08566398414908825, 0.09527534036537061, 0.0710391265276405, 0.08802840119550874, 0.07033939451772511, 0.06839541120039133, 0.0601006728468134, 0.08530648624547152, 0.0653675168822309, 0.0896501485276976, 0.07845687875987467, 0.07324869941848108, 0.0719419197666898, 0.07096271400534081, 0.05476732301982536, 0.07871099529341304, 0.06929390449585622, 0.05430017856705663, 0.057051738136860285, 0.05643931512801866, 0.08868791834730545, 0.05452893164191921, 0.060354020732463404, 0.05597728026414463, 0.05538463407164245, 0.0532213833223969, 0.05473245238802092, 0.06304359603234601, 0.048243799984024865, 0.0419222982427767, 0.040774100004094635, 0.044803554787035356, 0.05345459963428045, 0.04622235302928908, 0.03915729931774269, 0.047406617540919925, 0.04359777856204848, 0.03991697747196098, 0.04212818897321256, 0.04416980557558341, 0.042414786179383386, 0.040285941893780874, 0.040690102666516195, 0.03677035958456154, 0.035752034448973936, 0.04765179257790532, 0.04157898204444251, 0.03203409393766908, 0.042737127693455154, 0.038283002903534355, 0.04087291186501111, 0.04078468780093954, 0.03697843209625313, 0.03267783235405495, 0.04948242731043044, 0.033041558562378594, 0.0432512676594107, 0.033209542206134084, 0.03604758735127531, 0.028590848006872758, 0.02993596263975932, 0.03480147815538388, 0.03641533226393238, 0.032851040920208005, 0.032956056969780545, 0.039151308563720184, 0.027903362932371188, 0.03422484581743327, 0.03067053552480612, 0.03753941216172632, 0.027827542753054445, 0.03267183376654355, 0.031109834740264207, 0.037638571027035314, 0.03256740204495542, 0.037640420628127905, 0.029659741736745102, 0.03524797180953754, 0.031145953464499446, 0.02799226984041834, 0.02435874148121033, 0.02944175241414295, 0.02358859959231192, 0.0398344099735239]
BBSR:100.0
ABSR:0.14
max acc:97.93
