======================================
    IID: 0
    Dataset: mnist
    Model: Mnist_CNN
    Model Init: None
    Aggregation Function: flame
    Fraction NonIID: 15
    Long attack: 3
    Wide attack: 3
    Style send: trust
    Threshold reject: 0.5
    Threshold down: 0.0
    Attack method: badnet
    Fraction of malicious agents: 15.0%
    Poison Frac: 0.2
    Backdoor From 7 to 5
    Attack Begin: 0
    Trigger Shape: square
    Trigger Position X: 0
    Trigger Position Y: 0
    Number of agents: 100
    Fraction of agents each turn: 30(30.0%)
    Local batch size: 50
    Local epoch: 3
    Client_LR: 0.01
    Client_Momentum: 0.9
    Global Rounds: 100
    Noise in FLAME: 0.001
proportion of malicious are selected:0.5575
proportion of benign are selected:0.5507692307692308
======================================
main_task_accuracy=[0.0,16.908707089329877,17.098133006229705,37.03764906121609,52.85965247705891,52.221588632655596,52.73004457017683,50.38715317841581,62.20131379304474,65.35176068031699,62.1614338519794,71.79222283910865,73.29765068113969,73.4073186174891,79.817872722062,80.54566833544258,84.39399517555565,86.09882272291334,76.39824574050002,83.1876554820331,81.40306805254473,84.35411523449031,82.23055971542811,87.71392610761481,87.74383416183355,87.78371410289888,86.15863883135084,90.74472556537005,91.02388515282739,88.84050591900669,90.92418149700354,91.07372937441829,90.75469745221663,92.34985706322492,90.05681749937582,91.38279701609437,91.46254929190403,92.32992089585277,93.27704477561115,92.33989278269935,91.11360931548363,91.97100903258577,92.06073319524201,92.96798474025607,93.06768078975891,92.96798474025607,92.55922104907717,94.00484038899171,93.16737683926173,93.13746878504298,93.22720055402024,93.67583657994348,93.17734872610832,93.31692471667648,93.7755326294463,93.64592852572473,93.68580846679006,93.8951724526423,93.81541257051164,93.85529251157696,93.67583657994348,93.80544068366505,93.5462324762219,93.8951724526423,93.96496044792639,93.17734872610832,94.51330012967345,94.37372413910529,94.58308812495754,93.70574463416222,94.53323629704562,93.96496044792639,94.22417626169054,94.06465649742921,93.78550451629289,94.65287612024161,94.45347641491495,94.57311623811096,94.5432081838922,93.98489661529854,94.34380847856553,95.16132825460235,94.93202810137794,94.93202810137794,95.20120819566768,94.58308812495754,94.35378036541212,94.24411242906271,94.68278417446037,94.68278417446037,95.00181609666203,95.30090424517051,94.86224010609386,94.5930524054831,95.18127202829552,94.94199998822452,94.75257216974444,95.39063601414776,95.06163220509951,94.79245211080978,95.60000000000001]
backdoor_accuracy=[0.0,0.0,0.0,15.219402985074627,0.0,27.33582089552239,1.0343283582089553,1.182089552238806,1.4776119402985075,2.6597014925373137,5.1716417910447765,1.182089552238806,1.0343283582089553,1.3298507462686568,1.773134328358209,2.364179104477612,1.3298507462686568,1.0343283582089553,3.8417910447761194,2.955223880597015,2.8074626865671646,1.182089552238806,1.3298507462686568,1.182089552238806,1.0343283582089553,1.4776119402985075,2.0686567164179106,1.773134328358209,0.8865671641791045,1.182089552238806,1.3298507462686568,1.0343283582089553,1.4776119402985075,0.7388059701492538,1.6253731343283582,1.0343283582089553,1.6253731343283582,1.0343283582089553,1.3298507462686568,1.4776119402985075,5.023880597014926,2.216417910447761,6.353731343283583,4.432835820895522,1.182089552238806,1.6253731343283582,1.6253731343283582,1.6253731343283582,1.182089552238806,1.4776119402985075,1.4776119402985075,0.7388059701492538,2.0686567164179106,3.1029850746268655,2.955223880597015,2.364179104477612,1.9208955223880597,1.4776119402985075,2.364179104477612,3.1029850746268655,8.274626865671642,3.6940298507462686,4.580597014925373,9.013432835820897,4.876119402985075,3.1029850746268655,6.353731343283583,2.364179104477612,3.1029850746268655,5.762686567164179,6.205970149253731,6.058208955223881,6.944776119402985,3.2507462686567163,7.683582089552239,18.470149253731343,7.535820895522389,6.6492537313432845,24.232835820895524,21.720895522388062,15.071641791044778,14.480597014925374,8.422388059701493,6.6492537313432845,10.934328358208957,6.7970149253731345,9.161194029850746,14.480597014925374,15.219402985074627,15.514925373134329,25.41492537313433,10.195522388059702,37.235820895522394,16.401492537313434,13.002985074626865,8.717910447761195,5.91044776119403,9.013432835820897,9.456716417910448,6.944776119402985,9.9]
loss_list=[0.72983240021943, 0.7213452067232566, 0.6811447047801588, 0.6173531216351122, 0.4689147465510652, 0.41571485577990813, 0.31625647504013527, 0.2922192357898251, 0.2761342562367315, 0.2476412517610826, 0.2444290733728735, 0.23533551493111482, 0.2243400040722739, 0.20026845548221636, 0.16078966342584136, 0.18088630922998, 0.14228363543785683, 0.15090126183833766, 0.18492628179716294, 0.16922966514847682, 0.1507880653390542, 0.1439365782078486, 0.12118970470296116, 0.10077584026709539, 0.10920813196822907, 0.10445739416219345, 0.13276150093851471, 0.12968997892896114, 0.08206923476178535, 0.10941328457721324, 0.1027160927746921, 0.11244445999635565, 0.104056347990731, 0.11862879235210726, 0.11322533849550129, 0.1054306151526336, 0.07938887527429976, 0.1055004613179883, 0.0727030801779788, 0.09128281521526219, 0.08712126577537257, 0.07299518721185587, 0.0968427742915747, 0.08813632530409782, 0.08661595893929983, 0.08835339056596145, 0.08993718167554819, 0.08262398330872418, 0.0737576893841331, 0.08580662801527289, 0.08427902968934475, 0.07200610737442766, 0.08959059862897469, 0.07615243277342479, 0.06429208338585907, 0.08522265352406129, 0.06525077801484255, 0.06834406958391107, 0.07962613637186773, 0.07210581160037463, 0.06710871412093898, 0.05400985243053881, 0.06200499813731195, 0.09970072537692785, 0.07207117945563521, 0.08657493897945821, 0.05784716846923141, 0.06615703455247521, 0.08213367339915952, 0.09051169968072886, 0.05629768421307027, 0.06316467044230784, 0.06767021108782084, 0.06423285532456689, 0.07172822719840682, 0.07278241184208868, 0.07560918771333126, 0.06171932323004212, 0.05948888848231608, 0.07420888064265958, 0.08753147977318337, 0.06793370502089195, 0.046600871840183036, 0.08732554856450715, 0.05097918774318432, 0.06168887772586933, 0.06506507640879816, 0.07494714323493891, 0.07587210251056369, 0.09772809452967016, 0.0759602307375197, 0.06671111728677535, 0.05828764379524373, 0.05638094125195963, 0.052588701371552755, 0.04721971653225348, 0.09616605127533752, 0.059739437697896254, 0.07038379639479006, 0.05234619383656703]
BBSR:24.51
ABSR:8.35
max acc:95.89
