======================================
    IID: 0
    Dataset: mnist
    Model: Mnist_CNN
    Model Init: None
    Aggregation Function: flame
    Fraction NonIID: 5
    Long attack: 5
    Wide attack: 5
    Style send: trust
    Threshold reject: 0.5
    Threshold down: 0.0
    Attack method: badnet
    Fraction of malicious agents: 15.0%
    Poison Frac: 0.2
    Backdoor From 7 to 5
    Attack Begin: 0
    Trigger Shape: square
    Trigger Position X: 0
    Trigger Position Y: 0
    Number of agents: 100
    Fraction of agents each turn: 30(30.0%)
    Local batch size: 50
    Local epoch: 3
    Client_LR: 0.01
    Client_Momentum: 0.9
    Global Rounds: 100
    Noise in FLAME: 0.001
proportion of malicious are selected:0.595
proportion of benign are selected:0.5361538461538462
======================================
main_task_accuracy=[0, 24.459999084472656, 20.469999313354492, 51.18000030517578, 53.619998931884766, 67.88999938964844, 58.06999969482422, 63.15999984741211, 76.4800033569336, 78.48999786376953, 68.81999969482422, 75.77999877929688, 81.87000274658203, 81.19000244140625, 85.30999755859375, 86.3499984741211, 78.33000183105469, 84.06999969482422, 86.4000015258789, 84.43000030517578, 85.94000244140625, 90.16999816894531, 86.43000030517578, 89.01000213623047, 89.94000244140625, 84.75, 88.31999969482422, 88.22000122070312, 86.9800033569336, 89.33000183105469, 86.83000183105469, 88.62999725341797, 92.11000061035156, 92.23999786376953, 92.70999908447266, 93.33999633789062, 94.0199966430664, 93.72000122070312, 93.16999816894531, 93.12000274658203, 91.0, 92.86000061035156, 92.1500015258789, 94.08000183105469, 93.45999908447266, 93.04000091552734, 92.33000183105469, 91.83999633789062, 93.58000183105469, 94.06999969482422, 93.83999633789062, 93.87000274658203, 93.48999786376953, 94.48999786376953, 94.41000366210938, 93.44000244140625, 93.5, 94.58999633789062, 93.5999984741211, 94.38999938964844, 94.80000305175781, 94.69000244140625, 93.56999969482422, 94.19999694824219, 94.41000366210938, 94.73999786376953, 94.16000366210938, 95.38999938964844, 94.77999877929688, 93.9000015258789, 95.37999725341797, 94.87999725341797, 94.44999694824219, 95.37000274658203, 95.05000305175781, 95.12999725341797, 95.26000213623047, 95.20999908447266, 95.7300033569336, 94.80999755859375, 94.68000030517578, 95.76000213623047, 95.7699966430664, 95.16000366210938, 95.52999877929688, 95.55999755859375, 95.37999725341797, 95.11000061035156, 95.55999755859375, 95.45999908447266, 95.86000061035156, 95.88999938964844, 96.0, 96.08999633789062, 96.19000244140625, 96.12000274658203, 95.91000366210938, 96.05999755859375, 96.36000061035156, 95.97000122070312, 95.75]
backdoor_accuracy=[0, 0.0, 0.0, 0.0, 0.0, 0.0, 0.0, 0.0, 0.0, 0.0, 0.0, 0.0, 0.0, 0.0, 0.0, 0.0, 0.09727626459143969, 0.19455252918287938, 0.0, 0.0, 0.38910505836575876, 0.9727626459143969, 0.19455252918287938, 0.2918287937743191, 0.19455252918287938, 0.2918287937743191, 0.48638132295719844, 0.19455252918287938, 0.19455252918287938, 0.19455252918287938, 0.48638132295719844, 0.09727626459143969, 0.09727626459143969, 0.09727626459143969, 0.09727626459143969, 0.48638132295719844, 0.19455252918287938, 0.38910505836575876, 0.19455252918287938, 0.19455252918287938, 0.19455252918287938, 0.48638132295719844, 0.48638132295719844, 0.19455252918287938, 0.38910505836575876, 0.19455252918287938, 0.19455252918287938, 0.9727626459143969, 0.6809338521400778, 0.48638132295719844, 0.48638132295719844, 0.48638132295719844, 0.38910505836575876, 0.7782101167315175, 0.5836575875486382, 0.6809338521400778, 1.0700389105058365, 1.264591439688716, 0.7782101167315175, 0.9727626459143969, 2.0428015564202333, 1.1673151750972763, 1.9455252918287937, 1.4591439688715953, 3.501945525291829, 2.9182879377431905, 2.3346303501945527, 1.6536964980544746, 1.7509727626459144, 7.976653696498055, 2.6264591439688716, 3.501945525291829, 3.8910505836575875, 2.6264591439688716, 1.9455252918287937, 3.6964980544747084, 3.404669260700389, 2.821011673151751, 7.101167315175097, 6.906614785992218, 7.003891050583658, 7.003891050583658, 6.614785992217898, 10.311284046692608, 7.003891050583658, 4.280155642023346, 5.155642023346304, 7.392996108949417, 3.404669260700389, 4.280155642023346, 9.922178988326849, 4.280155642023346, 8.560311284046692, 12.45136186770428, 14.591439688715953, 12.937743190661479, 17.801556420233464, 15.46692607003891, 13.715953307392995, 10.700389105058365, 15.077821011673151]
loss_list=[1.158046207031994, 1.099287759139056, 0.8786081634929267, 0.719464121456258, 0.5499357093644276, 0.4325215559626102, 0.43744882524927586, 0.37796452919874424, 0.32864158006681526, 0.3088223830616549, 0.36850915525419015, 0.32527892141486514, 0.3046027406721475, 0.2689362491003704, 0.2460462017209014, 0.2418586393635808, 0.24821156912610473, 0.2580696687905368, 0.23587838965869093, 0.2082387960822908, 0.23225237150737452, 0.20161287994341542, 0.17410828287653943, 0.1738181908546176, 0.17777682825724636, 0.21039205328032648, 0.20855115136750374, 0.22600735044361933, 0.24685026931664816, 0.1516933366557566, 0.16376281932930364, 0.20619435915378542, 0.15720179410798998, 0.1640375736928548, 0.1667020222140019, 0.18365534579319906, 0.1472039177639009, 0.1305515317652936, 0.13219519043467395, 0.11706948656849649, 0.1629809535559185, 0.13491089131883335, 0.13241279481344262, 0.130592191623388, 0.11756935228717606, 0.13485407508130345, 0.15002927310115616, 0.11936847160277134, 0.11393408265281695, 0.1285972076445911, 0.12442900391543038, 0.09833836896769722, 0.12298845490060285, 0.15138036163318652, 0.08305511737852071, 0.1257936634507844, 0.12007828041669671, 0.10824746043116816, 0.10195757282965198, 0.13855327175837576, 0.13335680095472427, 0.135062375496596, 0.10120835073669089, 0.09990939813970016, 0.10050308939000356, 0.11752725344070278, 0.11680210726245936, 0.14394275922007552, 0.1200858375465436, 0.12462536150811095, 0.0967443713873721, 0.0984109098887981, 0.09997918864647985, 0.09566269590088133, 0.10834607043191936, 0.11794191928994326, 0.10909597009889291, 0.11879411377190338, 0.09227009374872405, 0.10721474724847616, 0.1002191448241653, 0.11226420768616793, 0.07997544024424466, 0.10901724457947233, 0.08715239076796837, 0.0838138680678417, 0.1207631661397426, 0.11493762505710979, 0.06845863191903508, 0.08570854194037573, 0.09005680571637731, 0.10149732980291261, 0.07374242796289358, 0.09871452494739262, 0.09592356164754554, 0.07056029086761524, 0.08186245579459156, 0.0961256146284595, 0.09653780646315101, 0.0887454721328491]
BBSR:17.8
ABSR:12.56
max acc:96.36
