======================================
    IID: 0
    Dataset: mnist
    Model: Mnist_CNN
    Model Init: None
    Aggregation Function: fltrust
    Long attack: 5
    Wide attack: 5
    Threshold reject: 0.3
    Threshold down: 0.0
    Attack method: badnet
    Fraction of malicious agents: 15.0%
    Poison Frac: 0.2
    Backdoor From 7 to 5
    Attack Begin: 0
    Trigger Shape: square
    Trigger Position X: 0
    Trigger Position Y: 0
    Number of agents: 100
    Fraction of agents each turn: 30(30.0%)
    Local batch size: 50
    Local epoch: 3
    Client_LR: 0.01
    Client_Momentum: 0.9
    Global Rounds: 100
======================================
main_task_accuracy=[0.0,28.050122305196556,42.43624342311605,47.99750168719543,43.617891942128225,53.08047100543204,46.271917281144816,44.94021452226826,73.26230834847402,71.70552780729088,64.29676785601606,56.212781712801416,70.4488557458365,68.31062575764881,52.180167031185626,70.85211757174707,71.51796716244036,80.7648486221741,74.11571858401783,80.3428264387905,79.45190264328059,84.43171146035543,87.74220621132879,85.37890917330446,84.11285693311356,86.41050702994222,85.79155117795155,87.08573679937203,87.93914703491583,88.15484821597589,88.35178903956292,89.43966081363982,86.96382309571719,89.88042904453653,89.8054090795843,89.36463369370762,86.89817615452151,89.95545616446871,87.1888973005338,90.22742410798794,89.61784127975382,89.91794260450261,90.49939205150716,91.1183550584778,90.79949337625597,91.47472314568577,90.59317237393242,90.98705402110649,90.04923648689397,90.1055104043331,88.4643297194612,84.50673858028763,85.03191410985305,90.93078725864733,90.83700693622207,90.82762675748555,90.88390067492467,90.6588193151281,91.01519455731604,90.04923648689397,89.83354246081387,91.76544429169806,90.76197981628987,91.46534296694925,91.0339477598091,91.19337502343004,91.62477023057019,91.00581437857952,89.24271999005279,90.31183140665665,90.61193273140546,91.1183550584778,91.3340490845579,91.28715534585528,91.55912328937451,92.14995291511558,90.73384643506029,91.01519455731604,90.96830081861341,91.39031584701706,91.55912328937451,91.69979735050238,91.19337502343004,90.77135999502639,90.30245122792013,91.69979735050238,91.85922461412332,91.90611835282593,91.61539720681364,91.68104414800932,91.64353058804322,92.2624864400339,92.10305917641296,92.19683949883822,92.01865903272422,91.53098990814493,91.98114547275812,92.29062697624344,90.82762675748555,91.66228379053628,92.3]
backdoor_accuracy=[0.0,3.749117647058824,0.0,0.0,6.189019607843138,0.0,0.059509803921568634,0.3570588235294118,0.0,0.29754901960784313,0.1785294117647059,0.11901960784313727,3.6300980392156865,0.11901960784313727,4.939313725490196,3.6300980392156865,0.0,0.3570588235294118,1.1901960784313725,0.23803921568627454,4.225196078431373,0.654607843137255,5.355882352941177,2.0233333333333334,3.570588235294118,4.1061764705882355,3.035,1.0116666666666667,15.294019607843138,0.9521568627450981,19.400196078431375,2.61843137254902,8.926470588235295,3.1540196078431375,3.094509803921569,8.390882352941176,0.8926470588235295,19.57872549019608,8.569411764705883,19.697745098039217,5.23686274509804,45.227450980392156,9.819117647058825,22.970784313725492,47.01274509803922,55.701176470588244,45.58450980392157,56.17725490196079,55.5821568627451,31.540196078431375,49.09558823529412,44.92990196078432,57.30794117647059,46.35813725490196,51.65450980392157,60.759509803921574,50.82137254901961,57.36745098039216,57.36745098039216,53.55882352941177,60.521470588235296,54.09441176470589,57.60549019607844,48.619509803921574,51.297450980392156,58.91470588235295,52.13058823529412,56.415294117647065,22.435196078431375,59.92637254901961,49.45264705882353,50.345294117647065,59.152745098039226,56.95088235294118,58.67666666666667,60.87852941176471,58.081568627450984,61.17607843137255,59.271764705882354,60.99754901960785,60.93803921568628,60.46196078431373,59.3907843137255,61.11656862745098,60.99754901960785,61.11656862745098,60.521470588235296,61.05705882352941,59.98588235294118,61.11656862745098,59.152745098039226,59.21225490196078,60.93803921568628,59.03372549019608,60.81901960784314,60.521470588235296,60.64049019607844,60.93803921568628,61.11656862745098,54.57049019607843,60.7]
loss_list=[0.5091214163546645, 0.31839593417894724, 0.23690552748708224, 0.28554885509300015, 0.2089652271708588, 0.21776258402362633, 0.17753997170459182, 0.1616016182664645, 0.12550414256292797, 0.11858034824025208, 0.11471375432446626, 0.1422728064652187, 0.115989852486414, 0.16076436291523685, 0.18123439595702776, 0.13695528913808352, 0.11568716780124404, 0.11070135426136783, 0.1326588495848602, 0.09341402763593032, 0.07715315756158621, 0.07973886924332738, 0.06914164534754151, 0.08301231205587815, 0.06580424216269203, 0.07182578838729052, 0.06292020154972282, 0.06007948592127821, 0.05888918145647139, 0.06756338579125272, 0.04983156773037634, 0.05328014325882114, 0.062248456455110186, 0.04568914985863486, 0.03944730563456165, 0.04730097225516164, 0.04069036633626809, 0.055115451540707364, 0.05709689684414469, 0.04156004943247227, 0.05639157194111872, 0.04491547521038933, 0.04817013042138338, 0.0437120642042523, 0.03803378446472278, 0.03599985988648168, 0.04163346498720389, 0.040186519026902144, 0.04369489384478495, 0.039681136898533684, 0.040829336444591253, 0.050625119133408385, 0.051784131881193705, 0.038757019693725345, 0.04529139816243986, 0.0366306217915624, 0.03654166198659307, 0.03168645784254741, 0.03505858377357409, 0.037396588115989636, 0.04135980571741084, 0.02982830234732656, 0.035788292911714356, 0.02980458591037939, 0.035221753944244406, 0.032123595444030185, 0.029019537045431556, 0.033771372492644364, 0.040234162731424945, 0.037529141486129715, 0.03235477590726953, 0.034234544933447304, 0.034026035766171955, 0.03097337006611101, 0.028952357823861987, 0.026755535710049967, 0.03015945821370691, 0.02933014320416741, 0.026681571653297296, 0.027201696569176828, 0.031541179403385904, 0.02417371377245258, 0.03065354157091676, 0.03480792766542386, 0.03552661200394048, 0.027134071284464874, 0.028100761966116487, 0.028587680357784643, 0.03092788856339502, 0.027010766470759003, 0.024853702425412738, 0.02603502995368124, 0.025851666421133103, 0.023985146088378314, 0.028892898739926485, 0.026007475400828244, 0.023040088919544104, 0.024229054750358726, 0.028558575566493535, 0.024572407016843704]
BBSR:99.9
ABSR:97.83
max acc:98.42
