======================================
    IID: 0
    Dataset: mnist
    Model: Mnist_CNN
    Model Init: None
    Aggregation Function: krum
    Long attack: 3
    Wide attack: 3
    Attack method: badnet
    Fraction of malicious agents: 15.0%
    Poison Frac: 0.2
    Backdoor From 7 to 5
    Attack Begin: 0
    Trigger Shape: square
    Trigger Position X: 0
    Trigger Position Y: 0
    Number of agents: 100
    Fraction of agents each turn: 30(30.0%)
    Local batch size: 50
    Local epoch: 3
    Client_LR: 0.01
    Client_Momentum: 0.9
    Global Rounds: 100
    Noise in FLAME: 0.001
proportion of malicious are selected:0.6575
proportion of benign are selected:0.5503846153846154
======================================
main_task_accuracy=[0.0,27.11646122733404,30.8970353209999,38.10962044719454,46.45727208619233,46.29639630268344,58.36206301886754,56.15449241913729,64.14463814996405,62.24988649840716,65.44952329331004,63.411761095933116,67.72858893776078,64.59151456873396,65.5835807639066,59.935063103406655,62.32138836192066,59.20218604937572,67.02252337784915,64.70770680164166,68.96197221759326,68.17546535653068,68.90834241056162,66.3790202438136,67.31746345074762,70.26685054214623,68.51509579882334,57.20018160254856,54.71554980519474,63.57263687944201,74.58367156518088,73.15366838887577,71.32147916319494,71.1248524479293,71.30360028792006,69.36415826696897,69.2300939775794,73.52011032528775,75.68299055562379,75.58467719799097,75.16461227334037,73.83292245466808,74.4942976451855,74.78923771808397,73.65417461467732,74.32448924283219,74.08317215817235,71.81303913256603,72.83191682185799,73.26092118414603,71.27678879380075,71.36616271379613,72.09903976782707,71.64323073021272,72.17054163134057,71.48235494670384,71.09804095380998,69.31946789757478,72.15266957485869,70.54391173976981,70.88353536326946,71.06229002205323,70.72265957976057,70.63328565976519,71.07122264089766,70.49922137037562,70.55285117740726,71.13378506677373,69.98084990688521,67.0582743096059,67.81796285775616,69.92722009985357,69.78422319161957,71.00866021502159,70.44559838213699,70.82097293739339,70.81204031854897,70.16853718451341,70.8656633067876,69.98978252572964,70.42772632565513,78.17656179061505,77.78330836008377,77.89056115535402,76.6929288072783,77.94418414359265,78.2838077670923,77.39899436718993,77.75649686596445,78.0961204894641,77.78330836008377,78.37318850588069,78.33743757412394,78.90943884464599,78.73068418586222,78.48043448235795,78.64131026586684,78.59662671526564,78.84687641876991,78.78431399289384,78.4]
backdoor_accuracy=[0.0,0.0,0.19455252918287938,0.0,0.0,0.0,0.0,0.0,0.0,0.0,0.0,0.0,0.0,0.0,0.0,0.0,0.0,0.0,0.09727626459143969,0.09727626459143969,0.09727626459143969,4.280155642023346,4.182879377431907,2.3346303501945527,2.140077821011673,11.284046692607005,4.863813229571984,96.69260700389106,1.8482490272373542,7.198443579766537,14.202334630350194,19.357976653696497,61.38132295719844,65.95330739299611,47.95719844357976,23.346303501945524,67.41245136186771,98.5408560311284,99.41634241245136,98.34630350194553,97.56809338521401,84.92217898832685,99.90272373540856,99.5136186770428,100,99.90272373540856,100,100,100,100,100,100,99.90272373540856,100,100,100,100,99.90272373540856,100,100,100,100,100,100,100,100,100,100,100,100,100,100,100,100,100,100,100,100,100,100,100,100,100,100,100,100,100,100,100,100,100,100,100,100,100,100,100,100,100,100,100]
loss_list=[0.5591696339796872, 0.36096609829428133, 0.3869899606984541, 0.3418097618869541, 0.2793456197780181, 0.2690931463256733, 0.2623036047797894, 0.1923641006926573, 0.17647339637988427, 0.19343349506258306, 0.14760159860448002, 0.17403495425218696, 0.15706282472702432, 0.13790920213711777, 0.14613362765494634, 0.15589147603681577, 0.11839722303072905, 0.19468981034664976, 0.13493838799511879, 0.13378601221537859, 0.13079024268968412, 0.12702164155516635, 0.0875046573224575, 0.12015309467619746, 0.13980082059550608, 0.11320902564940195, 0.15702467332813402, 0.15326991777395493, 0.1841170799987645, 0.1469802678603089, 0.12042064893378716, 0.1041067701332306, 0.1445144137861141, 0.09875696189620461, 0.07255493295451743, 0.10726033481270557, 0.12390325906389606, 0.1427705177188489, 0.13474297063044416, 0.12251128681145654, 0.11263395322924231, 0.12051027473829452, 0.09318179040481576, 0.1434908480495825, 0.08849139542699946, 0.12322409415305108, 0.10217969488137466, 0.14265958755685743, 0.11242746691250746, 0.07873682307952029, 0.13881339132805162, 0.06367579787131648, 0.10877663656984844, 0.11114996455085548, 0.11045623009852881, 0.11530488023355638, 0.08933729177968802, 0.11927133230178953, 0.13026456142716622, 0.10327941396880183, 0.11172975445449831, 0.0700388486391927, 0.15344575634881374, 0.12616535088778025, 0.08698754179513875, 0.13757199966500439, 0.13539850913073787, 0.08178409638041702, 0.09200532122072975, 0.12047271863128552, 0.09647131955370679, 0.1082838971097644, 0.10604432246173315, 0.13240325250660565, 0.13236078396683096, 0.10120514236318254, 0.15314677712845706, 0.14774487775641268, 0.11500090422728725, 0.15322336749039264, 0.1711622686116292, 0.06656978962366407, 0.09137341007184989, 0.06094859273637738, 0.11830862204921949, 0.09554770876943709, 0.09264257780827248, 0.0667694334416308, 0.11027406095292705, 0.11840742103724063, 0.08844647036122644, 0.11106411077204269, 0.1433054352751651, 0.058131567516294017, 0.09301965242341045, 0.09047150336191609, 0.07268776114520877, 0.07485409940174508, 0.06834761568405373, 0.06601802004756288]
BBSR:100.0
ABSR:100.0
max acc:88.29
