======================================
    IID: 1
    Dataset: cifar
    Model: resnet
    Model Init: None
    Aggregation Function: zkp
    Fraction NonIID: 0
    Long attack: 3
    Wide attack: 3
    Wide attack: mistrust
    Threshold reject: 0.5
    Threshold down: 0.0
    Attack method: dba
    Fraction of malicious agents: 15.0%
    Poison Frac: 0.2
    Backdoor From 7 to 5
    Attack Begin: 0
    Trigger Shape: square
    Trigger Position X: 0
    Trigger Position Y: 0
    Number of agents: 100
    Fraction of agents each turn: 30(30.0%)
    Local batch size: 50
    Local epoch: 3
    Client_LR: 0.01
    Client_Momentum: 0.9
    Global Rounds: 100
======================================
main_task_accuracy=[0, 11.210000038146973, 30.030000686645508, 43.9900016784668, 45.959999084472656, 50.27000045776367, 53.099998474121094, 55.310001373291016, 57.880001068115234, 59.41999816894531, 60.849998474121094, 61.630001068115234, 63.18000030517578, 63.20000076293945, 63.540000915527344, 65.01000213623047, 66.20999908447266, 65.70999908447266, 66.4800033569336, 64.87999725341797, 67.55999755859375, 67.06999969482422, 67.72000122070312, 66.6500015258789, 68.63999938964844, 69.47000122070312, 68.81999969482422, 69.6500015258789, 70.41999816894531, 70.16000366210938, 70.62999725341797, 71.66000366210938, 70.55000305175781, 71.20999908447266, 71.01000213623047, 71.16000366210938, 72.0, 72.1500015258789, 72.41999816894531, 72.37999725341797, 72.70999908447266, 72.72000122070312, 72.73999786376953, 72.70999908447266, 72.68000030517578, 72.88999938964844, 72.7300033569336, 72.70999908447266, 72.73999786376953, 72.76000213623047, 72.58999633789062, 72.69999694824219, 72.91000366210938, 72.72000122070312, 72.38999938964844, 72.79000091552734, 72.75, 72.7300033569336, 72.38999938964844, 72.8499984741211, 72.63999938964844, 72.5199966430664, 72.81999969482422, 72.66999816894531, 72.73999786376953, 72.7699966430664, 72.48999786376953, 72.43000030517578, 72.4800033569336, 72.55000305175781, 72.30999755859375, 72.33999633789062, 72.33000183105469, 72.37999725341797, 72.5199966430664, 72.37999725341797, 72.23999786376953, 72.43000030517578, 72.26000213623047, 72.31999969482422, 72.41000366210938, 72.31999969482422, 72.25, 72.29000091552734, 72.25, 72.23999786376953, 72.25, 72.12000274658203, 72.18000030517578, 72.11000061035156, 72.12000274658203, 72.22000122070312, 72.27999877929688, 72.23999786376953, 72.18000030517578, 72.0999984741211, 72.12999725341797, 72.1500015258789, 72.12000274658203, 71.98999786376953, 72.0]
backdoor_accuracy=[0, 0.0, 8.6, 13.3, 19.1, 12.8, 14.3, 9.5, 14.0, 7.3, 11.3, 10.4, 9.0, 8.7, 7.1, 13.1, 11.8, 10.8, 9.7, 10.5, 6.4, 10.0, 9.3, 9.0, 8.3, 7.3, 5.8, 8.3, 9.3, 8.3, 10.8, 6.8, 7.2, 9.0, 9.7, 8.1, 9.5, 9.4, 10.7, 10.3, 9.5, 13.9, 10.9, 11.8, 12.1, 8.0, 12.6, 10.4, 12.3, 9.8, 12.9, 11.8, 10.7, 11.5, 11.7, 11.5, 11.7, 10.3, 12.8, 11.3, 12.0, 12.6, 10.1, 10.8, 11.3, 11.7, 11.7, 11.3, 12.0, 11.7, 12.9, 12.1, 11.8, 11.2, 10.8, 11.2, 11.3, 12.0, 11.6, 13.3, 12.8, 12.5, 12.1, 12.1, 12.0, 12.0, 12.2, 12.0, 12.2, 12.6, 11.6, 12.7, 12.3, 12.4, 12.5, 11.7, 12.6, 12.5, 12.0, 12.7, 12.6]
loss_list=[1.9528731464015119, 1.4567983263731004, 1.060977457811435, 0.8999167096283702, 0.7285096704132025, 0.6514198918309476, 0.5758558034772675, 0.5566431726349726, 0.48638659788295635, 0.48822225176418826, 0.4401171756970385, 0.4003767404384498, 0.4102429829651698, 0.3478796109226014, 0.3517750225919817, 0.337616254016757, 0.3317710773046646, 0.29686667114754933, 0.30493626044597477, 0.2860178325226944, 0.22671035442035647, 0.2157364217041888, 0.26807263154639965, 0.22217039135957345, 0.22702561170949292, 0.18731809284796735, 0.18994037210216952, 0.17135988514870407, 0.1767200967046018, 0.1369615247401978, 0.1471956780794749, 0.15511902598819385, 0.10790044803392246, 0.12331134575406195, 0.10918258044642344, 0.05532326316907225, 0.07945469149543594, 0.08701188367513371, 0.07579377625525617, 0.05691167945999445, 0.057350613975625804, 0.05373841375659041, 0.04888176613985303, 0.03321856563011857, 0.033526862733544674, 0.05328541432856582, 0.02025626518763602, 0.0332038991027447, 0.016567384481831045, 0.02343737609648896, 0.016958210998790395, 0.013909881722324326, 0.007671271404380809, 0.013024354414438779, 0.005261270534602874, 0.005145131682123368, 0.0049977457030197705, 0.012262195002096837, 0.005718982388821636, 0.00405502276630917, 0.0035434105747359965, 0.02716750799041216, 0.0037204728183051995, 0.013424538129394125, 0.006133510702832913, 0.003331008528540325, 0.003479463031900296, 0.005720571527409548, 0.002321911690184303, 0.002212971111956802, 0.0037711676162952143, 0.003586713712203265, 0.0024317278673374352, 0.0018358269656245179, 0.0027094470160631714, 0.004562668650760315, 0.0013847345821785789, 0.0013572359589953625, 0.0021478667546681305, 0.0012680137321391765, 0.0011594017817777864, 0.0011414322589876568, 0.0013053100047464893, 0.0009223280973916796, 0.0008576367916652491, 0.0012148367428259613, 0.0009186612648934694, 0.0008698814405700733, 0.0010903784585227388, 0.0010246250883938046, 0.0014330359087762192, 0.0007512451657385098, 0.004117853554982703, 0.001248313349634473, 0.0009913524952894985, 0.0007340289344655403, 0.0008031908310658764, 0.001199932665242361, 0.0010857453217249715, 0.0007907075235238556]
BBSR:12.7
ABSR:12.4
max acc:72.28
