======================================
    IID: 1
    Dataset: cifar
    Model: resnet
    Model Init: None
    Aggregation Function: flame
    Fraction NonIID: 0
    Long attack: 4
    Wide attack: 4
    Wide attack: trust
    Threshold reject: 0.5
    Threshold down: 0.0
    Attack method: dba
    Fraction of malicious agents: 15.0%
    Poison Frac: 0.2
    Backdoor From 7 to 5
    Attack Begin: 0
    Trigger Shape: square
    Trigger Position X: 0
    Trigger Position Y: 0
    Number of agents: 100
    Fraction of agents each turn: 30(30.0%)
    Local batch size: 50
    Local epoch: 3
    Client_LR: 0.01
    Client_Momentum: 0.9
    Global Rounds: 100
    Noise in FLAME: 0.001
proportion of malicious are selected:0.8125
proportion of benign are selected:0.49884615384615383
======================================
main_task_accuracy=[0, 10.020000457763672, 26.8700008392334, 40.290000915527344, 43.029998779296875, 48.58000183105469, 53.06999969482422, 54.4900016784668, 54.709999084472656, 56.61000061035156, 58.970001220703125, 59.099998474121094, 57.47999954223633, 58.709999084472656, 59.439998626708984, 60.689998626708984, 61.97999954223633, 61.900001525878906, 61.709999084472656, 63.45000076293945, 63.58000183105469, 62.779998779296875, 62.38999938964844, 61.20000076293945, 63.310001373291016, 63.709999084472656, 64.77999877929688, 64.72000122070312, 64.36000061035156, 63.5, 64.38999938964844, 65.20999908447266, 65.02999877929688, 65.16000366210938, 65.7699966430664, 64.52999877929688, 65.16000366210938, 66.48999786376953, 65.25, 65.68000030517578, 66.27999877929688, 65.38999938964844, 64.80999755859375, 66.23999786376953, 64.44999694824219, 67.16999816894531, 66.5, 65.70999908447266, 66.30999755859375, 66.98999786376953, 66.2300033569336, 66.51000213623047, 67.44000244140625, 67.51000213623047, 65.83000183105469, 68.05000305175781, 66.4000015258789, 67.70999908447266, 68.38999938964844, 67.94999694824219, 68.61000061035156, 67.87000274658203, 67.95999908447266, 67.7300033569336, 67.08999633789062, 68.2300033569336, 68.22000122070312, 66.55999755859375, 66.66000366210938, 67.47000122070312, 68.12999725341797, 66.68000030517578, 68.18000030517578, 67.45999908447266, 67.80000305175781, 67.69999694824219, 67.86000061035156, 68.30999755859375, 68.26000213623047, 69.05000305175781, 67.94000244140625, 67.9800033569336, 67.6500015258789, 65.70999908447266, 68.01000213623047, 68.33999633789062, 68.26000213623047, 69.08999633789062, 69.05000305175781, 66.3499984741211, 67.30000305175781, 69.55999755859375, 68.98999786376953, 69.56999969482422, 69.16999816894531, 69.87000274658203, 68.7300033569336, 68.25, 68.91000366210938, 69.81999969482422, 67.68000030517578]
backdoor_accuracy=[0, 0.0, 12.5, 14.9, 6.6, 32.5, 2.2, 10.2, 24.1, 16.3, 8.9, 8.9, 3.2, 7.5, 6.7, 1.9, 8.3, 6.0, 2.4, 7.0, 7.4, 9.1, 11.2, 4.5, 6.2, 9.4, 9.1, 11.1, 5.9, 6.7, 9.9, 5.7, 9.4, 7.6, 4.6, 17.1, 10.2, 6.6, 5.5, 12.8, 14.5, 3.5, 8.9, 4.8, 6.1, 10.2, 9.1, 6.3, 5.8, 15.6, 8.3, 15.7, 4.0, 7.5, 8.0, 9.0, 10.9, 10.3, 5.3, 9.7, 10.3, 7.8, 12.8, 10.8, 6.6, 7.1, 9.2, 4.4, 5.2, 7.6, 9.2, 17.0, 6.1, 12.2, 5.7, 4.4, 12.1, 9.0, 9.9, 4.3, 11.3, 14.5, 13.5, 6.7, 17.0, 6.8, 11.8, 7.3, 6.0, 15.3, 8.9, 4.7, 5.2, 5.1, 5.6, 6.4, 5.1, 9.9, 10.7, 10.8, 8.6]
loss_list=[1.9689666265911525, 1.5197162369224761, 1.1398335033324025, 0.9473980750971369, 0.8509646490712961, 0.6979587817481825, 0.6617997776592771, 0.5933564193257028, 0.5931219631536968, 0.5557703541798723, 0.503565898851181, 0.5135862997360526, 0.5125561940369922, 0.490522982314643, 0.45315852665238915, 0.5079343388633182, 0.42811166367493575, 0.4509436918867544, 0.3946803130747544, 0.44078050234872446, 0.3590831540514611, 0.4078551291715769, 0.4149102454492822, 0.4113226030668657, 0.4376521390034921, 0.40636536629560094, 0.4049714135388947, 0.3673415135514613, 0.3722257659822289, 0.3347180252791279, 0.4124648639528701, 0.38703297533819236, 0.3591033219763389, 0.3702934367571854, 0.3746369826902324, 0.3910940751397154, 0.3790582370939148, 0.32979307964858084, 0.342965015106731, 0.32586947918817816, 0.3551260141272926, 0.3332513849230275, 0.3002134796475163, 0.3462678090783044, 0.33353309947635146, 0.32914952822960913, 0.3140519711737417, 0.3735572196786395, 0.34333062505815176, 0.3732282242039218, 0.3346586143535872, 0.3156317698614052, 0.2764349531641023, 0.3489714764312117, 0.3510941783902751, 0.36833895812380235, 0.39432517198664646, 0.269698089711989, 0.3209296702816048, 0.29427625070481256, 0.29767434687586497, 0.2745507592299125, 0.2938177407690738, 0.3535945304537503, 0.3073221928985893, 0.2689201888012596, 0.28925078668916177, 0.3086510112643656, 0.32700931249289883, 0.31999213584258945, 0.3775595214862067, 0.3399571197821448, 0.32968692636065605, 0.25492945933248845, 0.28279236648128264, 0.33179735240397146, 0.3096631231228821, 0.28560736363650197, 0.27641803090693423, 0.3166443816299499, 0.29104136741176867, 0.3347641368313796, 0.36372580193604026, 0.34637205576782837, 0.3050131274376892, 0.2900122489081696, 0.2102911025694468, 0.30689013632298967, 0.34202811699826274, 0.26734717197302316, 0.23823466131075602, 0.22681948754212095, 0.26203540218036836, 0.22028821888082242, 0.25073504299999017, 0.28440698615792726, 0.29142887956695634, 0.25289793427697277, 0.3038597342329255, 0.35229590909322717]
BBSR:10.8
ABSR:7.21
max acc:69.87
