======================================
    IID: 1
    Dataset: cifar
    Model: resnet
    Model Init: None
    Aggregation Function: zkp
    Fraction NonIID: 0
    Long attack: 5
    Wide attack: 5
    Wide attack: mistrust
    Threshold reject: 0.5
    Threshold down: 0.0
    Attack method: dba
    Fraction of malicious agents: 15.0%
    Poison Frac: 0.2
    Backdoor From 7 to 5
    Attack Begin: 0
    Trigger Shape: square
    Trigger Position X: 0
    Trigger Position Y: 0
    Number of agents: 100
    Fraction of agents each turn: 30(30.0%)
    Local batch size: 50
    Local epoch: 3
    Client_LR: 0.01
    Client_Momentum: 0.9
    Global Rounds: 100
======================================
main_task_accuracy=[0, 11.510000228881836, 27.780000686645508, 42.470001220703125, 43.33000183105469, 48.540000915527344, 51.61000061035156, 55.099998474121094, 57.540000915527344, 59.08000183105469, 61.040000915527344, 60.900001525878906, 62.11000061035156, 63.540000915527344, 65.29000091552734, 64.3499984741211, 65.54000091552734, 65.44999694824219, 65.33999633789062, 66.36000061035156, 67.5, 67.37000274658203, 68.55999755859375, 67.25, 69.20999908447266, 70.3499984741211, 67.30999755859375, 69.91999816894531, 70.81999969482422, 70.58999633789062, 70.66000366210938, 70.25, 71.30999755859375, 71.02999877929688, 72.56999969482422, 71.26000213623047, 70.94999694824219, 72.19999694824219, 72.63999938964844, 72.7300033569336, 72.55000305175781, 73.08999633789062, 72.73999786376953, 72.69999694824219, 72.8499984741211, 72.79000091552734, 72.86000061035156, 73.05999755859375, 72.98999786376953, 72.68000030517578, 73.02999877929688, 73.19000244140625, 72.95999908447266, 73.11000061035156, 73.04000091552734, 72.51000213623047, 72.79000091552734, 72.69999694824219, 72.91999816894531, 72.69999694824219, 72.69000244140625, 72.86000061035156, 72.61000061035156, 72.94000244140625, 72.87999725341797, 72.80000305175781, 72.7300033569336, 72.66999816894531, 72.73999786376953, 72.63999938964844, 72.68000030517578, 72.66000366210938, 72.6500015258789, 72.62999725341797, 72.55000305175781, 72.55000305175781, 72.56999969482422, 72.4800033569336, 72.41000366210938, 72.55000305175781, 72.38999938964844, 72.55000305175781, 72.4000015258789, 72.36000061035156, 72.38999938964844, 72.33000183105469, 72.29000091552734, 72.38999938964844, 72.36000061035156, 72.4800033569336, 72.45999908447266, 72.38999938964844, 72.33000183105469, 72.2699966430664, 72.16999816894531, 72.30000305175781, 72.37999725341797, 72.25, 72.19000244140625, 72.22000122070312, 72.19000244140625]
backdoor_accuracy=[0, 0.0, 3.5, 6.5, 5.9, 4.5, 8.8, 5.0, 9.8, 5.0, 7.8, 4.9, 8.0, 5.2, 5.2, 6.9, 3.8, 4.3, 4.3, 4.3, 3.9, 3.1, 4.5, 6.4, 3.6, 5.1, 2.5, 7.5, 7.4, 3.1, 5.5, 5.3, 4.7, 4.6, 6.6, 4.2, 8.5, 5.8, 5.3, 5.3, 6.0, 4.3, 7.0, 8.7, 5.1, 4.7, 7.6, 6.1, 6.7, 7.5, 6.2, 5.0, 6.3, 8.0, 6.1, 8.2, 5.1, 7.5, 6.3, 6.5, 6.3, 6.1, 7.5, 6.4, 7.2, 7.0, 7.1, 6.0, 6.0, 5.8, 6.2, 5.8, 6.3, 7.2, 6.2, 6.6, 6.8, 7.3, 7.1, 5.6, 6.9, 6.1, 6.4, 6.6, 6.9, 7.2, 6.4, 6.5, 6.9, 6.7, 7.5, 6.7, 6.3, 7.0, 7.1, 6.4, 7.1, 7.1, 7.1, 7.0, 6.9]
loss_list=[1.9963411021232604, 1.5477715115414723, 1.1422631496853297, 0.9551652904351552, 0.7952189077768061, 0.689596083553301, 0.614833395725323, 0.5710509868566361, 0.5269066997824444, 0.4667493613685171, 0.4653756704636746, 0.4449972560918994, 0.42670049618308753, 0.3609474035186901, 0.3891766162609888, 0.33731577798206763, 0.3096652311371226, 0.3198664635306018, 0.3091809164091117, 0.28102129231310546, 0.27379693655090204, 0.2532070737890899, 0.2547387763042935, 0.20574228819692505, 0.2182261148100305, 0.21515461731805574, 0.17225730914829507, 0.1519077454822966, 0.2081581098650996, 0.11126268142472125, 0.1781278621299296, 0.1093524538270301, 0.1730474021644073, 0.10459137446932597, 0.13506435253114132, 0.11632270358903854, 0.11202524532415228, 0.08317723098243325, 0.07230934057837457, 0.08625606501164534, 0.05194365749319939, 0.04303622449777321, 0.04348166327063357, 0.07928875058310547, 0.027134014506074087, 0.02928828037993905, 0.01848523197372237, 0.01636830673019479, 0.04334983930295696, 0.017591929746235514, 0.013323774794504669, 0.026394545891315728, 0.012073156629727843, 0.00947660256794835, 0.011069249243042171, 0.039322215919819443, 0.0083706833650164, 0.008407086374677923, 0.003984891815748092, 0.004695122329592575, 0.02174227140345869, 0.02045687239541116, 0.008228850418802013, 0.00507820017425628, 0.0025580207539638244, 0.003366369577593609, 0.0019952809103091977, 0.0035719257137194903, 0.002280804124602583, 0.001958292883565365, 0.003832370026066201, 0.001959162801455629, 0.0021345709131370917, 0.003166409654036721, 0.0017164363862442163, 0.0017797964011293113, 0.00405393806690376, 0.0012049257751560716, 0.0019424586901247189, 0.0018491339128457992, 0.003171308580559627, 0.0013664208940220614, 0.0033397650083578706, 0.001011253395028891, 0.0009344140162526551, 0.001596092126532716, 0.001523298990917586, 0.0012737340775250538, 0.0010988367242195335, 0.0008587606338874644, 0.002550763262924092, 0.002736918941534693, 0.0013999606487373566, 0.0017126410862450332, 0.0028446068179942417, 0.0007403635090951057, 0.0007420043063110722, 0.0007758816653788221, 0.0010130580969538035, 0.0009230197213279703]
BBSR:7.1
ABSR:6.87
max acc:72.39
