======================================
    IID: 0
    Dataset: cifar
    Model: resnet
    Model Init: None
    Aggregation Function: zkp
    Fraction NonIID: 0
    Long attack: 3
    Wide attack: 3
    Wide attack: mistrust
    Threshold reject: 0.5
    Threshold down: 0.0
    Attack method: dba
    Fraction of malicious agents: 15.0%
    Poison Frac: 0.2
    Backdoor From 7 to 5
    Attack Begin: 0
    Trigger Shape: square
    Trigger Position X: 0
    Trigger Position Y: 0
    Number of agents: 100
    Fraction of agents each turn: 30(30.0%)
    Local batch size: 50
    Local epoch: 3
    Client_LR: 0.01
    Client_Momentum: 0.9
    Global Rounds: 100
======================================
main_task_accuracy=[0, 10.8100004196167, 20.25, 38.75, 44.81999969482422, 44.689998626708984, 48.88999938964844, 51.68000030517578, 53.41999816894531, 55.119998931884766, 56.599998474121094, 58.599998474121094, 60.09000015258789, 60.16999816894531, 61.2400016784668, 62.720001220703125, 63.11000061035156, 63.5099983215332, 64.02999877929688, 63.540000915527344, 65.9800033569336, 63.91999816894531, 66.08000183105469, 64.81999969482422, 66.7300033569336, 66.43000030517578, 67.69999694824219, 66.16000366210938, 67.51000213623047, 68.80000305175781, 67.19999694824219, 68.56999969482422, 67.91999816894531, 69.19000244140625, 69.18000030517578, 70.44000244140625, 67.30000305175781, 67.33999633789062, 69.16999816894531, 70.7300033569336, 69.48999786376953, 71.70999908447266, 69.62999725341797, 69.7699966430664, 70.69999694824219, 68.30999755859375, 70.2300033569336, 70.12000274658203, 71.2699966430664, 71.12999725341797, 71.7699966430664, 70.0999984741211, 70.37999725341797, 70.33000183105469, 71.62000274658203, 70.80999755859375, 72.4000015258789, 70.6500015258789, 69.9000015258789, 71.02999877929688, 71.19000244140625, 72.08999633789062, 70.20999908447266, 71.7300033569336, 71.73999786376953, 72.62000274658203, 71.0199966430664, 71.25, 71.93000030517578, 71.58999633789062, 72.01000213623047, 72.38999938964844, 71.8499984741211, 72.20999908447266, 72.16999816894531, 72.19000244140625, 72.76000213623047, 71.91999816894531, 72.13999938964844, 72.72000122070312, 72.73999786376953, 72.7699966430664, 72.87999725341797, 73.2300033569336, 72.88999938964844, 73.16000366210938, 73.18000030517578, 72.02999877929688, 72.43000030517578, 72.16999816894531, 72.61000061035156, 73.08000183105469, 72.91000366210938, 73.19999694824219, 72.58999633789062, 73.29000091552734, 72.93000030517578, 73.62000274658203, 73.38999938964844, 73.05999755859375, 73.44000244140625]
backdoor_accuracy=[0, 0.0, 4.9, 21.3, 24.1, 22.3, 7.1, 9.5, 12.9, 19.2, 19.5, 11.2, 15.0, 17.2, 11.8, 10.2, 9.8, 10.3, 13.8, 10.5, 11.3, 11.5, 8.2, 8.7, 10.4, 10.9, 8.9, 4.6, 13.3, 8.0, 8.8, 13.5, 12.3, 7.7, 6.4, 9.1, 11.1, 7.0, 11.1, 6.2, 11.9, 6.4, 6.6, 12.8, 5.9, 14.2, 8.9, 9.8, 8.9, 8.2, 6.6, 7.3, 4.9, 8.5, 5.3, 18.7, 5.3, 7.6, 11.1, 12.5, 5.5, 9.5, 5.9, 8.9, 7.7, 8.8, 8.1, 3.8, 19.0, 5.9, 12.9, 5.6, 4.3, 10.8, 8.5, 11.7, 3.0, 6.5, 12.0, 4.8, 6.7, 14.4, 6.0, 7.2, 8.3, 8.1, 8.6, 6.0, 16.3, 8.5, 5.6, 7.4, 9.0, 11.3, 11.0, 10.7, 10.9, 10.2, 6.8, 7.1, 10.0]
loss_list=[1.636145666109191, 1.3800348163975609, 1.0724868519604207, 0.9214896066652405, 0.7792887682591877, 0.7274563464232617, 0.6341380543592905, 0.5861625402751897, 0.5701392307422226, 0.5605904870997701, 0.5175644855346117, 0.5194870242828296, 0.4821642439543373, 0.48572449343382484, 0.42173642277303663, 0.4493449919960566, 0.43573602958064944, 0.42117194352050624, 0.3901913390722539, 0.3518739954873713, 0.3955099732190785, 0.364686511847087, 0.3631932989678656, 0.377218303163536, 0.3096805902249698, 0.33348330247526364, 0.3141195472660992, 0.29613624036674285, 0.2827472886075783, 0.29497479571598684, 0.31638536226081976, 0.29107844011521794, 0.265115515569018, 0.2581495695224859, 0.21633666417018202, 0.27607014613484754, 0.3238651380512036, 0.23137799525529967, 0.18744324833633277, 0.22901546653903398, 0.17171124841138302, 0.21514193220115788, 0.23574219966734133, 0.21905002432823595, 0.20757292118285683, 0.241397563390589, 0.20384077349729424, 0.1715924921058144, 0.1781063515762798, 0.1860449645991644, 0.1880344328594704, 0.1650143171564883, 0.1629804243853626, 0.14042949063186022, 0.16499784264480694, 0.13562747691214705, 0.13957726689585895, 0.17379960529402727, 0.12393435642957534, 0.12229310445138251, 0.11770638618226964, 0.12812582112719412, 0.12069312388675622, 0.10536300859271755, 0.12221235115960655, 0.14095894632744604, 0.12912540488307261, 0.10550365813665043, 0.09258662398458302, 0.1157336401624424, 0.09464758303588801, 0.08958602743941203, 0.07603410808363048, 0.08891884406588765, 0.08075733230468662, 0.08065675965131956, 0.09322651080075754, 0.06953276008112069, 0.0690857381263696, 0.06643099955072912, 0.06255530309268378, 0.05822496238287486, 0.04432597478727175, 0.05667574599066736, 0.05818797634319506, 0.060622817937465795, 0.06743855034413476, 0.04665414919721014, 0.04901532184853245, 0.05278408884454013, 0.03692140544569055, 0.034140442882279694, 0.03662069534307295, 0.04830223382457108, 0.030419151159957337, 0.04003773080469626, 0.02515891443223356, 0.035712622688701644, 0.03770975560286186, 0.027522796456833025]
BBSR:11.3
ABSR:9.44
max acc:73.62
