======================================
    IID: 1
    Dataset: cifar
    Model: resnet
    Model Init: None
    Aggregation Function: flame
    Fraction NonIID: 0
    Long attack: 5
    Wide attack: 5
    Wide attack: trust
    Threshold reject: 0.5
    Threshold down: 0.0
    Attack method: badnet
    Fraction of malicious agents: 15.0%
    Poison Frac: 0.2
    Backdoor From 7 to 5
    Attack Begin: 0
    Trigger Shape: square
    Trigger Position X: 0
    Trigger Position Y: 0
    Number of agents: 100
    Fraction of agents each turn: 30(30.0%)
    Local batch size: 50
    Local epoch: 3
    Client_LR: 0.01
    Client_Momentum: 0.9
    Global Rounds: 100
    Noise in FLAME: 0.001
proportion of malicious are selected:0.7275
proportion of benign are selected:0.5092307692307693
======================================
main_task_accuracy=[0, 10.010000228881836, 28.770000457763672, 44.16999816894531, 45.709999084472656, 48.91999816894531, 50.90999984741211, 51.66999816894531, 53.849998474121094, 57.27000045776367, 56.400001525878906, 58.470001220703125, 59.720001220703125, 60.54999923706055, 61.310001373291016, 60.52000045776367, 61.22999954223633, 61.529998779296875, 62.529998779296875, 62.68000030517578, 63.20000076293945, 62.63999938964844, 62.849998474121094, 63.880001068115234, 65.11000061035156, 63.599998474121094, 64.05999755859375, 65.33999633789062, 63.88999938964844, 65.33000183105469, 64.9800033569336, 65.9800033569336, 65.56999969482422, 64.91999816894531, 66.8499984741211, 65.66000366210938, 66.43000030517578, 65.63999938964844, 66.5, 66.01000213623047, 66.80999755859375, 66.66999816894531, 66.3499984741211, 67.41999816894531, 67.72000122070312, 67.5199966430664, 65.9000015258789, 67.16999816894531, 66.97000122070312, 66.6500015258789, 66.94000244140625, 66.91000366210938, 68.29000091552734, 68.81999969482422, 68.77999877929688, 68.18000030517578, 68.55000305175781, 69.30999755859375, 67.91999816894531, 68.04000091552734, 68.7699966430664, 68.97000122070312, 65.25, 68.44000244140625, 68.80999755859375, 68.95999908447266, 68.1500015258789, 68.47000122070312, 68.04000091552734, 68.12000274658203, 67.75, 68.4000015258789, 67.76000213623047, 68.08000183105469, 67.05000305175781, 68.52999877929688, 68.0199966430664, 68.97000122070312, 67.79000091552734, 68.6500015258789, 68.12999725341797, 68.38999938964844, 68.06999969482422, 68.3499984741211, 69.5, 68.86000061035156, 68.87999725341797, 69.0999984741211, 68.69000244140625, 68.48999786376953, 69.22000122070312, 70.5199966430664, 69.2699966430664, 69.37999725341797, 69.79000091552734, 70.2300033569336, 69.2699966430664, 69.04000091552734, 69.19000244140625, 69.30000305175781, 69.25]
backdoor_accuracy=[0, 0.0, 8.1, 22.0, 36.4, 29.2, 30.2, 13.7, 14.3, 10.0, 16.7, 19.5, 10.2, 14.4, 12.3, 12.8, 9.4, 14.9, 13.5, 16.8, 17.5, 19.1, 8.8, 18.0, 16.3, 15.0, 10.8, 20.8, 11.9, 11.8, 13.7, 12.1, 15.8, 12.3, 17.0, 9.4, 21.6, 14.1, 12.6, 18.4, 15.9, 11.3, 12.3, 12.1, 12.3, 16.1, 14.0, 26.4, 16.6, 17.8, 8.3, 8.7, 8.7, 19.3, 15.8, 14.4, 13.0, 12.8, 15.5, 30.7, 16.3, 12.8, 11.6, 20.3, 19.7, 16.2, 11.1, 16.6, 20.7, 26.7, 25.4, 16.5, 16.6, 9.9, 11.1, 14.5, 15.9, 21.5, 20.0, 23.9, 21.8, 22.2, 22.5, 23.3, 22.3, 22.4, 20.4, 19.9, 23.7, 12.3, 14.9, 14.8, 21.7, 23.0, 22.7, 25.9, 29.6, 22.4, 23.5, 16.9, 21.7]
loss_list=[1.99362404068311, 1.5694957923889163, 1.2477033773726889, 1.0227290906177628, 0.8458284967972173, 0.7593090556686123, 0.712488070246246, 0.65567242462188, 0.5890343182285627, 0.5646096801737117, 0.5387598582646913, 0.522364992565579, 0.493807435154708, 0.49738192870385123, 0.5002209809443189, 0.46753600281042357, 0.4480915355371933, 0.44906761371634085, 0.4224546308981048, 0.4318283948519578, 0.41514457018269846, 0.4102065227429072, 0.40790014433726257, 0.4376845006929297, 0.40737315091511445, 0.3697771871177891, 0.35749881639145314, 0.4049295578022591, 0.40448033716633086, 0.34167794651869277, 0.3824894636196809, 0.4077913331737121, 0.3332765433751047, 0.3968623861779148, 0.3781177282090196, 0.32510805674414667, 0.37050362403814996, 0.3533672186235587, 0.37809624965923516, 0.31535944688082157, 0.3108856887898098, 0.3324632287884338, 0.3525796521522312, 0.28226369259102896, 0.2960159269140826, 0.3751199151720438, 0.3534283684137174, 0.32903661930726635, 0.3400473738270294, 0.3675773390827493, 0.317688021943387, 0.2763365633837465, 0.32521515715530974, 0.23646287055298065, 0.2819776096769298, 0.3186358383424684, 0.23785488089132642, 0.29992411931200574, 0.2908035769970673, 0.2997335893546955, 0.30498477018748726, 0.39787771631083957, 0.32157431796917485, 0.3226776960680985, 0.2998026486367194, 0.33675763144390647, 0.2625797732324443, 0.3166704937249112, 0.27558563879872155, 0.28126033443698867, 0.3158788890634767, 0.33844247125554827, 0.30484095150346147, 0.3157153273332449, 0.333375594525391, 0.33470557833607817, 0.30036307069990376, 0.35551475325521703, 0.2662092430985326, 0.2949266607050474, 0.250190157831336, 0.2811075720082347, 0.30728655829120216, 0.30659895958534134, 0.3194934351775898, 0.27616795908400993, 0.2826619210285652, 0.2574577520531602, 0.3394817788896357, 0.30555473624883844, 0.20903687415954966, 0.29305973899835297, 0.24903059795783422, 0.29389887219864047, 0.23035025803863796, 0.2577930571501039, 0.24937821502849047, 0.25425217421958224, 0.23648869358701635, 0.24433631026496494]
BBSR:29.6
ABSR:22.22
max acc:70.52
