======================================
    IID: 1
    Dataset: cifar
    Model: resnet
    Model Init: None
    Aggregation Function: zkp
    Fraction NonIID: 0
    Long attack: 3
    Wide attack: 3
    Wide attack: trust
    Threshold reject: 0.5
    Threshold down: 0.0
    Attack method: badnet
    Fraction of malicious agents: 15.0%
    Poison Frac: 0.2
    Backdoor From 7 to 5
    Attack Begin: 0
    Trigger Shape: square
    Trigger Position X: 0
    Trigger Position Y: 0
    Number of agents: 100
    Fraction of agents each turn: 30(30.0%)
    Local batch size: 50
    Local epoch: 3
    Client_LR: 0.01
    Client_Momentum: 0.9
    Global Rounds: 100
======================================
main_task_accuracy=[0, 10.0, 29.290000915527344, 39.36000061035156, 39.150001525878906, 47.880001068115234, 49.20000076293945, 54.29999923706055, 56.560001373291016, 58.41999816894531, 62.22999954223633, 62.38999938964844, 63.72999954223633, 64.33999633789062, 64.98999786376953, 65.23999786376953, 65.56999969482422, 66.1500015258789, 66.44000244140625, 67.4000015258789, 67.0999984741211, 67.4800033569336, 67.69999694824219, 68.83999633789062, 69.3499984741211, 70.08999633789062, 69.62000274658203, 69.61000061035156, 70.19000244140625, 69.52999877929688, 71.0999984741211, 71.04000091552734, 71.11000061035156, 70.52999877929688, 71.08000183105469, 71.5, 72.16999816894531, 72.02999877929688, 72.20999908447266, 72.70999908447266, 72.16000366210938, 72.30000305175781, 72.88999938964844, 72.4000015258789, 72.80000305175781, 72.69999694824219, 72.33999633789062, 72.62000274658203, 72.22000122070312, 72.77999877929688, 73.05999755859375, 72.75, 72.87999725341797, 72.5999984741211, 72.63999938964844, 72.45999908447266, 72.55000305175781, 72.3499984741211, 72.25, 72.3499984741211, 72.36000061035156, 72.25, 72.47000122070312, 72.4000015258789, 72.20999908447266, 72.2300033569336, 72.18000030517578, 72.19000244140625, 72.2699966430664, 72.06999969482422, 72.2300033569336, 72.18000030517578, 72.2300033569336, 72.47000122070312, 72.44999694824219, 72.3499984741211, 72.5, 72.13999938964844, 72.13999938964844, 72.08000183105469, 72.18000030517578, 72.33999633789062, 72.12000274658203, 72.18000030517578, 72.1500015258789, 72.13999938964844, 72.2300033569336, 72.2300033569336, 72.16999816894531, 72.19999694824219, 72.22000122070312, 72.08000183105469, 72.08000183105469, 72.0, 72.01000213623047, 72.05999755859375, 72.02999877929688, 72.08999633789062, 72.1500015258789, 72.08000183105469, 72.05000305175781]
backdoor_accuracy=[0, 0.0, 8.3, 12.2, 6.5, 6.8, 6.1, 9.1, 8.5, 6.9, 8.6, 9.4, 7.3, 5.1, 6.3, 6.7, 4.8, 6.8, 4.9, 7.4, 3.6, 9.0, 4.7, 6.6, 7.7, 6.7, 3.7, 6.0, 4.4, 8.1, 5.9, 7.9, 9.1, 4.3, 7.3, 7.8, 6.6, 6.9, 6.5, 7.4, 5.0, 4.9, 6.7, 5.1, 7.9, 7.1, 6.1, 10.3, 7.1, 4.4, 8.4, 6.3, 6.3, 7.1, 8.0, 6.6, 7.3, 8.3, 7.0, 6.9, 6.1, 6.5, 7.6, 8.3, 7.5, 7.2, 6.6, 7.4, 7.1, 8.2, 7.0, 6.7, 6.9, 7.7, 7.0, 7.0, 7.1, 7.1, 7.3, 7.3, 7.5, 8.2, 7.9, 7.6, 7.8, 8.0, 7.9, 7.5, 8.0, 8.0, 8.1, 8.0, 7.5, 7.5, 8.0, 7.9, 7.4, 7.9, 7.8, 7.8, 7.5]
loss_list=[1.9804446642928653, 1.5116094001796507, 1.1352430276738272, 0.9640198791358204, 0.7556817710192668, 0.6878427768415876, 0.6023672364196845, 0.5682161176742778, 0.5326134928108918, 0.4695918146479461, 0.43823500330870346, 0.4307351113276348, 0.37303660699683755, 0.3456006983015686, 0.3662657995780723, 0.3512655752938656, 0.31205070788868594, 0.3486282709261609, 0.28878304256540205, 0.25086563276489166, 0.26066307037344405, 0.2364764142264094, 0.23111691419759553, 0.23180985110992977, 0.1797475710142559, 0.1903700238001895, 0.18939977813835457, 0.12972634970507999, 0.19062414141410647, 0.12979713304304621, 0.15735568951530796, 0.12901985274847702, 0.15965506712970742, 0.10758515164424251, 0.10246621734630833, 0.08019694510407539, 0.05475850397151791, 0.08599524368444689, 0.05740003656912853, 0.09449605933390556, 0.058909553231917225, 0.06611102596701433, 0.0336424881022928, 0.03650429731474206, 0.045048570007363904, 0.04686621947201072, 0.0629488797516549, 0.04938363686488527, 0.020556083872151156, 0.04478702525944552, 0.009358180305700643, 0.02960996956538616, 0.013822995948786332, 0.009329353661515695, 0.014109451192262994, 0.00564030406563284, 0.004858626515520477, 0.012059107663129304, 0.006954965626193573, 0.003810346722036937, 0.004708015693710572, 0.002688926588711587, 0.002480775283976173, 0.0021370301650313196, 0.0042311369394075074, 0.005096325196241703, 0.002127761342966955, 0.0016387517123884106, 0.0018956810932690535, 0.0014966907751578318, 0.0013999993945374928, 0.007330312848256046, 0.00779498501281422, 0.003215444026136537, 0.002157359150005505, 0.0040135779847171055, 0.0011293984401951696, 0.0026331519247873485, 0.005257865255108403, 0.001533152133164953, 0.0011429291435827813, 0.0008782098972571677, 0.0013126301913386365, 0.0010342023125526289, 0.0011045876435431033, 0.0015416114681930694, 0.000996955526263466, 0.000889715288317853, 0.000849079573276362, 0.0007480325151280137, 0.0007702121941110819, 0.0007467864150263873, 0.0007147809436881088, 0.0011907500871166125, 0.000771329529112942, 0.0015380185688910494, 0.000691434598241661, 0.0007897085514155658, 0.0006962132036359334, 0.0006673921793844785]
BBSR:8.0
ABSR:7.73
max acc:72.15
