======================================
    IID: 0
    Dataset: cifar
    Model: resnet
    Model Init: None
    Aggregation Function: RLR
    Fraction NonIID: 0
    Long attack: 3
    Wide attack: 3
    Wide attack: trust
    Threshold reject: 0.5
    Threshold down: 0.0
    Attack method: badnet
    Fraction of malicious agents: 15.0%
    Poison Frac: 0.2
    Backdoor From 7 to 5
    Attack Begin: 0
    Trigger Shape: square
    Trigger Position X: 0
    Trigger Position Y: 0
    Number of agents: 100
    Fraction of agents each turn: 30(30.0%)
    Local batch size: 50
    Local epoch: 3
    Client_LR: 0.01
    Client_Momentum: 0.9
    Global Rounds: 100
    RobustLR_threshold: 4
======================================
main_task_accuracy=[0, 10.0, 13.579999923706055, 33.849998474121094, 42.86000061035156, 39.4900016784668, 44.79999923706055, 46.189998626708984, 47.7400016784668, 47.04999923706055, 52.2400016784668, 50.54999923706055, 52.810001373291016, 56.040000915527344, 55.779998779296875, 55.90999984741211, 57.970001220703125, 57.68000030517578, 60.060001373291016, 58.2599983215332, 56.68000030517578, 58.27000045776367, 59.72999954223633, 60.5099983215332, 61.400001525878906, 60.560001373291016, 59.900001525878906, 60.09000015258789, 62.52000045776367, 61.15999984741211, 61.900001525878906, 61.95000076293945, 62.810001373291016, 63.7400016784668, 62.400001525878906, 64.25, 64.69999694824219, 64.61000061035156, 61.900001525878906, 65.26000213623047, 64.0, 64.55000305175781, 64.41000366210938, 66.48999786376953, 65.72000122070312, 66.05999755859375, 65.68000030517578, 66.43000030517578, 65.33999633789062, 65.75, 65.37999725341797, 65.37999725341797, 66.25, 66.95999908447266, 67.44999694824219, 67.37999725341797, 67.62999725341797, 67.26000213623047, 66.62000274658203, 68.2300033569336, 67.91000366210938, 66.20999908447266, 66.81999969482422, 66.98999786376953, 68.76000213623047, 66.86000061035156, 68.33999633789062, 67.43000030517578, 69.62000274658203, 68.25, 68.16999816894531, 68.31999969482422, 68.80999755859375, 68.1500015258789, 69.06999969482422, 68.29000091552734, 69.11000061035156, 69.36000061035156, 69.05000305175781, 67.94999694824219, 69.80000305175781, 69.4800033569336, 69.2699966430664, 69.08000183105469, 69.41999816894531, 69.58999633789062, 69.44999694824219, 69.4800033569336, 69.70999908447266, 69.05999755859375, 69.79000091552734, 67.55000305175781, 69.6500015258789, 69.08999633789062, 70.7699966430664, 69.44999694824219, 70.47000122070312, 68.86000061035156, 70.51000213623047, 69.94999694824219, 70.4800033569336]
backdoor_accuracy=[0, 0.0, 0.1, 11.2, 7.4, 5.9, 16.6, 8.8, 5.0, 12.0, 8.2, 12.1, 10.3, 9.1, 11.2, 10.9, 10.5, 10.2, 7.2, 6.6, 4.8, 9.1, 9.2, 10.1, 7.2, 7.1, 6.5, 5.3, 6.3, 6.9, 6.8, 5.3, 6.4, 6.1, 4.1, 5.0, 7.5, 7.1, 4.4, 6.7, 4.7, 6.6, 6.0, 7.1, 8.2, 8.6, 6.3, 8.2, 4.3, 4.8, 5.1, 3.5, 4.4, 6.9, 7.0, 9.2, 8.0, 3.9, 4.9, 4.8, 3.0, 5.6, 4.7, 2.2, 7.9, 7.9, 5.0, 4.9, 4.9, 5.8, 4.1, 8.2, 3.8, 6.1, 5.0, 5.0, 4.4, 4.3, 3.9, 4.0, 4.3, 7.8, 5.4, 7.0, 5.6, 4.3, 7.4, 5.5, 5.4, 3.8, 6.2, 1.6, 4.6, 4.1, 7.8, 4.3, 8.1, 5.5, 4.6, 2.7, 4.0]
loss_list=[1.6213268377383552, 1.3961492176850634, 1.1675026056170463, 1.0093156770202847, 0.8463478123810556, 0.785727770568596, 0.7136457556982836, 0.6637302675884631, 0.6291256190670861, 0.5816733038177091, 0.5926271473533578, 0.5608695327904488, 0.5297197156668536, 0.49071779122990034, 0.4984380830720894, 0.4955468119204871, 0.44538572977814417, 0.45803360971932616, 0.4298566702318689, 0.44260913713110817, 0.44574438753020434, 0.4442565599932439, 0.38376512364173937, 0.40723452135454863, 0.380654428543316, 0.3743469927004642, 0.37079194825556544, 0.3706592953044714, 0.3244831073739463, 0.3952838211698043, 0.3269414917410662, 0.3435417504944941, 0.336983804816587, 0.3244672501082014, 0.2988020833985259, 0.297953256251187, 0.2636061026608675, 0.3402715862930442, 0.2591138168833115, 0.28065341530574694, 0.26110328309030995, 0.268870928707636, 0.3161255628821284, 0.2921072208081993, 0.2656777693438602, 0.2685748741426505, 0.26917578171472994, 0.26133616793279846, 0.2290169902848235, 0.22195262852461187, 0.27889124121717435, 0.20914555226685477, 0.24866437484898304, 0.2044566469115671, 0.24157393159791052, 0.19601640220983732, 0.22080153592719906, 0.19856620342341352, 0.18441357504621717, 0.20104784775156684, 0.22485417212585976, 0.18240965426058714, 0.19624958714024013, 0.1844191541852908, 0.1816979404161813, 0.1629353095032275, 0.20365138546731837, 0.15066492986257393, 0.19477969808478113, 0.149905425989483, 0.17579591863106334, 0.1605271986688927, 0.1452293901810319, 0.1644894901126261, 0.166145202496296, 0.1747174604789406, 0.16391530626631312, 0.14109949454749263, 0.15492708225307678, 0.1548777349813867, 0.12617323819460582, 0.12860558155225593, 0.12125146912517573, 0.12462166817008338, 0.1225276507115147, 0.12299373631275051, 0.11797829573288458, 0.09622661889630965, 0.1337240091804415, 0.13200279134807513, 0.13583544595280223, 0.14368527291016003, 0.09952511014953616, 0.10216539889758375, 0.11613029853437587, 0.08982624505559218, 0.12157519603261285, 0.0978949516095842, 0.14053127808040397, 0.08376769607421013]
BBSR:8.1
ABSR:4.73
max acc:70.77
