======================================
    IID: 0
    Dataset: cifar
    Model: resnet
    Model Init: None
    Aggregation Function: zkp
    Fraction NonIID: 0
    Long attack: 4
    Wide attack: 4
    Wide attack: trust
    Threshold reject: 0.5
    Threshold down: 0.0
    Attack method: dba
    Fraction of malicious agents: 15.0%
    Poison Frac: 0.2
    Backdoor From 7 to 5
    Attack Begin: 0
    Trigger Shape: square
    Trigger Position X: 0
    Trigger Position Y: 0
    Number of agents: 100
    Fraction of agents each turn: 30(30.0%)
    Local batch size: 50
    Local epoch: 3
    Client_LR: 0.01
    Client_Momentum: 0.9
    Global Rounds: 100
======================================
main_task_accuracy=[0, 10.930000305175781, 21.6200008392334, 38.900001525878906, 39.29999923706055, 44.97999954223633, 45.93000030517578, 50.470001220703125, 50.91999816894531, 54.290000915527344, 54.439998626708984, 56.43000030517578, 59.31999969482422, 60.16999816894531, 58.959999084472656, 61.22999954223633, 59.939998626708984, 63.63999938964844, 59.79999923706055, 64.30000305175781, 61.959999084472656, 64.44000244140625, 66.52999877929688, 65.77999877929688, 63.95000076293945, 66.54000091552734, 65.73999786376953, 65.91000366210938, 68.0, 65.37999725341797, 67.29000091552734, 66.58000183105469, 67.5199966430664, 65.18000030517578, 69.01000213623047, 68.01000213623047, 69.37999725341797, 68.58000183105469, 68.80999755859375, 68.18000030517578, 69.16000366210938, 69.22000122070312, 68.55999755859375, 69.1500015258789, 68.95999908447266, 71.45999908447266, 69.04000091552734, 70.69000244140625, 66.5999984741211, 69.76000213623047, 71.25, 69.02999877929688, 71.01000213623047, 70.02999877929688, 71.86000061035156, 70.43000030517578, 72.33000183105469, 68.3499984741211, 70.70999908447266, 70.55000305175781, 71.23999786376953, 72.06999969482422, 71.26000213623047, 71.7699966430664, 69.97000122070312, 71.0999984741211, 71.41000366210938, 69.93000030517578, 71.51000213623047, 72.12000274658203, 71.26000213623047, 71.97000122070312, 71.13999938964844, 71.51000213623047, 72.3499984741211, 72.19000244140625, 72.13999938964844, 71.69000244140625, 72.13999938964844, 72.13999938964844, 71.55000305175781, 72.08999633789062, 72.2699966430664, 72.80000305175781, 72.63999938964844, 71.91000366210938, 72.8499984741211, 72.2300033569336, 72.31999969482422, 72.45999908447266, 72.62999725341797, 72.81999969482422, 72.16000366210938, 72.51000213623047, 72.68000030517578, 72.7699966430664, 72.45999908447266, 72.95999908447266, 72.87000274658203, 72.69999694824219, 72.04000091552734]
backdoor_accuracy=[0, 0.0, 4.3, 14.1, 15.0, 9.5, 9.7, 12.6, 10.0, 12.3, 8.9, 5.9, 9.1, 10.5, 5.9, 8.9, 9.0, 4.9, 4.5, 8.4, 5.4, 6.5, 8.5, 3.4, 6.5, 6.3, 6.2, 3.5, 6.4, 5.3, 3.3, 6.1, 4.1, 4.8, 3.3, 5.0, 4.9, 3.0, 8.2, 2.8, 7.2, 4.6, 4.4, 6.8, 5.2, 6.5, 4.9, 5.8, 7.9, 4.4, 6.7, 7.2, 6.2, 5.3, 7.4, 8.6, 12.2, 2.7, 5.4, 7.4, 8.3, 6.9, 5.1, 6.6, 5.4, 6.5, 8.3, 3.3, 9.4, 8.9, 8.0, 3.6, 4.8, 8.0, 7.2, 5.2, 7.7, 7.8, 11.4, 4.3, 7.1, 8.6, 7.4, 5.9, 7.9, 4.1, 8.4, 8.2, 8.0, 11.9, 5.1, 7.7, 8.8, 8.7, 5.5, 6.3, 7.1, 5.9, 5.7, 7.5, 12.8]
loss_list=[1.644287091427379, 1.3335846881733997, 1.066113380226824, 0.9500738448070154, 0.8155577807873488, 0.692983919415209, 0.6710593750079474, 0.5749801009479497, 0.60680584717128, 0.5375128089740044, 0.5497901053788763, 0.5145511752615373, 0.5062728253876169, 0.4742149786671831, 0.4528717794155494, 0.4493590285804952, 0.3907401713061457, 0.4092021944994728, 0.3701182195461458, 0.373103304196977, 0.4143381840652889, 0.3232426092406321, 0.3381827685045493, 0.38073828084653033, 0.3480965202079257, 0.3199251295150154, 0.3273070408559094, 0.29958778540707304, 0.30855885706945424, 0.2950237467072697, 0.313358067166474, 0.2798392913138701, 0.29643324200374377, 0.2739626613463688, 0.2640396392919744, 0.249920595485924, 0.24181668778984905, 0.23771252727136016, 0.25023524841500655, 0.21013621543003766, 0.25206881288749483, 0.22448920852504675, 0.24333567789290098, 0.22329436056703952, 0.1892206965166972, 0.2122058401675895, 0.1754008107473298, 0.22288315348999774, 0.19002322410362665, 0.18961171980403982, 0.17549817486459182, 0.1341688069550502, 0.16228000348860708, 0.14300963434248437, 0.14366740374515455, 0.15757359456251532, 0.17443109518059327, 0.14484227789164933, 0.14158366915718135, 0.12810338709154165, 0.10656839688043368, 0.1383089028945607, 0.1385020354804389, 0.11896952774291597, 0.12835459679921365, 0.14976803635318198, 0.10774166451301428, 0.12531446457840503, 0.11571050755550254, 0.09344746011302858, 0.0869732086317769, 0.09750831130494285, 0.10836486361199706, 0.08703047280277436, 0.0800637927917867, 0.07510448858646365, 0.0664242029849427, 0.08971669556068569, 0.07466078105402024, 0.06816023166672998, 0.07807044231958571, 0.06307803630224144, 0.045510650710170415, 0.05407552036948295, 0.05762582714908705, 0.05940337226448011, 0.05880254812962245, 0.05713557817214879, 0.048425837705274026, 0.04265544858516983, 0.03366233240866374, 0.04045704597655761, 0.045112233498722266, 0.03450389928021145, 0.03814033528852936, 0.025489797223215444, 0.031471224225970214, 0.037343894828680065, 0.02710849045853441, 0.03867664231865395]
BBSR:12.8
ABSR:7.6
max acc:72.96
