======================================
    IID: 1
    Dataset: cifar
    Model: resnet
    Model Init: None
    Aggregation Function: zkp
    Fraction NonIID: 0
    Long attack: 4
    Wide attack: 4
    Wide attack: mistrust
    Threshold reject: 0.5
    Threshold down: 0.0
    Attack method: badnet
    Fraction of malicious agents: 15.0%
    Poison Frac: 0.2
    Backdoor From 7 to 5
    Attack Begin: 0
    Trigger Shape: square
    Trigger Position X: 0
    Trigger Position Y: 0
    Number of agents: 100
    Fraction of agents each turn: 30(30.0%)
    Local batch size: 50
    Local epoch: 3
    Client_LR: 0.01
    Client_Momentum: 0.9
    Global Rounds: 100
======================================
main_task_accuracy=[0, 10.239999771118164, 29.829999923706055, 42.47999954223633, 45.400001525878906, 50.86000061035156, 51.619998931884766, 54.849998474121094, 57.93000030517578, 58.029998779296875, 61.0, 63.11000061035156, 61.56999969482422, 64.2699966430664, 63.4900016784668, 65.2699966430664, 66.06999969482422, 66.23999786376953, 66.94000244140625, 66.9000015258789, 67.76000213623047, 68.5199966430664, 67.75, 69.22000122070312, 68.48999786376953, 70.01000213623047, 69.48999786376953, 70.11000061035156, 70.69999694824219, 71.18000030517578, 71.81999969482422, 70.91999816894531, 70.9000015258789, 72.16999816894531, 71.56999969482422, 71.98999786376953, 72.63999938964844, 72.36000061035156, 72.66999816894531, 72.44000244140625, 73.04000091552734, 72.88999938964844, 73.26000213623047, 73.08000183105469, 72.91000366210938, 72.97000122070312, 73.3499984741211, 72.83999633789062, 73.13999938964844, 73.19999694824219, 73.16000366210938, 73.19000244140625, 73.06999969482422, 73.18000030517578, 73.12000274658203, 73.23999786376953, 72.83000183105469, 73.05000305175781, 73.05999755859375, 72.77999877929688, 72.9000015258789, 72.94000244140625, 72.62999725341797, 72.63999938964844, 72.58000183105469, 72.62000274658203, 72.58000183105469, 72.58999633789062, 72.6500015258789, 72.58999633789062, 72.48999786376953, 72.38999938964844, 72.5199966430664, 72.4800033569336, 72.29000091552734, 72.4800033569336, 72.41999816894531, 72.44999694824219, 72.37000274658203, 72.36000061035156, 72.44999694824219, 72.33000183105469, 72.37999725341797, 72.4000015258789, 72.38999938964844, 72.30000305175781, 72.41999816894531, 72.41000366210938, 72.38999938964844, 72.38999938964844, 72.44000244140625, 72.48999786376953, 72.41000366210938, 72.47000122070312, 72.3499984741211, 72.37000274658203, 72.41000366210938, 72.20999908447266, 72.33000183105469, 72.26000213623047, 72.29000091552734]
backdoor_accuracy=[0, 0.0, 11.8, 11.1, 18.3, 12.9, 11.9, 18.0, 14.4, 9.0, 13.7, 12.9, 10.9, 12.4, 9.0, 13.8, 9.2, 15.8, 9.0, 9.3, 7.8, 9.5, 7.0, 10.8, 11.5, 8.4, 12.7, 10.4, 10.7, 10.0, 6.5, 11.9, 6.7, 9.5, 9.3, 10.0, 9.0, 9.2, 7.7, 14.7, 9.1, 9.1, 9.8, 10.2, 12.1, 8.6, 10.1, 12.7, 10.7, 11.0, 10.2, 10.5, 9.5, 11.9, 9.5, 11.8, 11.7, 11.9, 11.3, 10.6, 11.3, 12.4, 12.5, 12.0, 12.5, 12.0, 12.6, 12.5, 12.8, 11.9, 11.5, 12.4, 11.6, 11.7, 10.4, 12.1, 11.6, 11.0, 10.8, 9.0, 11.4, 12.6, 12.1, 12.0, 11.5, 11.0, 11.8, 11.3, 12.5, 11.3, 11.1, 11.7, 10.5, 11.7, 11.7, 11.7, 11.7, 11.4, 11.4, 11.3, 11.4]
loss_list=[1.974669841660393, 1.5114690675338107, 1.1528143088685143, 0.9671564237607854, 0.7778351310723358, 0.7095574627775285, 0.60372440777719, 0.5821874857735302, 0.49996516227308246, 0.49197299818611817, 0.4243364475015551, 0.4546207709305196, 0.3722386428651709, 0.3893330041112171, 0.35589719400327247, 0.3914533865596685, 0.3256436739334216, 0.30192210605057573, 0.326464608333384, 0.2767046948253281, 0.2384661237564352, 0.2716001052769005, 0.20555021711159496, 0.2760056730574514, 0.22531568960597123, 0.1958420455181557, 0.22314534080628723, 0.15931223118315554, 0.15375087994745826, 0.11756274444710775, 0.1800912711812675, 0.14930984109614254, 0.17096856594176238, 0.0972573075253361, 0.10379052703029525, 0.07513921609814538, 0.08761417265334685, 0.10042562364206081, 0.04448616889150192, 0.03804876721541707, 0.06115287521815237, 0.056233983791381545, 0.07142846230896086, 0.04689472549698419, 0.049485295181608914, 0.020481833615146272, 0.02189260828014489, 0.025052746217212794, 0.03929795399026868, 0.016593152124809822, 0.015617416771840201, 0.010742383402086686, 0.00870436179244684, 0.009290719558484851, 0.015370831904082382, 0.012145974924108788, 0.004845277705802192, 0.0034702247498434088, 0.010398388100422576, 0.003178110265143914, 0.005241962065613026, 0.004276337547990907, 0.0030660199806637456, 0.00428239780094979, 0.0027387807280077454, 0.0015647095064115191, 0.0031910343226950813, 0.0023776426529608817, 0.0029233009064692952, 0.002602490723123386, 0.0031112030442454848, 0.0026271275200027353, 0.0014963584409027442, 0.0017790467864284036, 0.0012508018951565547, 0.001988132289956815, 0.002318303876495015, 0.0024471964870058905, 0.0029133229364944986, 0.0023658153435584, 0.0011117065189723183, 0.001036697959465932, 0.0009685078488433243, 0.0020260804767329122, 0.0024747003568012984, 0.0009767378844440426, 0.0008155188595588295, 0.0008144307560158066, 0.0009704060861582143, 0.0008279353822258096, 0.0008300526412009881, 0.0007499135558302645, 0.0008190495552278459, 0.00070589127867101, 0.0006735965670264299, 0.000653358206756012, 0.0010319632104235808, 0.0006934636057000413, 0.0006867612829389852, 0.0008143212870507142]
BBSR:11.7
ABSR:11.45
max acc:72.49
