======================================
    IID: 1
    Dataset: cifar
    Model: resnet
    Model Init: None
    Aggregation Function: flame
    Fraction NonIID: 0
    Long attack: 3
    Wide attack: 3
    Wide attack: trust
    Threshold reject: 0.5
    Threshold down: 0.0
    Attack method: badnet
    Fraction of malicious agents: 15.0%
    Poison Frac: 0.2
    Backdoor From 7 to 5
    Attack Begin: 0
    Trigger Shape: square
    Trigger Position X: 0
    Trigger Position Y: 0
    Number of agents: 100
    Fraction of agents each turn: 30(30.0%)
    Local batch size: 50
    Local epoch: 3
    Client_LR: 0.01
    Client_Momentum: 0.9
    Global Rounds: 100
    Noise in FLAME: 0.001
proportion of malicious are selected:0.67
proportion of benign are selected:0.5238461538461539
======================================
main_task_accuracy=[0, 10.0, 30.059999465942383, 41.650001525878906, 46.72999954223633, 50.18000030517578, 53.91999816894531, 54.279998779296875, 56.43000030517578, 58.15999984741211, 58.72999954223633, 58.90999984741211, 59.130001068115234, 60.63999938964844, 60.970001220703125, 62.810001373291016, 62.900001525878906, 62.959999084472656, 62.959999084472656, 63.84000015258789, 61.0, 63.599998474121094, 63.47999954223633, 65.41000366210938, 63.84000015258789, 62.060001373291016, 64.68000030517578, 63.86000061035156, 63.43000030517578, 64.0199966430664, 66.05999755859375, 65.55999755859375, 65.33999633789062, 66.3499984741211, 64.52999877929688, 64.66999816894531, 63.08000183105469, 65.88999938964844, 64.72000122070312, 66.02999877929688, 65.43000030517578, 66.02999877929688, 66.44999694824219, 66.25, 67.16999816894531, 67.0999984741211, 65.33999633789062, 66.58999633789062, 64.41999816894531, 66.69000244140625, 66.55000305175781, 67.2699966430664, 66.6500015258789, 67.58000183105469, 68.73999786376953, 67.5, 66.62999725341797, 69.11000061035156, 68.7699966430664, 67.56999969482422, 68.0999984741211, 69.01000213623047, 68.68000030517578, 68.18000030517578, 68.30999755859375, 68.19999694824219, 68.0199966430664, 68.08999633789062, 67.41000366210938, 68.62000274658203, 67.3499984741211, 68.75, 69.88999938964844, 68.76000213623047, 69.19000244140625, 68.47000122070312, 68.6500015258789, 69.2699966430664, 68.33000183105469, 69.1500015258789, 68.04000091552734, 68.66999816894531, 68.68000030517578, 69.36000061035156, 68.73999786376953, 68.94000244140625, 69.05000305175781, 68.16000366210938, 69.5, 69.16999816894531, 69.70999908447266, 69.5199966430664, 69.5999984741211, 68.97000122070312, 69.16999816894531, 68.41999816894531, 69.04000091552734, 69.38999938964844, 68.29000091552734, 69.76000213623047, 70.04000091552734]
backdoor_accuracy=[0, 0.0, 13.5, 13.0, 20.8, 9.2, 6.3, 6.6, 14.2, 6.6, 8.0, 7.7, 17.2, 6.5, 14.7, 11.1, 7.5, 3.7, 3.4, 4.9, 2.7, 7.1, 6.8, 6.1, 12.5, 5.8, 5.7, 10.6, 6.9, 10.8, 7.7, 10.7, 5.5, 7.1, 1.5, 4.9, 3.6, 5.4, 8.5, 7.9, 2.7, 3.8, 3.4, 4.2, 7.7, 5.1, 3.5, 5.8, 10.4, 11.3, 9.6, 8.2, 3.9, 7.5, 7.6, 7.4, 4.7, 12.4, 6.6, 7.3, 10.3, 5.7, 4.4, 5.0, 4.5, 4.8, 7.7, 10.4, 12.0, 3.5, 8.4, 6.1, 5.8, 6.9, 5.7, 6.6, 9.7, 7.9, 7.4, 5.4, 6.9, 4.0, 6.9, 8.0, 3.4, 7.1, 4.5, 6.1, 9.7, 5.7, 5.1, 7.0, 9.0, 3.4, 7.1, 2.6, 7.0, 4.5, 13.5, 7.0, 9.3]
loss_list=[1.9668942081928256, 1.4487241042322585, 1.091497443434265, 0.9081238833483721, 0.774336199151973, 0.6993478511149684, 0.6570058633842403, 0.5608330919365917, 0.5801150330590705, 0.5091446561656064, 0.5215834170569562, 0.5043307736309037, 0.5056677177093095, 0.47174167212616236, 0.4865470253862442, 0.419553093328658, 0.43888819762091674, 0.38957051121836733, 0.39758670148439706, 0.4321196316938019, 0.41895795466895724, 0.38575817602376145, 0.36364870451183773, 0.3570861840698246, 0.3764150047260855, 0.40054006371336676, 0.3964198714831016, 0.38505062690159936, 0.40774388441143344, 0.38497435265427654, 0.3533045887088196, 0.35294837498545856, 0.3388387006640227, 0.3697742079348408, 0.3655205840503591, 0.3870222379854466, 0.3105955714866933, 0.3598199440466446, 0.4089586687486411, 0.3380710133470389, 0.3890828355168924, 0.36639623883025096, 0.3331082943081856, 0.294783774666333, 0.32334771746691937, 0.38164126012939964, 0.3430355088060928, 0.3553964710789215, 0.29630559322217276, 0.3438201207740025, 0.28705068441366577, 0.3094353821283828, 0.35024295510465486, 0.2916578528673078, 0.36347662110347306, 0.3524742042539744, 0.2994689306073512, 0.31867809478141773, 0.31513125066904135, 0.2742763319019125, 0.27266249579998353, 0.27309494761284436, 0.2811061647963814, 0.2749278785673798, 0.292208911844581, 0.3195926034649731, 0.33893003198059474, 0.33716301550053884, 0.3491575099967628, 0.340790544820225, 0.2503473623231468, 0.28228869368218706, 0.29232713111133, 0.28827208647556185, 0.270268355632563, 0.3526360058541306, 0.2485267631093867, 0.3194002447217806, 0.30622572715782254, 0.3073508227422523, 0.2768332849792205, 0.2778698580875061, 0.3095828355626306, 0.3190118104118544, 0.338990651821045, 0.2718916934865734, 0.3247359212516393, 0.2915778046502318, 0.27973376367836156, 0.2877667833378332, 0.34435728808502775, 0.2937003111841881, 0.28925607437461925, 0.3047391760086693, 0.33317046196018857, 0.31173426142195243, 0.31367629831760296, 0.3833813775113473, 0.3041214039828628, 0.29133206946852924]
BBSR:13.5
ABSR:7.04
max acc:70.04
