======================================
    IID: 1
    Dataset: cifar
    Model: resnet
    Model Init: None
    Aggregation Function: zkp
    Fraction NonIID: 0
    Long attack: 4
    Wide attack: 4
    Wide attack: trust
    Threshold reject: 0.5
    Threshold down: 0.0
    Attack method: badnet
    Fraction of malicious agents: 15.0%
    Poison Frac: 0.2
    Backdoor From 7 to 5
    Attack Begin: 0
    Trigger Shape: square
    Trigger Position X: 0
    Trigger Position Y: 0
    Number of agents: 100
    Fraction of agents each turn: 30(30.0%)
    Local batch size: 50
    Local epoch: 3
    Client_LR: 0.01
    Client_Momentum: 0.9
    Global Rounds: 100
======================================
main_task_accuracy=[0, 10.0, 30.510000228881836, 42.599998474121094, 44.18000030517578, 50.25, 54.29999923706055, 55.11000061035156, 56.5099983215332, 58.209999084472656, 59.2599983215332, 61.31999969482422, 61.66999816894531, 63.86000061035156, 63.77000045776367, 64.55000305175781, 64.29000091552734, 66.9000015258789, 66.30999755859375, 66.3499984741211, 66.41999816894531, 65.41999816894531, 66.7699966430664, 66.69999694824219, 68.80000305175781, 68.79000091552734, 68.62000274658203, 69.98999786376953, 70.2300033569336, 69.01000213623047, 70.13999938964844, 70.70999908447266, 70.0, 71.54000091552734, 70.97000122070312, 71.30999755859375, 71.73999786376953, 72.58000183105469, 70.83000183105469, 72.66999816894531, 72.88999938964844, 72.88999938964844, 72.66999816894531, 73.05000305175781, 72.7699966430664, 73.16999816894531, 72.88999938964844, 73.0199966430664, 73.02999877929688, 73.13999938964844, 73.16999816894531, 73.12999725341797, 73.19000244140625, 73.16999816894531, 73.3499984741211, 72.81999969482422, 73.13999938964844, 73.08000183105469, 73.16999816894531, 73.06999969482422, 72.9800033569336, 73.1500015258789, 73.05000305175781, 73.06999969482422, 73.0199966430664, 73.12999725341797, 73.05000305175781, 72.95999908447266, 72.95999908447266, 72.87000274658203, 72.80999755859375, 73.02999877929688, 73.05999755859375, 72.9800033569336, 72.93000030517578, 72.63999938964844, 72.80999755859375, 72.76000213623047, 72.81999969482422, 72.80000305175781, 72.7300033569336, 72.83000183105469, 72.72000122070312, 72.68000030517578, 72.63999938964844, 72.73999786376953, 72.66999816894531, 72.77999877929688, 72.58000183105469, 72.58000183105469, 72.56999969482422, 72.62000274658203, 72.5199966430664, 72.54000091552734, 72.58999633789062, 72.52999877929688, 72.51000213623047, 72.4800033569336, 72.68000030517578, 72.55999755859375, 72.52999877929688]
backdoor_accuracy=[0, 0.0, 7.4, 12.8, 10.3, 13.5, 13.2, 10.9, 11.4, 16.6, 13.4, 10.2, 9.1, 10.8, 7.9, 8.0, 11.3, 8.7, 8.0, 10.7, 10.6, 6.4, 10.7, 8.4, 8.2, 10.8, 8.0, 10.9, 8.6, 10.6, 5.6, 8.9, 8.2, 7.2, 11.3, 10.1, 10.7, 11.4, 8.8, 11.0, 10.9, 11.3, 10.9, 9.1, 8.7, 10.8, 10.6, 11.0, 9.8, 11.2, 12.0, 13.4, 14.4, 13.1, 13.0, 14.9, 11.8, 11.0, 12.0, 13.3, 11.8, 12.0, 12.1, 11.6, 12.1, 14.6, 13.1, 12.8, 12.9, 13.2, 12.7, 13.2, 13.5, 13.5, 12.7, 12.1, 13.1, 13.1, 13.0, 13.5, 11.9, 12.9, 12.9, 12.2, 12.8, 12.8, 12.1, 12.7, 13.0, 12.2, 13.1, 13.4, 13.0, 12.5, 13.2, 13.0, 13.4, 13.0, 13.1, 13.1, 12.6]
loss_list=[1.9996829679277208, 1.5808860923184291, 1.1772151648667126, 0.9856692955229017, 0.8010325784981249, 0.7125760710322194, 0.6238920841366051, 0.5576912461138435, 0.5135972692858843, 0.508419842167447, 0.4128143057154699, 0.435768195523156, 0.4162430593371391, 0.42011998966750175, 0.3724189877965384, 0.33991003463872604, 0.3049547829872204, 0.32362555122986014, 0.2801126454646389, 0.2975299881000279, 0.24497843193045502, 0.23507119559993347, 0.22089384234277534, 0.23336790066471116, 0.22006918792069577, 0.17543603389782625, 0.20278614244941207, 0.21499630678755546, 0.1590938296443265, 0.1512587933999021, 0.14385454632872194, 0.1709112780308351, 0.13404323712366426, 0.1405890276709882, 0.12934844727640868, 0.1043411673368731, 0.07254765683073655, 0.11779917750753358, 0.07251346662724648, 0.0684888837029252, 0.07840388531460322, 0.05339962903811182, 0.08215892176832616, 0.0327532398630865, 0.03269708172938812, 0.017842808207367656, 0.023884962790212332, 0.037523604187299504, 0.01287972585876964, 0.022680901345997373, 0.009468165476799994, 0.00879716267379182, 0.009073904562359937, 0.005927462022890622, 0.029058636202615968, 0.010480921415469814, 0.004592796122192845, 0.01159378472891856, 0.005371365829438825, 0.0027960814614036485, 0.009320822514014759, 0.004143438852899838, 0.0038844624966441173, 0.0038421116994868504, 0.0035273519215924254, 0.002164444303133576, 0.002187436667041361, 0.001721126787160756, 0.00212619020417656, 0.001788840353789662, 0.001383737852722536, 0.0032862678191223605, 0.001340171629837843, 0.0013058798830429118, 0.002637054317472374, 0.0016597197595547186, 0.0011014292739936434, 0.0011472891644209286, 0.0022134034869021784, 0.0019587445702280897, 0.0010343991218299679, 0.001620501310244435, 0.0012122526769073579, 0.0010908950459351115, 0.0020997819574161748, 0.001168015373979061, 0.0009565266906914379, 0.0011280680884293462, 0.002580565515268567, 0.00086662080323246, 0.0008002474219796972, 0.0015046483662768475, 0.001064942171021054, 0.0007862381476459429, 0.0007535035894074501, 0.0007363140664205681, 0.0007735082510448086, 0.0011714230612253434, 0.0010350835608066216, 0.000741776135813173]
BBSR:13.4
ABSR:13.03
max acc:72.68
