======================================
    IID: 1
    Dataset: cifar
    Model: resnet
    Model Init: None
    Aggregation Function: RLR
    Fraction NonIID: 0
    Long attack: 4
    Wide attack: 4
    Wide attack: trust
    Threshold reject: 0.5
    Threshold down: 0.0
    Attack method: badnet
    Fraction of malicious agents: 15.0%
    Poison Frac: 0.2
    Backdoor From 7 to 5
    Attack Begin: 0
    Trigger Shape: square
    Trigger Position X: 0
    Trigger Position Y: 0
    Number of agents: 100
    Fraction of agents each turn: 30(30.0%)
    Local batch size: 50
    Local epoch: 3
    Client_LR: 0.01
    Client_Momentum: 0.9
    Global Rounds: 100
    RobustLR_threshold: 4
======================================
main_task_accuracy=[0, 10.0, 21.25, 40.04999923706055, 41.33000183105469, 42.459999084472656, 41.65999984741211, 45.349998474121094, 49.36000061035156, 52.0099983215332, 52.27000045776367, 54.369998931884766, 55.66999816894531, 57.349998474121094, 58.54999923706055, 58.54999923706055, 59.189998626708984, 60.65999984741211, 59.7599983215332, 59.63999938964844, 60.849998474121094, 62.619998931884766, 62.0099983215332, 62.900001525878906, 60.95000076293945, 62.15999984741211, 61.79999923706055, 65.16000366210938, 64.0199966430664, 65.36000061035156, 65.47000122070312, 65.68000030517578, 65.69999694824219, 66.29000091552734, 66.5999984741211, 65.81999969482422, 66.29000091552734, 66.54000091552734, 65.94000244140625, 67.06999969482422, 66.0, 66.94000244140625, 64.87000274658203, 64.4800033569336, 68.16000366210938, 68.54000091552734, 68.58000183105469, 67.91000366210938, 67.66999816894531, 70.58999633789062, 70.0199966430664, 68.94000244140625, 69.66999816894531, 68.55000305175781, 70.1500015258789, 70.2699966430664, 69.5199966430664, 68.80000305175781, 67.47000122070312, 69.69999694824219, 69.45999908447266, 70.83999633789062, 71.0199966430664, 69.69999694824219, 71.05999755859375, 70.87000274658203, 70.95999908447266, 70.98999786376953, 69.91000366210938, 70.62999725341797, 70.80000305175781, 69.55000305175781, 71.05000305175781, 70.91000366210938, 70.56999969482422, 70.55000305175781, 70.9000015258789, 70.94000244140625, 71.04000091552734, 70.83999633789062, 70.80999755859375, 70.98999786376953, 70.98999786376953, 70.91000366210938, 70.83000183105469, 70.91999816894531, 70.80000305175781, 70.87000274658203, 70.87000274658203, 70.87000274658203, 70.86000061035156, 70.70999908447266, 70.9000015258789, 70.87000274658203, 70.8499984741211, 70.91000366210938, 70.88999938964844, 71.0, 71.05000305175781, 70.83000183105469, 70.94999694824219]
backdoor_accuracy=[0, 0.0, 3.4, 9.7, 10.0, 8.2, 7.7, 6.4, 5.5, 10.2, 7.0, 7.4, 6.5, 7.9, 6.7, 6.0, 9.9, 7.2, 9.2, 7.9, 8.3, 5.1, 7.7, 6.6, 3.6, 4.5, 6.7, 6.1, 6.4, 5.9, 6.1, 5.4, 5.3, 8.7, 7.3, 4.4, 9.0, 3.9, 7.6, 5.2, 6.8, 5.7, 5.4, 4.6, 8.5, 11.0, 7.4, 4.3, 13.7, 7.4, 8.3, 7.7, 8.2, 4.8, 7.1, 7.5, 13.3, 3.6, 4.5, 3.5, 6.8, 7.8, 7.9, 4.5, 9.5, 6.9, 9.0, 9.8, 6.2, 8.5, 10.2, 4.3, 9.6, 8.1, 6.1, 10.0, 7.5, 7.4, 10.6, 7.0, 9.0, 9.1, 7.0, 9.2, 9.5, 8.5, 10.4, 9.3, 8.4, 8.7, 8.2, 8.6, 8.8, 9.0, 8.7, 10.3, 9.6, 8.6, 8.5, 9.7, 7.6]
loss_list=[1.9921528968546123, 1.575535523560312, 1.2116345085700353, 0.9841145245565309, 0.8398902950767014, 0.7624567211833265, 0.6643445676606562, 0.6152325568182601, 0.5956804793659184, 0.5552057166852884, 0.507423680929674, 0.48122342963392534, 0.4736668957873352, 0.4590132465523978, 0.428613122128364, 0.44314255550710696, 0.38758367838338015, 0.3671989580626703, 0.38934745388105524, 0.35321866225554716, 0.3308793678848694, 0.3318936580616153, 0.325923970695585, 0.36559885233744155, 0.3034461018901008, 0.29460873241536323, 0.2999557705575393, 0.25016558549315154, 0.29137697461630313, 0.270009678658098, 0.23255341051521503, 0.23908966782425223, 0.21460000191582368, 0.22026676358473998, 0.22223423763378783, 0.14463952182326467, 0.21772791104145456, 0.17875721828100116, 0.15085978449981974, 0.15582023771402115, 0.17102419994001844, 0.22673234799928546, 0.22577880648381932, 0.1138654017277036, 0.1471173761344269, 0.2035334788416771, 0.1249892533241978, 0.15405879196782027, 0.07069785350962775, 0.11534967287492084, 0.12495980885306684, 0.08914977867728639, 0.09754643845258722, 0.048412695077665074, 0.07823735681145788, 0.08957724721942213, 0.10482776908186175, 0.12561584168275458, 0.08162555524403516, 0.11999848057489239, 0.08134144698251071, 0.04175737545253166, 0.13354133100653093, 0.034576128402517906, 0.05207254407756005, 0.04157135107373404, 0.046731606976245524, 0.08569840401477348, 0.055178994273430544, 0.03838563026216838, 0.07136639628091265, 0.017284152445253213, 0.059801969067286534, 0.04483282737083049, 0.05273641320748639, 0.020777813904011663, 0.03260325968592951, 0.01760207066346791, 0.023210161372977992, 0.018941483600307632, 0.02086842327490659, 0.014853849932894974, 0.009430997600625742, 0.00790501181426104, 0.013162125490022544, 0.015263593964595609, 0.004879557246652742, 0.02318304924387727, 0.0025286400449092772, 0.009767372361970452, 0.01106951989899244, 0.01224198513515552, 0.006212958857403363, 0.00497074042010556, 0.0020660441558781406, 0.005275617861522429, 0.025447993524026564, 0.0032758726868572325, 0.0014735929242488057, 0.02523530840592381]
BBSR:10.3
ABSR:8.94
max acc:71.05
