======================================
    IID: 1
    Dataset: cifar
    Model: resnet
    Model Init: None
    Aggregation Function: zkp
    Fraction NonIID: 0
    Long attack: 5
    Wide attack: 5
    Wide attack: trust
    Threshold reject: 0.5
    Threshold down: 0.0
    Attack method: badnet
    Fraction of malicious agents: 15.0%
    Poison Frac: 0.2
    Backdoor From 7 to 5
    Attack Begin: 0
    Trigger Shape: square
    Trigger Position X: 0
    Trigger Position Y: 0
    Number of agents: 100
    Fraction of agents each turn: 30(30.0%)
    Local batch size: 50
    Local epoch: 3
    Client_LR: 0.01
    Client_Momentum: 0.9
    Global Rounds: 100
======================================
main_task_accuracy=[0, 10.010000228881836, 26.889999389648438, 43.720001220703125, 43.61000061035156, 52.0099983215332, 53.83000183105469, 56.65999984741211, 59.36000061035156, 61.22999954223633, 61.529998779296875, 62.5099983215332, 63.029998779296875, 64.79000091552734, 64.61000061035156, 66.58999633789062, 66.08000183105469, 66.9000015258789, 67.43000030517578, 67.3499984741211, 67.4800033569336, 68.62999725341797, 68.27999877929688, 68.26000213623047, 69.66000366210938, 68.48999786376953, 69.80999755859375, 70.70999908447266, 71.04000091552734, 71.69999694824219, 69.93000030517578, 72.05000305175781, 71.5999984741211, 71.7300033569336, 72.38999938964844, 72.30999755859375, 72.66999816894531, 73.12999725341797, 72.25, 73.22000122070312, 72.76000213623047, 72.94999694824219, 73.16999816894531, 73.55000305175781, 73.72000122070312, 73.73999786376953, 73.79000091552734, 73.55999755859375, 74.02999877929688, 73.41000366210938, 73.75, 73.81999969482422, 73.66000366210938, 73.69000244140625, 73.72000122070312, 73.6500015258789, 73.5, 73.5, 73.54000091552734, 73.38999938964844, 73.37999725341797, 73.3499984741211, 73.37999725341797, 73.41000366210938, 73.26000213623047, 73.0199966430664, 73.29000091552734, 73.23999786376953, 73.22000122070312, 73.18000030517578, 73.23999786376953, 73.19999694824219, 73.05000305175781, 73.06999969482422, 73.08999633789062, 73.12999725341797, 73.08999633789062, 72.94000244140625, 72.86000061035156, 72.86000061035156, 72.81999969482422, 72.98999786376953, 72.88999938964844, 72.9800033569336, 72.81999969482422, 72.77999877929688, 72.87999725341797, 72.88999938964844, 72.80000305175781, 72.79000091552734, 72.80000305175781, 72.79000091552734, 72.88999938964844, 72.9000015258789, 72.8499984741211, 73.0199966430664, 72.95999908447266, 72.98999786376953, 72.93000030517578, 72.93000030517578, 72.91999816894531]
backdoor_accuracy=[0, 0.0, 5.6, 11.4, 12.1, 14.5, 9.7, 9.3, 11.2, 16.1, 11.8, 13.4, 14.6, 15.9, 12.6, 15.1, 15.4, 15.2, 18.7, 13.4, 18.7, 16.2, 13.2, 18.0, 16.4, 17.7, 16.9, 15.0, 27.7, 26.0, 16.2, 30.7, 21.9, 25.4, 28.0, 28.4, 30.4, 30.0, 26.9, 32.0, 35.2, 29.9, 34.2, 35.0, 40.6, 34.9, 35.8, 35.9, 38.2, 31.1, 38.6, 37.9, 38.9, 40.1, 38.3, 37.5, 39.6, 38.9, 43.2, 42.0, 44.0, 43.3, 42.6, 43.2, 40.9, 40.8, 43.9, 44.8, 44.6, 42.4, 44.2, 43.6, 43.1, 44.1, 44.2, 45.4, 45.8, 45.5, 46.9, 46.3, 44.4, 46.5, 46.8, 47.1, 47.3, 46.7, 47.4, 47.3, 48.2, 47.6, 47.6, 47.3, 43.5, 46.4, 46.2, 47.2, 46.9, 47.4, 46.7, 47.4, 47.2]
loss_list=[2.020257504781087, 1.542197398079766, 1.1348692178063922, 0.9918209431403217, 0.7845717288884851, 0.7294011746760872, 0.6058498664903971, 0.5607872372782892, 0.5323774093637863, 0.46727881667721605, 0.42410795399712187, 0.45153560689133077, 0.4018055487113695, 0.37791665528280033, 0.3534595746557331, 0.3103093495928787, 0.2843858476298758, 0.35348794053929555, 0.2908398419670347, 0.28035453838994734, 0.24626075250820975, 0.24485850772613454, 0.22438646339811388, 0.20507273260943798, 0.2374901824871388, 0.234248706356674, 0.17838787498780423, 0.1769397188575628, 0.13011694237900276, 0.18382326249731704, 0.1467819549091574, 0.16672558140229535, 0.11632959050721386, 0.1330756960172827, 0.10483455003316824, 0.09741780261457379, 0.05515381043537572, 0.07900500388848337, 0.08700583803984856, 0.07503231642638436, 0.11147917801417255, 0.05356218745543931, 0.05376557764733055, 0.02599354922066494, 0.01809990707755787, 0.018851777304533045, 0.037868063277597286, 0.04876471850131767, 0.029930333709279586, 0.02281694414375427, 0.013221397838529408, 0.025571238756820092, 0.010308886274870017, 0.01012312663482994, 0.006365714657375874, 0.009130198204657065, 0.00600065735948091, 0.008020618002580403, 0.0028622168533588084, 0.005572810157884507, 0.00558379370738597, 0.004340360861743748, 0.004761264867540578, 0.0040683677693272744, 0.005204442400346224, 0.0015775283760255357, 0.0016167797351469442, 0.0018650000646044244, 0.00241620831940155, 0.0027129604018409745, 0.002486264321778435, 0.0022775852550047508, 0.004497643161464819, 0.0015058482755234256, 0.002326126791659691, 0.0012678081826500906, 0.0010690999415156614, 0.0010497633578132888, 0.0010352607618390015, 0.003313306707487856, 0.000972363992210982, 0.0011605655850952543, 0.0022409289724358438, 0.0008981569382659573, 0.0010182697509379876, 0.0009530234042176743, 0.0022601701896928714, 0.0015027491917943632, 0.0007985170028243576, 0.0008445288261282258, 0.0007547747114828478, 0.009876419605886139, 0.0008587272597166401, 0.0012035498203800267, 0.0021398559797105718, 0.0007303132269913072, 0.0009230940334479479, 0.0008181406542846361, 0.0006123736463551824, 0.0015106295678884228]
BBSR:47.4
ABSR:46.62
max acc:73.02
