======================================
    IID: 0
    Dataset: cifar
    Model: resnet
    Model Init: None
    Aggregation Function: zkp
    Fraction NonIID: 0
    Long attack: 3
    Wide attack: 3
    Wide attack: trust
    Threshold reject: 0.5
    Threshold down: 0.0
    Attack method: dba
    Fraction of malicious agents: 15.0%
    Poison Frac: 0.2
    Backdoor From 7 to 5
    Attack Begin: 0
    Trigger Shape: square
    Trigger Position X: 0
    Trigger Position Y: 0
    Number of agents: 100
    Fraction of agents each turn: 30(30.0%)
    Local batch size: 50
    Local epoch: 3
    Client_LR: 0.01
    Client_Momentum: 0.9
    Global Rounds: 100
======================================
main_task_accuracy=[0, 12.270000457763672, 20.889999389648438, 37.86000061035156, 40.349998474121094, 44.38999938964844, 44.939998626708984, 48.310001373291016, 51.900001525878906, 51.4900016784668, 53.720001220703125, 59.59000015258789, 56.72999954223633, 57.65999984741211, 60.84000015258789, 62.16999816894531, 63.41999816894531, 61.70000076293945, 62.25, 63.25, 62.189998626708984, 66.33000183105469, 64.12000274658203, 65.38999938964844, 65.91000366210938, 65.95999908447266, 64.73999786376953, 67.80000305175781, 65.22000122070312, 67.2300033569336, 67.08999633789062, 67.72000122070312, 67.48999786376953, 67.70999908447266, 67.9800033569336, 67.29000091552734, 68.4000015258789, 66.76000213623047, 67.16000366210938, 69.16999816894531, 68.54000091552734, 69.91999816894531, 68.95999908447266, 69.16000366210938, 68.27999877929688, 66.94000244140625, 69.7699966430664, 67.77999877929688, 70.62999725341797, 69.4000015258789, 70.16000366210938, 69.18000030517578, 69.41000366210938, 71.1500015258789, 70.37999725341797, 70.16000366210938, 70.5999984741211, 70.2699966430664, 70.44000244140625, 69.68000030517578, 70.94999694824219, 71.26000213623047, 71.37999725341797, 69.16999816894531, 70.20999908447266, 71.91999816894531, 70.33000183105469, 71.5199966430664, 70.5199966430664, 71.58999633789062, 71.8499984741211, 71.47000122070312, 70.58999633789062, 70.83999633789062, 71.22000122070312, 71.2300033569336, 71.52999877929688, 70.95999908447266, 71.9000015258789, 71.7699966430664, 72.12999725341797, 70.41999816894531, 73.01000213623047, 72.66000366210938, 71.62999725341797, 72.0, 72.44999694824219, 71.69000244140625, 72.55000305175781, 71.8499984741211, 72.30000305175781, 72.3499984741211, 72.88999938964844, 72.05999755859375, 72.81999969482422, 72.33999633789062, 71.69000244140625, 72.20999908447266, 72.18000030517578, 72.69999694824219, 71.87999725341797]
backdoor_accuracy=[0, 0.0, 1.7, 17.0, 7.5, 16.8, 6.5, 5.4, 19.5, 6.6, 12.8, 8.2, 13.9, 10.3, 15.1, 10.7, 9.9, 5.1, 8.5, 7.1, 11.6, 8.3, 6.5, 11.6, 7.5, 5.1, 5.1, 7.4, 10.0, 7.7, 5.5, 6.1, 8.2, 7.6, 10.7, 4.2, 12.3, 6.0, 4.9, 7.7, 6.4, 9.8, 7.7, 6.5, 9.5, 7.7, 7.8, 9.3, 6.0, 12.4, 3.9, 11.3, 7.7, 4.8, 10.2, 11.8, 3.5, 5.6, 13.0, 6.7, 7.8, 6.1, 12.8, 7.7, 4.5, 5.9, 6.7, 9.0, 4.1, 6.8, 11.5, 6.0, 6.7, 6.1, 10.1, 8.0, 7.0, 11.5, 5.2, 7.0, 9.8, 11.5, 7.6, 6.4, 4.1, 12.3, 6.8, 5.9, 7.4, 10.8, 13.4, 5.0, 8.0, 11.1, 7.5, 10.8, 8.4, 9.4, 8.6, 8.6, 9.6]
loss_list=[1.644528446727329, 1.3817859554953045, 1.1216274872753358, 0.986393139047755, 0.8518726776788632, 0.7579349495553309, 0.7123582954001095, 0.6274069720134139, 0.6221456623574099, 0.5499247198986511, 0.506366460170183, 0.46072654317236605, 0.5350078660415281, 0.5029098690011435, 0.43834494407495683, 0.4203795405373804, 0.4657723716874088, 0.39058042861107317, 0.43692637910342047, 0.4171535373354952, 0.3530618086834955, 0.375621807070242, 0.31764784935965307, 0.35263893385935163, 0.3378719260372842, 0.31303619727130155, 0.3100393185097104, 0.34042058578174966, 0.27274602321778535, 0.27364317852020675, 0.3140734809859552, 0.2959969909706463, 0.2596929048296685, 0.2719332715242894, 0.27750122030964125, 0.26475804298546995, 0.2673771986944808, 0.2510875041542264, 0.27179194541182367, 0.22606624777273585, 0.21936431570625342, 0.20107271132732016, 0.20560301988152785, 0.22856104868101995, 0.2099749676665912, 0.17756282784400454, 0.23504216424034283, 0.18865111104471405, 0.19047349894257623, 0.186773142364497, 0.18943883224183486, 0.17159842371280926, 0.16869936336944294, 0.13800077403429895, 0.15127809797232555, 0.15727438848976613, 0.151955201917121, 0.16741190709846296, 0.15042533730635319, 0.09870576418263632, 0.11778017604490744, 0.13485309572237184, 0.14834058139091616, 0.09344576417824203, 0.1053703960921848, 0.10065574189386095, 0.10837061513153862, 0.09780100088149385, 0.08907757755451408, 0.07521014814375018, 0.1129014914687529, 0.11023196760215796, 0.10684480570363426, 0.10542587049441257, 0.06826341663642475, 0.09557109589753156, 0.10624270248988373, 0.07237567987098979, 0.07485857490904486, 0.07905394860549778, 0.09353291756279453, 0.07061979983247713, 0.0728335306551081, 0.04275240288345635, 0.07403540061796474, 0.06552881380074217, 0.04987044310206935, 0.05829070898660575, 0.04015267142676748, 0.04202254669768282, 0.031947831788808494, 0.04272142316617344, 0.035903266135428574, 0.053366530443276536, 0.03672273708593113, 0.037929809473959415, 0.04341351821423611, 0.028322451096610173, 0.04783058006856462, 0.04001862711688672]
BBSR:11.1
ABSR:8.7
max acc:72.89
