======================================
    IID: 0
    Dataset: cifar
    Model: resnet
    Model Init: None
    Aggregation Function: RLR
    Fraction NonIID: 0
    Long attack: 4
    Wide attack: 4
    Wide attack: trust
    Threshold reject: 0.5
    Threshold down: 0.0
    Attack method: dba
    Fraction of malicious agents: 15.0%
    Poison Frac: 0.2
    Backdoor From 7 to 5
    Attack Begin: 0
    Trigger Shape: square
    Trigger Position X: 0
    Trigger Position Y: 0
    Number of agents: 100
    Fraction of agents each turn: 30(30.0%)
    Local batch size: 50
    Local epoch: 3
    Client_LR: 0.01
    Client_Momentum: 0.9
    Global Rounds: 100
    RobustLR_threshold: 4
======================================
main_task_accuracy=[0, 10.029999732971191, 18.510000228881836, 35.220001220703125, 40.15999984741211, 42.22999954223633, 45.13999938964844, 46.0099983215332, 48.5099983215332, 50.900001525878906, 53.56999969482422, 52.54999923706055, 56.81999969482422, 56.959999084472656, 59.91999816894531, 59.04999923706055, 59.459999084472656, 56.84000015258789, 60.02000045776367, 61.029998779296875, 62.40999984741211, 63.369998931884766, 61.84000015258789, 61.0, 62.97999954223633, 61.83000183105469, 61.970001220703125, 62.86000061035156, 65.33999633789062, 63.66999816894531, 63.060001373291016, 64.56999969482422, 63.86000061035156, 64.4000015258789, 66.43000030517578, 65.16999816894531, 66.68000030517578, 66.9800033569336, 63.130001068115234, 64.36000061035156, 66.05999755859375, 65.08999633789062, 66.9000015258789, 67.5199966430664, 65.1500015258789, 66.05999755859375, 66.7300033569336, 68.55999755859375, 67.11000061035156, 67.11000061035156, 67.79000091552734, 67.9800033569336, 67.31999969482422, 66.75, 66.8499984741211, 68.25, 67.36000061035156, 68.36000061035156, 68.80999755859375, 69.0999984741211, 65.83999633789062, 68.19999694824219, 68.37000274658203, 70.27999877929688, 69.61000061035156, 67.77999877929688, 69.29000091552734, 68.56999969482422, 69.7300033569336, 69.80999755859375, 68.73999786376953, 69.0, 69.26000213623047, 70.08999633789062, 69.27999877929688, 70.19999694824219, 69.72000122070312, 70.3499984741211, 70.12000274658203, 69.5, 69.94000244140625, 69.80000305175781, 69.66999816894531, 69.94000244140625, 69.33000183105469, 69.33999633789062, 69.20999908447266, 70.81999969482422, 69.88999938964844, 70.80999755859375, 69.93000030517578, 70.62999725341797, 70.54000091552734, 70.97000122070312, 70.41000366210938, 71.26000213623047, 70.68000030517578, 70.7300033569336, 71.13999938964844, 71.5199966430664, 71.20999908447266]
backdoor_accuracy=[0, 0.0, 1.9, 3.2, 11.8, 15.6, 8.2, 3.9, 5.1, 12.3, 9.7, 11.0, 11.3, 18.9, 10.9, 10.0, 11.6, 15.9, 10.5, 7.4, 7.5, 11.6, 6.5, 5.1, 9.0, 8.2, 7.2, 6.9, 6.1, 6.5, 7.3, 7.8, 7.1, 6.2, 7.3, 5.8, 8.7, 6.3, 5.0, 5.5, 4.4, 8.2, 5.1, 7.9, 6.3, 5.8, 4.9, 9.2, 7.0, 6.1, 5.2, 7.6, 4.4, 6.5, 5.6, 6.8, 4.4, 4.1, 4.3, 5.1, 4.9, 7.4, 6.1, 7.7, 5.9, 5.4, 7.9, 7.6, 6.5, 5.9, 9.1, 5.5, 5.1, 6.9, 6.4, 5.8, 6.2, 7.4, 7.6, 6.4, 5.6, 7.8, 6.5, 6.7, 3.9, 7.4, 8.4, 8.2, 6.6, 6.8, 4.8, 7.0, 6.6, 7.0, 5.6, 9.1, 8.7, 7.2, 6.0, 9.3, 6.6]
loss_list=[1.6517233534653983, 1.3931543868780132, 1.1277450462844636, 1.0196249466306635, 0.877636538884706, 0.7836118954171737, 0.748318219275938, 0.6458749613000287, 0.6135677721972268, 0.5892653758885958, 0.5257291244818932, 0.5491256386559041, 0.5710903773104978, 0.5288429610058666, 0.46252867284127414, 0.4699771457910537, 0.5130396981268294, 0.43487466537083197, 0.4373932822555717, 0.4305047041819327, 0.4333078668225142, 0.3941549010574817, 0.386876124403336, 0.45030067229643467, 0.39723909352828446, 0.3870640751615994, 0.36438862106659353, 0.38095052263958185, 0.327092665684306, 0.3795019247372531, 0.37166691442330685, 0.35611562440120104, 0.3262375108879577, 0.29623472504472986, 0.3695536029579429, 0.2954912316069628, 0.26115978614142576, 0.31477490627362087, 0.32039262840317356, 0.2886214714197235, 0.30175967560693007, 0.27414537618040213, 0.2702841703206973, 0.2634378852400308, 0.2488884348406767, 0.24862136300860183, 0.26415171818691313, 0.24633688958633382, 0.2590068017723711, 0.21787456955288587, 0.24577080124044892, 0.20467766815447244, 0.24013170437188822, 0.22654152921607923, 0.18983636986334912, 0.2241402387571159, 0.19270799993931884, 0.18545232314461224, 0.2350384170875057, 0.2573317040094278, 0.16737005909872502, 0.21206198550314487, 0.19917398776774967, 0.19841734119981996, 0.19048551426010418, 0.2404887646317689, 0.1701806381616431, 0.1537069938078962, 0.16427710284834676, 0.16767371641614268, 0.16436373778389274, 0.15488285202374552, 0.15026381649898318, 0.15594483407764023, 0.14081038697613016, 0.19618556245883362, 0.13035802277180156, 0.14389332114958148, 0.1486782298272657, 0.14175614725009333, 0.14337388898349468, 0.12563877593693581, 0.12067869122783627, 0.13958176636376368, 0.13536242957805775, 0.11304001569262859, 0.1388655311010532, 0.10968539621810326, 0.12466298969743854, 0.12317438399331876, 0.11874844745218674, 0.09965711611238984, 0.12495490109884283, 0.12361958386124267, 0.11194926125020072, 0.13215262849682607, 0.12264222986546681, 0.08853144407138137, 0.08618170081181839, 0.09795327862223431]
BBSR:9.3
ABSR:7.31
max acc:71.52
