======================================
    IID: 1
    Dataset: cifar
    Model: resnet
    Model Init: None
    Aggregation Function: RLR
    Fraction NonIID: 0
    Long attack: 3
    Wide attack: 3
    Wide attack: trust
    Threshold reject: 0.5
    Threshold down: 0.0
    Attack method: badnet
    Fraction of malicious agents: 15.0%
    Poison Frac: 0.2
    Backdoor From 7 to 5
    Attack Begin: 0
    Trigger Shape: square
    Trigger Position X: 0
    Trigger Position Y: 0
    Number of agents: 100
    Fraction of agents each turn: 30(30.0%)
    Local batch size: 50
    Local epoch: 3
    Client_LR: 0.01
    Client_Momentum: 0.9
    Global Rounds: 100
    RobustLR_threshold: 4
======================================
main_task_accuracy=[0, 13.979999542236328, 24.670000076293945, 43.33000183105469, 45.75, 48.970001220703125, 54.4900016784668, 56.4900016784668, 58.36000061035156, 57.2599983215332, 60.15999984741211, 61.22999954223633, 62.060001373291016, 63.310001373291016, 63.540000915527344, 62.900001525878906, 64.87999725341797, 63.849998474121094, 63.52000045776367, 65.2300033569336, 65.05999755859375, 65.1500015258789, 65.94999694824219, 66.58000183105469, 66.75, 65.45999908447266, 66.61000061035156, 66.81999969482422, 68.0199966430664, 67.80999755859375, 69.02999877929688, 68.25, 68.18000030517578, 67.80999755859375, 67.83999633789062, 69.81999969482422, 70.44000244140625, 70.05000305175781, 71.19000244140625, 69.22000122070312, 70.51000213623047, 70.1500015258789, 70.4000015258789, 70.80999755859375, 70.56999969482422, 71.0, 70.69000244140625, 71.72000122070312, 71.26000213623047, 71.79000091552734, 70.88999938964844, 70.83999633789062, 71.2300033569336, 71.94999694824219, 71.4000015258789, 71.63999938964844, 71.87000274658203, 71.45999908447266, 71.83999633789062, 72.1500015258789, 71.08000183105469, 72.02999877929688, 71.47000122070312, 71.54000091552734, 71.83999633789062, 71.66999816894531, 71.83000183105469, 71.87000274658203, 71.88999938964844, 71.7300033569336, 71.69000244140625, 71.98999786376953, 71.38999938964844, 71.97000122070312, 71.98999786376953, 71.80999755859375, 71.38999938964844, 71.68000030517578, 71.70999908447266, 71.75, 71.73999786376953, 71.5999984741211, 71.70999908447266, 71.44000244140625, 71.3499984741211, 71.63999938964844, 71.72000122070312, 71.55000305175781, 71.55999755859375, 71.55000305175781, 71.45999908447266, 71.37000274658203, 71.5, 71.58999633789062, 71.5999984741211, 71.5199966430664, 71.48999786376953, 71.48999786376953, 71.56999969482422, 71.44999694824219, 71.51000213623047]
backdoor_accuracy=[0, 0.0, 6.6, 7.9, 8.1, 12.3, 6.9, 10.3, 10.4, 9.7, 5.2, 7.1, 9.8, 6.6, 5.8, 7.3, 6.5, 8.0, 4.2, 7.1, 6.0, 5.9, 5.4, 5.8, 3.9, 3.1, 4.3, 2.6, 5.4, 4.8, 3.6, 3.7, 3.1, 3.1, 2.2, 4.4, 3.2, 6.1, 4.8, 8.0, 5.4, 3.9, 2.6, 4.5, 4.6, 4.7, 4.0, 4.7, 4.5, 3.1, 5.2, 3.3, 4.3, 6.8, 3.0, 8.6, 2.9, 5.7, 6.0, 4.4, 2.0, 5.9, 5.8, 7.3, 4.6, 2.8, 4.3, 8.5, 4.5, 5.9, 6.8, 4.5, 4.6, 4.7, 6.3, 6.0, 3.6, 3.8, 5.3, 6.4, 5.8, 3.5, 4.6, 3.5, 5.9, 5.4, 5.3, 5.1, 4.3, 5.5, 5.5, 6.4, 4.3, 5.2, 4.2, 4.8, 4.8, 5.4, 4.8, 6.0, 5.1]
loss_list=[2.0339927909109328, 1.627712848451402, 1.2089387013183703, 0.9986294862131279, 0.8368534183005492, 0.741356938092245, 0.6583664416066473, 0.5849203145048685, 0.5868509195951953, 0.514542780412982, 0.5173960518733495, 0.4647952890851431, 0.44649434139538136, 0.45599254504674014, 0.42537529176515004, 0.3744065481807209, 0.40571955121846665, 0.3838358654112866, 0.3587404895268588, 0.32628901522192694, 0.3774652896045396, 0.315705005141596, 0.2954531805532881, 0.317509950636886, 0.2592460012402282, 0.2967911739629279, 0.3036369442295594, 0.22268238286824063, 0.2667396685142174, 0.2051711458331232, 0.2793290644189498, 0.2718113018150648, 0.22516810733436915, 0.20047374247806143, 0.23122519596790275, 0.1925321835258769, 0.15018062130185877, 0.2030303850777111, 0.2140482928204195, 0.1985615713060057, 0.18029117683776544, 0.20211593624016838, 0.11779684363660639, 0.12999664406098116, 0.16228864454745134, 0.09451892315891906, 0.08148208827818354, 0.16478424721753174, 0.07925971294864821, 0.08755155791083073, 0.1109732586963784, 0.10467715787041625, 0.0829544847411388, 0.09435143692042201, 0.07651165452313662, 0.06595559781143998, 0.10467260939913103, 0.03672937067138265, 0.05102831681491, 0.0882199402611756, 0.09407132051809135, 0.07544371755033756, 0.038282751716700036, 0.10136160361003328, 0.027123392335876503, 0.047135570332175115, 0.05942391812573785, 0.008453375904015653, 0.047154525014436025, 0.03316309049174581, 0.0368669765524909, 0.03679234608622208, 0.014852263950322388, 0.022297685164070973, 0.018444307805257274, 0.04945047274918276, 0.01500386018269435, 0.02537985041398416, 0.027662332337139453, 0.018558042641351573, 0.009596174640505018, 0.01898600529870035, 0.027319223008521985, 0.026968526316535034, 0.0017136740430457092, 0.017917090208249848, 0.006645914306458912, 0.02800812197773667, 0.0015855856942370238, 0.0023988123403038725, 0.004233089235502929, 0.023191071742185154, 0.0034309654174689477, 0.005131151268716267, 0.023217798292834126, 0.01161182150515136, 0.0012082118419129986, 0.008308759805517589, 0.008368439405452998, 0.008135324533367464]
BBSR:6.4
ABSR:5.1
max acc:71.6
