======================================
    IID: 1
    Dataset: cifar
    Model: resnet
    Model Init: None
    Aggregation Function: RLR
    Fraction NonIID: 0
    Long attack: 3
    Wide attack: 3
    Wide attack: trust
    Threshold reject: 0.5
    Threshold down: 0.0
    Attack method: dba
    Fraction of malicious agents: 15.0%
    Poison Frac: 0.2
    Backdoor From 7 to 5
    Attack Begin: 0
    Trigger Shape: square
    Trigger Position X: 0
    Trigger Position Y: 0
    Number of agents: 100
    Fraction of agents each turn: 30(30.0%)
    Local batch size: 50
    Local epoch: 3
    Client_LR: 0.01
    Client_Momentum: 0.9
    Global Rounds: 100
    RobustLR_threshold: 4
======================================
main_task_accuracy=[0, 11.079999923706055, 25.670000076293945, 41.5099983215332, 41.869998931884766, 46.81999969482422, 49.41999816894531, 53.43000030517578, 54.459999084472656, 55.47999954223633, 58.2400016784668, 59.08000183105469, 60.43000030517578, 61.959999084472656, 61.88999938964844, 61.720001220703125, 61.93000030517578, 62.33000183105469, 63.310001373291016, 64.44999694824219, 63.970001220703125, 64.43000030517578, 64.7699966430664, 65.48999786376953, 65.29000091552734, 66.16000366210938, 65.86000061035156, 65.83999633789062, 65.25, 66.0199966430664, 67.4800033569336, 68.0199966430664, 67.47000122070312, 67.94999694824219, 67.29000091552734, 68.80999755859375, 67.81999969482422, 69.01000213623047, 68.02999877929688, 69.23999786376953, 66.1500015258789, 68.83000183105469, 70.38999938964844, 70.41999816894531, 68.7300033569336, 69.93000030517578, 69.38999938964844, 69.66999816894531, 70.37999725341797, 70.31999969482422, 70.0999984741211, 68.7699966430664, 67.80999755859375, 70.70999908447266, 70.41999816894531, 69.77999877929688, 71.56999969482422, 71.62000274658203, 71.43000030517578, 69.61000061035156, 71.63999938964844, 70.4800033569336, 72.01000213623047, 71.52999877929688, 71.5, 72.36000061035156, 71.94000244140625, 71.58000183105469, 71.43000030517578, 71.95999908447266, 71.87000274658203, 71.61000061035156, 71.91999816894531, 71.20999908447266, 71.69000244140625, 71.22000122070312, 71.86000061035156, 71.73999786376953, 71.9000015258789, 72.05999755859375, 72.02999877929688, 72.04000091552734, 71.97000122070312, 71.9800033569336, 72.06999969482422, 72.02999877929688, 71.88999938964844, 71.83000183105469, 71.9000015258789, 71.9000015258789, 71.94999694824219, 72.12000274658203, 71.91000366210938, 71.91999816894531, 71.87000274658203, 71.87000274658203, 72.0199966430664, 71.9000015258789, 71.93000030517578, 71.91999816894531, 71.94999694824219]
backdoor_accuracy=[0, 0.0, 5.5, 12.9, 17.8, 10.1, 8.4, 10.0, 10.9, 12.5, 10.8, 11.4, 11.0, 7.7, 8.8, 5.5, 7.2, 8.1, 8.8, 7.6, 6.7, 5.0, 5.8, 10.0, 7.8, 8.0, 5.9, 6.6, 4.5, 7.3, 8.5, 8.2, 7.2, 8.2, 4.0, 5.7, 5.7, 6.3, 4.4, 5.7, 2.1, 10.9, 4.9, 9.0, 5.4, 6.8, 9.5, 8.8, 2.9, 7.1, 8.1, 5.4, 5.1, 8.5, 5.1, 2.9, 7.5, 10.6, 5.6, 3.1, 10.4, 3.3, 5.7, 6.5, 5.3, 7.0, 6.6, 3.9, 6.8, 6.5, 6.8, 6.2, 8.4, 6.7, 7.2, 7.2, 10.7, 5.8, 7.1, 9.1, 7.3, 8.0, 9.0, 7.4, 10.2, 9.4, 8.0, 8.9, 8.3, 9.6, 9.3, 9.8, 8.0, 9.2, 8.8, 9.4, 9.9, 9.4, 8.5, 9.9, 9.4]
loss_list=[1.9562159180641172, 1.560361119906108, 1.2046215517984495, 0.9976065215799541, 0.8640023893117906, 0.7502043838964567, 0.6821430946679581, 0.647792003730105, 0.5788682000463208, 0.5328632668116027, 0.5237047188729047, 0.5116977427051299, 0.4504300232210921, 0.4440926760517889, 0.42465138990225076, 0.3932525733713474, 0.4265428477608495, 0.36762144761366977, 0.38915022090698276, 0.35728667272047865, 0.3661197276165088, 0.3216845108941198, 0.3148667318037608, 0.28396419646114945, 0.2822728482613134, 0.2849489931961418, 0.2852546914515551, 0.31309640996132254, 0.2543910027436344, 0.26884836958811825, 0.2545739813344295, 0.2291657282941095, 0.2847162784617912, 0.2187409851881158, 0.19920354569511903, 0.19871449177657874, 0.22008655594687696, 0.19866759000164974, 0.19112484765187324, 0.2933520314897436, 0.16858587244305656, 0.11692378312588617, 0.16894742328473109, 0.22055599277059731, 0.12972451671078383, 0.15218289679307617, 0.16065527223435408, 0.11184045315720142, 0.13269385123098293, 0.11126860155416783, 0.16421596233522806, 0.12888140172034682, 0.10921803027737442, 0.10906838477686202, 0.08562847383925042, 0.05862136250992383, 0.11690760585497223, 0.07068142831732985, 0.09343791182676796, 0.09266887483652679, 0.07987675243957912, 0.033551287861547395, 0.05585954667749725, 0.07243994934093888, 0.045250872478597264, 0.0408297951311882, 0.06280703406524682, 0.04471495052582921, 0.018988267089864362, 0.03638290266376216, 0.05934245324353267, 0.037534996167612716, 0.057737799869387846, 0.02987236240155552, 0.06193737716453244, 0.03691432900342382, 0.01311395761272959, 0.0320246172802864, 0.009919539498104212, 0.015192403542488244, 0.005593216637674535, 0.022318820607823805, 0.01610289036511151, 0.00797320021069633, 0.002834367233087202, 0.004479636542437219, 0.01339171316174947, 0.006902918541737665, 0.002920149786078684, 0.002001473289811757, 0.007215141188143104, 0.01850886733101813, 0.004870695950887442, 0.019700413912673357, 0.0024227426816893663, 0.01687012707626915, 0.004465157879848344, 0.017086209125880287, 0.020163280603895446, 0.0012361272804759615]
BBSR:9.9
ABSR:9.23
max acc:72.12
