======================================
    IID: 0
    Dataset: cifar
    Model: resnet
    Model Init: None
    Aggregation Function: flame
    Fraction NonIID: 0
    Long attack: 5
    Wide attack: 5
    Wide attack: trust
    Threshold reject: 0.5
    Threshold down: 0.0
    Attack method: dba
    Fraction of malicious agents: 15.0%
    Poison Frac: 0.2
    Backdoor From 7 to 5
    Attack Begin: 0
    Trigger Shape: square
    Trigger Position X: 0
    Trigger Position Y: 0
    Number of agents: 100
    Fraction of agents each turn: 30(30.0%)
    Local batch size: 50
    Local epoch: 3
    Client_LR: 0.01
    Client_Momentum: 0.9
    Global Rounds: 100
    Noise in FLAME: 0.001
proportion of malicious are selected:0.755
proportion of benign are selected:0.5146153846153846
======================================
main_task_accuracy=[0, 11.210000038146973, 30.440000534057617, 37.36000061035156, 45.290000915527344, 42.439998626708984, 49.72999954223633, 49.90999984741211, 51.68000030517578, 50.02000045776367, 53.43000030517578, 55.040000915527344, 55.72999954223633, 56.560001373291016, 57.70000076293945, 55.63999938964844, 59.560001373291016, 59.04999923706055, 60.970001220703125, 56.810001373291016, 59.779998779296875, 59.81999969482422, 56.7400016784668, 57.790000915527344, 57.599998474121094, 59.40999984741211, 61.58000183105469, 62.470001220703125, 60.630001068115234, 60.189998626708984, 61.599998474121094, 62.790000915527344, 63.47999954223633, 62.75, 63.029998779296875, 61.95000076293945, 63.5, 61.939998626708984, 62.189998626708984, 63.7400016784668, 63.90999984741211, 65.01000213623047, 65.29000091552734, 62.93000030517578, 64.5999984741211, 65.2699966430664, 64.30999755859375, 65.94999694824219, 64.01000213623047, 66.29000091552734, 64.7699966430664, 63.630001068115234, 64.5999984741211, 65.95999908447266, 66.33000183105469, 64.94999694824219, 65.76000213623047, 64.9800033569336, 65.37999725341797, 67.08000183105469, 65.2699966430664, 66.08000183105469, 66.37999725341797, 67.54000091552734, 65.22000122070312, 65.69000244140625, 66.38999938964844, 66.12000274658203, 67.9000015258789, 67.0, 66.19999694824219, 65.5999984741211, 65.95999908447266, 64.77999877929688, 67.19999694824219, 66.87000274658203, 66.5999984741211, 64.88999938964844, 65.26000213623047, 66.06999969482422, 65.79000091552734, 67.5, 66.93000030517578, 65.30999755859375, 65.83999633789062, 67.75, 67.37999725341797, 66.95999908447266, 66.93000030517578, 66.68000030517578, 67.37999725341797, 67.63999938964844, 65.31999969482422, 67.02999877929688, 67.0999984741211, 67.87000274658203, 66.91000366210938, 66.58999633789062, 65.95999908447266, 65.73999786376953, 67.7699966430664]
backdoor_accuracy=[0, 0.0, 32.3, 17.4, 19.7, 10.4, 21.7, 7.6, 5.7, 25.8, 11.7, 10.3, 22.0, 7.0, 9.6, 14.4, 15.4, 7.5, 13.5, 26.8, 5.0, 10.6, 15.4, 3.4, 6.4, 13.1, 10.7, 9.5, 10.4, 20.1, 7.6, 9.4, 7.6, 8.2, 7.1, 3.8, 13.5, 6.1, 14.2, 9.5, 3.7, 3.7, 6.1, 2.5, 5.4, 3.6, 10.6, 8.2, 11.9, 8.5, 6.1, 18.9, 14.7, 5.9, 4.8, 11.0, 11.4, 7.8, 10.5, 7.9, 18.8, 14.6, 5.2, 12.2, 4.9, 13.6, 13.3, 13.2, 15.4, 10.4, 20.8, 10.1, 3.7, 11.3, 7.8, 8.2, 10.2, 6.9, 12.4, 7.2, 7.8, 7.7, 11.0, 3.3, 12.1, 11.3, 11.8, 9.7, 11.3, 12.8, 15.0, 10.4, 14.9, 16.1, 7.3, 8.8, 10.6, 7.6, 13.2, 18.4, 8.0]
loss_list=[1.6259365122185814, 1.4101716225677066, 1.1283211740851404, 0.9845744806031387, 0.847706930124097, 0.7722087579593064, 0.708410966106587, 0.6282394897854992, 0.7374520153821342, 0.5909274655911657, 0.6073752175664737, 0.5841953521056308, 0.5662650091201067, 0.568148600268695, 0.5701928020020327, 0.5232475176112107, 0.5437888826264275, 0.5342216974807282, 0.492433450396897, 0.5102943931732119, 0.5162531752496337, 0.49859293446513925, 0.45258425824602866, 0.5578328635021009, 0.44117809012583975, 0.4792798202826331, 0.4598630118773629, 0.49485580388042655, 0.4628918827270778, 0.44807288025454095, 0.527079703119687, 0.4364275008556432, 0.4978943605366577, 0.4006599216088135, 0.5449371303462734, 0.4123328770733335, 0.45685201869579023, 0.46159801525426, 0.5018845944701591, 0.4463864202554234, 0.4399948448501528, 0.3557857590776662, 0.40968922467979924, 0.42046337035924414, 0.3672852388376162, 0.4014058288696429, 0.5125483042870959, 0.4193853194196708, 0.4314134261392369, 0.41097055564970814, 0.3598836283256403, 0.4320113115224781, 0.38124884504902484, 0.45225765478667906, 0.3501295341359866, 0.40828511678018725, 0.44139335319710277, 0.46371826620811285, 0.36839558943925005, 0.3871512995290363, 0.40537135936630275, 0.4011142843113177, 0.4086787384352647, 0.3222586416635507, 0.3595703829830097, 0.38791129229331606, 0.39071614510974745, 0.4176078520345295, 0.3554511201214821, 0.40071104904856636, 0.34356210119220326, 0.41314983676963796, 0.411493605570997, 0.45393318434426977, 0.3490990837443518, 0.3626708813397111, 0.4327308205706584, 0.39547969123969473, 0.35233189851420726, 0.42788586422218944, 0.32382107843153385, 0.30634702557684956, 0.4246160400696357, 0.39359025013193283, 0.36957101342889165, 0.36653128539632435, 0.341007018644725, 0.3552359980416562, 0.37804246448484863, 0.4102528523180323, 0.4168848293947263, 0.44730927156206846, 0.3390387348207231, 0.39139878570554887, 0.38722764670189164, 0.3464833137690502, 0.4136433674188124, 0.3409449935544075, 0.4047495624680434, 0.3204702951279211]
BBSR:18.4
ABSR:11.53
max acc:67.87
