======================================
    IID: 0
    Dataset: cifar
    Model: resnet
    Model Init: None
    Aggregation Function: zkp
    Fraction NonIID: 0
    Long attack: 3
    Wide attack: 3
    Wide attack: trust
    Threshold reject: 0.5
    Threshold down: 0.0
    Attack method: badnet
    Fraction of malicious agents: 15.0%
    Poison Frac: 0.2
    Backdoor From 7 to 5
    Attack Begin: 0
    Trigger Shape: square
    Trigger Position X: 0
    Trigger Position Y: 0
    Number of agents: 100
    Fraction of agents each turn: 30(30.0%)
    Local batch size: 50
    Local epoch: 3
    Client_LR: 0.01
    Client_Momentum: 0.9
    Global Rounds: 100
======================================
main_task_accuracy=[0, 10.0, 26.670000076293945, 40.290000915527344, 40.86000061035156, 42.34000015258789, 47.900001525878906, 48.54999923706055, 52.88999938964844, 51.59000015258789, 56.689998626708984, 54.369998931884766, 58.70000076293945, 57.91999816894531, 58.84000015258789, 59.790000915527344, 60.91999816894531, 60.95000076293945, 60.63999938964844, 61.56999969482422, 63.279998779296875, 63.7599983215332, 63.70000076293945, 62.2599983215332, 64.83999633789062, 63.029998779296875, 66.36000061035156, 65.7699966430664, 64.87000274658203, 66.5, 66.26000213623047, 66.86000061035156, 65.55000305175781, 66.12000274658203, 67.68000030517578, 67.51000213623047, 66.44999694824219, 66.16000366210938, 67.30000305175781, 67.79000091552734, 67.91000366210938, 66.91000366210938, 68.68000030517578, 68.33000183105469, 68.2300033569336, 70.0999984741211, 69.06999969482422, 69.2300033569336, 70.5999984741211, 68.86000061035156, 69.51000213623047, 68.75, 70.91000366210938, 70.23999786376953, 70.44000244140625, 70.41999816894531, 69.93000030517578, 71.37000274658203, 68.77999877929688, 72.0, 70.66999816894531, 71.58999633789062, 70.23999786376953, 71.0999984741211, 70.26000213623047, 71.02999877929688, 71.66999816894531, 71.37000274658203, 69.27999877929688, 71.41000366210938, 71.62000274658203, 72.01000213623047, 72.55000305175781, 71.19000244140625, 71.80000305175781, 71.23999786376953, 72.01000213623047, 70.30999755859375, 71.06999969482422, 70.12999725341797, 72.66000366210938, 72.43000030517578, 72.33000183105469, 72.29000091552734, 71.83999633789062, 72.5199966430664, 71.48999786376953, 72.04000091552734, 73.1500015258789, 72.45999908447266, 73.12000274658203, 72.26000213623047, 73.05999755859375, 72.29000091552734, 73.11000061035156, 71.98999786376953, 72.62999725341797, 73.4000015258789, 73.51000213623047, 71.80999755859375, 73.29000091552734]
backdoor_accuracy=[0, 0.0, 2.6, 17.3, 13.7, 15.8, 28.7, 16.2, 9.0, 15.4, 9.3, 15.1, 12.5, 10.6, 6.8, 13.9, 8.8, 6.4, 12.9, 6.9, 8.7, 9.4, 10.3, 4.8, 11.0, 7.4, 5.8, 11.0, 7.4, 12.5, 7.6, 7.0, 8.1, 7.9, 8.1, 12.3, 6.4, 8.1, 5.1, 7.6, 6.5, 9.3, 7.8, 10.9, 7.5, 5.0, 12.7, 5.7, 10.3, 6.1, 5.0, 12.6, 12.0, 5.0, 8.5, 6.9, 9.6, 7.0, 9.2, 7.7, 9.3, 8.9, 6.3, 12.7, 4.5, 7.7, 7.5, 5.3, 11.4, 7.1, 5.2, 5.3, 6.9, 7.6, 7.1, 8.2, 3.2, 9.1, 2.8, 8.3, 5.7, 5.4, 6.8, 10.8, 3.8, 7.2, 7.0, 6.3, 7.8, 6.4, 7.4, 4.6, 4.9, 5.2, 7.1, 7.6, 6.3, 6.0, 8.1, 5.0, 9.8]
loss_list=[1.6367995195256342, 1.362101046310531, 1.0762666583061218, 0.9293255613909829, 0.796456248006887, 0.713869105792708, 0.6800334614225559, 0.6351617172443205, 0.5991693960875273, 0.5941522345836793, 0.5415951152766745, 0.513854255973258, 0.49562209995256523, 0.4886945942199478, 0.45181998689141545, 0.42900380620939865, 0.46678158975723716, 0.40606121640548926, 0.36516278618946657, 0.40518262152042644, 0.3769924553328504, 0.3438029539523026, 0.3912863122620102, 0.32800643847686134, 0.3487104869119099, 0.31313573254375815, 0.33907161649316553, 0.32936038333301737, 0.30053977026707607, 0.29928516251526566, 0.2883837292902172, 0.2981387053135162, 0.26015284471627736, 0.26620342403546804, 0.26455501858921104, 0.2645586736541656, 0.26186207492602986, 0.22772245080727668, 0.23816044642693474, 0.25413043255296847, 0.24918804652937168, 0.24429994799507165, 0.24603213081395048, 0.23785690170764512, 0.18968061281704443, 0.1922696534936162, 0.15999391946320735, 0.22888448619542434, 0.18107337087580358, 0.21339638463531932, 0.1737756442591651, 0.15449761631445855, 0.15047053462308313, 0.15617374481219384, 0.14808010123411403, 0.1457264218218107, 0.14817874102413447, 0.15202920767814956, 0.12233890086865155, 0.11930542322729404, 0.12521068549792588, 0.10941665433120859, 0.12410718456437783, 0.13776487672449242, 0.13867125201711636, 0.1010858687746481, 0.1370603458913845, 0.11488758330699057, 0.09629607839422534, 0.12190413581873548, 0.09795322948850099, 0.08584593387838037, 0.08415810622785809, 0.09394368844999311, 0.08470337883873276, 0.07599367655286592, 0.0964528871277839, 0.09655050422915439, 0.07669044296367146, 0.08688028740673975, 0.0723744084574153, 0.08011985954379068, 0.07577288187121871, 0.05287909362219378, 0.056056701899926537, 0.07646043550430072, 0.07483727352273288, 0.05438669109616765, 0.05363593138130253, 0.05373421790304646, 0.03564726950646017, 0.03545829727754203, 0.03984176812538256, 0.06248963802343093, 0.047666157361341506, 0.038807618616685614, 0.04328539041947806, 0.05123031299761756, 0.03987730282088807, 0.0301081329097926]
BBSR:9.8
ABSR:6.46
max acc:73.51
