======================================
    IID: 1
    Dataset: cifar
    Model: resnet
    Model Init: None
    Aggregation Function: RLR
    Fraction NonIID: 0
    Long attack: 5
    Wide attack: 5
    Wide attack: trust
    Threshold reject: 0.5
    Threshold down: 0.0
    Attack method: badnet
    Fraction of malicious agents: 15.0%
    Poison Frac: 0.2
    Backdoor From 7 to 5
    Attack Begin: 0
    Trigger Shape: square
    Trigger Position X: 0
    Trigger Position Y: 0
    Number of agents: 100
    Fraction of agents each turn: 30(30.0%)
    Local batch size: 50
    Local epoch: 3
    Client_LR: 0.01
    Client_Momentum: 0.9
    Global Rounds: 100
    RobustLR_threshold: 4
======================================
main_task_accuracy=[0, 10.510000228881836, 22.6200008392334, 39.599998474121094, 42.15999984741211, 45.540000915527344, 45.09000015258789, 50.900001525878906, 52.349998474121094, 55.040000915527344, 56.060001373291016, 56.43000030517578, 59.279998779296875, 59.790000915527344, 60.279998779296875, 60.63999938964844, 60.720001220703125, 61.70000076293945, 62.959999084472656, 63.34000015258789, 62.709999084472656, 64.20999908447266, 64.58000183105469, 63.810001373291016, 64.6500015258789, 65.37999725341797, 64.98999786376953, 66.36000061035156, 67.51000213623047, 68.11000061035156, 68.16999816894531, 68.58999633789062, 67.72000122070312, 69.0, 67.16000366210938, 67.93000030517578, 69.16000366210938, 69.12000274658203, 69.05000305175781, 68.79000091552734, 69.5199966430664, 70.43000030517578, 69.98999786376953, 69.76000213623047, 70.3499984741211, 70.38999938964844, 70.19000244140625, 71.02999877929688, 71.06999969482422, 71.44000244140625, 70.2300033569336, 70.4800033569336, 70.98999786376953, 71.66000366210938, 71.0999984741211, 71.30000305175781, 71.68000030517578, 70.87000274658203, 70.75, 70.83999633789062, 70.7699966430664, 70.70999908447266, 72.13999938964844, 71.70999908447266, 71.7699966430664, 72.33999633789062, 71.69000244140625, 71.55000305175781, 72.06999969482422, 71.66999816894531, 71.91999816894531, 71.66999816894531, 71.9000015258789, 71.6500015258789, 72.08999633789062, 71.93000030517578, 71.81999969482422, 72.01000213623047, 71.80000305175781, 71.91000366210938, 71.69000244140625, 71.7699966430664, 71.70999908447266, 71.73999786376953, 71.73999786376953, 71.68000030517578, 71.7300033569336, 71.69000244140625, 71.41999816894531, 71.5, 71.5999984741211, 71.66000366210938, 71.56999969482422, 71.61000061035156, 71.55999755859375, 71.61000061035156, 71.5199966430664, 71.72000122070312, 71.55999755859375, 71.55000305175781, 71.66999816894531]
backdoor_accuracy=[0, 0.0, 7.5, 20.6, 17.2, 13.2, 11.4, 16.1, 17.6, 15.2, 13.9, 13.2, 15.6, 17.1, 13.6, 12.2, 11.8, 12.7, 13.5, 11.8, 13.4, 10.5, 13.5, 12.2, 14.2, 13.9, 12.9, 14.7, 19.6, 16.4, 21.1, 19.2, 17.7, 15.6, 11.9, 23.4, 19.9, 21.4, 22.9, 18.7, 16.2, 23.2, 24.2, 28.5, 21.4, 29.5, 26.8, 28.8, 33.3, 31.2, 15.8, 41.9, 28.2, 30.3, 34.6, 30.0, 33.7, 32.9, 24.9, 34.5, 40.0, 31.3, 35.4, 29.6, 34.6, 36.6, 29.6, 32.4, 37.7, 30.7, 37.1, 32.9, 38.5, 35.9, 40.2, 39.2, 37.6, 40.3, 34.4, 41.3, 41.1, 36.7, 37.0, 40.4, 39.7, 38.2, 42.5, 39.3, 35.1, 39.1, 41.7, 41.6, 39.8, 42.6, 42.2, 41.9, 41.8, 41.9, 42.1, 42.5, 41.7]
loss_list=[1.9796743382347957, 1.590872677763303, 1.2354132659898862, 1.0493045347101158, 0.8818032843040096, 0.7830232598715358, 0.691699832143883, 0.6634741847631003, 0.5729306841517489, 0.5649044603192144, 0.5380129246144659, 0.49066650042517324, 0.473108900644713, 0.4568061746439585, 0.43465379754391814, 0.4196068117084602, 0.4212540860536197, 0.39329684261801756, 0.3707652894221246, 0.37463493826643873, 0.348402315218312, 0.3545934896569491, 0.35484287536159775, 0.3448046761598541, 0.2804256368940696, 0.32706575450953096, 0.3074074576205264, 0.26849003892029744, 0.27593213536647254, 0.23758571413863033, 0.24693696898925635, 0.2130634627576607, 0.286595706947717, 0.24884999754166023, 0.2031435617148721, 0.20180972193497126, 0.1985571503482708, 0.1935342074020688, 0.2497943827896638, 0.22725015817429972, 0.15172502521871742, 0.15305613290867767, 0.13299959882770457, 0.23823262098187115, 0.1691227799583511, 0.16306037511986993, 0.1464340913517582, 0.12158038904133718, 0.07536304633889812, 0.11066961334387693, 0.1293692823472439, 0.09421563132758216, 0.07059509144804907, 0.08469823843311235, 0.05549028758755111, 0.08984483766641156, 0.09482716215001546, 0.10725407244939963, 0.10346685112473401, 0.10776081997553572, 0.0861679209444103, 0.05401966570886241, 0.0703142046755723, 0.06919243234206486, 0.06377334942356457, 0.037791796370357685, 0.048650850280100716, 0.02894871661031276, 0.04405790687379421, 0.04693864461435523, 0.05143807738854876, 0.018338996841517248, 0.027830145453262962, 0.012697156342821673, 0.0069780866696823474, 0.03968520056911883, 0.004418478146011086, 0.02969781275845081, 0.011324748013907487, 0.020931973715414644, 0.015075378511816475, 0.015316305858234245, 0.0036889848581288073, 0.004533974999772506, 0.013562519250380219, 0.022808152951596033, 0.004089175880595172, 0.032929020072937826, 0.021874490914469785, 0.0027651605888139694, 0.00733559311730965, 0.010835690689594533, 0.010983993728791074, 0.004384084067637055, 0.009831389867778043, 0.0023473713731871405, 0.0035995574796601837, 0.0012741784326903544, 0.0015373159097796616, 0.008819273239021439]
BBSR:42.6
ABSR:41.81
max acc:71.72
