======================================
    IID: 0
    Dataset: cifar
    Model: resnet
    Model Init: None
    Aggregation Function: zkp
    Fraction NonIID: 0
    Long attack: 5
    Wide attack: 5
    Wide attack: trust
    Threshold reject: 0.5
    Threshold down: 0.0
    Attack method: dba
    Fraction of malicious agents: 15.0%
    Poison Frac: 0.2
    Backdoor From 7 to 5
    Attack Begin: 0
    Trigger Shape: square
    Trigger Position X: 0
    Trigger Position Y: 0
    Number of agents: 100
    Fraction of agents each turn: 30(30.0%)
    Local batch size: 50
    Local epoch: 3
    Client_LR: 0.01
    Client_Momentum: 0.9
    Global Rounds: 100
======================================
main_task_accuracy=[0, 10.579999923706055, 21.389999389648438, 40.380001068115234, 37.2400016784668, 45.779998779296875, 47.849998474121094, 49.59000015258789, 52.400001525878906, 56.619998931884766, 57.709999084472656, 59.119998931884766, 58.93000030517578, 60.45000076293945, 60.790000915527344, 62.04999923706055, 62.02000045776367, 63.130001068115234, 64.69000244140625, 64.08000183105469, 64.41999816894531, 64.31999969482422, 65.63999938964844, 65.37000274658203, 66.12999725341797, 65.98999786376953, 66.16999816894531, 68.62000274658203, 67.98999786376953, 66.69000244140625, 68.2699966430664, 68.27999877929688, 67.55999755859375, 68.36000061035156, 67.7300033569336, 68.9000015258789, 67.72000122070312, 67.33999633789062, 69.98999786376953, 66.87999725341797, 69.2699966430664, 68.04000091552734, 69.70999908447266, 68.48999786376953, 69.05999755859375, 69.52999877929688, 70.5999984741211, 69.9800033569336, 70.69000244140625, 70.04000091552734, 70.37999725341797, 68.36000061035156, 70.91999816894531, 71.08000183105469, 70.80999755859375, 71.29000091552734, 68.51000213623047, 71.41999816894531, 69.4800033569336, 70.22000122070312, 68.62999725341797, 71.36000061035156, 72.05999755859375, 70.8499984741211, 69.19999694824219, 72.73999786376953, 70.2699966430664, 71.58000183105469, 71.58999633789062, 72.48999786376953, 69.83000183105469, 71.58999633789062, 70.63999938964844, 71.13999938964844, 71.66999816894531, 72.37999725341797, 72.31999969482422, 70.58999633789062, 72.8499984741211, 71.70999908447266, 71.33999633789062, 72.58999633789062, 71.86000061035156, 72.16999816894531, 72.43000030517578, 71.6500015258789, 72.19000244140625, 72.66999816894531, 72.83999633789062, 71.91000366210938, 72.80999755859375, 72.37000274658203, 72.98999786376953, 72.33999633789062, 72.62000274658203, 72.69000244140625, 72.01000213623047, 72.3499984741211, 72.9000015258789, 72.55999755859375, 73.20999908447266]
backdoor_accuracy=[0, 0.0, 6.4, 22.2, 9.8, 8.8, 17.9, 8.0, 9.2, 14.4, 16.6, 14.3, 8.1, 9.0, 9.6, 7.2, 8.3, 11.5, 7.0, 6.0, 9.7, 11.1, 4.0, 4.3, 7.0, 5.5, 5.0, 9.4, 6.0, 6.7, 6.1, 8.0, 8.1, 3.1, 8.9, 2.9, 8.5, 3.3, 10.1, 6.0, 4.7, 4.5, 3.2, 7.9, 6.8, 5.1, 7.4, 7.1, 4.9, 7.8, 3.7, 10.3, 3.7, 7.3, 9.3, 9.2, 7.7, 4.8, 10.9, 6.6, 6.2, 5.7, 7.4, 8.7, 3.8, 6.8, 10.8, 4.2, 7.4, 5.3, 6.3, 4.8, 8.4, 8.3, 9.6, 3.1, 7.7, 7.2, 6.4, 6.4, 7.9, 7.0, 7.1, 6.4, 6.1, 12.8, 6.4, 4.9, 5.4, 5.5, 9.9, 11.0, 4.9, 5.3, 7.4, 3.4, 4.8, 3.0, 8.9, 14.1, 5.5]
loss_list=[1.6234129188458128, 1.3501635108391445, 1.0520135672556028, 0.895474557255705, 0.7857273185335928, 0.7206456722940006, 0.6231222427884738, 0.6044174456782637, 0.5721893690464397, 0.5194594275609901, 0.5156372765182622, 0.4887634774297475, 0.5043951050067942, 0.49177046378143124, 0.42799164351903735, 0.4970415878420075, 0.42281024704169906, 0.4011887614237558, 0.3926395316349549, 0.38220465745776894, 0.35404155586639213, 0.3353049133169569, 0.3214157349600767, 0.37938909936023657, 0.3197435188955732, 0.3308387924161636, 0.3110733180710425, 0.2741520317861189, 0.32250656164768665, 0.32887843780297177, 0.27248013268587085, 0.26088616150224375, 0.23944902294548223, 0.2706623741332442, 0.2890061135830669, 0.284403959812286, 0.2561968866324363, 0.25195865166425285, 0.23790725866927664, 0.2702075275279478, 0.2523189123991566, 0.20845234028943296, 0.22118146877865205, 0.24761229729435097, 0.1866306577339613, 0.20471673664248857, 0.20274458434833728, 0.17642245264710962, 0.1879593772543336, 0.2031969415602119, 0.1882838009788085, 0.16917376955828833, 0.15796161717431254, 0.13335117206223204, 0.18979270505046267, 0.1260926910613974, 0.11988603829419138, 0.18340953540693988, 0.15706538235018444, 0.1263429356861808, 0.11690794089919007, 0.12985964749428805, 0.12739453089358804, 0.13196506778095177, 0.14700460681853447, 0.1546041317894641, 0.12451596235791738, 0.08551735523732432, 0.10152389185289695, 0.0981288505765325, 0.08579552802840933, 0.0982282047836149, 0.07611228595002711, 0.10383431875483236, 0.08101356259919054, 0.0681116049880317, 0.08919867852638062, 0.07205905351884818, 0.06543276880735195, 0.0860965850781132, 0.0803363395965102, 0.07558642308974715, 0.061498391541180246, 0.05554414544189866, 0.051361670293182324, 0.05590581529844915, 0.05312811324715667, 0.047261382253297284, 0.05504313087580765, 0.04329799504607864, 0.041541871614948225, 0.039847277785577, 0.03227760770849677, 0.0467960285361591, 0.03201512102333558, 0.05077585018110566, 0.03614874594042905, 0.02795482732788918, 0.032426441609988824, 0.028694289121518116]
BBSR:14.1
ABSR:6.83
max acc:73.21
