======================================
    IID: 1
    Dataset: cifar
    Model: resnet
    Model Init: None
    Aggregation Function: RLR
    Fraction NonIID: 0
    Long attack: 4
    Wide attack: 4
    Wide attack: trust
    Threshold reject: 0.5
    Threshold down: 0.0
    Attack method: dba
    Fraction of malicious agents: 15.0%
    Poison Frac: 0.2
    Backdoor From 7 to 5
    Attack Begin: 0
    Trigger Shape: square
    Trigger Position X: 0
    Trigger Position Y: 0
    Number of agents: 100
    Fraction of agents each turn: 30(30.0%)
    Local batch size: 50
    Local epoch: 3
    Client_LR: 0.01
    Client_Momentum: 0.9
    Global Rounds: 100
    RobustLR_threshold: 4
======================================
main_task_accuracy=[0, 10.449999809265137, 23.549999237060547, 44.2599983215332, 43.95000076293945, 48.220001220703125, 51.15999984741211, 54.779998779296875, 55.13999938964844, 57.66999816894531, 57.970001220703125, 59.97999954223633, 60.470001220703125, 62.099998474121094, 63.119998931884766, 62.459999084472656, 64.48999786376953, 63.9900016784668, 64.9000015258789, 65.48999786376953, 65.83000183105469, 65.2300033569336, 65.61000061035156, 65.95999908447266, 66.37999725341797, 66.5199966430664, 67.12000274658203, 66.30000305175781, 67.33000183105469, 66.6500015258789, 68.73999786376953, 69.08000183105469, 68.83999633789062, 68.88999938964844, 67.44999694824219, 68.62999725341797, 70.12000274658203, 69.63999938964844, 69.7699966430664, 70.51000213623047, 67.4800033569336, 68.68000030517578, 70.66999816894531, 70.23999786376953, 71.45999908447266, 69.86000061035156, 70.43000030517578, 67.93000030517578, 71.16999816894531, 71.16999816894531, 71.55000305175781, 70.6500015258789, 68.9000015258789, 71.86000061035156, 67.98999786376953, 69.86000061035156, 71.19000244140625, 71.91000366210938, 71.30999755859375, 71.27999877929688, 71.87000274658203, 72.38999938964844, 71.68000030517578, 72.52999877929688, 70.6500015258789, 70.48999786376953, 71.94000244140625, 72.12999725341797, 71.88999938964844, 71.0199966430664, 72.5199966430664, 72.48999786376953, 71.19000244140625, 72.12999725341797, 72.13999938964844, 71.93000030517578, 72.52999877929688, 72.06999969482422, 72.47000122070312, 72.16999816894531, 72.33000183105469, 72.4800033569336, 72.12000274658203, 72.30999755859375, 72.48999786376953, 72.26000213623047, 72.2300033569336, 72.08999633789062, 71.86000061035156, 72.16999816894531, 72.05999755859375, 72.05999755859375, 72.16000366210938, 72.16000366210938, 72.16999816894531, 72.26000213623047, 72.36000061035156, 72.26000213623047, 72.05000305175781, 72.05000305175781, 72.0199966430664]
backdoor_accuracy=[0, 0.0, 0.2, 7.1, 8.3, 7.2, 10.1, 9.3, 8.8, 12.6, 10.4, 9.4, 7.8, 7.6, 7.8, 9.1, 11.2, 10.7, 11.8, 7.0, 5.8, 8.3, 8.0, 5.8, 6.8, 7.3, 6.3, 7.4, 6.9, 5.8, 7.5, 10.2, 9.2, 10.3, 8.5, 6.4, 4.8, 3.2, 10.5, 8.9, 4.1, 6.1, 5.8, 11.0, 7.2, 6.0, 5.6, 2.8, 7.5, 8.1, 8.3, 4.8, 3.6, 7.0, 2.5, 3.7, 5.3, 7.4, 6.9, 5.5, 5.6, 11.7, 4.7, 6.6, 7.7, 3.5, 6.8, 5.8, 5.1, 4.3, 8.0, 7.3, 7.8, 5.9, 6.2, 6.3, 10.9, 5.1, 7.1, 7.1, 6.4, 7.6, 6.5, 7.3, 7.8, 8.8, 8.8, 8.5, 8.2, 9.9, 8.7, 7.3, 7.9, 11.0, 9.1, 8.2, 8.9, 8.6, 7.8, 9.2, 8.2]
loss_list=[2.034146853288015, 1.5672118128670585, 1.1514787478248278, 0.9952658922639159, 0.8197325244380368, 0.7289297611638903, 0.6609052331869804, 0.6000474507527219, 0.5496591980796721, 0.5472933239883019, 0.48026541307982473, 0.479004465461605, 0.45113130760896536, 0.4482170553712381, 0.4457355015497241, 0.3498584205812465, 0.4110781831082163, 0.41108134514859146, 0.31599525624989633, 0.345402624461179, 0.35287083183104795, 0.3007283502346319, 0.30119736947843606, 0.29862389454048954, 0.28560628032415275, 0.28934885490194173, 0.28923433342094845, 0.24480610533720917, 0.27565410118498324, 0.21910057904742034, 0.24018251751303776, 0.28247056584934604, 0.22738045237958432, 0.21410332158764106, 0.19868112072232186, 0.19462673276119558, 0.20089469404503082, 0.14662218309887162, 0.14465306997894206, 0.18850170720472104, 0.18472328009982852, 0.13214334436582348, 0.11228124499896593, 0.11849172934036083, 0.15911404951695457, 0.11043356047581052, 0.14200170366892254, 0.0773206816426763, 0.09984830924122233, 0.13746633101293507, 0.1478621101448597, 0.14421436085326908, 0.1035985171234481, 0.13999561348237977, 0.09066671805482152, 0.0923665956208586, 0.07472846138417176, 0.06499021086450536, 0.0769241133066761, 0.0379437596614783, 0.04313755211187526, 0.03765327801400822, 0.08755191932364446, 0.080072937973568, 0.09695095673821116, 0.0412704528383943, 0.04507859157281928, 0.04544450514191542, 0.07180661548404413, 0.028510827350805307, 0.025198623387041152, 0.08145212281224505, 0.04312088506785383, 0.025213614121409288, 0.057371914347976505, 0.05688370073073504, 0.03328471611604376, 0.0048298296214933445, 0.03505593435196109, 0.021022850734233448, 0.009537725251870544, 0.01740885690933081, 0.0069816825127782065, 0.01626531966449774, 0.005787732602883707, 0.02732296742776978, 0.02481741287397098, 0.01699436724785806, 0.007483899456138819, 0.0036555423947801395, 0.010712469679541148, 0.01014017414154902, 0.013555943174239169, 0.013383204796043881, 0.028423361110886208, 0.0014935388122709506, 0.010926701980378211, 0.007890717771131477, 0.01056778139769247, 0.00415002941959958]
BBSR:11.0
ABSR:8.62
max acc:72.36
