======================================
    IID: 0
    Dataset: mnist
    Model: Mnist_CNN
    Model Init: None
    Aggregation Function: flame
    Fraction NonIID: 0
    Long attack: 3
    Wide attack: 3
    Wide attack: trust
    Threshold reject: 0.5
    Threshold down: 0.0
    Attack method: badnet
    Fraction of malicious agents: 20.0%
    Poison Frac: 0.2
    Backdoor From 7 to 2
    Attack Begin: 0
    Trigger Shape: square
    Type poisoning: pgd
    Trigger Position X: 0
    Trigger Position Y: 0
    Number of agents: 100
    Fraction of agents each turn: 30(30.0%)
    Local batch size: 50
    Local epoch: 3
    Client_LR: 0.01
    Client_Momentum: 0.9
    Global Rounds: 100
    Noise in FLAME: 0.001
proportion of malicious are selected:0.73
proportion of benign are selected:0.52125
======================================
main_task_accuracy=[0, 16.25, 34.08000183105469, 19.649999618530273, 38.630001068115234, 55.29999923706055, 64.44999694824219, 62.7400016784668, 58.93000030517578, 64.86000061035156, 73.81999969482422, 65.6500015258789, 72.0999984741211, 68.56999969482422, 70.5199966430664, 75.19000244140625, 76.02999877929688, 65.44999694824219, 74.0999984741211, 73.80999755859375, 54.0099983215332, 77.45999908447266, 82.36000061035156, 81.9000015258789, 80.02999877929688, 79.69000244140625, 77.16000366210938, 77.69999694824219, 76.0, 76.23999786376953, 79.0999984741211, 79.77999877929688, 83.19000244140625, 81.19999694824219, 80.72000122070312, 82.91999816894531, 81.55999755859375, 81.16000366210938, 80.26000213623047, 79.22000122070312, 78.55999755859375, 77.48999786376953, 79.73999786376953, 80.5999984741211, 80.4800033569336, 83.06999969482422, 82.94000244140625, 80.81999969482422, 81.2300033569336, 81.68000030517578, 83.55999755859375, 84.55000305175781, 82.43000030517578, 84.31999969482422, 86.91000366210938, 84.91000366210938, 82.0999984741211, 83.2300033569336, 83.87999725341797, 82.30000305175781, 83.80000305175781, 82.91999816894531, 83.66000366210938, 84.55999755859375, 87.87999725341797, 87.01000213623047, 85.41000366210938, 85.18000030517578, 83.44999694824219, 81.7699966430664, 82.52999877929688, 81.69000244140625, 81.01000213623047, 80.61000061035156, 80.22000122070312, 83.37999725341797, 83.58999633789062, 84.26000213623047, 83.58999633789062, 84.23999786376953, 84.08000183105469, 84.91000366210938, 85.87000274658203, 86.72000122070312, 87.45999908447266, 88.02999877929688, 86.95999908447266, 86.44000244140625, 84.97000122070312, 85.22000122070312, 85.3499984741211, 84.19000244140625, 85.58000183105469, 85.2300033569336, 84.62999725341797, 84.8499984741211, 86.62000274658203, 83.87999725341797, 85.2699966430664, 87.87999725341797, 87.12999725341797]
backdoor_accuracy=[0, 0.0, 0.0, 92.50972762645914, 0.0, 0.0, 0.0, 0.0, 0.0, 0.0, 0.0, 0.0, 0.0, 0.0, 0.0, 0.0, 0.0, 0.0, 0.0, 0.0, 0.0, 0.09727626459143969, 0.38910505836575876, 0.09727626459143969, 0.19455252918287938, 0.0, 0.09727626459143969, 0.0, 0.09727626459143969, 0.09727626459143969, 0.09727626459143969, 0.19455252918287938, 0.9727626459143969, 0.6809338521400778, 0.8754863813229572, 0.48638132295719844, 0.7782101167315175, 0.38910505836575876, 0.09727626459143969, 0.0, 0.09727626459143969, 0.0, 0.48638132295719844, 0.09727626459143969, 0.09727626459143969, 0.48638132295719844, 10.797665369649806, 23.443579766536963, 24.513618677042803, 26.070038910505836, 78.21011673151752, 29.571984435797667, 22.470817120622566, 23.929961089494164, 38.61867704280156, 9.727626459143968, 32.5875486381323, 33.65758754863813, 66.24513618677042, 96.40077821011673, 92.60700389105058, 88.91050583657588, 98.5408560311284, 97.95719844357977, 95.62256809338521, 93.77431906614785, 95.42801556420234, 93.67704280155642, 89.2023346303502, 93.77431906614785, 99.90272373540856, 99.90272373540856, 99.70817120622569, 99.61089494163424, 99.90272373540856, 99.90272373540856, 100.0, 99.90272373540856, 99.90272373540856, 100.0, 100.0, 100.0, 100.0, 100.0, 100.0, 100.0, 100.0, 100.0, 100.0, 100.0, 100.0, 100.0, 100.0, 100.0, 100.0, 100.0, 100.0, 100.0, 100.0, 100.0, 100.0]
loss_list=[0.46569743125117147, 0.36256587960514164, 0.4302041269295966, 0.35985304636049353, 0.4786412627071438, 0.27072350813608864, 0.20673536069967963, 0.21061759468309785, 0.14926368547543797, 0.14828638171414932, 0.1663339709878525, 0.1388765450317701, 0.1328934765973877, 0.13892364789435227, 0.13335139760653578, 0.12590309729973745, 0.11444191255387223, 0.1237430740573066, 0.0978722217931022, 0.11068507884163312, 0.13725909959547036, 0.11370919573657727, 0.09534128974015169, 0.09582620791780973, 0.08687423246539101, 0.09746191094996733, 0.08084699987046132, 0.08088974039692634, 0.09558963899246865, 0.0973092860746005, 0.1308123883567391, 0.09255978834155786, 0.07560826297273106, 0.07260442020049963, 0.08839896173371684, 0.08478231312620195, 0.07940538600401699, 0.10385379966273951, 0.09352385034018271, 0.0768280531656022, 0.0754002640555195, 0.09860113944594143, 0.10048545352109595, 0.08574976252343625, 0.10051483037247436, 0.09479334252700472, 0.07127421849502248, 0.07745025829577783, 0.08251876352256614, 0.08978170866962493, 0.08428120229182197, 0.0671714750313169, 0.10307722148300474, 0.05584009845875517, 0.04473641827152405, 0.07012448194179251, 0.06686081862355879, 0.07646692719649067, 0.07111797085475426, 0.08316005124652578, 0.06889012327496938, 0.08841344526914428, 0.09574586561791515, 0.06128435912119456, 0.07547576073772519, 0.06555793456047461, 0.03946322732119281, 0.04788098953462997, 0.06958222726639157, 0.09235054260812572, 0.070343348654183, 0.07273309919104694, 0.07593079495279038, 0.06607573425615411, 0.11027917950867046, 0.07552286566364737, 0.08142950660515949, 0.056078210532261995, 0.08081722308617073, 0.07938028678097919, 0.08590637115397882, 0.06785229293275653, 0.07877859571999155, 0.08162916127309285, 0.07841929253536177, 0.07070271203805865, 0.047401609862255875, 0.07091268839260775, 0.08199333055678154, 0.06615479210690803, 0.06499141060642967, 0.07626679894521415, 0.07514453922363541, 0.04705654610203111, 0.05642484626586418, 0.07011097198706814, 0.0701253768201027, 0.0560233393522928, 0.07057591028977558, 0.06456499751121468]
BBSR:100.0
ABSR:100.0
max acc:87.88
