======================================
    IID: 0
    Dataset: fashion_mnist
    Model: Mnist_CNN
    Model Init: None
    Aggregation Function: fltrust
    Fraction NonIID: 0
    Long attack: 3
    Wide attack: 3
    Wide attack: trust
    Threshold reject: 0.5
    Threshold down: 0.0
    Attack method: badnet
    Fraction of malicious agents: 30.0%
    Poison Frac: 0.2
    Backdoor From 7 to 2
    Attack Begin: 0
    Trigger Shape: square
    Type poisoning: 
    Trigger Position X: 0
    Trigger Position Y: 0
    Number of agents: 100
    Fraction of agents each turn: 30(30.0%)
    Local batch size: 50
    Local epoch: 3
    Client_LR: 0.01
    Client_Momentum: 0.9
    Global Rounds: 100
    Dataset In Server: 200
======================================
main_task_accuracy=[0, 57.779998779296875, 70.69000244140625, 73.13999938964844, 74.0, 75.05000305175781, 75.9000015258789, 76.41999816894531, 77.11000061035156, 77.91000366210938, 78.58000183105469, 79.08999633789062, 79.44000244140625, 79.75, 79.94000244140625, 80.41999816894531, 80.5999984741211, 80.87999725341797, 81.33000183105469, 81.26000213623047, 81.4800033569336, 81.51000213623047, 81.9800033569336, 82.1500015258789, 82.01000213623047, 82.5, 82.56999969482422, 82.48999786376953, 82.93000030517578, 83.08999633789062, 83.20999908447266, 83.33999633789062, 83.77999877929688, 83.87999725341797, 84.0, 84.13999938964844, 84.37000274658203, 84.25, 84.08000183105469, 84.4800033569336, 84.33000183105469, 84.9000015258789, 84.7699966430664, 84.87000274658203, 85.02999877929688, 85.05000305175781, 85.20999908447266, 85.20999908447266, 85.29000091552734, 85.31999969482422, 85.5, 85.52999877929688, 85.80999755859375, 85.87000274658203, 85.55999755859375, 85.8499984741211, 86.08000183105469, 85.94000244140625, 86.27999877929688, 86.05000305175781, 86.2300033569336, 86.2699966430664, 86.06999969482422, 86.19999694824219, 86.36000061035156, 86.51000213623047, 86.1500015258789, 86.58999633789062, 86.45999908447266, 86.27999877929688, 86.33999633789062, 86.43000030517578, 86.58999633789062, 86.62999725341797, 86.80999755859375, 86.62000274658203, 86.88999938964844, 86.7699966430664, 86.88999938964844, 87.05999755859375, 86.95999908447266, 86.8499984741211, 87.12000274658203, 87.08999633789062, 87.16999816894531, 86.91999816894531, 87.0199966430664, 86.94999694824219, 87.13999938964844, 87.29000091552734, 87.05000305175781, 87.47000122070312, 87.18000030517578, 87.38999938964844, 87.33000183105469, 87.16999816894531, 87.26000213623047, 87.41000366210938, 87.37999725341797, 87.58999633789062, 87.66000366210938]
backdoor_accuracy=[0, 0.0, 0.0, 0.0, 0.0, 0.0, 0.4, 1.1, 2.6, 3.7, 10.2, 13.3, 30.7, 58.4, 72.6, 79.1, 82.0, 87.8, 93.3, 93.2, 96.0, 94.6, 97.7, 98.2, 99.5, 99.6, 99.6, 99.8, 99.8, 99.7, 99.6, 99.6, 99.5, 99.6, 99.6, 99.8, 99.8, 99.8, 99.8, 99.8, 99.8, 99.8, 99.8, 99.8, 99.9, 100.0, 100.0, 100.0, 100.0, 100.0, 100.0, 100.0, 100.0, 100.0, 100.0, 100.0, 100.0, 100.0, 100.0, 100.0, 100.0, 100.0, 100.0, 100.0, 100.0, 100.0, 100.0, 100.0, 100.0, 100.0, 100.0, 100.0, 100.0, 100.0, 100.0, 100.0, 100.0, 100.0, 100.0, 100.0, 100.0, 100.0, 100.0, 100.0, 100.0, 100.0, 100.0, 100.0, 100.0, 100.0, 100.0, 100.0, 100.0, 100.0, 100.0, 100.0, 100.0, 100.0, 100.0, 100.0, 100.0]
loss_list=[1.4543507152685409, 1.1428112500243717, 0.8500184648842722, 0.6920338157288454, 0.6486627562730399, 0.5816413906023459, 0.5595200329881024, 0.5116919990766932, 0.5156377998353154, 0.4923014640256211, 0.4965830244399884, 0.45418784136849416, 0.48875810585364154, 0.470470272846244, 0.45200372650805437, 0.43221095684501865, 0.4271038926378996, 0.457533420222225, 0.40318641391479304, 0.40675791284690294, 0.40568814921296303, 0.4215822056625728, 0.42987365270102457, 0.41058003020093387, 0.38868274120958873, 0.3804297746745525, 0.4154849750162274, 0.38041173439058984, 0.3777624738782092, 0.3933418379475672, 0.3845458945155972, 0.35792800724092455, 0.3712714898365515, 0.36029742686422883, 0.4019410283408231, 0.40048007141384817, 0.33494937068058384, 0.37854509632344596, 0.35629204302612283, 0.35700426438340443, 0.3556774582334415, 0.3449909353283821, 0.34926940776683657, 0.3614920079708099, 0.3483145552307919, 0.3120007686937848, 0.32643327687142626, 0.3384475780926921, 0.3396844393987623, 0.3104245718913497, 0.3150415414806318, 0.32532231268921386, 0.3201505363125493, 0.33916792461855544, 0.3046079737893133, 0.30643702745782553, 0.33708651578743704, 0.30963143614224253, 0.30417702505020083, 0.3047039903217444, 0.30973849468692033, 0.316304750809515, 0.30819043389831974, 0.29386298792022797, 0.3514820275759254, 0.30787661287036755, 0.30547211022219734, 0.29446660583597367, 0.31463505324942087, 0.3098159793902327, 0.3291623778710211, 0.31609631600893207, 0.29263590528388267, 0.2762541341405637, 0.27980496587783654, 0.2943068985447839, 0.2879346248210856, 0.2959097971734419, 0.27692502267934654, 0.29121633064415714, 0.2948584961049534, 0.27470172106253876, 0.26928628422664824, 0.26877052663928935, 0.2893931384577796, 0.2555693823568247, 0.2876667840751232, 0.28415497220293795, 0.2593901305338713, 0.2819790123685919, 0.27046412146063864, 0.2798828144833721, 0.27043527227102054, 0.2905436258694088, 0.27347901237576644, 0.26688203455845794, 0.27815798353748744, 0.2624203703400713, 0.2808067959008945, 0.2519638891004164]
BBSR:100.0
ABSR:100.0
max acc:87.66
