======================================
    IID: 1
    Dataset: cifar
    Model: resnet
    Model Init: None
    Aggregation Function: DABA
    Fraction NonIID: 0
    Long attack: 3
    Wide attack: 3
    Wide attack: trust
    Threshold reject: 0.5
    Threshold down: 0.0
    Attack method: badnet
    Fraction of malicious agents: 13.0%
    Poison Frac: 0.2
    Backdoor From 7 to 2
    Attack Begin: 0
    Trigger Shape: square
    Type poisoning: pgd
    Trigger Position X: 0
    Trigger Position Y: 0
    Number of agents: 100
    Fraction of agents each turn: 30(30.0%)
    Local batch size: 50
    Local epoch: 3
    Client_LR: 0.01
    Client_Momentum: 0.9
    Global Rounds: 100
======================================
main_task_accuracy=[0, 10.0, 21.850000381469727, 40.72999954223633, 42.790000915527344, 49.720001220703125, 52.7400016784668, 56.290000915527344, 58.33000183105469, 60.66999816894531, 60.33000183105469, 62.099998474121094, 63.20000076293945, 63.56999969482422, 64.69000244140625, 64.05999755859375, 63.470001220703125, 66.33999633789062, 65.56999969482422, 67.05000305175781, 66.4800033569336, 67.70999908447266, 66.93000030517578, 67.80999755859375, 68.83999633789062, 67.44000244140625, 67.30000305175781, 69.3499984741211, 70.66999816894531, 70.37999725341797, 69.79000091552734, 70.88999938964844, 71.2300033569336, 71.12000274658203, 70.19000244140625, 71.43000030517578, 72.2300033569336, 71.73999786376953, 71.97000122070312, 72.19000244140625, 73.0999984741211, 72.94000244140625, 72.72000122070312, 73.37000274658203, 73.38999938964844, 73.56999969482422, 73.08999633789062, 73.63999938964844, 73.4800033569336, 73.47000122070312, 73.2699966430664, 73.45999908447266, 73.30000305175781, 73.36000061035156, 73.51000213623047, 73.27999877929688, 73.02999877929688, 72.98999786376953, 73.11000061035156, 73.11000061035156, 73.05000305175781, 73.2300033569336, 73.18000030517578, 73.11000061035156, 73.08999633789062, 73.05000305175781, 73.08999633789062, 73.11000061035156, 73.04000091552734, 72.9800033569336, 72.93000030517578, 73.0199966430664, 72.94000244140625, 72.95999908447266, 72.88999938964844, 72.79000091552734, 72.81999969482422, 72.7300033569336, 72.87000274658203, 72.95999908447266, 72.94999694824219, 72.97000122070312, 73.0, 72.86000061035156, 72.86000061035156, 72.8499984741211, 72.83999633789062, 72.69999694824219, 72.81999969482422, 72.66000366210938, 72.7300033569336, 72.62999725341797, 72.68000030517578, 72.6500015258789, 72.80999755859375, 72.79000091552734, 72.80000305175781, 72.62999725341797, 72.66000366210938, 72.66000366210938, 72.75]
backdoor_accuracy=[0, 0.0, 10.9, 2.5, 2.9, 4.1, 3.9, 2.8, 4.0, 2.7, 3.0, 1.7, 1.5, 1.4, 1.5, 2.2, 2.2, 1.7, 2.0, 1.2, 0.9, 2.1, 0.7, 0.7, 0.9, 1.2, 2.0, 1.3, 1.9, 0.8, 0.7, 0.7, 0.7, 0.6, 0.7, 0.9, 0.6, 1.0, 0.7, 1.1, 2.0, 1.7, 1.3, 1.3, 1.3, 3.0, 2.0, 2.2, 2.3, 2.5, 2.2, 3.0, 2.3, 2.9, 2.5, 3.1, 2.9, 2.5, 2.9, 2.8, 2.7, 2.5, 2.8, 2.6, 2.7, 2.8, 2.8, 2.8, 3.0, 2.9, 2.9, 3.0, 2.9, 3.0, 3.0, 3.0, 3.0, 3.1, 3.0, 3.0, 3.1, 3.0, 3.0, 3.0, 3.0, 3.1, 3.0, 3.0, 3.1, 3.1, 3.0, 3.2, 3.0, 3.2, 2.8, 2.9, 2.9, 3.0, 3.1, 3.2, 3.2]
loss_list=[2.0061159547170004, 1.5630450079176161, 1.1971605277392598, 1.0034168619745307, 0.8363571986473269, 0.7135835312306879, 0.6489212551174891, 0.5946965524802608, 0.531397961742348, 0.5191915554780928, 0.47547382595224513, 0.4163754057822129, 0.4122733635765811, 0.42322302517584626, 0.4058356835134326, 0.3639107946089158, 0.339703065438403, 0.3272170648744537, 0.3436619653645902, 0.3033838859531614, 0.29883760816469374, 0.28464441815805114, 0.2701008780797323, 0.21436145632320808, 0.21858135098850143, 0.2741698759183701, 0.22734874329684923, 0.21082683474963734, 0.1645227503124625, 0.19211542839598322, 0.19270335336991898, 0.15933053392373647, 0.20516467060984317, 0.13720336496907598, 0.16941569374951845, 0.12181593757019278, 0.13032667365196782, 0.10696349432808346, 0.11550209465203805, 0.07082926087935144, 0.10848792113467225, 0.07274217604103292, 0.05001993509940804, 0.06176914615375507, 0.06527206428504238, 0.07499102265651648, 0.05897832735208794, 0.06167798170920127, 0.0522786044375324, 0.04233278059914785, 0.04335372533361402, 0.04087727235255038, 0.05664108940002434, 0.04924685867758752, 0.02634933828537922, 0.03901240050679513, 0.03984670941145548, 0.04946048921645141, 0.04202662849223189, 0.037710556714155234, 0.045703980904040216, 0.036508632343029604, 0.03637608455144798, 0.028296393548953355, 0.038959902755984044, 0.046290034001075474, 0.031107794659458003, 0.03625026424318398, 0.02532112729295881, 0.03400852863393892, 0.03392030791536349, 0.04447992021116079, 0.034239991792403286, 0.02840546684058307, 0.041417566118713375, 0.015143960433035517, 0.039509272308011205, 0.020456122578648823, 0.03155025211914715, 0.03523109882146754, 0.027576171448809975, 0.03612706100319177, 0.018728116265103588, 0.04225298913792359, 0.02678886383032982, 0.029497405867441557, 0.02629861003167914, 0.019604120198200695, 0.02733729065887424, 0.03508245405979525, 0.02266609770544973, 0.025700785165997036, 0.01823269783441599, 0.02732605719302633, 0.029149012165087494, 0.02202881335560556, 0.012147513571609224, 0.02215047438177053, 0.01927358075128319, 0.04632641787871964]
BBSR:3.2
ABSR:3.05
max acc:72.81
