======================================
    IID: 0
    Dataset: mnist
    Model: Mnist_CNN
    Model Init: None
    Aggregation Function: krum
    Fraction NonIID: 0
    Long attack: 3
    Wide attack: 3
    Wide attack: trust
    Threshold reject: 0.5
    Threshold down: 0.0
    Attack method: badnet
    Fraction of malicious agents: 13.0%
    Poison Frac: 0.2
    Backdoor From 7 to 2
    Attack Begin: 0
    Trigger Shape: square
    Type poisoning: 
    Trigger Position X: 0
    Trigger Position Y: 0
    Number of agents: 100
    Fraction of agents each turn: 30(30.0%)
    Local batch size: 50
    Local epoch: 3
    Client_LR: 0.01
    Client_Momentum: 0.9
    Global Rounds: 100
    Proportion of malicious are selected: 0.01
    Average score of malicious clients: 940.9209594726562
    Average score of benign clients: 922.9580078125
======================================
main_task_accuracy=[0, 19.450000762939453, 12.510000228881836, 26.450000762939453, 11.359999656677246, 27.530000686645508, 11.350000381469727, 19.489999771118164, 10.09000015258789, 15.510000228881836, 12.260000228881836, 14.859999656677246, 19.219999313354492, 19.219999313354492, 10.529999732971191, 19.31999969482422, 20.670000076293945, 19.510000228881836, 21.25, 26.84000015258789, 24.790000915527344, 19.81999969482422, 28.920000076293945, 20.59000015258789, 24.84000015258789, 28.489999771118164, 26.209999084472656, 35.7599983215332, 23.600000381469727, 21.649999618530273, 22.149999618530273, 27.850000381469727, 27.600000381469727, 27.170000076293945, 23.959999084472656, 26.43000030517578, 25.8700008392334, 24.979999542236328, 28.459999084472656, 37.95000076293945, 35.15999984741211, 19.8799991607666, 21.979999542236328, 21.979999542236328, 21.56999969482422, 38.68000030517578, 35.34000015258789, 33.189998626708984, 32.52000045776367, 35.150001525878906, 25.8700008392334, 24.110000610351562, 21.020000457763672, 22.3700008392334, 25.149999618530273, 29.959999084472656, 29.639999389648438, 29.40999984741211, 28.81999969482422, 28.56999969482422, 28.479999542236328, 27.950000762939453, 27.59000015258789, 26.690000534057617, 26.389999389648438, 31.950000762939453, 32.61000061035156, 32.31999969482422, 32.79999923706055, 32.400001525878906, 32.04999923706055, 31.979999542236328, 32.470001220703125, 32.060001373291016, 31.829999923706055, 31.6299991607666, 32.11000061035156, 30.860000610351562, 31.110000610351562, 33.31999969482422, 33.34000015258789, 33.380001068115234, 35.810001373291016, 35.650001525878906, 35.40999984741211, 35.18000030517578, 36.66999816894531, 39.70000076293945, 39.47999954223633, 45.060001373291016, 46.279998779296875, 46.209999084472656, 43.810001373291016, 44.08000183105469, 41.90999984741211, 44.90999984741211, 46.97999954223633, 47.22999954223633, 46.31999969482422, 46.52000045776367, 45.040000915527344]
backdoor_accuracy=[0, 82.97665369649805, 10.992217898832685, 0.0, 0.0, 0.0, 0.0, 97.17898832684826, 0.0, 0.0, 100.0, 100.0, 83.75486381322958, 0.0, 0.0, 0.0, 0.0, 0.0, 0.0, 0.0, 0.0, 0.0, 0.0, 0.0, 0.0, 0.0, 0.0, 0.0, 0.0, 0.0, 0.0, 0.0, 0.0, 0.0, 0.0, 0.0, 0.0, 0.0, 0.0, 0.0, 0.0, 0.0, 0.0, 0.0, 0.0, 0.0, 0.0, 0.0, 0.0, 0.0, 0.0, 0.0, 0.0, 0.0, 0.0, 0.0, 0.0, 0.0, 0.0, 0.0, 0.0, 0.0, 0.0, 0.0, 0.0, 0.0, 0.0, 0.0, 0.0, 0.0, 0.0, 0.0, 0.0, 0.0, 0.0, 0.0, 0.0, 0.0, 0.0, 0.0, 0.0, 0.0, 0.0, 0.0, 0.0, 0.0, 0.0, 0.0, 0.0, 0.0, 0.0, 0.0, 0.0, 0.0, 0.0, 0.0, 0.0, 0.0, 0.0, 0.0, 0.0]
loss_list=[0.5136324067466278, 0.8015050366196569, 1.130866214613704, 0.856864475472226, 1.4095694171837443, 1.4241582489883673, 1.554482543242463, 1.5366578914831368, 1.4984190078920194, 1.5551390337136326, 1.4996365424265603, 1.7349914333201262, 1.6770273242141724, 1.500747051679347, 1.455856118855857, 1.6942452357219602, 1.5406985310319976, 1.357392125362465, 1.4478435733816928, 1.151927007742843, 1.2828601965736468, 1.5342551594548879, 1.410848192113917, 1.4135034499972357, 1.366204715188899, 1.4085741381293497, 1.4208443370538588, 1.150527406287303, 1.2776597789912356, 1.3206562495573761, 1.4123372372698213, 1.4708309975216913, 1.4199194473345642, 1.5325953492881832, 1.290415505806191, 1.3401490456821328, 1.3958814219946232, 1.4353317468938689, 1.526866978446702, 1.0546708537430225, 1.0930501215097341, 1.4326528767934414, 1.3537279006218583, 1.1640339165321805, 1.3335831000421454, 1.3805156770464104, 1.2541805246567224, 1.3181666365060007, 1.361455139917194, 1.7440327440323549, 1.3870023416920623, 1.521569970441356, 1.2666285408664057, 1.0912770666537124, 1.3953309231188744, 1.413804417044202, 1.3186115701184105, 1.1232449559960513, 1.1284125814832897, 1.5690820863660149, 1.299475782115454, 1.5853286574950716, 1.1163563724978092, 1.1476729908575416, 1.4573546821744647, 1.2837615008471794, 1.2647028690116602, 1.3998824204078113, 1.3511066648134533, 1.032768663100323, 1.2871078721083768, 1.2087809996226775, 1.3977258534323265, 1.3561933570416238, 1.3133822777639301, 1.4489920635762918, 1.3361829324824577, 1.3578421392837519, 1.3720121758541708, 1.2899983594168134, 1.439092290581779, 1.542344718547345, 1.3191270387286902, 1.4045800377016113, 1.1940123468294574, 1.456925133233376, 1.424052688074244, 1.0654603213912606, 1.531762290713205, 1.1415691183042926, 1.1902787299864874, 1.4172554447157042, 1.2444543870228573, 0.9232875671623135, 1.2637037224648826, 1.2669309575000256, 1.0888114939983067, 0.8076392217817033, 1.2252641784103564, 0.9992804522268235]
BBSR:0.0
ABSR:0.0
max acc:47.23
