======================================
    IID: 1
    Dataset: cifar
    Model: resnet
    Model Init: None
    Aggregation Function: avg
    Fraction NonIID: 0
    Long attack: 3
    Wide attack: 3
    Wide attack: trust
    Threshold reject: 0.5
    Threshold down: 0.0
    Attack method: badnet
    Fraction of malicious agents: 20.0%
    Poison Frac: 0.2
    Backdoor From 7 to 2
    Attack Begin: 0
    Trigger Shape: square
    Type poisoning: pgd
    Trigger Position X: 0
    Trigger Position Y: 0
    Number of agents: 100
    Fraction of agents each turn: 30(30.0%)
    Local batch size: 50
    Local epoch: 3
    Client_LR: 0.01
    Client_Momentum: 0.9
    Global Rounds: 100
======================================
main_task_accuracy=[0, 10.0, 18.950000762939453, 40.9900016784668, 45.470001220703125, 50.970001220703125, 53.130001068115234, 56.54999923706055, 58.70000076293945, 59.5099983215332, 60.61000061035156, 63.099998474121094, 63.77000045776367, 64.22000122070312, 64.86000061035156, 65.63999938964844, 66.91000366210938, 66.83000183105469, 67.0999984741211, 66.37000274658203, 67.3499984741211, 68.43000030517578, 68.6500015258789, 68.7300033569336, 68.16999816894531, 68.86000061035156, 69.18000030517578, 70.29000091552734, 69.62999725341797, 70.29000091552734, 69.91999816894531, 70.7300033569336, 70.86000061035156, 71.30000305175781, 70.7300033569336, 71.58999633789062, 71.88999938964844, 72.54000091552734, 72.51000213623047, 72.19000244140625, 72.54000091552734, 73.2300033569336, 72.70999908447266, 73.12000274658203, 73.52999877929688, 72.7300033569336, 73.44000244140625, 74.13999938964844, 73.83999633789062, 73.69999694824219, 73.27999877929688, 73.77999877929688, 74.04000091552734, 73.68000030517578, 73.91000366210938, 73.72000122070312, 73.79000091552734, 73.72000122070312, 73.61000061035156, 73.87000274658203, 73.8499984741211, 73.94000244140625, 73.81999969482422, 73.7699966430664, 74.06999969482422, 74.11000061035156, 73.98999786376953, 74.22000122070312, 73.94000244140625, 73.94999694824219, 74.05000305175781, 73.91999816894531, 73.86000061035156, 73.95999908447266, 73.77999877929688, 73.9800033569336, 73.87999725341797, 73.86000061035156, 73.81999969482422, 73.77999877929688, 73.83999633789062, 73.8499984741211, 73.87000274658203, 73.8499984741211, 73.72000122070312, 73.69000244140625, 73.62000274658203, 73.68000030517578, 73.76000213623047, 73.72000122070312, 73.72000122070312, 73.52999877929688, 73.56999969482422, 73.5, 73.69999694824219, 73.5999984741211, 73.63999938964844, 73.56999969482422, 73.52999877929688, 73.51000213623047, 73.44999694824219]
backdoor_accuracy=[0, 0.0, 3.9, 4.6, 3.6, 2.8, 3.1, 3.7, 1.6, 2.0, 2.0, 1.7, 1.3, 1.8, 1.8, 1.5, 1.0, 1.2, 0.7, 0.5, 1.2, 1.4, 0.9, 1.1, 0.5, 0.4, 1.1, 1.5, 0.6, 0.8, 1.0, 1.1, 0.7, 1.0, 1.0, 0.9, 0.6, 1.5, 0.8, 1.0, 1.0, 1.1, 0.9, 2.1, 1.2, 0.9, 1.5, 1.7, 1.5, 1.7, 1.6, 1.6, 1.7, 1.5, 2.1, 1.9, 1.9, 3.0, 2.8, 1.7, 2.1, 1.9, 1.5, 2.1, 2.4, 2.1, 2.2, 2.1, 2.1, 1.9, 2.1, 2.4, 2.3, 2.3, 2.0, 2.0, 2.0, 2.1, 2.2, 2.2, 2.1, 2.1, 2.2, 2.6, 2.2, 2.2, 2.1, 2.3, 2.2, 2.3, 2.2, 2.3, 2.4, 2.3, 2.2, 2.4, 2.3, 2.3, 2.1, 2.1, 2.3]
loss_list=[2.0084329149458138, 1.5969822522004442, 1.1871853573123616, 1.0082477647397254, 0.8504835487736596, 0.7451815951367219, 0.6736761295961009, 0.5755218711288438, 0.5664962935033772, 0.5202329738458824, 0.46407686217377575, 0.460369478704201, 0.4491691763761144, 0.43380085891940534, 0.3880252721119258, 0.39982496853089994, 0.36188486347492366, 0.3291645559089051, 0.33466488497745667, 0.3512382106793424, 0.2984628608264029, 0.25207009563636457, 0.3058690826004991, 0.2654038140415731, 0.28437866423227304, 0.2342116164084938, 0.275404959475725, 0.23039962641403294, 0.1775015553557831, 0.20631318936615972, 0.20601292743088886, 0.17420999181767302, 0.1998895407142118, 0.17984926912416188, 0.15156914255064394, 0.15900765136854408, 0.16357529594355988, 0.1237638380502661, 0.150602085304757, 0.16147158979334764, 0.10520873886694772, 0.10971385527285746, 0.0857329948174043, 0.06706702804386926, 0.11072561912374415, 0.06647603924528489, 0.04652188585514927, 0.06432000722212251, 0.07409171189103896, 0.08174703748198224, 0.04785854555372176, 0.04806189940970702, 0.03944045979998513, 0.027619099513491768, 0.035938653278507336, 0.03464710607662305, 0.027603677023532017, 0.053053073800304745, 0.040473012490223906, 0.026609809525576157, 0.0319768934629974, 0.023687900064946414, 0.04127006459680464, 0.028772916388536237, 0.018192068885352148, 0.023359881170132824, 0.019494599485834537, 0.0236626570412611, 0.015814934483043743, 0.022985210468145344, 0.016194189556538018, 0.013775525255801368, 0.0114660937452249, 0.018803906389463616, 0.011728792115108166, 0.018930233079348314, 0.007792760483280289, 0.008821661359979775, 0.009075613220936952, 0.010090431346745593, 0.0076744672430989645, 0.00608075003416161, 0.011065169283796826, 0.007107184374520633, 0.008442152332394873, 0.015243389501896064, 0.007192030203360545, 0.0059190550322172275, 0.007955915614325527, 0.004009638123712244, 0.01224966775614626, 0.006742628995901517, 0.010126318329324323, 0.009097251912907165, 0.004069401507780033, 0.005232928501346679, 0.005372155414063147, 0.002605872415846938, 0.0053525397762617406, 0.0047600749743772494]
BBSR:2.4
ABSR:2.27
max acc:73.7
