======================================
    IID: 1
    Dataset: cifar
    Model: resnet
    Model Init: None
    Aggregation Function: fltrust
    Fraction NonIID: 0
    Long attack: 3
    Wide attack: 3
    Wide attack: trust
    Threshold reject: 0.5
    Threshold down: 0.0
    Attack method: badnet
    Fraction of malicious agents: 13.0%
    Poison Frac: 0.2
    Backdoor From 7 to 2
    Attack Begin: 0
    Trigger Shape: square
    Type poisoning: 
    Trigger Position X: 0
    Trigger Position Y: 0
    Number of agents: 100
    Fraction of agents each turn: 30(30.0%)
    Local batch size: 50
    Local epoch: 3
    Client_LR: 0.01
    Client_Momentum: 0.9
    Global Rounds: 100
    Dataset In Server: 200
======================================
main_task_accuracy=[0, 10.0, 10.4399995803833, 12.770000457763672, 17.59000015258789, 24.809999465942383, 33.060001373291016, 37.9900016784668, 43.040000915527344, 45.619998931884766, 51.70000076293945, 54.349998474121094, 53.380001068115234, 57.15999984741211, 58.0, 58.869998931884766, 55.18000030517578, 59.630001068115234, 59.619998931884766, 61.56999969482422, 62.189998626708984, 61.18000030517578, 58.40999984741211, 60.400001525878906, 61.02000045776367, 60.54999923706055, 61.650001525878906, 62.25, 63.060001373291016, 63.47999954223633, 64.45999908447266, 61.9900016784668, 63.959999084472656, 65.44999694824219, 65.41000366210938, 65.47000122070312, 67.18000030517578, 66.94999694824219, 66.18000030517578, 66.55999755859375, 64.13999938964844, 66.54000091552734, 66.27999877929688, 67.19000244140625, 67.0, 67.36000061035156, 68.55000305175781, 69.01000213623047, 68.81999969482422, 67.95999908447266, 68.51000213623047, 68.27999877929688, 68.6500015258789, 69.06999969482422, 69.37000274658203, 69.41000366210938, 70.91999816894531, 69.93000030517578, 68.25, 70.5199966430664, 70.16000366210938, 70.2300033569336, 69.94999694824219, 70.88999938964844, 69.86000061035156, 70.75, 70.45999908447266, 70.80000305175781, 69.75, 69.18000030517578, 71.56999969482422, 70.94000244140625, 71.52999877929688, 70.66000366210938, 70.87000274658203, 72.25, 71.91999816894531, 70.08999633789062, 72.05999755859375, 70.94000244140625, 71.9800033569336, 72.06999969482422, 71.25, 71.22000122070312, 70.2300033569336, 72.08000183105469, 72.83999633789062, 71.77999877929688, 70.91000366210938, 72.91999816894531, 72.04000091552734, 73.80000305175781, 71.0199966430664, 72.62999725341797, 70.30999755859375, 72.55000305175781, 72.29000091552734, 70.94000244140625, 72.41999816894531, 71.75, 73.58000183105469]
backdoor_accuracy=[0, 0.0, 0.4, 6.7, 8.4, 6.1, 4.7, 3.8, 4.0, 4.9, 2.9, 3.1, 1.7, 3.7, 2.7, 4.0, 7.5, 5.3, 4.0, 2.4, 2.3, 2.7, 2.6, 3.0, 1.6, 3.1, 2.7, 2.7, 2.3, 2.1, 2.5, 3.9, 4.5, 3.4, 3.0, 2.9, 3.2, 3.1, 1.8, 2.7, 2.7, 2.0, 2.3, 2.8, 2.9, 2.0, 2.5, 5.1, 3.4, 2.1, 2.1, 1.4, 4.5, 3.0, 1.8, 5.7, 2.3, 1.4, 2.6, 2.7, 2.4, 3.4, 1.9, 2.0, 1.8, 1.8, 1.8, 1.3, 1.4, 1.5, 1.6, 1.9, 1.5, 2.1, 1.6, 1.5, 2.0, 1.1, 2.3, 1.8, 3.2, 1.1, 1.6, 1.9, 1.6, 2.6, 1.2, 2.8, 1.1, 1.8, 1.1, 1.2, 0.4, 1.9, 1.5, 2.1, 2.3, 5.8, 1.4, 0.6, 1.7]
loss_list=[2.0012191800276438, 1.588665313058429, 1.2137911196218596, 1.049271056867308, 0.9669486883282661, 0.884003724662794, 0.8696392863657739, 0.7875247442970674, 0.7632953957551055, 0.7250597534908192, 0.7679711453342396, 0.9203639629943712, 0.7217978862375537, 0.8553077888902691, 0.6634216422799767, 0.6545768697541724, 0.7884615204897191, 0.6338837747513835, 0.5780432489033169, 0.6703792542633084, 0.5560208357125521, 0.5539908298850059, 0.6103032566110295, 0.5520287554462752, 0.5584943241895072, 0.5029742891900241, 0.4750729332119227, 0.5906995174868239, 0.44918954575408454, 0.5253662084848877, 0.5146121863434867, 0.5287673253359066, 0.45143061935190215, 0.5053071255692179, 0.44716847259965203, 0.39960519794956784, 0.4160352059154927, 0.3762628245038084, 0.4203297284136837, 0.4370488121898638, 0.41107688777278073, 0.4317447765937282, 0.37179205378232943, 0.45142039711587145, 0.40755466355683484, 0.46572681606333305, 0.38113869112347154, 0.3924507153458479, 0.3622162550946491, 0.33133595322452797, 0.3531694175485367, 0.3242041682689968, 0.3834475538830479, 0.3556688552461046, 0.2425582753037775, 0.3436645220932163, 0.2893639587440218, 0.3084982077037502, 0.2215510355110747, 0.3112991320641918, 0.21646514701333616, 0.22320595068766524, 0.30374929769430303, 0.26665370095456536, 0.25344085955242107, 0.25389678152090506, 0.22058348284697982, 0.24865700809854185, 0.263583599035046, 0.226255774957309, 0.23630719272484485, 0.20612505962418962, 0.15074201466457451, 0.23463316873039325, 0.1441224859244863, 0.23641142344309224, 0.19657635167008267, 0.18152107472589704, 0.24805714634091902, 0.13999945741916436, 0.1619170009569886, 0.11991416955172705, 0.17560087874816316, 0.1784924653211298, 0.13366361428880028, 0.15705056476355012, 0.12421807662823184, 0.16780817801300954, 0.13800645175519297, 0.12619118274997967, 0.11493867905512974, 0.0843704479823484, 0.13838235666719909, 0.08070416153337444, 0.13414530610135342, 0.11107877072224961, 0.07787089460762218, 0.2011316482893501, 0.07758778493356658, 0.09446823863357874]
BBSR:18.85818638979728
ABSR:19.40275408359811
max acc:73.8
