======================================
    IID: 0
    Dataset: mnist
    Model: Mnist_CNN
    Model Init: None
    Aggregation Function: flame
    Fraction NonIID: 0
    Long attack: 5
    Wide attack: 5
    Wide attack: trust
    Threshold reject: 0.5
    Threshold down: 0.0
    Attack method: badnet
    Fraction of malicious agents: 13.0%
    Poison Frac: 0.2
    Backdoor From 7 to 2
    Attack Begin: 0
    Trigger Shape: square
    Type poisoning: 
    Trigger Position X: 0
    Trigger Position Y: 0
    Number of agents: 100
    Fraction of agents each turn: 30(30.0%)
    Local batch size: 50
    Local epoch: 3
    Client_LR: 0.01
    Client_Momentum: 0.9
    Global Rounds: 100
    Noise in FLAME: 0.001
proportion of malicious are selected:0.5666666666666667
proportion of benign are selected:0.5648148148148148
======================================
main_task_accuracy=[0, 14.630000114440918, 21.31999969482422, 25.170000076293945, 42.66999816894531, 40.18000030517578, 42.83000183105469, 54.20000076293945, 65.5199966430664, 68.52999877929688, 65.52999877929688, 68.0, 76.12999725341797, 78.80999755859375, 74.9000015258789, 73.8499984741211, 75.7300033569336, 74.44999694824219, 70.80000305175781, 72.97000122070312, 70.2699966430664, 68.66000366210938, 69.9800033569336, 78.11000061035156, 77.43000030517578, 78.83000183105469, 78.26000213623047, 72.29000091552734, 73.33999633789062, 72.48999786376953, 76.80999755859375, 78.91999816894531, 76.72000122070312, 75.2300033569336, 78.13999938964844, 78.68000030517578, 78.93000030517578, 79.19000244140625, 79.16999816894531, 77.88999938964844, 79.0, 76.58999633789062, 76.19999694824219, 78.22000122070312, 78.95999908447266, 79.0199966430664, 78.54000091552734, 78.68000030517578, 78.5199966430664, 79.51000213623047, 79.0999984741211, 78.73999786376953, 78.0199966430664, 77.66999816894531, 78.98999786376953, 79.33999633789062, 79.62000274658203, 79.4000015258789, 79.16000366210938, 79.22000122070312, 77.33999633789062, 78.88999938964844, 79.0199966430664, 79.45999908447266, 79.52999877929688, 79.31999969482422, 79.52999877929688, 79.62999725341797, 79.52999877929688, 79.1500015258789, 79.68000030517578, 79.66000366210938, 79.73999786376953, 79.23999786376953, 79.38999938964844, 79.66000366210938, 79.69999694824219, 78.7699966430664, 79.63999938964844, 79.7699966430664, 80.0999984741211, 85.44000244140625, 82.12000274658203, 83.1500015258789, 83.55000305175781, 83.87999725341797, 83.12000274658203, 82.0999984741211, 84.94999694824219, 82.62000274658203, 81.20999908447266, 80.51000213623047, 81.13999938964844, 82.05999755859375, 79.75, 80.69000244140625, 81.05999755859375, 80.70999908447266, 81.91000366210938, 80.77999877929688, 79.75]
backdoor_accuracy=[0, 0.0, 0.0, 81.71206225680933, 0.0, 0.0, 0.0, 64.6887159533074, 1.3618677042801557, 5.933852140077821, 12.256809338521402, 8.949416342412452, 8.171206225680933, 3.8910505836575875, 6.809338521400778, 2.7237354085603114, 5.933852140077821, 12.937743190661479, 7.490272373540856, 10.116731517509727, 11.964980544747082, 25.68093385214008, 7.782101167315175, 43.8715953307393, 18.28793774319066, 18.19066147859922, 17.217898832684824, 14.688715953307392, 25.389105058365757, 24.610894941634243, 41.63424124513619, 71.40077821011673, 65.75875486381322, 78.89105058365759, 66.53696498054475, 46.69260700389105, 85.3112840466926, 68.09338521400778, 67.8988326848249, 58.65758754863813, 89.10505836575875, 73.05447470817121, 97.47081712062257, 97.56809338521401, 94.64980544747081, 83.852140077821, 89.29961089494164, 74.90272373540856, 96.10894941634241, 94.16342412451363, 81.1284046692607, 97.66536964980544, 97.17898832684826, 95.3307392996109, 99.70817120622569, 81.03112840466926, 94.8443579766537, 80.35019455252919, 97.27626459143968, 98.73540856031128, 99.0272373540856, 98.05447470817121, 99.61089494163424, 98.05447470817121, 99.90272373540856, 99.80544747081711, 99.22178988326849, 99.70817120622569, 99.90272373540856, 99.80544747081711, 99.90272373540856, 99.90272373540856, 99.80544747081711, 100.0, 100.0, 99.5136186770428, 99.61089494163424, 98.73540856031128, 99.70817120622569, 99.5136186770428, 99.80544747081711, 99.70817120622569, 98.5408560311284, 99.5136186770428, 100.0, 98.92996108949416, 100.0, 100.0, 99.80544747081711, 99.70817120622569, 99.70817120622569, 99.41634241245136, 99.90272373540856, 100.0, 99.5136186770428, 99.90272373540856, 100.0, 100.0, 99.90272373540856, 100.0, 99.90272373540856]
loss_list=[0.5039897073952945, 0.29307328540885674, 0.38516203345402766, 0.35505237615698365, 0.28830525860809963, 0.24498759683217955, 0.2515129203029481, 0.21571783138842576, 0.22516777853817846, 0.19232079771609412, 0.12087578994774414, 0.18219787843395985, 0.1272773945167218, 0.15502102699415288, 0.12141069532433914, 0.16896060340136826, 0.1281262198543824, 0.12987831686601442, 0.11549007402595589, 0.10573419167201514, 0.1088207776961788, 0.1311030566951268, 0.14237346491227176, 0.13717986432211343, 0.12730728646873352, 0.1405587245193304, 0.11502272020441467, 0.1180706061577939, 0.10945263516785485, 0.1368920373642757, 0.13750292424398156, 0.07202943924455377, 0.10621212997200656, 0.14012136405720008, 0.1389436176891152, 0.16109653982562555, 0.1393898560059313, 0.1252369402012397, 0.11410769581021286, 0.13366889274199076, 0.0890701643922409, 0.11716909929740933, 0.118765628583892, 0.10525809521904445, 0.10887798032508529, 0.11642235427594838, 0.10599186304223819, 0.10271895907840754, 0.09202108631760877, 0.07739604726691846, 0.10203390753326652, 0.1278912328850643, 0.11760735833127556, 0.1162246869552151, 0.1248014103786115, 0.11349179145289258, 0.11896517487099198, 0.09264191639944414, 0.10223968132804472, 0.11350279678804572, 0.08214257315230108, 0.07599390633491003, 0.12258643936962897, 0.11413924840021267, 0.10443738786704793, 0.10544995355632718, 0.11381865922010323, 0.12532947601909344, 0.10455583344387652, 0.09176151932738977, 0.0948468627689263, 0.09154994223985541, 0.11220350103204407, 0.0918636268898117, 0.10671472303979002, 0.10086405884748494, 0.058300995521433044, 0.10345783937901873, 0.10267794202304364, 0.12404656433084735, 0.13787370649298103, 0.07742054748913388, 0.06324804083743736, 0.11142660902257284, 0.0960499190196497, 0.09466533707337657, 0.07003943170212076, 0.10676916020451396, 0.09669735469649621, 0.09454289513188326, 0.09356259850388166, 0.10201591001206192, 0.07916747885381918, 0.09588779642583053, 0.08196302429789776, 0.09100687198771942, 0.10254248435408865, 0.10800872627508842, 0.06847009568133955, 0.11751592431144173]
BBSR:100.0
ABSR:99.85
max acc:82.06
