======================================
    IID: 0
    Dataset: mnist
    Model: Mnist_CNN
    Model Init: None
    Aggregation Function: RLR
    Fraction NonIID: 0
    Long attack: 3
    Wide attack: 3
    Wide attack: trust
    Threshold reject: 0.5
    Threshold down: 0.0
    Attack method: dba
    Fraction of malicious agents: 13.0%
    Poison Frac: 0.2
    Backdoor From 7 to 2
    Attack Begin: 0
    Trigger Shape: square
    Type poisoning: 
    Trigger Position X: 0
    Trigger Position Y: 0
    Number of agents: 100
    Fraction of agents each turn: 30(30.0%)
    Local batch size: 50
    Local epoch: 3
    Client_LR: 0.01
    Client_Momentum: 0.9
    Global Rounds: 100
    RobustLR_threshold: 4
======================================
main_task_accuracy=[0, 45.310001373291016, 52.869998931884766, 51.439998626708984, 54.84000015258789, 59.65999984741211, 69.9000015258789, 82.61000061035156, 77.68000030517578, 71.18000030517578, 88.7699966430664, 89.38999938964844, 81.77999877929688, 92.18000030517578, 92.70999908447266, 87.66000366210938, 93.54000091552734, 94.4800033569336, 94.66999816894531, 94.2300033569336, 93.43000030517578, 95.13999938964844, 95.0, 94.38999938964844, 89.51000213623047, 94.55999755859375, 93.80999755859375, 94.6500015258789, 94.27999877929688, 95.3499984741211, 95.38999938964844, 96.23999786376953, 96.02999877929688, 95.73999786376953, 96.13999938964844, 96.13999938964844, 94.95999908447266, 93.2300033569336, 92.94000244140625, 94.29000091552734, 96.62000274658203, 96.37000274658203, 96.72000122070312, 96.54000091552734, 96.58999633789062, 96.80999755859375, 95.66000366210938, 96.51000213623047, 96.66000366210938, 96.58999633789062, 96.43000030517578, 95.44000244140625, 96.44999694824219, 96.80999755859375, 93.20999908447266, 96.08000183105469, 96.31999969482422, 96.95999908447266, 96.44000244140625, 96.80000305175781, 96.20999908447266, 96.44000244140625, 96.87000274658203, 96.19999694824219, 96.5999984741211, 96.56999969482422, 97.0999984741211, 96.98999786376953, 96.95999908447266, 96.9800033569336, 97.11000061035156, 96.37999725341797, 97.55000305175781, 96.97000122070312, 97.22000122070312, 96.83000183105469, 97.3499984741211, 97.1500015258789, 97.41999816894531, 97.0, 97.12000274658203, 97.30999755859375, 96.66000366210938, 96.5199966430664, 96.6500015258789, 97.36000061035156, 97.23999786376953, 97.70999908447266, 97.61000061035156, 97.29000091552734, 96.94999694824219, 96.31999969482422, 97.48999786376953, 97.4800033569336, 97.41999816894531, 97.4000015258789, 97.62999725341797, 96.94999694824219, 96.88999938964844, 97.55999755859375, 97.4000015258789]
backdoor_accuracy=[0, 5.544747081712062, 0.0, 0.0, 28.50194552529183, 0.0, 1.8482490272373542, 3.0155642023346303, 13.521400778210117, 0.5836575875486382, 3.21011673151751, 3.307392996108949, 5.3501945525291825, 6.809338521400778, 5.544747081712062, 3.21011673151751, 6.614785992217898, 6.906614785992218, 4.085603112840467, 4.182879377431907, 11.381322957198444, 14.396887159533074, 8.657587548638132, 3.7937743190661477, 1.264591439688716, 5.252918287937743, 4.863813229571984, 4.474708171206226, 3.21011673151751, 5.252918287937743, 16.731517509727627, 5.544747081712062, 8.073929961089494, 17.315175097276263, 12.256809338521402, 8.463035019455253, 2.6264591439688716, 3.9883268482490273, 5.058365758754864, 2.237354085603113, 3.7937743190661477, 3.11284046692607, 7.490272373540856, 10.603112840466926, 4.863813229571984, 11.964980544747082, 13.424124513618677, 19.260700389105057, 3.7937743190661477, 3.501945525291829, 2.237354085603113, 41.24513618677043, 25.0, 14.883268482490273, 4.961089494163424, 10.603112840466926, 12.743190661478598, 14.396887159533074, 13.035019455252918, 28.69649805447471, 25.58365758754864, 21.011673151750973, 7.392996108949417, 16.147859922178988, 25.68093385214008, 7.392996108949417, 7.587548638132295, 15.46692607003891, 17.509727626459146, 12.645914396887159, 9.14396887159533, 7.782101167315175, 31.51750972762646, 51.070038910505836, 25.875486381322958, 12.354085603112841, 15.75875486381323, 54.37743190661479, 9.82490272373541, 39.29961089494164, 61.673151750972764, 9.04669260700389, 53.21011673151751, 6.517509727626459, 11.186770428015564, 7.684824902723736, 44.552529182879375, 24.31906614785992, 28.69649805447471, 9.922178988326849, 10.700389105058365, 10.116731517509727, 13.326848249027238, 14.785992217898833, 11.089494163424124, 22.957198443579767, 7.879377431906615, 18.8715953307393, 8.657587548638132, 42.12062256809339, 20.622568093385215]
loss_list=[0.5115476124823876, 0.38525959728736126, 0.23370314364081934, 0.1982613639378807, 0.1851044806864069, 0.19612073101489705, 0.17299107499908623, 0.12709100650272445, 0.11851874923988066, 0.1158204387917967, 0.11052490549040989, 0.09428471691954078, 0.08305020153108059, 0.08494078727279654, 0.07925135877648895, 0.07326230597872548, 0.07566036737065705, 0.05887491380628885, 0.07098867047385755, 0.06689762232006506, 0.07382973220608838, 0.06121648206575682, 0.076286555342991, 0.05055387261172692, 0.07076121805958034, 0.05486868718879794, 0.05599904382738366, 0.06179823933960556, 0.06341013641558925, 0.05311590076048231, 0.04573429040548663, 0.05903660961024662, 0.04715930562660405, 0.05575685216061302, 0.05284793248215126, 0.051846599076211385, 0.05056952489054002, 0.07009583402785052, 0.06150453399774158, 0.05543341247867451, 0.05028699507076232, 0.042587050528008104, 0.05078413708507221, 0.04523469834499835, 0.043319409174534244, 0.03974474797312276, 0.05364918921738659, 0.04674038978468823, 0.04497862501211967, 0.04557535616446009, 0.04806819768731241, 0.04265299867953228, 0.04379228959730876, 0.04799769744204562, 0.04875089515664534, 0.04256490423566432, 0.04634789354046656, 0.04752433534324347, 0.04292426669853556, 0.03984256522782895, 0.03684928339802559, 0.049713170479515206, 0.05048215061949493, 0.04883448658610787, 0.03525061146591535, 0.0420776859579075, 0.04034772397089844, 0.03799981051987866, 0.0410891524112008, 0.03851738474003511, 0.03757172088390416, 0.047156333497336195, 0.03518354141874049, 0.048069350974150646, 0.0413400837981903, 0.04176563160907955, 0.04509470446304508, 0.0342328108589929, 0.03152363653445135, 0.044364288395362585, 0.040004679202461965, 0.0491987466139253, 0.035000769906311985, 0.03784933468502178, 0.043147215883900046, 0.047634395936395416, 0.042876523369694795, 0.04610818509447878, 0.03362155091979189, 0.03471891966566456, 0.0362797140454171, 0.03997579345077064, 0.045016918007096174, 0.027888388915748758, 0.03516302908564057, 0.04237970856357416, 0.03773006106279721, 0.033974078017325875, 0.03875323922668578, 0.030617798563230384]
BBSR:42.12
ABSR:17.04
max acc:97.63
