======================================
    IID: 0
    Dataset: mnist
    Model: Mnist_CNN
    Model Init: None
    Aggregation Function: avg
    Fraction NonIID: 0
    Long attack: 5
    Wide attack: 5
    Wide attack: trust
    Threshold reject: 0.5
    Threshold down: 0.0
    Attack method: badnet
    Fraction of malicious agents: 13.0%
    Poison Frac: 0.2
    Backdoor From 7 to 2
    Attack Begin: 0
    Trigger Shape: square
    Type poisoning: 
    Trigger Position X: 0
    Trigger Position Y: 0
    Number of agents: 100
    Fraction of agents each turn: 30(30.0%)
    Local batch size: 50
    Local epoch: 3
    Client_LR: 0.01
    Client_Momentum: 0.9
    Global Rounds: 100
======================================
main_task_accuracy=[0, 30.100000381469727, 56.58000183105469, 63.38999938964844, 47.849998474121094, 69.87999725341797, 81.91999816894531, 86.2699966430664, 77.41000366210938, 74.87000274658203, 74.55000305175781, 89.05000305175781, 89.36000061035156, 90.9000015258789, 93.43000030517578, 94.41999816894531, 95.16000366210938, 94.6500015258789, 94.54000091552734, 95.62999725341797, 95.36000061035156, 95.69000244140625, 95.88999938964844, 95.56999969482422, 95.88999938964844, 96.41999816894531, 95.80000305175781, 96.12999725341797, 96.43000030517578, 97.02999877929688, 96.55000305175781, 96.6500015258789, 96.02999877929688, 97.31999969482422, 97.43000030517578, 97.37000274658203, 97.20999908447266, 97.12999725341797, 97.41000366210938, 97.7300033569336, 97.30000305175781, 97.55999755859375, 97.41999816894531, 97.75, 97.83000183105469, 97.69999694824219, 97.55999755859375, 98.08000183105469, 97.98999786376953, 97.76000213623047, 97.87000274658203, 98.18000030517578, 98.05999755859375, 98.08000183105469, 98.08000183105469, 98.19999694824219, 98.36000061035156, 98.20999908447266, 97.97000122070312, 97.94000244140625, 98.13999938964844, 98.30999755859375, 98.05000305175781, 98.22000122070312, 98.22000122070312, 98.22000122070312, 98.19000244140625, 98.16000366210938, 98.30000305175781, 97.9800033569336, 98.48999786376953, 98.30999755859375, 98.20999908447266, 98.29000091552734, 98.51000213623047, 98.48999786376953, 98.2699966430664, 98.18000030517578, 98.3499984741211, 98.55000305175781, 98.16000366210938, 98.37999725341797, 98.16000366210938, 98.5199966430664, 98.44000244140625, 98.36000061035156, 98.19999694824219, 98.52999877929688, 98.06999969482422, 98.5, 98.33999633789062, 98.68000030517578, 98.56999969482422, 98.5999984741211, 98.48999786376953, 98.33000183105469, 98.29000091552734, 98.37999725341797, 98.3499984741211, 98.44000244140625, 98.58000183105469]
backdoor_accuracy=[0, 15.46692607003891, 0.0, 0.38910505836575876, 6.128404669260701, 0.6809338521400778, 6.031128404669261, 1.4591439688715953, 7.2957198443579765, 0.09727626459143969, 1.4591439688715953, 9.24124513618677, 2.0428015564202333, 7.490272373540856, 1.556420233463035, 5.252918287937743, 2.0428015564202333, 2.821011673151751, 1.9455252918287937, 4.377431906614786, 2.431906614785992, 5.155642023346304, 3.0155642023346303, 7.684824902723736, 1.264591439688716, 4.280155642023346, 3.501945525291829, 11.964980544747082, 14.396887159533074, 8.463035019455253, 22.762645914396888, 7.490272373540856, 2.3346303501945527, 8.365758754863814, 13.035019455252918, 7.587548638132295, 21.108949416342412, 29.182879377431906, 24.610894941634243, 23.346303501945524, 30.35019455252918, 67.99610894941634, 25.972762645914397, 30.836575875486382, 36.478599221789885, 39.29961089494164, 68.3852140077821, 68.67704280155642, 75.38910505836576, 31.03112840466926, 42.80155642023346, 76.07003891050584, 80.73929961089495, 50.29182879377432, 82.58754863813229, 79.1828793774319, 76.36186770428016, 70.42801556420234, 34.43579766536965, 55.252918287937746, 83.65758754863813, 84.63035019455253, 76.55642023346303, 60.21400778210117, 71.78988326848248, 71.01167315175097, 70.23346303501945, 80.25291828793775, 95.13618677042801, 65.85603112840467, 82.87937743190662, 95.62256809338521, 94.26070038910505, 82.97665369649805, 86.08949416342412, 84.8249027237354, 64.59143968871595, 96.59533073929961, 91.24513618677042, 92.99610894941634, 92.12062256809338, 93.19066147859922, 84.8249027237354, 95.62256809338521, 92.99610894941634, 93.57976653696498, 89.39688715953308, 92.12062256809338, 93.77431906614785, 95.62256809338521, 95.3307392996109, 95.52529182879377, 95.52529182879377, 95.91439688715953, 97.66536964980544, 90.1750972762646, 96.49805447470817, 87.35408560311284, 94.94163424124514, 94.16342412451363, 95.3307392996109]
loss_list=[0.5266379948702375, 0.2490927582798921, 0.19668985548424958, 0.192371637568487, 0.17873186953246673, 0.15482559536676188, 0.13519322608779322, 0.11310471368623626, 0.1161226106596088, 0.1024596247597918, 0.11446371252745428, 0.07924530029828819, 0.0823940214878169, 0.07693832762585344, 0.07046360093725425, 0.05633900046117701, 0.063463158562686, 0.05175111505111972, 0.05340992168613002, 0.057808144505609026, 0.047119977403538606, 0.04195898962385358, 0.04371675769895948, 0.04945140346475449, 0.0516564903816059, 0.044668216698211444, 0.04242025924826824, 0.039319873207132046, 0.03851290872726909, 0.04179814762854524, 0.034021381059945864, 0.04174539751282429, 0.047507360418459585, 0.03549502629512657, 0.04494620794888574, 0.030449953912903133, 0.04153928003195402, 0.03466230417784823, 0.031145555238515543, 0.029874778130431108, 0.03045423922136994, 0.030190407324722987, 0.03415179242884366, 0.03409153446255679, 0.02991577817815152, 0.02022775948524386, 0.02707191280775575, 0.02846902296805589, 0.033130423745439626, 0.02599566656029866, 0.027509709633946177, 0.02835146328653587, 0.03154891845210414, 0.02614790799570229, 0.030048600732498636, 0.02554751842196021, 0.02374186630146475, 0.024255636165523876, 0.02763669975605162, 0.026226765684415475, 0.026388641150252128, 0.023065679104543043, 0.02561134308375245, 0.02461478213404011, 0.018741909084454934, 0.02472711841695678, 0.026498280892451875, 0.024344603896430724, 0.02442658782749934, 0.027019746665955392, 0.03048456296994321, 0.021475956154373095, 0.021038112089862605, 0.023335031381767738, 0.022369604888362118, 0.022503682582445655, 0.026104270683782578, 0.023569443424809555, 0.02027640336699287, 0.020905173676258663, 0.022574221470395728, 0.023535518811115503, 0.022339283336787117, 0.02116424681545145, 0.019543739987220445, 0.020872491146297335, 0.022808211338620328, 0.017730645919521466, 0.020868255053943147, 0.017863714559502943, 0.020959794912197984, 0.0195227083683536, 0.016451854456353908, 0.021271757864608436, 0.01833149592151966, 0.01698620451246232, 0.020397666875870794, 0.014122281669139508, 0.024203151701415425, 0.0199562282563361]
BBSR:97.67
ABSR:94.31
max acc:98.68
