======================================
    IID: 0
    Dataset: fashion_mnist
    Model: Mnist_CNN
    Model Init: None
    Aggregation Function: avg
    Fraction NonIID: 0
    Long attack: 3
    Wide attack: 3
    Wide attack: trust
    Threshold reject: 0.5
    Threshold down: 0.0
    Attack method: badnet
    Fraction of malicious agents: 20.0%
    Poison Frac: 0.2
    Backdoor From 7 to 2
    Attack Begin: 0
    Trigger Shape: square
    Type poisoning: 
    Trigger Position X: 0
    Trigger Position Y: 0
    Number of agents: 100
    Fraction of agents each turn: 30(30.0%)
    Local batch size: 50
    Local epoch: 3
    Client_LR: 0.01
    Client_Momentum: 0.9
    Global Rounds: 100
======================================
main_task_accuracy=[0, 60.540000915527344, 71.04000091552734, 75.02999877929688, 76.3499984741211, 78.01000213623047, 78.87000274658203, 78.7699966430664, 80.7699966430664, 80.12000274658203, 81.72000122070312, 81.91000366210938, 82.05000305175781, 82.61000061035156, 83.13999938964844, 83.81999969482422, 83.63999938964844, 84.41000366210938, 84.63999938964844, 85.02999877929688, 85.12999725341797, 85.36000061035156, 85.97000122070312, 85.80999755859375, 85.93000030517578, 86.05999755859375, 85.98999786376953, 86.55000305175781, 86.45999908447266, 86.70999908447266, 86.70999908447266, 87.12999725341797, 86.81999969482422, 87.16000366210938, 87.36000061035156, 87.19000244140625, 87.30999755859375, 87.41999816894531, 87.79000091552734, 87.77999877929688, 87.44999694824219, 87.95999908447266, 87.7699966430664, 88.16000366210938, 88.08999633789062, 87.94000244140625, 88.12999725341797, 88.44000244140625, 88.2699966430664, 88.43000030517578, 88.55000305175781, 88.55999755859375, 88.55999755859375, 88.62999725341797, 88.72000122070312, 88.88999938964844, 88.79000091552734, 88.91000366210938, 88.70999908447266, 89.0199966430664, 89.08000183105469, 89.08999633789062, 88.81999969482422, 89.08000183105469, 89.19999694824219, 89.30000305175781, 89.08000183105469, 89.19000244140625, 88.94000244140625, 89.18000030517578, 89.44999694824219, 89.51000213623047, 89.30000305175781, 89.5999984741211, 89.29000091552734, 89.43000030517578, 89.56999969482422, 89.4000015258789, 89.66999816894531, 89.58000183105469, 89.76000213623047, 89.58000183105469, 89.62999725341797, 89.66000366210938, 89.52999877929688, 89.61000061035156, 89.48999786376953, 89.79000091552734, 89.8499984741211, 89.81999969482422, 89.7699966430664, 89.80000305175781, 89.97000122070312, 90.02999877929688, 89.76000213623047, 89.86000061035156, 89.80999755859375, 90.0999984741211, 89.94000244140625, 89.87999725341797, 90.08999633789062]
backdoor_accuracy=[0, 8.7, 0.0, 0.0, 0.0, 0.0, 0.0, 5.3, 35.2, 91.1, 97.0, 99.2, 99.8, 99.9, 99.9, 99.9, 100.0, 100.0, 100.0, 100.0, 100.0, 100.0, 100.0, 100.0, 100.0, 100.0, 100.0, 100.0, 100.0, 100.0, 100.0, 100.0, 100.0, 100.0, 100.0, 100.0, 100.0, 100.0, 100.0, 100.0, 100.0, 100.0, 100.0, 100.0, 100.0, 100.0, 100.0, 100.0, 100.0, 100.0, 100.0, 100.0, 100.0, 100.0, 100.0, 100.0, 100.0, 100.0, 100.0, 100.0, 100.0, 100.0, 100.0, 100.0, 100.0, 100.0, 100.0, 100.0, 100.0, 100.0, 100.0, 100.0, 100.0, 100.0, 100.0, 100.0, 100.0, 100.0, 100.0, 100.0, 100.0, 100.0, 100.0, 100.0, 100.0, 100.0, 100.0, 100.0, 100.0, 100.0, 100.0, 100.0, 100.0, 100.0, 100.0, 100.0, 100.0, 100.0, 100.0, 100.0, 100.0]
loss_list=[1.4631582315873215, 0.8495148322096576, 0.6290157990323173, 0.5709622300333447, 0.5061991151560236, 0.4712012463904642, 0.46289783218116665, 0.44799620399458534, 0.4340616601001886, 0.4444059846784781, 0.3862058659739516, 0.4006907878374613, 0.3816235381626973, 0.3799047513347534, 0.34963242784487425, 0.3750527455850884, 0.3509667444767224, 0.3395839535803706, 0.3385877880371279, 0.33323556267897847, 0.3365461339001303, 0.32451211332033075, 0.3086616805789095, 0.3321029057967718, 0.3224823750865956, 0.31404838062891816, 0.3191832270266281, 0.2859936774087449, 0.29238667607617874, 0.3012045622320364, 0.3107392417991327, 0.2614864182658494, 0.2807755124996658, 0.29898083329338726, 0.28517176078425516, 0.28633964430126885, 0.26627280607957526, 0.2647670266201237, 0.28042079301688955, 0.27574648671542057, 0.2584441274145825, 0.27489863456123403, 0.2514608146795244, 0.24038429973060607, 0.26260443712343223, 0.27001347432464917, 0.276213584098689, 0.24896091731196204, 0.26076403989939506, 0.23564300479160413, 0.24298278517952124, 0.2628674076887331, 0.2389252474212467, 0.22430986780673265, 0.24584179999548256, 0.2346089835054483, 0.24880799074760737, 0.21459545133014518, 0.23113223277377312, 0.24416980987449216, 0.2296691804917322, 0.2251937651730798, 0.2136130616258554, 0.2383353800271396, 0.21906235384478887, 0.22632363245615528, 0.22213644411897773, 0.21061011464679957, 0.21827211820658432, 0.2274401194398739, 0.2172881580716758, 0.21911396527731858, 0.20706580544442493, 0.2104263460970725, 0.2167583009900733, 0.18538794611511686, 0.19213959503642947, 0.19738214971946066, 0.2137968011691959, 0.19796770990101822, 0.1793191289718919, 0.19956950281091312, 0.18950432818382976, 0.1929055003759762, 0.20566161496185317, 0.195310485875234, 0.20571038393924637, 0.21707698453769636, 0.18302281975780652, 0.19155233440644764, 0.18346061125328694, 0.19069211974360598, 0.186732679589962, 0.1863767781087922, 0.1821273235914608, 0.19063371973871082, 0.18216680912473412, 0.18547070585967354, 0.1737843051242332, 0.1861015441749866]
BBSR:100.0
ABSR:100.0
max acc:90.1
