======================================
    IID: 0
    Dataset: mnist
    Model: Mnist_CNN
    Model Init: None
    Aggregation Function: fltrust
    Fraction NonIID: 0
    Long attack: 3
    Wide attack: 3
    Wide attack: trust
    Threshold reject: 0.5
    Threshold down: 0.0
    Attack method: badnet
    Fraction of malicious agents: 30.0%
    Poison Frac: 0.2
    Backdoor From 7 to 2
    Attack Begin: 0
    Trigger Shape: square
    Type poisoning: cs
    Trigger Position X: 0
    Trigger Position Y: 0
    Number of agents: 100
    Fraction of agents each turn: 30(30.0%)
    Local batch size: 50
    Local epoch: 3
    Client_LR: 0.01
    Client_Momentum: 0.9
    Global Rounds: 100
    Dataset In Server: 200
======================================
main_task_accuracy=[0, 25.510000228881836, 42.11000061035156, 55.939998626708984, 66.13999938964844, 64.37999725341797, 71.62000274658203, 70.4000015258789, 74.8499984741211, 60.900001525878906, 68.0, 73.2300033569336, 78.69999694824219, 79.5999984741211, 88.5999984741211, 83.7699966430664, 89.37000274658203, 90.83000183105469, 86.23999786376953, 88.51000213623047, 89.12000274658203, 83.93000030517578, 85.08999633789062, 93.0199966430664, 92.77999877929688, 93.20999908447266, 90.05999755859375, 92.2300033569336, 91.0999984741211, 90.87000274658203, 92.56999969482422, 92.33999633789062, 93.08000183105469, 94.12000274658203, 93.08999633789062, 94.80999755859375, 92.55000305175781, 93.62000274658203, 93.79000091552734, 94.22000122070312, 90.2699966430664, 94.44000244140625, 94.16999816894531, 89.8499984741211, 93.48999786376953, 94.01000213623047, 94.13999938964844, 95.44000244140625, 93.5999984741211, 95.86000061035156, 95.58999633789062, 93.11000061035156, 94.18000030517578, 94.7300033569336, 96.0, 95.80000305175781, 96.33999633789062, 96.05000305175781, 94.83999633789062, 96.05999755859375, 93.56999969482422, 93.04000091552734, 96.44999694824219, 95.7300033569336, 95.9000015258789, 96.69000244140625, 95.94999694824219, 96.80999755859375, 95.70999908447266, 96.18000030517578, 95.25, 96.5, 97.01000213623047, 97.22000122070312, 96.22000122070312, 96.87999725341797, 96.87000274658203, 97.16999816894531, 97.0199966430664, 96.5999984741211, 96.48999786376953, 95.73999786376953, 97.16999816894531, 96.33999633789062, 97.30999755859375, 97.08000183105469, 97.2300033569336, 95.83000183105469, 97.25, 96.77999877929688, 97.05000305175781, 96.95999908447266, 97.61000061035156, 97.08999633789062, 97.19000244140625, 96.98999786376953, 97.16999816894531, 96.93000030517578, 96.61000061035156, 97.12999725341797, 97.68000030517578]
backdoor_accuracy=[0, 0.0, 0.0, 0.5836575875486382, 4.863813229571984, 1.264591439688716, 1.9455252918287937, 2.529182879377432, 2.0428015564202333, 2.9182879377431905, 4.474708171206226, 2.6264591439688716, 4.571984435797665, 12.062256809338521, 13.813229571984436, 2.0428015564202333, 13.910505836575876, 6.128404669260701, 5.836575875486381, 8.754863813229573, 5.3501945525291825, 23.832684824902724, 6.3229571984435795, 8.073929961089494, 13.521400778210117, 10.700389105058365, 10.894941634241246, 8.852140077821012, 15.46692607003891, 21.20622568093385, 35.40856031128405, 22.56809338521401, 33.94941634241245, 16.731517509727627, 20.525291828793776, 33.85214007782101, 20.136186770428015, 38.03501945525292, 71.59533073929961, 29.085603112840467, 70.8171206225681, 26.945525291828794, 70.23346303501945, 6.031128404669261, 80.25291828793775, 13.813229571984436, 72.95719844357977, 17.996108949416342, 66.24513618677042, 78.59922178988327, 78.30739299610894, 99.61089494163424, 59.92217898832685, 99.31906614785993, 50.29182879377432, 97.66536964980544, 88.42412451361868, 97.27626459143968, 79.96108949416342, 95.62256809338521, 93.67704280155642, 99.80544747081711, 99.61089494163424, 99.61089494163424, 100.0, 99.90272373540856, 99.90272373540856, 100.0, 100.0, 100.0, 100.0, 100.0, 100.0, 100.0, 100.0, 100.0, 100.0, 100.0, 100.0, 100.0, 100.0, 100.0, 100.0, 100.0, 100.0, 100.0, 100.0, 100.0, 100.0, 100.0, 100.0, 100.0, 100.0, 100.0, 100.0, 100.0, 100.0, 100.0, 100.0, 100.0, 100.0]
loss_list=[0.48893420682717414, 0.3832428406876223, 0.29878959762013324, 0.23866437365997262, 0.1818746253271468, 0.18970121383938712, 0.16202994588153158, 0.14408545628687644, 0.1568486193979287, 0.16957301961358973, 0.13321836526821543, 0.13302078108133888, 0.12130041536867164, 0.11283882590801217, 0.08883693375609257, 0.0966711983859005, 0.09507217401357576, 0.08028586771272155, 0.09967428354861878, 0.06590332082943492, 0.0861027996313348, 0.08792646810521879, 0.0861375186017512, 0.08045776618347604, 0.09040875395021833, 0.057409242067166695, 0.0634887489661617, 0.06735215450760143, 0.06852307872937864, 0.07433247231543617, 0.06176272452722549, 0.0633259050302675, 0.06854397457020699, 0.06324274339409157, 0.06020241332336158, 0.05505674415246981, 0.05621701804359472, 0.055372402419302545, 0.05691624736748335, 0.04922262306230238, 0.05865015176598954, 0.056088789377644735, 0.05056911741163136, 0.062277032853849223, 0.053978697464182025, 0.05179948477438899, 0.05149719108310702, 0.04665782232346216, 0.04685563956183295, 0.05438868433980274, 0.0539260082887564, 0.05170338087422643, 0.04552606847055127, 0.04338932351872598, 0.04405746609699091, 0.04971732290013833, 0.047334984361188194, 0.04392807004770669, 0.045758746324015505, 0.04123054978412323, 0.04498727650438443, 0.051054397998802105, 0.0382752760939818, 0.03275344334785199, 0.03718218716781666, 0.04367309156742185, 0.04450314218850791, 0.03663240517643212, 0.03077174945932705, 0.03641709295406919, 0.04066898200240369, 0.039383652617340004, 0.039325407921507266, 0.03356956613077427, 0.04058591259355977, 0.04353675932970369, 0.03778115414326499, 0.03229729849790287, 0.04097646500592504, 0.03318727716181942, 0.035156877276287475, 0.03290044363102578, 0.03433573856169652, 0.034384632672281694, 0.03161326098648032, 0.037998450237127314, 0.031903161317519295, 0.03965380359513869, 0.03060159947422171, 0.0348873060713707, 0.028007411610073824, 0.032340230931593945, 0.02844155696989652, 0.03179744489919355, 0.03375519369769765, 0.027654748637121442, 0.0374838970102523, 0.028294728139345637, 0.02849360433329692, 0.030768525466809214]
BBSR:100.0
ABSR:100.0
max acc:97.68
