======================================
    IID: 1
    Dataset: cifar
    Model: resnet
    Model Init: None
    Aggregation Function: RLR
    Fraction NonIID: 0
    Long attack: 3
    Wide attack: 3
    Wide attack: trust
    Threshold reject: 0.5
    Threshold down: 0.0
    Attack method: badnet
    Fraction of malicious agents: 13.0%
    Poison Frac: 0.2
    Backdoor From 7 to 2
    Attack Begin: 0
    Trigger Shape: square
    Type poisoning: pgd
    Trigger Position X: 0
    Trigger Position Y: 0
    Number of agents: 100
    Fraction of agents each turn: 30(30.0%)
    Local batch size: 50
    Local epoch: 3
    Client_LR: 0.01
    Client_Momentum: 0.9
    Global Rounds: 100
    RobustLR_threshold: 4
======================================
main_task_accuracy=[0, 10.0, 14.930000305175781, 35.52000045776367, 38.56999969482422, 42.29999923706055, 47.470001220703125, 50.939998626708984, 51.81999969482422, 54.66999816894531, 56.619998931884766, 59.560001373291016, 61.439998626708984, 61.029998779296875, 61.529998779296875, 61.38999938964844, 60.91999816894531, 61.209999084472656, 63.33000183105469, 62.43000030517578, 63.34000015258789, 63.70000076293945, 64.72000122070312, 64.52999877929688, 65.9800033569336, 65.05999755859375, 62.75, 64.43000030517578, 66.16999816894531, 65.52999877929688, 66.95999908447266, 67.20999908447266, 67.7699966430664, 68.37999725341797, 67.79000091552734, 68.20999908447266, 67.47000122070312, 67.91000366210938, 68.95999908447266, 68.83999633789062, 68.94000244140625, 70.19999694824219, 68.2699966430664, 69.6500015258789, 67.68000030517578, 68.36000061035156, 69.0199966430664, 70.36000061035156, 70.72000122070312, 70.12999725341797, 70.08999633789062, 71.86000061035156, 71.81999969482422, 71.7699966430664, 71.58000183105469, 70.73999786376953, 70.3499984741211, 70.80999755859375, 71.69999694824219, 71.98999786376953, 71.91999816894531, 71.44999694824219, 71.87000274658203, 71.0999984741211, 71.66999816894531, 71.83999633789062, 71.6500015258789, 71.93000030517578, 72.01000213623047, 71.91000366210938, 71.51000213623047, 71.63999938964844, 71.70999908447266, 71.72000122070312, 71.79000091552734, 71.7699966430664, 71.66000366210938, 71.91999816894531, 71.69000244140625, 71.80999755859375, 71.80000305175781, 71.7699966430664, 71.73999786376953, 71.68000030517578, 71.73999786376953, 71.81999969482422, 71.6500015258789, 71.6500015258789, 71.58999633789062, 71.51000213623047, 71.5, 71.58999633789062, 71.77999877929688, 71.62000274658203, 71.55999755859375, 71.56999969482422, 71.63999938964844, 71.55000305175781, 71.63999938964844, 71.52999877929688, 71.48999786376953]
backdoor_accuracy=[0, 0.0, 2.7, 4.8, 4.5, 2.3, 1.4, 2.4, 2.1, 1.8, 1.8, 1.8, 2.1, 3.3, 2.9, 3.0, 2.6, 3.3, 2.5, 2.0, 1.6, 1.7, 2.1, 2.1, 1.9, 2.2, 1.7, 1.3, 1.9, 2.2, 2.9, 2.0, 2.3, 1.6, 1.1, 2.7, 1.6, 1.3, 2.4, 2.4, 3.1, 3.8, 2.2, 1.2, 3.0, 1.8, 2.1, 3.5, 2.2, 2.1, 1.8, 1.8, 2.2, 2.4, 3.0, 2.7, 2.8, 3.0, 3.3, 3.2, 2.4, 5.4, 2.4, 3.7, 3.2, 3.3, 3.4, 3.2, 2.7, 3.2, 3.6, 3.5, 3.4, 3.8, 4.0, 3.3, 4.3, 2.6, 3.1, 3.2, 2.7, 2.9, 2.8, 3.3, 3.8, 3.9, 3.5, 2.9, 3.5, 3.6, 3.9, 3.3, 3.4, 3.5, 3.3, 3.5, 3.5, 2.7, 3.0, 3.3, 3.6]
loss_list=[1.957835810449388, 1.56741449561384, 1.1574181607696745, 1.028590353247192, 0.8426745133929782, 0.7343063043306272, 0.6716208645039135, 0.6480866229244403, 0.5826548051378793, 0.5707785167669257, 0.5016354919224979, 0.4841908429418174, 0.49196219123072094, 0.4637629696312879, 0.4081819315834178, 0.4269861597071092, 0.41783208739736843, 0.3946822895068262, 0.38557383666435874, 0.3859004335684909, 0.33967442660178565, 0.3603936110705966, 0.34692273176585636, 0.26870104555325164, 0.320343941350778, 0.3310993284442359, 0.30207108993290194, 0.2658270420465204, 0.2986748229262108, 0.2834313654596918, 0.24501080254118685, 0.2397385726395684, 0.2577120632202261, 0.18957417911979269, 0.25313241416252114, 0.2408786015171144, 0.17987959782993937, 0.23746341192719733, 0.19038135345236193, 0.18419656164187473, 0.18063074014408312, 0.20591571871850955, 0.2003795535583049, 0.20899834975723125, 0.1733936076341585, 0.17299129617387532, 0.10634076227427514, 0.15704819924214258, 0.11443563372310667, 0.13253825510425185, 0.06762028693088926, 0.13545671066275744, 0.07005928447525042, 0.07807779083722077, 0.11437971731217761, 0.10381998299802134, 0.09934393893139913, 0.054801461014172256, 0.046667982170684914, 0.039545623367691095, 0.11926874093691973, 0.06590605428481162, 0.08739239395408528, 0.05470145259615188, 0.06358370712164389, 0.028787471381543184, 0.022253291830857048, 0.03478973563120234, 0.018936520402187147, 0.04470872634386371, 0.061258391537832926, 0.03493570704632375, 0.030615747316268333, 0.03326288793440553, 0.028185362250118893, 0.031938863175552494, 0.03349332620496472, 0.034304379367628535, 0.020671626001971567, 0.021980148790159238, 0.01798364786516888, 0.017319849125297982, 0.029722438519897372, 0.03591628994814526, 0.02179622270424767, 0.009762455287790444, 0.009457432559356676, 0.01833026205207918, 0.01019561864286516, 0.013902958093244195, 0.029051324145071295, 0.03804563047268351, 0.010246786296443638, 0.007456567786357486, 0.005862525634058531, 0.03620538796911205, 0.030579986341945184, 0.01243286220865331, 0.005858458018636964, 0.013084517472590151]
BBSR:3.6
ABSR:3.31
max acc:71.78
