======================================
    IID: 0
    Dataset: mnist
    Model: Mnist_CNN
    Model Init: None
    Aggregation Function: DABA
    Fraction NonIID: 0
    Long attack: 5
    Wide attack: 5
    Wide attack: trust
    Threshold reject: 0.5
    Threshold down: 0.0
    Attack method: badnet
    Fraction of malicious agents: 13.0%
    Poison Frac: 0.2
    Backdoor From 7 to 2
    Attack Begin: 0
    Trigger Shape: square
    Type poisoning: pgd
    Trigger Position X: 0
    Trigger Position Y: 0
    Number of agents: 100
    Fraction of agents each turn: 30(30.0%)
    Local batch size: 50
    Local epoch: 3
    Client_LR: 0.01
    Client_Momentum: 0.9
    Global Rounds: 100
======================================
main_task_accuracy=[0, 26.90999984741211, 15.100000381469727, 48.11000061035156, 45.619998931884766, 64.5, 58.439998626708984, 71.43000030517578, 72.63999938964844, 71.61000061035156, 76.73999786376953, 84.19999694824219, 82.06999969482422, 78.5, 75.44000244140625, 88.91999816894531, 84.16999816894531, 87.73999786376953, 90.4000015258789, 91.20999908447266, 56.34000015258789, 86.68000030517578, 89.19999694824219, 88.5199966430664, 88.54000091552734, 87.87999725341797, 87.0199966430664, 86.91999816894531, 93.23999786376953, 91.56999969482422, 87.66999816894531, 92.83999633789062, 91.08999633789062, 94.36000061035156, 86.22000122070312, 92.61000061035156, 95.98999786376953, 96.01000213623047, 95.38999938964844, 86.51000213623047, 92.16999816894531, 93.58000183105469, 95.91999816894531, 94.08000183105469, 96.12000274658203, 91.27999877929688, 93.04000091552734, 95.87999725341797, 92.08000183105469, 93.88999938964844, 96.61000061035156, 95.08000183105469, 96.72000122070312, 94.63999938964844, 96.29000091552734, 95.05999755859375, 93.13999938964844, 97.44000244140625, 96.73999786376953, 96.7300033569336, 96.37999725341797, 93.91999816894531, 95.33999633789062, 95.98999786376953, 96.68000030517578, 95.06999969482422, 96.56999969482422, 97.33999633789062, 97.69000244140625, 96.77999877929688, 94.08000183105469, 97.55000305175781, 97.44999694824219, 96.18000030517578, 96.0999984741211, 96.05000305175781, 97.06999969482422, 97.0, 97.86000061035156, 98.06999969482422, 96.75, 97.20999908447266, 97.4000015258789, 97.62000274658203, 97.7300033569336, 97.30999755859375, 95.8499984741211, 96.98999786376953, 97.18000030517578, 97.45999908447266, 97.5, 98.0, 98.18000030517578, 98.29000091552734, 92.66000366210938, 97.61000061035156, 98.29000091552734, 97.91999816894531, 98.08999633789062, 96.55999755859375, 97.4000015258789]
backdoor_accuracy=[0, 0.0, 0.0, 0.0, 3.501945525291829, 1.6536964980544746, 17.217898832684824, 0.0, 20.428015564202333, 0.19455252918287938, 3.9883268482490273, 1.7509727626459144, 3.7937743190661477, 0.9727626459143969, 2.6264591439688716, 26.167315175097276, 18.19066147859922, 1.6536964980544746, 9.53307392996109, 6.42023346303502, 4.863813229571984, 2.6264591439688716, 7.101167315175097, 1.3618677042801557, 4.085603112840467, 8.073929961089494, 2.6264591439688716, 2.140077821011673, 2.821011673151751, 48.34630350194553, 0.09727626459143969, 9.24124513618677, 1.264591439688716, 2.140077821011673, 10.992217898832685, 2.529182879377432, 10.408560311284047, 1.1673151750972763, 6.517509727626459, 0.09727626459143969, 6.031128404669261, 8.268482490272374, 4.280155642023346, 49.416342412451364, 2.821011673151751, 20.136186770428015, 2.6264591439688716, 1.6536964980544746, 21.88715953307393, 0.9727626459143969, 1.9455252918287937, 66.63424124513618, 2.237354085603113, 29.280155642023345, 4.571984435797665, 63.326848249027236, 13.035019455252918, 54.280155642023345, 13.424124513618677, 88.42412451361868, 0.8754863813229572, 3.8910505836575875, 64.39688715953308, 19.747081712062258, 13.229571984435797, 72.27626459143968, 59.53307392996109, 5.252918287937743, 33.75486381322957, 56.32295719844358, 4.280155642023346, 95.42801556420234, 64.10505836575875, 95.23346303501945, 30.35019455252918, 90.27237354085604, 19.455252918287936, 94.94163424124514, 87.2568093385214, 38.03501945525292, 95.62256809338521, 43.28793774319066, 86.38132295719845, 4.085603112840467, 98.05447470817121, 47.37354085603113, 97.47081712062257, 76.55642023346303, 96.78988326848248, 98.5408560311284, 93.96887159533074, 97.85992217898833, 93.19066147859922, 96.10894941634241, 77.82101167315174, 98.15175097276264, 97.08171206225681, 95.03891050583658, 84.14396887159533, 97.37354085603113, 95.13618677042801]
loss_list=[0.5024065570952282, 0.34801628617153696, 0.27484315812772125, 0.23950530549710913, 0.2265582320074046, 0.16004973172691486, 0.15105115514163198, 0.16780805750954775, 0.1359788835258881, 0.10771912587389122, 0.14307931560915088, 0.09752732854361143, 0.08421599794847115, 0.09365630655765299, 0.10108062045019288, 0.07738085964988967, 0.09584611598949554, 0.06738052193613546, 0.06584049761251845, 0.076996578848396, 0.12917941648501285, 0.11774702907253848, 0.07965861070803167, 0.06806400402430106, 0.07321675914986649, 0.07587373075581332, 0.07350574917543522, 0.06782697184755378, 0.052215567405130066, 0.05627723893425766, 0.06274772764044477, 0.07020612269175727, 0.05787514942511952, 0.05608978643662297, 0.06489493865959076, 0.05889896469482483, 0.046485950984970686, 0.04345376998911523, 0.05216448586665174, 0.06103195473934996, 0.057650351978508464, 0.0581965814775981, 0.047887144091367656, 0.048734978071592695, 0.038493598176846805, 0.05102968286068834, 0.047375098914621785, 0.044634499593178084, 0.047119227949646195, 0.04732459277863017, 0.04118683636256172, 0.04508618616008224, 0.038132578035082076, 0.04000792852260309, 0.03790011259067797, 0.03768418571611166, 0.04534864436063864, 0.02918806756134019, 0.03496254815420354, 0.03490640750560437, 0.034575721741644874, 0.04263942218034142, 0.03201358824274044, 0.028476791979261618, 0.032165622085833526, 0.03632260794225671, 0.036926793163059274, 0.03160857292699785, 0.028676676606610472, 0.027862467395127585, 0.03586769312699398, 0.02867511999944078, 0.031389614772065894, 0.03414323255751897, 0.03499647812929331, 0.03504022456328052, 0.034260340463953, 0.03048744673800974, 0.02907585231711829, 0.025294175181020853, 0.02822420480264416, 0.02995264065245425, 0.030824129276930144, 0.02778029041093744, 0.024365939341698426, 0.032295761010099275, 0.027912443590263136, 0.02911933596911816, 0.03027599035426478, 0.029981472705947854, 0.029461944065389982, 0.024847192984427866, 0.025998707737667135, 0.02616463225380939, 0.04122976777274537, 0.02950719944066788, 0.024107266722483943, 0.02113524504111795, 0.024102771851060387, 0.029338128824330255]
BBSR:98.15
ABSR:93.19
max acc:98.29
