======================================
    IID: 0
    Dataset: mnist
    Model: Mnist_CNN
    Model Init: None
    Aggregation Function: flame
    Fraction NonIID: 0
    Long attack: 3
    Wide attack: 3
    Wide attack: trust
    Threshold reject: 0.5
    Threshold down: 0.0
    Attack method: badnet
    Fraction of malicious agents: 13.0%
    Poison Frac: 0.2
    Backdoor From 7 to 2
    Attack Begin: 0
    Trigger Shape: square
    Type poisoning: cs
    Trigger Position X: 0
    Trigger Position Y: 0
    Number of agents: 100
    Fraction of agents each turn: 30(30.0%)
    Local batch size: 50
    Local epoch: 3
    Client_LR: 0.01
    Client_Momentum: 0.9
    Global Rounds: 100
    Noise in FLAME: 0.001
proportion of malicious are selected:0.55
proportion of benign are selected:0.5551851851851852
======================================
main_task_accuracy=[0, 20.6200008392334, 31.280000686645508, 60.56999969482422, 55.689998626708984, 64.86000061035156, 50.79999923706055, 67.12999725341797, 63.90999984741211, 64.05999755859375, 70.5199966430664, 66.81999969482422, 65.75, 68.98999786376953, 70.27999877929688, 71.6500015258789, 72.23999786376953, 67.04000091552734, 73.2699966430664, 63.9900016784668, 65.73999786376953, 69.76000213623047, 68.58999633789062, 68.63999938964844, 73.4000015258789, 75.37000274658203, 75.06999969482422, 77.41000366210938, 77.5999984741211, 77.66999816894531, 78.06999969482422, 77.8499984741211, 77.81999969482422, 77.29000091552734, 77.88999938964844, 78.37999725341797, 78.12999725341797, 78.0999984741211, 77.7300033569336, 77.13999938964844, 78.30999755859375, 78.58000183105469, 78.45999908447266, 77.83000183105469, 78.6500015258789, 77.83999633789062, 77.19999694824219, 77.44000244140625, 78.12000274658203, 78.27999877929688, 85.47000122070312, 83.48999786376953, 80.36000061035156, 80.37999725341797, 79.81999969482422, 79.79000091552734, 78.79000091552734, 79.01000213623047, 79.30999755859375, 79.4000015258789, 79.30000305175781, 79.25, 79.0, 78.93000030517578, 79.41000366210938, 79.16999816894531, 79.18000030517578, 79.11000061035156, 79.20999908447266, 79.19000244140625, 78.91000366210938, 78.7699966430664, 79.18000030517578, 78.95999908447266, 79.08999633789062, 79.05000305175781, 79.16000366210938, 78.83000183105469, 78.98999786376953, 78.7300033569336, 78.69000244140625, 78.62000274658203, 78.76000213623047, 79.06999969482422, 79.12000274658203, 79.05999755859375, 79.13999938964844, 79.16000366210938, 78.86000061035156, 79.08999633789062, 79.26000213623047, 78.98999786376953, 78.69999694824219, 79.0999984741211, 79.06999969482422, 79.11000061035156, 78.86000061035156, 78.66000366210938, 78.68000030517578, 79.0199966430664, 79.12999725341797]
backdoor_accuracy=[0, 0.0, 0.0, 1.1673151750972763, 2.0428015564202333, 2.0428015564202333, 7.101167315175097, 0.48638132295719844, 0.38910505836575876, 1.7509727626459144, 3.8910505836575875, 1.1673151750972763, 8.560311284046692, 0.8754863813229572, 2.0428015564202333, 4.669260700389105, 1.9455252918287937, 4.669260700389105, 2.6264591439688716, 12.15953307392996, 11.478599221789883, 5.058365758754864, 11.575875486381323, 0.7782101167315175, 13.132295719844358, 2.431906614785992, 5.642023346303502, 3.307392996108949, 6.128404669260701, 3.307392996108949, 4.571984435797665, 5.058365758754864, 6.128404669260701, 6.3229571984435795, 1.3618677042801557, 5.544747081712062, 2.3346303501945527, 1.6536964980544746, 1.0700389105058365, 0.9727626459143969, 1.8482490272373542, 2.431906614785992, 3.8910505836575875, 10.408560311284047, 3.7937743190661477, 1.9455252918287937, 13.521400778210117, 3.9883268482490273, 3.8910505836575875, 2.237354085603113, 15.66147859922179, 4.280155642023346, 15.95330739299611, 9.727626459143968, 18.96887159533074, 7.879377431906615, 30.155642023346303, 9.922178988326849, 7.782101167315175, 5.642023346303502, 14.396887159533074, 10.797665369649806, 39.10505836575876, 36.86770428015564, 10.116731517509727, 18.96887159533074, 39.202334630350194, 18.579766536964982, 27.82101167315175, 18.28793774319066, 41.05058365758755, 49.90272373540856, 25.77821011673152, 41.43968871595331, 31.32295719844358, 18.09338521400778, 16.439688715953306, 47.66536964980545, 27.723735408560312, 7.198443579766537, 9.922178988326849, 5.544747081712062, 55.73929961089494, 29.280155642023345, 29.377431906614785, 10.116731517509727, 20.525291828793776, 10.116731517509727, 21.40077821011673, 6.614785992217898, 17.898832684824903, 20.330739299610894, 41.9260700389105, 17.217898832684824, 10.311284046692608, 10.019455252918288, 4.571984435797665, 5.642023346303502, 60.40856031128405, 6.22568093385214, 12.84046692607004]
loss_list=[0.46208208757108327, 0.5241761904651009, 0.30966823127185267, 0.2347138363223955, 0.17881480735883076, 0.23611648867098942, 0.27381586526786245, 0.1568929328823946, 0.18078971284946566, 0.21265599744644728, 0.15416982404468763, 0.1712232734566596, 0.18360204207310016, 0.15903130131980797, 0.1345239017876788, 0.20007578766775502, 0.12924984575019258, 0.17767625305922088, 0.12349632771716373, 0.11858197692822782, 0.14766065513031912, 0.12599704771996548, 0.16695421618685213, 0.12020962568755578, 0.10373636940644017, 0.11690816754077396, 0.13339112016982488, 0.13012002878958812, 0.12041121193906355, 0.12654525274393627, 0.12463884520259974, 0.1465207850226148, 0.11593712046210976, 0.14374536973973212, 0.08228693352957794, 0.10849781024934314, 0.11396007602398552, 0.1167558872135004, 0.09450226401330801, 0.10691117140430086, 0.13807140741440996, 0.13758092686075793, 0.10207843821216699, 0.10869294755845062, 0.10753426029284571, 0.1290189482947948, 0.0850480055045694, 0.1369267864144604, 0.12300928572855845, 0.16180359031408065, 0.07757069497942697, 0.10499918284933442, 0.059484017541265845, 0.100181970883543, 0.110218783804598, 0.07290414171501644, 0.12603951801413674, 0.09002221206496618, 0.09762667632066026, 0.11257546792096183, 0.12567914881209818, 0.11560930990376282, 0.09487349810146545, 0.13162456890300317, 0.09077701942098562, 0.11953759807582191, 0.07947198806661881, 0.1100384125203803, 0.09747536357705507, 0.13584933234060573, 0.10855256372618123, 0.09899610539875575, 0.08034041122944038, 0.11328416923814819, 0.12295705656689465, 0.07688969041016504, 0.08978719491987429, 0.08646160717654001, 0.11487491701855164, 0.10953881697507818, 0.07912904215452422, 0.11979040186782776, 0.10836364467670649, 0.12158750483782765, 0.05847463941656774, 0.0971439011881722, 0.10612633240359695, 0.1245796434161536, 0.1394200630661057, 0.10064484525708697, 0.10140788378561548, 0.09843304561359749, 0.10111726572351483, 0.12787489419374654, 0.09351134995764519, 0.07708961442694684, 0.11784022121038092, 0.13430931811024738, 0.10565367941555562, 0.12906411027055484]
BBSR:60.41
ABSR:18.95
max acc:79.13
