======================================
    IID: 1
    Dataset: cifar
    Model: resnet
    Model Init: None
    Aggregation Function: DABA
    Fraction NonIID: 0
    Long attack: 3
    Wide attack: 3
    Wide attack: trust
    Threshold reject: 0.5
    Threshold down: 0.0
    Attack method: badnet
    Fraction of malicious agents: 30.0%
    Poison Frac: 0.2
    Backdoor From 7 to 2
    Attack Begin: 0
    Trigger Shape: square
    Type poisoning: cs
    Trigger Position X: 0
    Trigger Position Y: 0
    Number of agents: 100
    Fraction of agents each turn: 30(30.0%)
    Local batch size: 50
    Local epoch: 3
    Client_LR: 0.01
    Client_Momentum: 0.9
    Global Rounds: 100
======================================
main_task_accuracy=[0, 10.729999542236328, 15.119999885559082, 27.479999542236328, 37.400001525878906, 43.130001068115234, 47.95000076293945, 50.68000030517578, 54.66999816894531, 56.18000030517578, 54.34000015258789, 59.310001373291016, 60.27000045776367, 61.349998474121094, 62.529998779296875, 62.58000183105469, 64.25, 64.66000366210938, 65.44999694824219, 65.9000015258789, 64.94000244140625, 64.75, 66.51000213623047, 67.18000030517578, 65.9800033569336, 67.4800033569336, 68.0199966430664, 67.27999877929688, 68.2300033569336, 68.62000274658203, 68.37000274658203, 69.4800033569336, 69.7699966430664, 69.5199966430664, 70.56999969482422, 70.44000244140625, 70.18000030517578, 69.58000183105469, 71.9000015258789, 70.66000366210938, 70.69999694824219, 70.51000213623047, 70.87999725341797, 72.11000061035156, 72.23999786376953, 71.94000244140625, 72.56999969482422, 72.25, 72.16000366210938, 72.87000274658203, 73.2300033569336, 73.19999694824219, 73.02999877929688, 73.05000305175781, 73.29000091552734, 73.05999755859375, 73.25, 73.3499984741211, 73.43000030517578, 73.37000274658203, 73.36000061035156, 73.29000091552734, 73.5, 73.51000213623047, 73.44999694824219, 73.2699966430664, 73.2699966430664, 73.33999633789062, 73.22000122070312, 72.97000122070312, 73.33999633789062, 73.31999969482422, 73.30000305175781, 73.37999725341797, 73.01000213623047, 73.12999725341797, 73.12000274658203, 73.19999694824219, 73.20999908447266, 73.22000122070312, 73.25, 73.08999633789062, 73.0199966430664, 73.13999938964844, 73.08999633789062, 73.04000091552734, 72.9800033569336, 72.9000015258789, 72.9000015258789, 72.91999816894531, 72.81999969482422, 72.93000030517578, 72.93000030517578, 72.9000015258789, 72.91000366210938, 72.83000183105469, 72.87999725341797, 72.73999786376953, 72.86000061035156, 73.0199966430664, 72.97000122070312]
backdoor_accuracy=[0, 80.4, 10.8, 19.1, 6.6, 5.3, 3.7, 3.0, 4.6, 5.4, 3.8, 4.7, 3.6, 3.4, 4.2, 1.9, 3.1, 2.0, 2.9, 2.2, 2.5, 3.8, 2.6, 2.4, 3.2, 2.6, 2.0, 3.9, 1.0, 3.1, 3.1, 2.1, 2.6, 1.0, 1.3, 1.6, 1.8, 1.7, 1.4, 1.3, 1.2, 1.4, 1.0, 1.4, 0.8, 0.7, 1.7, 2.4, 2.3, 1.5, 1.7, 2.7, 2.2, 1.6, 3.2, 2.4, 2.4, 2.4, 3.3, 2.5, 2.7, 4.0, 2.3, 2.5, 2.2, 2.4, 2.9, 2.9, 2.7, 2.1, 2.8, 2.8, 2.2, 1.9, 2.3, 2.3, 2.7, 2.4, 2.2, 2.2, 2.3, 2.5, 2.8, 2.4, 2.2, 2.4, 2.6, 2.4, 2.5, 2.6, 2.2, 2.4, 2.4, 2.3, 2.5, 2.3, 2.4, 2.5, 2.5, 2.6, 2.6]
loss_list=[1.9529106007681951, 1.479168014592595, 1.1504592776629659, 1.0066091837485631, 0.8620697361479205, 0.7779909247325526, 0.7167483767204814, 0.6527600895406472, 0.6032365023386147, 0.5737906611214083, 0.5409833168155617, 0.5080416731225947, 0.49632026809371177, 0.4418676987414559, 0.4222032425345646, 0.4525684835140903, 0.4131325734013484, 0.4186900419203771, 0.3716402345957856, 0.37557099608704453, 0.35569950042499426, 0.3522653679347908, 0.28923245986250967, 0.328606576828493, 0.33131995676602755, 0.3266559837825803, 0.32685242073506937, 0.2656683757890844, 0.3040743655794197, 0.2581290045362483, 0.2397937381293417, 0.2849700036624239, 0.2618901771829567, 0.21268871035504464, 0.289578074837207, 0.2514069608955955, 0.23243399424297323, 0.18341229808904855, 0.23230222072814494, 0.20541435583287643, 0.21463742306688804, 0.1872072579727198, 0.17636295126699325, 0.1569413286201759, 0.17801523290587487, 0.2015928523952607, 0.1545496411162377, 0.1349935073096357, 0.13801119363349343, 0.1155984037991665, 0.1272117964514635, 0.1337053897700065, 0.1316274077730163, 0.12320742761053326, 0.14635703665036193, 0.16078522303574977, 0.10988409670328515, 0.11694840361697262, 0.09891457132316038, 0.13113721142358067, 0.1265047283880348, 0.13647923558332772, 0.11247181410218926, 0.14479414478009053, 0.11177755179103567, 0.13620124090715152, 0.12697966000838073, 0.15338893723784067, 0.15807327461736145, 0.10362119465135038, 0.12640285920953223, 0.13579299905686643, 0.1364777486646845, 0.14324965737388184, 0.13780520378401787, 0.12726353408304733, 0.15422045303649312, 0.14908126409049147, 0.15520099732775833, 0.15130252226879948, 0.13964247627521728, 0.1426137092801703, 0.1482753213203331, 0.13832143278680942, 0.16165235158471558, 0.16251790966154664, 0.17213244160653424, 0.1393313169622787, 0.15198905924126543, 0.1535476593720765, 0.16343755198467985, 0.17741693114375173, 0.1492208162566304, 0.17164552288519588, 0.17086087955276724, 0.15521868473614123, 0.16096710927410945, 0.1560362652311354, 0.18396055109904003, 0.15255413968067544]
BBSR:2.6
ABSR:2.45
max acc:73.02
