======================================
    IID: 0
    Dataset: fashion_mnist
    Model: Mnist_CNN
    Model Init: None
    Aggregation Function: DABA
    Fraction NonIID: 0
    Long attack: 3
    Wide attack: 3
    Wide attack: trust
    Threshold reject: 0.5
    Threshold down: 0.0
    Attack method: badnet
    Fraction of malicious agents: 30.0%
    Poison Frac: 0.2
    Backdoor From 7 to 2
    Attack Begin: 0
    Trigger Shape: square
    Type poisoning: 
    Trigger Position X: 0
    Trigger Position Y: 0
    Number of agents: 100
    Fraction of agents each turn: 30(30.0%)
    Local batch size: 50
    Local epoch: 3
    Client_LR: 0.01
    Client_Momentum: 0.9
    Global Rounds: 100
======================================
main_task_accuracy=[0, 66.83000183105469, 72.30000305175781, 73.69000244140625, 71.55000305175781, 75.6500015258789, 76.33000183105469, 78.4000015258789, 73.66999816894531, 79.20999908447266, 77.30000305175781, 73.86000061035156, 80.56999969482422, 77.08000183105469, 79.36000061035156, 76.33999633789062, 81.77999877929688, 79.45999908447266, 82.27999877929688, 82.83999633789062, 82.30999755859375, 83.73999786376953, 82.54000091552734, 80.62000274658203, 80.05000305175781, 84.83999633789062, 83.91000366210938, 84.7699966430664, 83.9800033569336, 83.75, 84.26000213623047, 84.0, 84.94000244140625, 85.70999908447266, 85.16999816894531, 83.5, 85.0999984741211, 77.1500015258789, 83.20999908447266, 79.05000305175781, 85.9800033569336, 83.69000244140625, 84.80999755859375, 85.51000213623047, 84.55000305175781, 86.68000030517578, 86.12000274658203, 86.1500015258789, 86.62999725341797, 85.81999969482422, 85.06999969482422, 84.43000030517578, 87.08999633789062, 87.08999633789062, 86.5999984741211, 86.37000274658203, 86.30000305175781, 86.30000305175781, 82.86000061035156, 86.5199966430664, 87.2699966430664, 85.38999938964844, 85.06999969482422, 86.01000213623047, 86.79000091552734, 87.51000213623047, 87.52999877929688, 87.52999877929688, 87.0999984741211, 85.97000122070312, 85.80000305175781, 87.23999786376953, 88.08999633789062, 86.4800033569336, 87.44999694824219, 85.72000122070312, 85.72000122070312, 87.7699966430664, 86.68000030517578, 85.4800033569336, 87.77999877929688, 87.58000183105469, 87.5999984741211, 86.36000061035156, 87.72000122070312, 88.19999694824219, 87.87000274658203, 84.19999694824219, 85.97000122070312, 87.52999877929688, 88.52999877929688, 87.6500015258789, 85.11000061035156, 87.19000244140625, 87.45999908447266, 88.44000244140625, 87.5199966430664, 87.47000122070312, 87.55000305175781, 87.75, 88.22000122070312]
backdoor_accuracy=[0, 0.0, 0.0, 1.6, 83.0, 87.1, 99.8, 99.9, 99.9, 100.0, 99.7, 100.0, 99.9, 100.0, 100.0, 100.0, 100.0, 100.0, 100.0, 100.0, 100.0, 100.0, 100.0, 100.0, 100.0, 100.0, 100.0, 100.0, 100.0, 100.0, 100.0, 100.0, 100.0, 100.0, 100.0, 100.0, 100.0, 99.9, 100.0, 100.0, 100.0, 100.0, 100.0, 100.0, 100.0, 100.0, 100.0, 100.0, 100.0, 100.0, 100.0, 100.0, 100.0, 100.0, 100.0, 100.0, 100.0, 100.0, 100.0, 100.0, 100.0, 100.0, 100.0, 100.0, 100.0, 100.0, 100.0, 100.0, 100.0, 100.0, 100.0, 100.0, 100.0, 100.0, 100.0, 100.0, 100.0, 100.0, 100.0, 100.0, 100.0, 100.0, 100.0, 100.0, 100.0, 100.0, 100.0, 100.0, 100.0, 100.0, 100.0, 100.0, 100.0, 100.0, 100.0, 100.0, 100.0, 100.0, 100.0, 100.0, 100.0]
loss_list=[1.3998016440206105, 0.8374997701771834, 0.6592697229650288, 0.6004705760627985, 0.5715926321154392, 0.5243548064182202, 0.5015594849569929, 0.4703128478524308, 0.4734096476877177, 0.4683662586604003, 0.4201930157288356, 0.41315963430399133, 0.40779877553383514, 0.4326224660293924, 0.39559473786503063, 0.3833519929882001, 0.3849750517695039, 0.37765200384375125, 0.3493032795687517, 0.3610774542101555, 0.362350980233815, 0.3478921765461564, 0.3828091655064513, 0.33866525823940286, 0.33911620762061195, 0.32677060038679173, 0.3408509939943475, 0.31648033567600786, 0.2862014103784329, 0.3458983177043222, 0.3207472767042755, 0.3103516836443709, 0.2992156726860062, 0.3191293478701953, 0.31447639356332807, 0.31552305333661257, 0.32684000288653703, 0.3310784833988657, 0.3211772013455629, 0.32814678580120765, 0.29126344678095634, 0.29442979186014445, 0.2781030173482442, 0.27901311991046424, 0.2901527327623356, 0.2663086498915045, 0.27444108450285126, 0.29488227810814155, 0.2838710061550415, 0.2660831330482055, 0.25477676279670386, 0.26746497614723114, 0.266984336592119, 0.251060969206608, 0.24232838342518173, 0.2746921982340239, 0.2717302767594379, 0.25627912011135506, 0.25333775335715875, 0.25222341031250023, 0.26334773850696225, 0.2566320566788177, 0.2979432476891412, 0.2731485583819449, 0.2561464972449122, 0.246124792209378, 0.2305831814555589, 0.23417370148106578, 0.23209246429442257, 0.26463840280625, 0.26572395083322015, 0.2522109759764539, 0.25235192197443984, 0.21241307160903314, 0.2206552168595846, 0.22997464027462733, 0.25072155899833887, 0.23220525103690176, 0.2456641416186122, 0.23719644432680476, 0.24563294118442744, 0.2261566208485789, 0.23139188527819457, 0.2559770020742521, 0.22613240880115576, 0.20617198315276586, 0.2081848895056518, 0.24129218724728732, 0.23078972502025194, 0.22690264568276086, 0.2353014744749224, 0.23292113514530852, 0.2230901533168637, 0.21703113030159366, 0.20365348840132358, 0.19939575721509756, 0.22032957211033338, 0.22027070401408874, 0.20356527200158406, 0.22055723926966522]
BBSR:100.0
ABSR:100.0
max acc:88.44
