======================================
    IID: 0
    Dataset: mnist
    Model: Mnist_CNN
    Model Init: None
    Aggregation Function: flame
    Fraction NonIID: 0
    Long attack: 3
    Wide attack: 3
    Wide attack: trust
    Threshold reject: 0.5
    Threshold down: 0.0
    Attack method: badnet
    Fraction of malicious agents: 30.0%
    Poison Frac: 0.2
    Backdoor From 7 to 2
    Attack Begin: 0
    Trigger Shape: square
    Type poisoning: 
    Trigger Position X: 0
    Trigger Position Y: 0
    Number of agents: 100
    Fraction of agents each turn: 30(30.0%)
    Local batch size: 50
    Local epoch: 3
    Client_LR: 0.01
    Client_Momentum: 0.9
    Global Rounds: 100
    Noise in FLAME: 0.001
proportion of malicious are selected:0.5944444444444444
proportion of benign are selected:0.560952380952381
======================================
main_task_accuracy=[0, 24.579999923706055, 13.300000190734863, 39.58000183105469, 27.440000534057617, 46.88999938964844, 45.9900016784668, 60.34000015258789, 55.0099983215332, 57.15999984741211, 72.55000305175781, 67.2300033569336, 77.62000274658203, 77.70999908447266, 75.43000030517578, 77.30000305175781, 80.23999786376953, 84.45999908447266, 84.18000030517578, 84.02999877929688, 82.04000091552734, 79.80000305175781, 82.27999877929688, 82.52999877929688, 83.08999633789062, 81.12999725341797, 82.56999969482422, 76.68000030517578, 80.16000366210938, 79.76000213623047, 80.55999755859375, 79.91999816894531, 77.1500015258789, 79.95999908447266, 79.52999877929688, 78.01000213623047, 77.88999938964844, 80.1500015258789, 78.5, 78.58999633789062, 78.68000030517578, 78.43000030517578, 78.26000213623047, 78.18000030517578, 78.43000030517578, 78.70999908447266, 77.62999725341797, 76.93000030517578, 77.7699966430664, 77.70999908447266, 77.27999877929688, 78.51000213623047, 78.29000091552734, 77.66999816894531, 78.79000091552734, 78.58000183105469, 78.75, 78.41000366210938, 78.0, 78.26000213623047, 78.83000183105469, 78.48999786376953, 78.52999877929688, 78.51000213623047, 78.58000183105469, 78.83999633789062, 78.58000183105469, 78.73999786376953, 78.86000061035156, 78.68000030517578, 78.45999908447266, 78.2699966430664, 78.55999755859375, 78.62999725341797, 78.43000030517578, 87.2300033569336, 84.41999816894531, 81.69999694824219, 81.47000122070312, 82.5, 86.61000061035156, 86.83999633789062, 86.98999786376953, 86.56999969482422, 84.19999694824219, 84.83000183105469, 84.69000244140625, 85.08000183105469, 83.45999908447266, 84.08000183105469, 83.94999694824219, 84.41000366210938, 86.1500015258789, 84.62000274658203, 85.6500015258789, 84.0, 82.62999725341797, 83.22000122070312, 84.5199966430664, 85.13999938964844, 85.0999984741211]
backdoor_accuracy=[0, 0.0, 0.0, 0.0, 0.0, 0.0, 0.0, 0.0, 0.19455252918287938, 0.0, 4.863813229571984, 24.22178988326848, 4.182879377431907, 14.785992217898833, 2.6264591439688716, 21.011673151750973, 16.439688715953306, 7.003891050583658, 10.603112840466926, 9.82490272373541, 17.607003891050585, 1.9455252918287937, 30.44747081712062, 23.249027237354085, 37.159533073929964, 10.992217898832685, 42.31517509727627, 13.618677042801556, 49.12451361867704, 48.63813229571984, 33.94941634241245, 41.536964980544745, 11.770428015564203, 50.583657587548636, 36.08949416342413, 23.249027237354085, 36.96498054474708, 51.945525291828794, 33.463035019455255, 45.91439688715953, 25.875486381322958, 48.540856031128406, 36.38132295719844, 51.16731517509728, 40.856031128404666, 38.61867704280156, 19.455252918287936, 15.66147859922179, 36.478599221789885, 31.22568093385214, 30.252918287937742, 30.058365758754864, 51.750972762645915, 39.007782101167315, 45.038910505836576, 52.62645914396887, 51.84824902723735, 50.87548638132296, 33.85214007782101, 20.719844357976655, 29.377431906614785, 23.832684824902724, 25.09727626459144, 24.22178988326848, 28.79377431906615, 41.24513618677043, 26.070038910505836, 38.13229571984436, 36.96498054474708, 27.042801556420233, 48.735408560311285, 32.490272373540854, 34.24124513618677, 29.766536964980546, 33.75486381322957, 2.6264591439688716, 3.501945525291829, 4.766536964980545, 2.9182879377431905, 4.766536964980545, 15.369649805447471, 11.867704280155642, 17.509727626459146, 25.0, 15.077821011673151, 22.957198443579767, 29.182879377431906, 29.863813229571985, 14.494163424124514, 25.972762645914397, 24.513618677042803, 23.735408560311285, 5.252918287937743, 19.06614785992218, 29.669260700389106, 9.33852140077821, 12.354085603112841, 44.8443579766537, 31.22568093385214, 32.00389105058366, 40.95330739299611]
loss_list=[0.5332086805931123, 0.4582810566517826, 0.48560228736614913, 0.4022925538569793, 0.2890901117572239, 0.27588557833144345, 0.216012671307985, 0.19171297144504787, 0.18404220815935537, 0.21024663048768277, 0.18581672857341147, 0.1403502766184864, 0.11737662768724721, 0.11639508679940916, 0.13477832225784556, 0.1261849715350966, 0.16093162922977944, 0.11094243488997396, 0.150952846499876, 0.07856685628754732, 0.16348535707580183, 0.12449132222105766, 0.12399030222419681, 0.1481188356111738, 0.10510257219071438, 0.10958828870238381, 0.08188957330951233, 0.10168283067678684, 0.11827575835036049, 0.10622381568807662, 0.10668971461541377, 0.10483904475416886, 0.12472157768806166, 0.10378343554979123, 0.11879723003947452, 0.13540644431063562, 0.1128619803127059, 0.0819156506521605, 0.07387900962990616, 0.09478515224950045, 0.09660685615530808, 0.0892880619195436, 0.12523064684392976, 0.0963980614768757, 0.12306555833672715, 0.09455018878866654, 0.10533562000596443, 0.08261026751097776, 0.10198126162678811, 0.09673854105074438, 0.1157102435168927, 0.14542517955892378, 0.12365617658078362, 0.1398325302600494, 0.0796019906912287, 0.133698206016784, 0.11776071630269085, 0.09115803435390081, 0.12991767023014428, 0.13120668301836474, 0.11661106807248893, 0.10380872325829577, 0.13151708318067845, 0.16120102996505578, 0.1373804594337975, 0.17316142158477044, 0.11723759352151021, 0.12678385280878243, 0.1437785145512142, 0.1251860509698491, 0.1331646344409233, 0.14688024788269827, 0.1195116525153794, 0.0804936211337529, 0.1830601350112492, 0.07221623558756747, 0.08381747129073633, 0.07574346315933769, 0.07541690099282722, 0.08455232429145676, 0.061897607665482135, 0.08352989781305172, 0.0734312115671167, 0.08911593669437229, 0.0638349197324264, 0.07242373257039977, 0.07101021508337182, 0.07765942396522306, 0.08582731865433324, 0.08216034088585146, 0.08659225518577854, 0.08486786510372643, 0.10034138641110525, 0.05899643673442074, 0.05015746042190947, 0.09267069257982123, 0.06299431072707411, 0.08397605549479413, 0.06007264147541447, 0.10605581511502603]
BBSR:44.84
ABSR:24.84
max acc:86.15
