======================================
    IID: 0
    Dataset: mnist
    Model: Mnist_CNN
    Model Init: None
    Aggregation Function: flame
    Fraction NonIID: 0
    Long attack: 3
    Wide attack: 3
    Wide attack: trust
    Threshold reject: 0.5
    Threshold down: 0.0
    Attack method: dba
    Fraction of malicious agents: 30.0%
    Poison Frac: 0.2
    Backdoor From 7 to 2
    Attack Begin: 0
    Trigger Shape: square
    Type poisoning: 
    Trigger Position X: 0
    Trigger Position Y: 0
    Number of agents: 100
    Fraction of agents each turn: 30(30.0%)
    Local batch size: 50
    Local epoch: 3
    Client_LR: 0.01
    Client_Momentum: 0.9
    Global Rounds: 100
    Noise in FLAME: 0.001
proportion of malicious are selected:0.5077777777777778
proportion of benign are selected:0.5814285714285714
======================================
main_task_accuracy=[0, 37.04999923706055, 49.90999984741211, 51.04999923706055, 43.95000076293945, 57.84000015258789, 69.05000305175781, 60.400001525878906, 70.5999984741211, 62.529998779296875, 70.3499984741211, 73.1500015258789, 76.56999969482422, 76.01000213623047, 75.94999694824219, 75.80999755859375, 73.16000366210938, 77.05000305175781, 76.44999694824219, 76.11000061035156, 74.26000213623047, 74.18000030517578, 75.68000030517578, 76.91000366210938, 76.95999908447266, 77.70999908447266, 74.12000274658203, 78.11000061035156, 78.2699966430664, 74.94999694824219, 83.0, 73.5, 75.23999786376953, 77.44000244140625, 76.62000274658203, 76.30999755859375, 79.95999908447266, 81.51000213623047, 78.8499984741211, 82.19999694824219, 81.16000366210938, 77.44999694824219, 81.20999908447266, 81.2699966430664, 80.56999969482422, 80.20999908447266, 81.25, 81.26000213623047, 81.43000030517578, 80.33000183105469, 80.06999969482422, 79.06999969482422, 79.19999694824219, 77.69999694824219, 81.43000030517578, 81.11000061035156, 80.29000091552734, 81.51000213623047, 79.73999786376953, 80.83000183105469, 80.73999786376953, 80.97000122070312, 80.77999877929688, 80.80000305175781, 80.95999908447266, 80.12000274658203, 80.68000030517578, 79.9000015258789, 79.73999786376953, 80.05000305175781, 80.0, 79.80999755859375, 79.16999816894531, 79.51000213623047, 78.79000091552734, 80.26000213623047, 80.3499984741211, 80.27999877929688, 80.41000366210938, 80.37999725341797, 80.36000061035156, 80.18000030517578, 80.1500015258789, 79.81999969482422, 79.94000244140625, 80.25, 88.44999694824219, 86.31999969482422, 85.7300033569336, 85.2300033569336, 84.86000061035156, 82.5, 83.08999633789062, 83.91000366210938, 83.95999908447266, 82.37999725341797, 82.83999633789062, 81.2300033569336, 81.79000091552734, 82.16000366210938, 81.72000122070312]
backdoor_accuracy=[0, 73.73540856031128, 13.910505836575876, 14.688715953307392, 4.377431906614786, 7.101167315175097, 19.64980544747082, 4.669260700389105, 17.704280155642024, 7.2957198443579765, 28.01556420233463, 17.120622568093385, 35.40856031128405, 13.521400778210117, 21.20622568093385, 76.55642023346303, 24.80544747081712, 35.311284046692606, 46.88715953307393, 71.40077821011673, 17.801556420233464, 21.595330739299612, 99.5136186770428, 32.490272373540854, 32.68482490272373, 72.47081712062257, 34.33852140077821, 19.06614785992218, 20.525291828793776, 39.39688715953307, 95.91439688715953, 78.50194552529183, 85.11673151750973, 44.26070038910506, 30.155642023346303, 83.46303501945525, 90.27237354085604, 99.5136186770428, 98.05447470817121, 100.0, 99.70817120622569, 97.17898832684826, 100.0, 100.0, 100.0, 100.0, 100.0, 100.0, 100.0, 100.0, 100.0, 99.61089494163424, 100.0, 99.90272373540856, 100.0, 100.0, 100.0, 100.0, 100.0, 100.0, 100.0, 100.0, 100.0, 100.0, 100.0, 100.0, 100.0, 100.0, 100.0, 100.0, 100.0, 100.0, 100.0, 100.0, 100.0, 100.0, 100.0, 100.0, 100.0, 100.0, 100.0, 100.0, 100.0, 100.0, 100.0, 100.0, 100.0, 100.0, 100.0, 100.0, 100.0, 100.0, 100.0, 100.0, 100.0, 100.0, 100.0, 100.0, 100.0, 100.0, 100.0]
loss_list=[0.5003595301297922, 0.2822145808601035, 0.31071390813941363, 0.28755925704196367, 0.2732823471321964, 0.1920590404797174, 0.2432331429867972, 0.2099972515703715, 0.148117637925435, 0.2128522133404624, 0.2386971538178543, 0.19172452474113258, 0.19094223182543432, 0.1933036608786652, 0.16793682334745744, 0.13341849121227464, 0.19639669237338173, 0.1793082047798213, 0.15149320804171346, 0.2275288454249621, 0.15620088388278267, 0.14443204523404232, 0.17421993227986243, 0.15247568464573302, 0.17245598055610573, 0.19049790145178733, 0.1446312305386483, 0.09588378419077571, 0.1147027511642089, 0.16205417787076276, 0.136651120366984, 0.10848291888839949, 0.15716025112157556, 0.11584080942343632, 0.13535172254125508, 0.11436264229604302, 0.15459259977207832, 0.0845360605749816, 0.13097500303863874, 0.18483830314433514, 0.10699522069598069, 0.09312424275031937, 0.14319773153851825, 0.10403939727023438, 0.134462709528008, 0.10410379428858682, 0.11044170736459834, 0.09389164561394205, 0.1487960882971378, 0.15325335648439495, 0.09309699657447044, 0.12403895042137617, 0.12761757206912988, 0.14774703962345875, 0.09335058962111836, 0.1486416145106455, 0.12583677826395367, 0.11193610315384285, 0.1059493833467132, 0.16986876377122506, 0.08583345992267503, 0.0903397169648026, 0.135067424644954, 0.11748329801973947, 0.0867809844942165, 0.1286227172057567, 0.15759648934650836, 0.08490016634863305, 0.09960272850051381, 0.1247244380985773, 0.11692578739228227, 0.0750340661270705, 0.16458267730228737, 0.1258571478452483, 0.11725681356229953, 0.1443011092479611, 0.1382250353711318, 0.09706346202051881, 0.08207825275471993, 0.1662718545792901, 0.13920385649204306, 0.07345261044248062, 0.1577244546386158, 0.1251857651780074, 0.10563179888764132, 0.178141988059191, 0.11915039033348955, 0.07789223020836815, 0.07639590168828211, 0.12084745478032226, 0.11871456813687346, 0.06872331208627844, 0.16106652140033134, 0.08940489614970804, 0.07625315713883306, 0.124654162047688, 0.09997994630494521, 0.05694485077511093, 0.1273658379161849, 0.16429912563833401]
BBSR:100.0
ABSR:100.0
max acc:83.96
