======================================
    IID: 1
    Dataset: cifar
    Model: resnet
    Model Init: None
    Aggregation Function: avg
    Fraction NonIID: 0
    Long attack: 3
    Wide attack: 3
    Wide attack: trust
    Threshold reject: 0.5
    Threshold down: 0.0
    Attack method: badnet
    Fraction of malicious agents: 20.0%
    Poison Frac: 0.2
    Backdoor From 7 to 2
    Attack Begin: 0
    Trigger Shape: square
    Type poisoning: 
    Trigger Position X: 0
    Trigger Position Y: 0
    Number of agents: 100
    Fraction of agents each turn: 30(30.0%)
    Local batch size: 50
    Local epoch: 3
    Client_LR: 0.01
    Client_Momentum: 0.9
    Global Rounds: 100
======================================
main_task_accuracy=[0, 11.510000228881836, 26.389999389648438, 45.0099983215332, 45.4900016784668, 49.52000045776367, 53.209999084472656, 54.040000915527344, 58.02000045776367, 61.59000015258789, 61.09000015258789, 62.599998474121094, 63.38999938964844, 64.12999725341797, 65.62999725341797, 64.4800033569336, 66.88999938964844, 66.56999969482422, 66.87999725341797, 67.63999938964844, 68.66999816894531, 68.0, 67.87000274658203, 67.70999908447266, 70.23999786376953, 69.91999816894531, 69.06999969482422, 69.4000015258789, 70.0999984741211, 69.88999938964844, 70.41999816894531, 71.27999877929688, 71.04000091552734, 71.5199966430664, 72.1500015258789, 72.41999816894531, 71.91999816894531, 72.2699966430664, 72.33999633789062, 72.62000274658203, 72.9000015258789, 72.55000305175781, 72.7699966430664, 72.70999908447266, 73.11000061035156, 72.31999969482422, 73.19000244140625, 73.54000091552734, 73.25, 72.91000366210938, 73.29000091552734, 73.26000213623047, 73.16000366210938, 73.01000213623047, 73.12000274658203, 73.33000183105469, 73.26000213623047, 73.12999725341797, 73.12000274658203, 73.05999755859375, 72.95999908447266, 72.98999786376953, 73.0199966430664, 73.05999755859375, 73.0199966430664, 73.08999633789062, 72.7300033569336, 72.88999938964844, 72.97000122070312, 72.8499984741211, 72.87999725341797, 72.80000305175781, 72.83999633789062, 72.8499984741211, 72.68000030517578, 72.69999694824219, 72.7300033569336, 72.63999938964844, 72.4800033569336, 72.3499984741211, 72.51000213623047, 72.61000061035156, 72.61000061035156, 72.55000305175781, 72.45999908447266, 72.55999755859375, 72.48999786376953, 72.44999694824219, 72.4000015258789, 72.55000305175781, 72.5, 72.51000213623047, 72.5199966430664, 72.48999786376953, 72.62000274658203, 72.66999816894531, 72.66000366210938, 72.61000061035156, 72.47000122070312, 72.58000183105469, 72.55999755859375]
backdoor_accuracy=[0, 13.6, 13.8, 10.8, 4.8, 6.7, 4.4, 5.3, 7.0, 3.8, 3.4, 2.9, 1.9, 3.7, 2.3, 4.0, 1.7, 1.8, 2.8, 2.7, 2.3, 1.7, 1.4, 1.6, 3.1, 2.1, 1.5, 1.9, 2.2, 2.2, 1.8, 3.0, 3.6, 1.7, 2.8, 2.4, 2.5, 2.5, 1.7, 2.8, 3.6, 2.3, 2.7, 3.5, 3.6, 2.2, 3.9, 2.7, 3.0, 1.8, 3.4, 2.7, 3.0, 2.5, 3.0, 2.8, 3.6, 3.2, 3.4, 3.1, 3.6, 2.8, 3.2, 3.3, 3.7, 3.7, 2.9, 3.2, 4.2, 4.0, 4.3, 4.0, 3.5, 3.8, 3.6, 3.7, 3.6, 3.8, 3.6, 3.8, 3.4, 3.6, 4.0, 3.8, 3.7, 3.7, 3.6, 3.4, 4.0, 3.9, 3.7, 3.9, 3.6, 3.7, 3.7, 3.7, 3.7, 3.9, 3.2, 4.1, 3.7]
loss_list=[1.9950854720009696, 1.525826185411877, 1.0979143443041377, 0.9285895052800576, 0.7420171815736425, 0.6905161233370503, 0.6031100472352571, 0.5588732125858467, 0.49902883665015296, 0.4564858627402122, 0.4361219924233026, 0.40861699737815393, 0.3867176646842726, 0.36504696910476514, 0.37227857756324934, 0.335802515834156, 0.3141135151529063, 0.28259023689457935, 0.26291272872955435, 0.3074503397219814, 0.2631892633551939, 0.2580302529419876, 0.2551629937621247, 0.18369976016718695, 0.17364128995479808, 0.25952925139805305, 0.16705185903598446, 0.1519663823866803, 0.18476565699054237, 0.170472233095077, 0.1448291593694335, 0.116007144283762, 0.12073652100684638, 0.09106551394241655, 0.07817103336985583, 0.1294347536746904, 0.09614961307922691, 0.07551231052564818, 0.07632831179827917, 0.04317788784120543, 0.06279352393272954, 0.03766783863978669, 0.058505840312120395, 0.050552635292729575, 0.08751670544676017, 0.03932698485144, 0.021127416699051136, 0.020650118145794198, 0.03949069618386502, 0.015265992742077088, 0.027622374601228836, 0.022790683530232246, 0.018664345926825063, 0.028516738576581695, 0.01892484509536492, 0.00855924416317268, 0.007806737912210842, 0.009481344836013804, 0.008880977197792768, 0.003406136290787899, 0.01300377438588637, 0.004133382666429194, 0.00703904024902537, 0.0027107758008383426, 0.002669401631363952, 0.0077740175974678185, 0.0021665607095443804, 0.001567203133017756, 0.0029051083300793033, 0.0035860546807978417, 0.00216153360489342, 0.0022950754906277218, 0.0017809511388542079, 0.0014952764233102146, 0.001376787140503034, 0.0015727857342830653, 0.0013849351442250836, 0.0027951323347305238, 0.001088907859973713, 0.0019036182193344251, 0.0014700166304343538, 0.0019302718747268145, 0.0014974874400084245, 0.0013344343753285816, 0.000996800832516682, 0.0010966639239551217, 0.0018293390134608172, 0.0010877268489194749, 0.0008493755913756712, 0.0009731936173678454, 0.0010901983475842924, 0.0009875224906540504, 0.0007354624409021603, 0.004083317283976712, 0.0018264418986574233, 0.0008330876264274897, 0.0013964630393456902, 0.0030553131832534246, 0.0015839443337042917, 0.0009790262962875809]
BBSR:4.1
ABSR:3.72
max acc:72.67
