======================================
    IID: 0
    Dataset: mnist
    Model: Mnist_CNN
    Model Init: None
    Aggregation Function: krum
    Fraction NonIID: 0
    Long attack: 4
    Wide attack: 4
    Wide attack: trust
    Threshold reject: 0.5
    Threshold down: 0.0
    Attack method: badnet
    Fraction of malicious agents: 13.0%
    Poison Frac: 0.2
    Backdoor From 7 to 2
    Attack Begin: 0
    Trigger Shape: square
    Type poisoning: cs
    Trigger Position X: 0
    Trigger Position Y: 0
    Number of agents: 100
    Fraction of agents each turn: 30(30.0%)
    Local batch size: 50
    Local epoch: 3
    Client_LR: 0.01
    Client_Momentum: 0.9
    Global Rounds: 100
    Proportion of malicious are selected: 0.28
    Average score of malicious clients: 619.2278442382812
    Average score of benign clients: 804.146728515625
======================================
main_task_accuracy=[0, 26.399999618530273, 17.84000015258789, 18.760000228881836, 19.239999771118164, 20.079999923706055, 19.979999542236328, 19.899999618530273, 26.100000381469727, 28.639999389648438, 20.81999969482422, 9.579999923706055, 19.479999542236328, 21.31999969482422, 34.09000015258789, 31.559999465942383, 31.06999969482422, 28.3799991607666, 27.81999969482422, 9.850000381469727, 30.459999084472656, 35.5, 33.970001220703125, 29.709999084472656, 36.83000183105469, 12.640000343322754, 37.130001068115234, 28.360000610351562, 45.20000076293945, 51.0, 49.2400016784668, 45.619998931884766, 35.779998779296875, 45.18000030517578, 39.599998474121094, 37.470001220703125, 36.189998626708984, 38.16999816894531, 44.060001373291016, 44.599998474121094, 44.93000030517578, 44.2400016784668, 43.810001373291016, 43.33000183105469, 43.529998779296875, 43.650001525878906, 44.5099983215332, 43.90999984741211, 43.58000183105469, 43.650001525878906, 43.810001373291016, 43.56999969482422, 43.08000183105469, 42.84000015258789, 42.880001068115234, 42.650001525878906, 43.130001068115234, 40.099998474121094, 43.31999969482422, 43.189998626708984, 43.59000015258789, 44.150001525878906, 44.5099983215332, 46.779998779296875, 46.38999938964844, 45.45000076293945, 45.34000015258789, 45.029998779296875, 45.130001068115234, 44.880001068115234, 44.97999954223633, 44.790000915527344, 47.2400016784668, 46.709999084472656, 46.66999816894531, 45.72999954223633, 44.970001220703125, 38.349998474121094, 28.969999313354492, 42.689998626708984, 42.189998626708984, 44.04999923706055, 44.04999923706055, 44.22999954223633, 34.630001068115234, 42.27000045776367, 47.36000061035156, 49.90999984741211, 49.970001220703125, 49.81999969482422, 49.56999969482422, 46.279998779296875, 48.45000076293945, 53.90999984741211, 49.34000015258789, 51.220001220703125, 51.779998779296875, 17.639999389648438, 43.56999969482422, 40.779998779296875, 48.72999954223633]
backdoor_accuracy=[0, 0.0, 0.0, 3.8910505836575875, 0.09727626459143969, 7.2957198443579765, 28.69649805447471, 0.0, 100.0, 99.70817120622569, 99.5136186770428, 0.0, 100.0, 0.0, 100.0, 99.41634241245136, 99.80544747081711, 98.5408560311284, 98.34630350194553, 0.0, 100.0, 99.90272373540856, 98.73540856031128, 3.0155642023346303, 8.754863813229573, 0.0, 96.3035019455253, 2.7237354085603114, 95.3307392996109, 83.07392996108949, 75.68093385214007, 39.39688715953307, 0.48638132295719844, 86.96498054474708, 55.447470817120625, 80.1556420233463, 28.69649805447471, 30.35019455252918, 90.6614785992218, 58.94941634241245, 49.221789883268485, 39.688715953307394, 41.43968871595331, 34.143968871595334, 29.474708171206224, 25.19455252918288, 25.09727626459144, 27.529182879377434, 26.459143968871594, 24.80544747081712, 21.595330739299612, 18.67704280155642, 16.634241245136188, 15.95330739299611, 15.369649805447471, 16.245136186770427, 20.330739299610894, 95.62256809338521, 14.396887159533074, 13.715953307392995, 13.910505836575876, 12.062256809338521, 11.575875486381323, 64.39688715953308, 52.72373540856031, 45.525291828793776, 45.91439688715953, 40.175097276264594, 43.8715953307393, 42.704280155642024, 41.9260700389105, 40.56420233463035, 89.78599221789884, 85.99221789883268, 88.81322957198444, 93.09338521400778, 93.67704280155642, 2.9182879377431905, 0.0, 3.7937743190661477, 19.844357976653697, 21.88715953307393, 18.3852140077821, 11.964980544747082, 3.307392996108949, 2.431906614785992, 0.2918287937743191, 0.19455252918287938, 0.19455252918287938, 0.38910505836575876, 0.38910505836575876, 0.2918287937743191, 0.0, 1.556420233463035, 45.91439688715953, 29.085603112840467, 8.268482490272374, 0.0, 55.35019455252918, 19.260700389105057, 0.5836575875486382]
loss_list=[0.49750845919046705, 0.6559613319767224, 0.7414351628357715, 0.9867288586803016, 0.8831710738525812, 1.2849278827606672, 0.8344912518755537, 1.0833608579389702, 0.8100258933169193, 0.6336062140052188, 0.6707452184968995, 0.793768667042093, 0.8201927531469442, 0.714998418617784, 0.5757257359961624, 0.6284845174943059, 0.5859291242597844, 0.6070466839968887, 0.7322855157051719, 1.2091263279765896, 0.8586979291644788, 0.5808981491639776, 0.7062228123723906, 0.8132231891311517, 0.5206684010432993, 0.7338360150538364, 0.6294223605073399, 1.0052411176812257, 0.6969769135565682, 0.5237983631420454, 0.525560841371909, 0.4774493716780252, 0.5996333380395379, 0.6229689569765455, 0.6369779677380808, 0.6883301174102807, 0.6192485943946286, 0.6729393562585939, 0.5691641842597637, 0.5346947211953104, 0.5338257995720614, 0.5367296560542528, 0.5417426036818883, 0.5262303314377819, 0.458179506631787, 0.5126193017409907, 0.5272703097344551, 0.45881873608276896, 0.4500571394219427, 0.5747659654278743, 0.43165817661006967, 0.45132297057675225, 0.5321908649686276, 0.47673620408748785, 0.5744956609377752, 0.4832793791540553, 0.5573378297422259, 0.5265501907335023, 0.668933509326462, 0.550539986196148, 0.6267805213778654, 0.40586649124823665, 0.6515057747500881, 0.46852728671009986, 0.5573014074676493, 0.4790182255819404, 0.7114619794232567, 0.47648304228119803, 0.441084925699033, 0.4370690813327213, 0.5367647472083329, 0.6109493143573689, 0.44000146717947397, 0.5281392385894323, 0.507438549036384, 0.4814148234732223, 0.6109347505615444, 0.5145712159650814, 0.5565311061958318, 0.48383271639688374, 0.46747743876303466, 0.40095841434699114, 0.4229320923584778, 0.48172440260677735, 0.4622761796408306, 0.5375869959248019, 0.42787167729208153, 0.34414799777533106, 0.4212387958489849, 0.43409088229055437, 0.499269525097201, 0.41008605077148547, 0.3968771136687163, 0.4184943416851959, 0.45846436511821903, 0.457306462457892, 0.5169644824344856, 0.698793462810353, 0.4441889725249612, 0.44532584349989335]
BBSR:55.35
ABSR:16.03
max acc:53.91
