======================================
    IID: 0
    Dataset: fashion_mnist
    Model: Mnist_CNN
    Model Init: None
    Aggregation Function: krum
    Fraction NonIID: 0
    Long attack: 3
    Wide attack: 3
    Wide attack: trust
    Threshold reject: 0.5
    Threshold down: 0.0
    Attack method: dba
    Fraction of malicious agents: 20.0%
    Poison Frac: 0.2
    Backdoor From 7 to 2
    Attack Begin: 0
    Trigger Shape: square
    Type poisoning: 
    Trigger Position X: 0
    Trigger Position Y: 0
    Number of agents: 100
    Fraction of agents each turn: 30(30.0%)
    Local batch size: 50
    Local epoch: 3
    Client_LR: 0.01
    Client_Momentum: 0.9
    Global Rounds: 100
    Proportion of malicious are selected: 0.38
    Average score of malicious clients: 664.31201171875
    Average score of benign clients: 311.42327880859375
======================================
main_task_accuracy=[0, 44.290000915527344, 63.849998474121094, 65.68000030517578, 70.19000244140625, 73.18000030517578, 72.3499984741211, 72.7300033569336, 75.19999694824219, 77.5999984741211, 75.55000305175781, 77.33999633789062, 77.31999969482422, 77.18000030517578, 79.95999908447266, 78.44000244140625, 79.37999725341797, 80.69999694824219, 79.41999816894531, 79.4800033569336, 81.73999786376953, 79.05000305175781, 80.47000122070312, 79.45999908447266, 81.30000305175781, 80.27999877929688, 80.66999816894531, 80.48999786376953, 77.47000122070312, 81.83000183105469, 82.44000244140625, 79.41999816894531, 82.91000366210938, 80.56999969482422, 82.45999908447266, 82.38999938964844, 78.69999694824219, 82.51000213623047, 84.31999969482422, 82.18000030517578, 83.05000305175781, 83.37999725341797, 82.05999755859375, 82.25, 82.41000366210938, 83.26000213623047, 83.2300033569336, 83.3499984741211, 83.37000274658203, 80.62000274658203, 83.72000122070312, 83.9800033569336, 83.3499984741211, 83.87000274658203, 83.75, 83.87999725341797, 82.80000305175781, 83.69999694824219, 84.83999633789062, 84.2300033569336, 83.88999938964844, 84.30999755859375, 82.76000213623047, 84.36000061035156, 84.41999816894531, 82.58000183105469, 84.33000183105469, 84.7300033569336, 84.66000366210938, 84.47000122070312, 83.81999969482422, 84.63999938964844, 84.08999633789062, 84.73999786376953, 84.41000366210938, 84.66999816894531, 84.37000274658203, 84.66999816894531, 84.94000244140625, 85.0, 84.68000030517578, 85.45999908447266, 84.08000183105469, 82.70999908447266, 84.47000122070312, 83.86000061035156, 83.4000015258789, 85.02999877929688, 85.38999938964844, 84.98999786376953, 85.0999984741211, 85.75, 84.91999816894531, 84.93000030517578, 84.97000122070312, 85.52999877929688, 85.45999908447266, 85.37999725341797, 85.3499984741211, 84.68000030517578, 84.83000183105469]
backdoor_accuracy=[0, 0.0, 0.0, 0.0, 0.0, 0.0, 0.0, 0.0, 0.0, 0.0, 98.2, 7.7, 1.5, 0.1, 99.2, 71.4, 80.5, 62.4, 62.8, 62.7, 100.0, 94.7, 96.5, 82.6, 79.1, 86.2, 84.2, 100.0, 96.0, 96.8, 100.0, 100.0, 100.0, 99.8, 100.0, 99.9, 100.0, 100.0, 100.0, 100.0, 100.0, 100.0, 100.0, 100.0, 100.0, 100.0, 100.0, 100.0, 100.0, 100.0, 100.0, 100.0, 100.0, 100.0, 100.0, 100.0, 100.0, 100.0, 100.0, 100.0, 100.0, 100.0, 100.0, 100.0, 100.0, 100.0, 100.0, 100.0, 100.0, 100.0, 100.0, 100.0, 100.0, 100.0, 100.0, 100.0, 100.0, 100.0, 100.0, 100.0, 100.0, 100.0, 100.0, 100.0, 100.0, 99.9, 100.0, 100.0, 100.0, 100.0, 100.0, 100.0, 100.0, 100.0, 100.0, 100.0, 100.0, 100.0, 100.0, 100.0, 100.0]
loss_list=[1.3786383037489878, 0.9325284098861392, 0.7320570006138748, 0.6622607033423804, 0.6155253203516757, 0.5962245340838476, 0.5491697762437441, 0.542166143876535, 0.5150333194682994, 0.4744535400083772, 0.4888255692466542, 0.5320599484498854, 0.47525700686016564, 0.43796725455257624, 0.4491515271710577, 0.47194151024299646, 0.4204495423714872, 0.4495727421853829, 0.4827064019110468, 0.46991628262179863, 0.43913913902447177, 0.44008659490004737, 0.4339674267779898, 0.41403102464284053, 0.4652115368387765, 0.4559870422196886, 0.4318067913392076, 0.43836754560470576, 0.4276911473350117, 0.44327231078167206, 0.41600663841322627, 0.4348035045313063, 0.43654390963622264, 0.40795584728734363, 0.4278157040166359, 0.4524844844446139, 0.4099713137511303, 0.42133589452477516, 0.39425050343421314, 0.3731595468931591, 0.40169528022891404, 0.4358627225996719, 0.42781790322451674, 0.3725644426040903, 0.39823067664444717, 0.43164962482535174, 0.38249056662122405, 0.36023417164192156, 0.3792211361125938, 0.3925552823442827, 0.36746849225385597, 0.4047060879732102, 0.4374849147922186, 0.3579020511971234, 0.37021570980928276, 0.380085807490266, 0.38585661100223667, 0.389973785734468, 0.39439263535077096, 0.4028364229695095, 0.37678436337090615, 0.41049590826862387, 0.3582783524412662, 0.37137976296642716, 0.414642113281621, 0.359234546530233, 0.3401785831087854, 0.3845126288337202, 0.417905034876808, 0.34574082298463005, 0.34945746507685366, 0.3882120277180716, 0.35898981156620985, 0.3353412589394591, 0.3534874288477348, 0.3882035828574939, 0.32919792842542484, 0.36001704299210185, 0.3671495340247122, 0.33991954467793994, 0.3421285344412792, 0.3746583278290928, 0.37132032575016766, 0.3470033961934623, 0.38322079731496395, 0.3932323004498526, 0.3683901762425969, 0.385541748283086, 0.364775585214159, 0.35608092574855416, 0.38288044287269085, 0.39648308321247216, 0.37440081067917935, 0.33334002114177036, 0.39827136661236484, 0.36404327288338983, 0.334353156162952, 0.36660819962902064, 0.4148831340311853, 0.3606789121214577]
BBSR:100.0
ABSR:100.0
max acc:85.75
