======================================
    IID: 0
    Dataset: mnist
    Model: Mnist_CNN
    Model Init: None
    Aggregation Function: fltrust
    Fraction NonIID: 0
    Long attack: 3
    Wide attack: 3
    Wide attack: trust
    Threshold reject: 0.5
    Threshold down: 0.0
    Attack method: badnet
    Fraction of malicious agents: 13.0%
    Poison Frac: 0.2
    Backdoor From 7 to 2
    Attack Begin: 0
    Trigger Shape: square
    Type poisoning: cs
    Trigger Position X: 0
    Trigger Position Y: 0
    Number of agents: 100
    Fraction of agents each turn: 30(30.0%)
    Local batch size: 50
    Local epoch: 3
    Client_LR: 0.01
    Client_Momentum: 0.9
    Global Rounds: 100
    Dataset In Server: 200
======================================
main_task_accuracy=[0, 33.279998779296875, 31.299999237060547, 51.7400016784668, 62.810001373291016, 75.2300033569336, 69.44999694824219, 69.25, 75.12999725341797, 86.13999938964844, 82.43000030517578, 82.12999725341797, 84.3499984741211, 87.8499984741211, 84.5, 81.88999938964844, 90.94000244140625, 89.76000213623047, 92.87999725341797, 85.22000122070312, 92.2300033569336, 88.95999908447266, 93.56999969482422, 90.44000244140625, 84.08000183105469, 88.7300033569336, 93.9000015258789, 93.08000183105469, 92.44999694824219, 93.19000244140625, 93.36000061035156, 93.70999908447266, 93.91000366210938, 93.16999816894531, 92.23999786376953, 93.44000244140625, 94.87000274658203, 95.36000061035156, 95.20999908447266, 91.36000061035156, 94.70999908447266, 96.02999877929688, 94.43000030517578, 95.7699966430664, 94.68000030517578, 94.70999908447266, 95.43000030517578, 96.18000030517578, 92.26000213623047, 95.80999755859375, 96.12000274658203, 95.77999877929688, 93.55000305175781, 95.68000030517578, 94.55999755859375, 96.27999877929688, 96.8499984741211, 93.33000183105469, 96.5, 96.5199966430664, 95.4000015258789, 96.69999694824219, 92.91000366210938, 96.54000091552734, 96.33000183105469, 96.9800033569336, 96.7699966430664, 96.70999908447266, 95.83999633789062, 96.58000183105469, 96.30000305175781, 97.0, 96.94000244140625, 97.0199966430664, 96.30999755859375, 97.08000183105469, 96.77999877929688, 97.16999816894531, 97.4800033569336, 96.94000244140625, 96.7300033569336, 97.4000015258789, 97.16000366210938, 97.33000183105469, 97.9000015258789, 96.66999816894531, 97.73999786376953, 97.2300033569336, 96.80000305175781, 97.16000366210938, 97.41000366210938, 97.72000122070312, 97.1500015258789, 97.0, 97.70999908447266, 96.12000274658203, 97.52999877929688, 97.48999786376953, 97.4000015258789, 97.7300033569336, 97.66999816894531]
backdoor_accuracy=[0, 0.0, 19.747081712062258, 0.2918287937743191, 0.8754863813229572, 9.04669260700389, 5.155642023346304, 1.1673151750972763, 4.766536964980545, 3.501945525291829, 1.6536964980544746, 1.6536964980544746, 3.11284046692607, 4.571984435797665, 0.5836575875486382, 2.3346303501945527, 6.906614785992218, 0.8754863813229572, 5.739299610894942, 0.8754863813229572, 2.821011673151751, 2.529182879377432, 2.7237354085603114, 2.6264591439688716, 2.3346303501945527, 1.9455252918287937, 3.8910505836575875, 1.4591439688715953, 2.6264591439688716, 2.140077821011673, 2.3346303501945527, 6.128404669260701, 1.7509727626459144, 1.9455252918287937, 6.906614785992218, 1.556420233463035, 3.0155642023346303, 3.501945525291829, 2.9182879377431905, 6.614785992217898, 1.8482490272373542, 3.404669260700389, 1.264591439688716, 2.431906614785992, 4.377431906614786, 1.6536964980544746, 1.6536964980544746, 4.571984435797665, 1.9455252918287937, 1.9455252918287937, 4.961089494163424, 1.7509727626459144, 3.404669260700389, 2.140077821011673, 5.933852140077821, 1.8482490272373542, 5.252918287937743, 2.140077821011673, 2.431906614785992, 3.404669260700389, 1.556420233463035, 2.3346303501945527, 1.8482490272373542, 3.7937743190661477, 2.237354085603113, 4.863813229571984, 1.4591439688715953, 3.404669260700389, 2.237354085603113, 2.431906614785992, 2.529182879377432, 2.3346303501945527, 6.3229571984435795, 2.3346303501945527, 3.6964980544747084, 2.431906614785992, 2.529182879377432, 1.8482490272373542, 2.7237354085603114, 2.0428015564202333, 5.836575875486381, 1.9455252918287937, 4.669260700389105, 3.0155642023346303, 3.21011673151751, 2.529182879377432, 2.237354085603113, 2.821011673151751, 1.1673151750972763, 3.11284046692607, 3.6964980544747084, 3.0155642023346303, 3.11284046692607, 3.307392996108949, 2.3346303501945527, 5.642023346303502, 2.6264591439688716, 6.031128404669261, 2.7237354085603114, 3.0155642023346303, 2.821011673151751]
loss_list=[0.5301894778444954, 0.4159551483700627, 0.30213676774543696, 0.2160351068158706, 0.2162760387925467, 0.17725262843776016, 0.13595155559808852, 0.13290894803397973, 0.13159463335912072, 0.10954282538532678, 0.1004018974724033, 0.11575993007001292, 0.09375524232932463, 0.08288227396928122, 0.09398111190007538, 0.1009161280891559, 0.07829122901181908, 0.08390479596342762, 0.08307913313163146, 0.07839133813961796, 0.08271264353103341, 0.0804983598416898, 0.0755117189516554, 0.06146622459743355, 0.07148501919178238, 0.0748614649955946, 0.051124951009106315, 0.05830794356652581, 0.06549369933531643, 0.056013078775082006, 0.061526877196928204, 0.06307023707402555, 0.0550159118880711, 0.06416425088900693, 0.049884963498697456, 0.050489957211164, 0.05377705992842197, 0.04215738416623824, 0.05124129312603932, 0.04898942379921192, 0.0441588590208851, 0.05167634263583889, 0.055579751911416626, 0.04432958774988703, 0.050452985350434375, 0.04713044961656801, 0.04753758856703401, 0.0409987887581892, 0.043282242895725735, 0.05268000376695354, 0.03754575804684553, 0.04275251488488752, 0.042214033730656346, 0.046446856328086046, 0.043519602219788185, 0.03840116732376542, 0.04302912555489848, 0.04789854600050845, 0.03099517352711039, 0.03695265000428328, 0.0383648099374648, 0.03912474870709839, 0.0438720833950973, 0.035134463709610174, 0.030513891987412126, 0.0354443898139074, 0.03967203334180232, 0.036981524474915206, 0.03786791110981503, 0.03710486991007186, 0.042879778119262336, 0.043498571879582976, 0.03207025293473178, 0.04311453315348446, 0.03689001586351238, 0.032466575091648596, 0.03557703827641112, 0.03763402577279327, 0.033931062456753244, 0.030555508844609884, 0.03494566731798421, 0.03806444617279549, 0.035323852384977955, 0.03797495633049205, 0.030210707336989315, 0.03312003041305706, 0.03317485159759896, 0.031837315467041084, 0.033988689196130926, 0.043762208295329875, 0.03249540169264517, 0.030379963079372345, 0.03652480859868669, 0.030465344409338214, 0.03473270121558097, 0.03465820121690529, 0.03127070189137046, 0.027608331728244666, 0.03023950368509024, 0.030858712244695427]
BBSR:6.03
ABSR:3.46
max acc:97.73
