======================================
    IID: 1
    Dataset: cifar
    Model: resnet
    Model Init: None
    Aggregation Function: fltrust
    Fraction NonIID: 0
    Long attack: 3
    Wide attack: 3
    Wide attack: trust
    Threshold reject: 0.5
    Threshold down: 0.0
    Attack method: badnet
    Fraction of malicious agents: 30.0%
    Poison Frac: 0.2
    Backdoor From 7 to 2
    Attack Begin: 0
    Trigger Shape: square
    Type poisoning: cs
    Trigger Position X: 0
    Trigger Position Y: 0
    Number of agents: 100
    Fraction of agents each turn: 30(30.0%)
    Local batch size: 50
    Local epoch: 3
    Client_LR: 0.01
    Client_Momentum: 0.9
    Global Rounds: 100
    Dataset In Server: 200
======================================
main_task_accuracy=[0, 10.0, 11.010000228881836, 16.280000686645508, 22.75, 29.93000030517578, 35.86000061035156, 40.11000061035156, 44.04999923706055, 46.439998626708984, 44.43000030517578, 49.849998474121094, 49.939998626708984, 49.91999816894531, 54.90999984741211, 49.95000076293945, 49.65999984741211, 54.09000015258789, 56.720001220703125, 57.040000915527344, 58.689998626708984, 58.279998779296875, 59.439998626708984, 10.0, 60.189998626708984, 60.68000030517578, 60.70000076293945, 60.47999954223633, 62.400001525878906, 62.439998626708984, 62.79999923706055, 63.099998474121094, 63.400001525878906, 62.31999969482422, 61.77000045776367, 61.79999923706055, 63.7599983215332, 64.43000030517578, 64.44000244140625, 64.69000244140625, 64.81999969482422, 65.25, 66.30999755859375, 64.94999694824219, 64.33999633789062, 64.48999786376953, 63.880001068115234, 66.16000366210938, 65.27999877929688, 67.9800033569336, 67.38999938964844, 66.33000183105469, 67.51000213623047, 67.70999908447266, 68.4800033569336, 67.6500015258789, 69.31999969482422, 68.0999984741211, 66.06999969482422, 68.81999969482422, 68.86000061035156, 68.91999816894531, 67.73999786376953, 69.91999816894531, 68.8499984741211, 66.72000122070312, 69.75, 70.1500015258789, 70.87000274658203, 68.87999725341797, 67.48999786376953, 66.27999877929688, 69.79000091552734, 70.0199966430664, 68.22000122070312, 69.7699966430664, 69.4800033569336, 68.79000091552734, 70.7699966430664, 70.16000366210938, 71.12000274658203, 70.1500015258789, 69.5199966430664, 70.83999633789062, 70.52999877929688, 69.45999908447266, 69.69999694824219, 72.05000305175781, 71.62999725341797, 70.66999816894531, 70.12000274658203, 71.37000274658203, 70.69999694824219, 70.0199966430664, 71.43000030517578, 71.30000305175781, 71.4800033569336, 69.88999938964844, 71.6500015258789, 71.72000122070312, 69.81999969482422]
backdoor_accuracy=[0, 0.0, 5.9, 22.8, 17.8, 15.1, 14.1, 12.0, 6.4, 5.5, 5.6, 3.3, 4.8, 1.8, 4.1, 3.2, 3.3, 2.2, 5.9, 4.0, 5.7, 5.5, 5.3, 0.0, 4.3, 3.3, 6.7, 4.8, 2.3, 2.1, 5.5, 2.0, 3.6, 1.9, 2.6, 2.5, 2.6, 2.7, 1.6, 4.5, 2.5, 2.0, 3.2, 2.1, 1.3, 1.7, 0.3, 4.3, 3.7, 2.9, 1.5, 1.4, 1.4, 1.3, 2.0, 1.7, 2.6, 1.7, 1.8, 1.7, 1.4, 1.1, 1.6, 3.1, 1.6, 1.6, 1.7, 1.8, 3.3, 2.3, 1.4, 6.2, 2.1, 2.6, 2.5, 2.2, 1.6, 2.6, 1.7, 1.7, 2.0, 1.3, 0.9, 1.1, 2.4, 1.1, 2.1, 4.8, 3.5, 3.9, 1.7, 2.5, 1.1, 1.0, 1.5, 1.7, 1.5, 1.5, 1.0, 2.3, 2.4]
loss_list=[1.9903951944245235, 1.6077146450678506, 1.212432000173463, 1.0539313431249726, 0.9499346054262586, 0.8715443628033, 0.843008757043216, 0.7690082370572621, 0.7417061112489964, 0.8473114040990669, 0.7027808848680513, 0.9048177220175663, 0.7017817377614685, 0.9381669722062848, 0.6624496542470943, 0.9452501888899134, 0.6851400327302204, 0.7679225875857648, 0.6929079194083656, 0.7224490747444279, 0.5919926534186946, 0.6360703477130223, 0.5687080508464067, 0.7106147866265383, 0.5158936744532547, 0.5391008326015434, 0.5906698737583227, 0.48953638282216466, 0.47977027543109024, 0.39897447007100306, 0.5769227570429211, 0.46882603189261207, 0.5676603222928113, 0.5174933474663541, 0.5196235773752494, 0.4817210137966968, 0.5130689625581727, 0.42333645543963133, 0.4206874967034026, 0.41013547797182887, 0.4978318803058937, 0.3734915982457137, 0.41882995464858447, 0.387227432649298, 0.41286699018247114, 0.42494041626445106, 0.39780387996081523, 0.3753637405987441, 0.4025336138312963, 0.3725140428343245, 0.39210543424214445, 0.29616869957923586, 0.2646215719146292, 0.37889000796881095, 0.33201417805775735, 0.25392767150608253, 0.33773366831825113, 0.2539552221773192, 0.26041021566449973, 0.3324819570050265, 0.29043007540542426, 0.23986906142187456, 0.2508243272366882, 0.2341023155969257, 0.26812893449167147, 0.23504718334284722, 0.2787762365088566, 0.19609678655921017, 0.22531456056742982, 0.172976273990288, 0.18261616161785138, 0.2347135994703017, 0.19273474335269486, 0.16492304376345904, 0.21863910655613933, 0.2590803716034861, 0.1529816201642906, 0.2166309219506931, 0.22093807120134848, 0.13391079673672923, 0.13305051332262036, 0.1264181827191755, 0.1811879349530338, 0.13093360996203654, 0.13339208088524174, 0.1523337650017735, 0.17581453878581266, 0.1205287338085408, 0.05545288803482738, 0.21069048449962996, 0.11027593117879912, 0.0884153329438737, 0.08459289527718082, 0.14703377099455486, 0.1159993883397288, 0.11008989652424743, 0.07703159882260176, 0.08833061193529931, 0.08837834351343594, 0.09118339003794568]
BBSR:2.5
ABSR:1.65
max acc:71.72
