======================================
    IID: 0
    Dataset: fashion_mnist
    Model: Mnist_CNN
    Model Init: None
    Aggregation Function: avg
    Fraction NonIID: 0
    Long attack: 3
    Wide attack: 3
    Wide attack: trust
    Threshold reject: 0.5
    Threshold down: 0.0
    Attack method: badnet
    Fraction of malicious agents: 13.0%
    Poison Frac: 0.2
    Backdoor From 7 to 2
    Attack Begin: 0
    Trigger Shape: square
    Type poisoning: 
    Trigger Position X: 0
    Trigger Position Y: 0
    Number of agents: 100
    Fraction of agents each turn: 30(30.0%)
    Local batch size: 50
    Local epoch: 3
    Client_LR: 0.01
    Client_Momentum: 0.9
    Global Rounds: 100
======================================
main_task_accuracy=[0, 59.13999938964844, 69.8499984741211, 75.05999755859375, 76.44999694824219, 78.0, 78.5, 79.47000122070312, 80.02999877929688, 80.62999725341797, 81.23999786376953, 82.0, 82.55000305175781, 82.80000305175781, 83.4800033569336, 83.68000030517578, 84.02999877929688, 84.83999633789062, 84.69999694824219, 85.12000274658203, 85.18000030517578, 85.55000305175781, 85.79000091552734, 85.63999938964844, 85.94000244140625, 85.95999908447266, 86.3499984741211, 86.12999725341797, 86.44999694824219, 87.02999877929688, 86.86000061035156, 87.23999786376953, 86.77999877929688, 87.19000244140625, 87.19999694824219, 87.43000030517578, 87.33000183105469, 87.6500015258789, 87.69000244140625, 87.33000183105469, 87.72000122070312, 87.58000183105469, 87.88999938964844, 88.13999938964844, 88.26000213623047, 88.04000091552734, 88.25, 88.19999694824219, 88.43000030517578, 88.3499984741211, 88.26000213623047, 88.5, 88.61000061035156, 88.47000122070312, 88.27999877929688, 88.8499984741211, 88.83000183105469, 88.79000091552734, 88.75, 88.75, 88.9000015258789, 88.25, 88.9800033569336, 88.9000015258789, 89.04000091552734, 89.29000091552734, 88.68000030517578, 89.19000244140625, 89.23999786376953, 89.41000366210938, 89.43000030517578, 89.19000244140625, 89.38999938964844, 89.25, 89.48999786376953, 89.31999969482422, 89.62999725341797, 89.44000244140625, 89.58999633789062, 89.30999755859375, 89.66999816894531, 89.77999877929688, 89.79000091552734, 89.69999694824219, 89.69999694824219, 89.72000122070312, 89.66999816894531, 89.86000061035156, 89.7300033569336, 89.91999816894531, 90.01000213623047, 89.94999694824219, 89.87999725341797, 89.94000244140625, 89.9800033569336, 89.91000366210938, 90.05999755859375, 89.98999786376953, 90.06999969482422, 90.12000274658203, 90.19000244140625]
backdoor_accuracy=[0, 0.0, 0.0, 0.0, 0.0, 0.0, 0.0, 0.7, 5.7, 28.8, 53.5, 75.5, 88.0, 89.0, 97.1, 97.9, 97.0, 99.4, 99.5, 99.8, 99.7, 99.8, 99.8, 99.8, 99.9, 99.8, 99.8, 99.8, 99.9, 99.9, 99.9, 99.9, 99.9, 99.9, 99.9, 99.9, 100.0, 99.9, 99.9, 99.9, 99.9, 99.9, 99.9, 99.9, 99.8, 99.9, 99.9, 99.9, 99.9, 99.9, 99.9, 99.9, 99.9, 99.9, 99.9, 99.9, 99.9, 99.9, 99.9, 99.9, 99.9, 99.9, 99.9, 99.9, 99.9, 99.9, 100.0, 99.9, 99.9, 99.9, 99.9, 99.9, 99.9, 99.9, 99.9, 100.0, 99.9, 100.0, 99.9, 100.0, 100.0, 100.0, 100.0, 100.0, 100.0, 100.0, 100.0, 99.9, 100.0, 99.9, 100.0, 100.0, 100.0, 100.0, 100.0, 100.0, 100.0, 100.0, 100.0, 99.9, 100.0]
loss_list=[1.4290208904003656, 0.8054188711223778, 0.6659444405110898, 0.5524684393571483, 0.5421696198483307, 0.4650384581751294, 0.475793030106083, 0.4453151794978315, 0.4096954333630426, 0.43810812410105154, 0.4269853014223003, 0.397176450525445, 0.3690122583743046, 0.3590484822582868, 0.38953838059333745, 0.3510630400540927, 0.37422301889293724, 0.3585732196078257, 0.3469096278426823, 0.34205736868704356, 0.3233797410158097, 0.3462783443982954, 0.32427669580749885, 0.30646532667731796, 0.30856307085465506, 0.3101278243586421, 0.29831840830889556, 0.2925039042615228, 0.2915319861464754, 0.29453752280419904, 0.3001652605279728, 0.2813474433945009, 0.2997013660768667, 0.2579578062967846, 0.27062535898553003, 0.28984711449248374, 0.2881913481556155, 0.26890233965866545, 0.27182462790084105, 0.2838178778791593, 0.25449316702196717, 0.27158689726902924, 0.2518621336410029, 0.26398040167297476, 0.24647259009933029, 0.24825157252209332, 0.25236303123507514, 0.259021073371103, 0.25095788182656253, 0.23585842616545663, 0.2424229643169653, 0.23075744575751872, 0.23945582188769343, 0.2238576210698941, 0.2269495464533705, 0.22732649368958338, 0.24090200603629155, 0.2328688213601708, 0.22915548537685365, 0.22248932973274754, 0.2294816144241917, 0.22155285334490513, 0.22112925752686957, 0.2325501542486664, 0.22327786909795747, 0.2172333549742622, 0.2052159863403412, 0.21293630719840242, 0.20593399382886238, 0.22912938482369538, 0.21908826138651755, 0.22228621472432103, 0.2110144092787609, 0.19992810753001664, 0.20331280808982066, 0.2126548514080544, 0.2030774719030079, 0.2120098782349723, 0.19889281158576963, 0.20734739894116366, 0.19753882348606433, 0.18928368778174948, 0.205393661871656, 0.20100094952913755, 0.21311751398671835, 0.19767896393141535, 0.2159237060195732, 0.18976389518594025, 0.19595757251329443, 0.1891957334001307, 0.19581388070989678, 0.1828701857003142, 0.18998310461260928, 0.1692624327450715, 0.1839711556435322, 0.18825511379658966, 0.18379801091720793, 0.1877665775560739, 0.1899413764045608, 0.17929491149347826]
BBSR:100.0
ABSR:99.99
max acc:90.19
