======================================
    IID: 0
    Dataset: mnist
    Model: Mnist_CNN
    Model Init: None
    Aggregation Function: fltrust
    Fraction NonIID: 0
    Long attack: 3
    Wide attack: 3
    Wide attack: trust
    Threshold reject: 0.5
    Threshold down: 0.0
    Attack method: badnet
    Fraction of malicious agents: 13.0%
    Poison Frac: 0.2
    Backdoor From 7 to 2
    Attack Begin: 0
    Trigger Shape: square
    Type poisoning: cs
    Trigger Position X: 0
    Trigger Position Y: 0
    Number of agents: 100
    Fraction of agents each turn: 30(30.0%)
    Local batch size: 50
    Local epoch: 3
    Client_LR: 0.01
    Client_Momentum: 0.9
    Global Rounds: 100
    Dataset In Server: 200
======================================
main_task_accuracy=[0, 31.739999771118164, 37.18000030517578, 55.529998779296875, 48.4900016784668, 56.11000061035156, 53.7400016784668, 64.97000122070312, 80.0999984741211, 67.86000061035156, 70.69999694824219, 83.38999938964844, 82.80999755859375, 81.41000366210938, 76.19999694824219, 82.94999694824219, 85.91999816894531, 91.33999633789062, 89.12999725341797, 92.44999694824219, 86.7699966430664, 92.58999633789062, 86.30999755859375, 91.69000244140625, 88.05000305175781, 87.62999725341797, 92.66999816894531, 93.29000091552734, 92.48999786376953, 92.95999908447266, 93.26000213623047, 94.75, 92.3499984741211, 91.38999938964844, 94.20999908447266, 91.41000366210938, 94.54000091552734, 95.47000122070312, 95.2300033569336, 94.41000366210938, 94.9000015258789, 95.4800033569336, 95.95999908447266, 95.08000183105469, 94.7300033569336, 95.37000274658203, 95.62999725341797, 96.23999786376953, 96.33000183105469, 94.75, 95.80000305175781, 96.41999816894531, 95.1500015258789, 96.4800033569336, 96.4800033569336, 94.91999816894531, 96.16999816894531, 96.58000183105469, 96.73999786376953, 96.06999969482422, 97.02999877929688, 97.04000091552734, 96.72000122070312, 95.9800033569336, 96.91000366210938, 92.47000122070312, 96.94999694824219, 96.77999877929688, 96.83999633789062, 96.7699966430664, 97.04000091552734, 96.80000305175781, 95.61000061035156, 96.80999755859375, 96.7699966430664, 97.3499984741211, 93.5999984741211, 96.20999908447266, 97.22000122070312, 96.66999816894531, 97.58999633789062, 97.12999725341797, 97.4000015258789, 97.58000183105469, 97.25, 97.68000030517578, 97.63999938964844, 97.62999725341797, 97.61000061035156, 97.6500015258789, 97.73999786376953, 97.58999633789062, 97.7699966430664, 97.55999755859375, 97.51000213623047, 97.55000305175781, 97.76000213623047, 97.48999786376953, 97.66000366210938, 97.36000061035156, 97.44000244140625]
backdoor_accuracy=[0, 0.0, 0.0, 0.0, 0.0, 0.5836575875486382, 0.7782101167315175, 1.1673151750972763, 1.8482490272373542, 0.19455252918287938, 8.852140077821012, 1.6536964980544746, 2.0428015564202333, 3.7937743190661477, 0.9727626459143969, 1.0700389105058365, 1.556420233463035, 1.7509727626459144, 1.6536964980544746, 2.431906614785992, 1.1673151750972763, 3.0155642023346303, 0.7782101167315175, 0.7782101167315175, 12.54863813229572, 0.7782101167315175, 3.0155642023346303, 1.9455252918287937, 2.7237354085603114, 1.556420233463035, 3.501945525291829, 1.556420233463035, 1.7509727626459144, 1.8482490272373542, 3.11284046692607, 1.556420233463035, 1.8482490272373542, 3.404669260700389, 1.6536964980544746, 1.6536964980544746, 1.8482490272373542, 1.4591439688715953, 2.529182879377432, 1.8482490272373542, 2.9182879377431905, 3.11284046692607, 2.9182879377431905, 1.6536964980544746, 3.307392996108949, 2.3346303501945527, 4.571984435797665, 1.6536964980544746, 3.307392996108949, 2.9182879377431905, 2.0428015564202333, 5.544747081712062, 2.9182879377431905, 1.556420233463035, 8.365758754863814, 1.4591439688715953, 4.863813229571984, 1.7509727626459144, 9.43579766536965, 0.6809338521400778, 7.782101167315175, 0.5836575875486382, 2.431906614785992, 1.556420233463035, 2.9182879377431905, 0.7782101167315175, 2.821011673151751, 1.8482490272373542, 2.529182879377432, 2.529182879377432, 2.140077821011673, 2.821011673151751, 4.377431906614786, 1.9455252918287937, 2.6264591439688716, 1.8482490272373542, 2.529182879377432, 0.9727626459143969, 2.431906614785992, 3.404669260700389, 2.6264591439688716, 4.280155642023346, 1.6536964980544746, 3.404669260700389, 2.431906614785992, 8.754863813229573, 2.7237354085603114, 1.0700389105058365, 6.22568093385214, 1.3618677042801557, 7.490272373540856, 1.1673151750972763, 3.404669260700389, 1.0700389105058365, 3.404669260700389, 0.7782101167315175, 1.556420233463035]
loss_list=[0.45357411546332227, 0.3445423591624301, 0.2915334541829565, 0.21969975393808167, 0.2052197467607123, 0.22050669753396332, 0.16478207873815373, 0.1862212912510586, 0.13603273125817766, 0.1309205587144994, 0.1591840358017335, 0.13642588857708027, 0.09100458122320282, 0.10459430572277564, 0.10819405094694626, 0.10836033282431816, 0.11124875886558021, 0.06361970439215509, 0.09091401042524118, 0.08416845989068923, 0.07922128665719204, 0.08404723754169979, 0.07444739467471959, 0.07316254957296413, 0.057953190910665635, 0.0809153170051181, 0.059053906162472795, 0.05977567863266933, 0.06865054123794281, 0.06445290686524184, 0.062373095162117226, 0.07118082374367372, 0.05754909657172246, 0.06450517326990829, 0.0554533142482501, 0.05476126457159378, 0.06146138603037273, 0.05832184143316758, 0.056160826498660874, 0.05634271610463097, 0.053050812290553175, 0.04988801923399398, 0.0566187203362701, 0.04910180368031671, 0.04986469119774344, 0.04554286559731355, 0.04830099251510343, 0.04204830230742205, 0.04514167089307302, 0.050881805535721476, 0.04280153681043486, 0.03723060112240388, 0.04604985957367854, 0.04397832376380875, 0.04870295137651848, 0.045915890108061144, 0.03896199258591563, 0.0417999085568943, 0.029681951255310528, 0.039721850981511486, 0.03710834489410049, 0.0412563187823157, 0.040692204948859154, 0.037714981330354995, 0.034206613417643444, 0.05082905729399081, 0.03439701188756263, 0.04727014031604133, 0.04281227395341583, 0.03624663519366427, 0.039250359937626975, 0.043197310076625264, 0.03501473198251167, 0.03581105626237844, 0.03476717231448259, 0.033417384948066634, 0.042061265232364864, 0.030249541475219407, 0.037283075935063185, 0.04361415193985022, 0.02711802668195826, 0.03444627567158153, 0.028377416136689017, 0.03489676509186076, 0.03345462867162904, 0.03560389747037553, 0.035167532047985874, 0.024551114507118336, 0.032785853015743084, 0.03757658019814262, 0.02956831938183129, 0.034321199116059874, 0.032162727083571936, 0.03228122762321588, 0.03449434586249916, 0.031322983328488666, 0.03244259534303892, 0.03331637223638117, 0.029516204868028816, 0.027962165471333074]
BBSR:7.49
ABSR:2.75
max acc:97.77
