======================================
    IID: 1
    Dataset: cifar
    Model: resnet
    Model Init: None
    Aggregation Function: flame
    Fraction NonIID: 0
    Long attack: 3
    Wide attack: 3
    Wide attack: trust
    Threshold reject: 0.5
    Threshold down: 0.0
    Attack method: dba
    Fraction of malicious agents: 30.0%
    Poison Frac: 0.2
    Backdoor From 7 to 2
    Attack Begin: 0
    Trigger Shape: square
    Type poisoning: 
    Trigger Position X: 0
    Trigger Position Y: 0
    Number of agents: 100
    Fraction of agents each turn: 30(30.0%)
    Local batch size: 50
    Local epoch: 3
    Client_LR: 0.01
    Client_Momentum: 0.9
    Global Rounds: 100
    Noise in FLAME: 0.001
proportion of malicious are selected:0.6966666666666667
proportion of benign are selected:0.4776190476190476
======================================
main_task_accuracy=[0, 11.149999618530273, 28.780000686645508, 40.560001373291016, 43.439998626708984, 41.130001068115234, 47.529998779296875, 49.97999954223633, 54.150001525878906, 55.36000061035156, 56.54999923706055, 56.790000915527344, 56.849998474121094, 56.61000061035156, 58.79999923706055, 56.41999816894531, 59.29999923706055, 60.720001220703125, 59.599998474121094, 59.599998474121094, 62.97999954223633, 60.849998474121094, 61.04999923706055, 59.619998931884766, 61.81999969482422, 62.13999938964844, 61.93000030517578, 62.84000015258789, 62.68000030517578, 62.06999969482422, 63.20000076293945, 62.45000076293945, 63.47999954223633, 63.40999984741211, 63.060001373291016, 62.02000045776367, 65.36000061035156, 62.720001220703125, 65.44000244140625, 63.77000045776367, 61.970001220703125, 62.040000915527344, 65.77999877929688, 64.79000091552734, 64.94000244140625, 65.13999938964844, 63.689998626708984, 64.16000366210938, 64.33000183105469, 64.30000305175781, 63.75, 65.33999633789062, 66.30999755859375, 66.70999908447266, 66.55000305175781, 65.31999969482422, 64.41999816894531, 65.48999786376953, 67.51000213623047, 67.25, 65.4800033569336, 67.02999877929688, 65.81999969482422, 66.91000366210938, 66.43000030517578, 65.30999755859375, 67.02999877929688, 67.75, 67.66000366210938, 68.30000305175781, 68.0199966430664, 68.80000305175781, 67.62000274658203, 68.01000213623047, 67.8499984741211, 68.05000305175781, 68.06999969482422, 68.23999786376953, 68.4000015258789, 67.86000061035156, 66.19000244140625, 66.4000015258789, 66.87999725341797, 67.69999694824219, 67.8499984741211, 68.05000305175781, 68.23999786376953, 69.1500015258789, 68.06999969482422, 67.88999938964844, 68.44000244140625, 68.88999938964844, 68.72000122070312, 67.37000274658203, 67.52999877929688, 68.29000091552734, 68.77999877929688, 67.58000183105469, 68.08999633789062, 67.94000244140625, 66.45999908447266]
backdoor_accuracy=[0, 12.3, 10.7, 6.1, 5.0, 3.7, 5.0, 7.7, 3.1, 1.7, 1.5, 1.9, 2.9, 1.8, 6.2, 0.6, 0.6, 1.0, 0.5, 4.1, 3.4, 2.1, 0.5, 0.9, 1.6, 2.5, 2.5, 0.5, 0.8, 2.4, 2.1, 1.2, 1.8, 1.5, 2.0, 0.5, 1.9, 2.3, 1.2, 1.8, 0.4, 2.2, 2.0, 0.6, 1.2, 2.6, 1.3, 2.3, 3.0, 1.6, 2.4, 1.4, 3.0, 2.7, 2.2, 7.4, 2.1, 2.8, 4.0, 2.1, 1.6, 1.7, 1.8, 2.2, 1.4, 1.5, 1.1, 1.1, 0.9, 3.9, 3.6, 1.1, 5.6, 2.0, 3.5, 1.3, 4.6, 2.3, 2.6, 3.1, 0.3, 1.3, 2.6, 2.8, 5.3, 2.7, 2.6, 2.5, 1.6, 0.8, 1.4, 2.9, 3.8, 0.6, 3.3, 1.6, 1.6, 3.5, 2.3, 2.5, 3.6]
loss_list=[1.9757184520032671, 1.5141883350743188, 1.180202412903309, 0.9633379181557231, 0.8257412450843389, 0.7119181250532467, 0.7270486377345191, 0.5938356104368965, 0.5732817336399523, 0.5607033697619206, 0.5431969794134299, 0.5421301107915737, 0.5081677863788273, 0.4656062058607736, 0.4963778863505771, 0.49358749355292986, 0.4396652628988443, 0.391593034185676, 0.5020095498973711, 0.43056557363830517, 0.3910934214511265, 0.441015094347919, 0.4191699005083905, 0.4052057081222949, 0.39497773929499086, 0.4321292155018697, 0.43481208747563266, 0.3693256010798116, 0.409706332577496, 0.3784953847972469, 0.37973513494349187, 0.40931522691932815, 0.3624476228421554, 0.3891123483511102, 0.39779421767012946, 0.3103100898742884, 0.40729119959390825, 0.35598208718984903, 0.35492826628033064, 0.40336027584814776, 0.37050972371672586, 0.3794753450075061, 0.3468024618385566, 0.3393170534224353, 0.3516189279360697, 0.3427324542056562, 0.37009232261114655, 0.30686323700886636, 0.3718114700261503, 0.3626492453656262, 0.332587377356055, 0.3684038440790028, 0.31523994226163865, 0.3166967109107, 0.3607787953224033, 0.36998272289056333, 0.35013003907062945, 0.26497064461362446, 0.27871324239867845, 0.36330968170763095, 0.27727806056021814, 0.34987041643303307, 0.28427547441743733, 0.3186894568627597, 0.34949501071487454, 0.2770433872855372, 0.25273193766983854, 0.24991756015767655, 0.2784982062423499, 0.2592823441430098, 0.21188436539791933, 0.30143089094509673, 0.2636607006132706, 0.263735991580567, 0.29285241277759066, 0.2803182909901565, 0.2511225143742437, 0.272260858768649, 0.29148673600310254, 0.33946196590912425, 0.3340626465837057, 0.3142638415310325, 0.32170014683829823, 0.326339313696242, 0.2378774874163274, 0.31069120246580695, 0.2913912407958156, 0.27841987240981936, 0.28207981918343444, 0.25528879868332294, 0.23673148706400143, 0.23962297835245006, 0.3034067594891207, 0.2994095934562696, 0.2831311057184616, 0.2936494397928213, 0.32241017139490896, 0.30452987827127803, 0.307433743262146, 0.3055952573130425]
BBSR:15.45940246689997
ABSR:18.497028509425423
max acc:68.89
