======================================
    IID: 0
    Dataset: mnist
    Model: Mnist_CNN
    Model Init: None
    Aggregation Function: fltrust
    Fraction NonIID: 0
    Long attack: 3
    Wide attack: 3
    Wide attack: trust
    Threshold reject: 0.5
    Threshold down: 0.0
    Attack method: badnet
    Fraction of malicious agents: 13.0%
    Poison Frac: 0.2
    Backdoor From 7 to 2
    Attack Begin: 0
    Trigger Shape: square
    Type poisoning: 
    Trigger Position X: 0
    Trigger Position Y: 0
    Number of agents: 100
    Fraction of agents each turn: 30(30.0%)
    Local batch size: 50
    Local epoch: 3
    Client_LR: 0.01
    Client_Momentum: 0.9
    Global Rounds: 100
    Dataset In Server: 200
======================================
main_task_accuracy=[0, 21.270000457763672, 58.220001220703125, 50.029998779296875, 69.48999786376953, 45.849998474121094, 55.11000061035156, 69.37000274658203, 79.51000213623047, 81.5, 82.66999816894531, 80.0199966430664, 83.86000061035156, 82.91999816894531, 87.58000183105469, 74.0999984741211, 84.37000274658203, 87.94000244140625, 90.19999694824219, 87.94999694824219, 91.16000366210938, 90.37999725341797, 90.11000061035156, 89.0999984741211, 87.87000274658203, 90.55000305175781, 93.12999725341797, 91.43000030517578, 88.75, 91.81999969482422, 91.02999877929688, 93.94999694824219, 89.55999755859375, 94.0, 90.41999816894531, 94.79000091552734, 95.25, 94.12000274658203, 84.76000213623047, 93.55000305175781, 91.26000213623047, 95.33999633789062, 95.0999984741211, 89.0999984741211, 93.25, 94.98999786376953, 95.58000183105469, 95.08999633789062, 95.43000030517578, 87.9000015258789, 96.02999877929688, 95.2699966430664, 96.41000366210938, 92.0999984741211, 96.63999938964844, 95.08999633789062, 96.97000122070312, 95.62999725341797, 96.73999786376953, 93.58999633789062, 96.72000122070312, 96.27999877929688, 96.62000274658203, 95.75, 96.77999877929688, 96.04000091552734, 96.6500015258789, 95.9800033569336, 96.98999786376953, 95.87000274658203, 97.41999816894531, 92.83999633789062, 97.4800033569336, 96.62000274658203, 97.44000244140625, 97.16000366210938, 97.04000091552734, 97.41000366210938, 97.62000274658203, 96.93000030517578, 96.98999786376953, 97.47000122070312, 95.83000183105469, 97.66999816894531, 96.97000122070312, 96.41999816894531, 97.5199966430664, 96.37000274658203, 96.12999725341797, 96.9800033569336, 97.11000061035156, 95.76000213623047, 97.80000305175781, 96.25, 97.7699966430664, 93.91999816894531, 97.91999816894531, 95.66999816894531, 97.56999969482422, 96.33999633789062, 97.6500015258789]
backdoor_accuracy=[0, 8.852140077821012, 0.8754863813229572, 0.0, 0.38910505836575876, 0.0, 0.6809338521400778, 1.264591439688716, 1.556420233463035, 0.2918287937743191, 5.544747081712062, 1.556420233463035, 3.11284046692607, 1.0700389105058365, 4.377431906614786, 2.431906614785992, 1.264591439688716, 2.237354085603113, 3.6964980544747084, 2.821011673151751, 2.0428015564202333, 1.9455252918287937, 5.252918287937743, 0.9727626459143969, 4.669260700389105, 2.3346303501945527, 2.237354085603113, 2.821011673151751, 3.6964980544747084, 1.6536964980544746, 11.867704280155642, 1.556420233463035, 3.21011673151751, 3.0155642023346303, 2.821011673151751, 5.3501945525291825, 1.9455252918287937, 3.5992217898832686, 3.7937743190661477, 2.431906614785992, 4.182879377431907, 2.0428015564202333, 4.280155642023346, 1.4591439688715953, 4.669260700389105, 2.529182879377432, 8.268482490272374, 3.8910505836575875, 4.961089494163424, 4.571984435797665, 2.0428015564202333, 4.571984435797665, 3.8910505836575875, 2.9182879377431905, 8.365758754863814, 4.280155642023346, 5.3501945525291825, 6.22568093385214, 3.501945525291829, 5.836575875486381, 2.821011673151751, 13.229571984435797, 2.140077821011673, 4.182879377431907, 3.307392996108949, 4.863813229571984, 3.307392996108949, 5.155642023346304, 4.571984435797665, 7.003891050583658, 3.6964980544747084, 3.0155642023346303, 10.214007782101167, 5.3501945525291825, 4.377431906614786, 6.906614785992218, 5.058365758754864, 5.3501945525291825, 4.766536964980545, 8.073929961089494, 4.571984435797665, 6.22568093385214, 1.556420233463035, 19.844357976653697, 2.0428015564202333, 8.657587548638132, 5.739299610894942, 11.575875486381323, 1.6536964980544746, 13.035019455252918, 3.9883268482490273, 5.836575875486381, 4.961089494163424, 4.961089494163424, 4.474708171206226, 2.6264591439688716, 6.906614785992218, 4.085603112840467, 12.062256809338521, 4.571984435797665, 6.128404669260701]
loss_list=[0.4484291801851043, 0.3451985048587779, 0.274180345103993, 0.19991746526610854, 0.16343525312750717, 0.17739607343288613, 0.17036082513068213, 0.1590175095252061, 0.13235027717007214, 0.12957748212430786, 0.12375083312219272, 0.10864779700784787, 0.11690404967684272, 0.09697317782984961, 0.07119234333908063, 0.10256378374828054, 0.09414390780866704, 0.10052114456001685, 0.09908760023098336, 0.09396668038922615, 0.07399836955795887, 0.07705068793246853, 0.06981764264309974, 0.0834526223171701, 0.06290862322030058, 0.0685108763509659, 0.0710938067783984, 0.06330485573868651, 0.06166187985932469, 0.07620176067860876, 0.06816150185382072, 0.0634436579585435, 0.06368106525908844, 0.05341934461465865, 0.05812689681012862, 0.05880263981073831, 0.04561737930289477, 0.048878414898249296, 0.06795200587258568, 0.04979764321704382, 0.06148758458065037, 0.04493463434598612, 0.05317560517543814, 0.0484021426909914, 0.05614418783030088, 0.04300150301764887, 0.051629900985895066, 0.047261087877144156, 0.04855811749501534, 0.05576188687175931, 0.04500450921791172, 0.03578158127191237, 0.042842243177882475, 0.04250402440641517, 0.03624599418718906, 0.04261104924605559, 0.039096043482183214, 0.04158736432375549, 0.043113129698272176, 0.04040366995827639, 0.04357076992424112, 0.0343201261858392, 0.0397543965804394, 0.03430740865609169, 0.03755080662931827, 0.03986274801477689, 0.03019962993751546, 0.04153300435816127, 0.03537810844477044, 0.038337572176357276, 0.025491352939315443, 0.04475306908413774, 0.026847155637707096, 0.042784295229078104, 0.0285368711729646, 0.029729739211230694, 0.037903851369871, 0.038229062878534406, 0.029352486667822916, 0.03646781294131937, 0.038666621499877214, 0.03252000812305448, 0.03645190275078254, 0.02978725518079095, 0.034896698681493685, 0.03775438784465368, 0.03048487528860228, 0.030224464522192455, 0.030876230390076205, 0.027753317318356882, 0.031046964004552757, 0.03693349180567075, 0.030059093821647467, 0.02866244709655247, 0.021673367856160024, 0.0378904653414089, 0.029260979651358064, 0.03719386741028748, 0.03211797872011083, 0.03614158840670981]
BBSR:12.06
ABSR:5.66
max acc:97.92
