======================================
    IID: 0
    Dataset: mnist
    Model: Mnist_CNN
    Model Init: None
    Aggregation Function: DABA
    Fraction NonIID: 0
    Long attack: 4
    Wide attack: 4
    Wide attack: trust
    Threshold reject: 0.5
    Threshold down: 0.0
    Attack method: badnet
    Fraction of malicious agents: 13.0%
    Poison Frac: 0.2
    Backdoor From 7 to 2
    Attack Begin: 0
    Trigger Shape: square
    Type poisoning: pgd
    Trigger Position X: 0
    Trigger Position Y: 0
    Number of agents: 100
    Fraction of agents each turn: 30(30.0%)
    Local batch size: 50
    Local epoch: 3
    Client_LR: 0.01
    Client_Momentum: 0.9
    Global Rounds: 100
======================================
main_task_accuracy=[0, 18.68000030517578, 33.11000061035156, 9.739999771118164, 44.040000915527344, 17.350000381469727, 48.97999954223633, 65.19999694824219, 61.849998474121094, 75.33000183105469, 78.9800033569336, 70.08000183105469, 70.27999877929688, 73.0, 80.98999786376953, 90.95999908447266, 79.98999786376953, 80.27999877929688, 80.95999908447266, 82.94999694824219, 82.94000244140625, 71.66999816894531, 89.87999725341797, 91.19000244140625, 93.5999984741211, 87.51000213623047, 93.08000183105469, 95.16999816894531, 94.20999908447266, 87.06999969482422, 91.33000183105469, 90.81999969482422, 94.3499984741211, 94.8499984741211, 92.0199966430664, 91.9000015258789, 92.94000244140625, 90.58000183105469, 90.31999969482422, 93.19999694824219, 94.4000015258789, 95.9800033569336, 95.8499984741211, 92.63999938964844, 94.73999786376953, 94.66000366210938, 86.4800033569336, 92.52999877929688, 92.94000244140625, 96.11000061035156, 97.06999969482422, 96.45999908447266, 94.37000274658203, 96.7699966430664, 95.1500015258789, 84.7300033569336, 91.37000274658203, 94.38999938964844, 96.5199966430664, 96.52999877929688, 96.8499984741211, 95.25, 95.16000366210938, 94.31999969482422, 95.4800033569336, 92.70999908447266, 97.01000213623047, 94.98999786376953, 96.9800033569336, 97.33999633789062, 96.8499984741211, 96.9800033569336, 97.06999969482422, 94.0199966430664, 88.77999877929688, 96.7699966430664, 95.75, 97.68000030517578, 96.23999786376953, 97.30000305175781, 96.80000305175781, 97.33000183105469, 96.73999786376953, 97.05999755859375, 93.06999969482422, 95.48999786376953, 97.6500015258789, 96.72000122070312, 97.12999725341797, 97.63999938964844, 96.33999633789062, 95.45999908447266, 95.04000091552734, 97.47000122070312, 90.37999725341797, 95.80999755859375, 97.83000183105469, 93.33000183105469, 96.95999908447266, 97.80000305175781, 96.83999633789062]
backdoor_accuracy=[0, 0.0, 77.62645914396887, 0.0, 12.84046692607004, 0.0, 1.7509727626459144, 2.0428015564202333, 31.420233463035018, 0.0, 5.642023346303502, 0.5836575875486382, 2.821011673151751, 13.813229571984436, 0.0, 6.42023346303502, 2.0428015564202333, 2.237354085603113, 4.377431906614786, 7.976653696498055, 2.237354085603113, 5.155642023346304, 6.42023346303502, 2.140077821011673, 7.198443579766537, 0.38910505836575876, 3.501945525291829, 3.9883268482490273, 1.556420233463035, 2.0428015564202333, 5.252918287937743, 0.38910505836575876, 11.284046692607005, 1.9455252918287937, 3.7937743190661477, 0.5836575875486382, 4.669260700389105, 1.7509727626459144, 1.9455252918287937, 5.739299610894942, 3.9883268482490273, 4.182879377431907, 3.307392996108949, 1.4591439688715953, 1.8482490272373542, 2.7237354085603114, 1.9455252918287937, 2.3346303501945527, 3.307392996108949, 6.906614785992218, 4.280155642023346, 1.7509727626459144, 2.6264591439688716, 3.5992217898832686, 2.821011673151751, 3.5992217898832686, 1.6536964980544746, 21.69260700389105, 0.48638132295719844, 14.299610894941635, 2.6264591439688716, 0.9727626459143969, 5.447470817120623, 2.140077821011673, 4.182879377431907, 11.478599221789883, 1.6536964980544746, 2.237354085603113, 1.4591439688715953, 1.264591439688716, 13.715953307392995, 4.863813229571984, 2.9182879377431905, 7.2957198443579765, 0.9727626459143969, 70.13618677042801, 58.94941634241245, 4.474708171206226, 84.53307392996109, 1.3618677042801557, 1.8482490272373542, 3.11284046692607, 3.307392996108949, 66.53696498054475, 77.91828793774319, 16.828793774319067, 57.1011673151751, 6.809338521400778, 97.17898832684826, 7.198443579766537, 17.412451361867703, 30.35019455252918, 81.22568093385215, 30.642023346303503, 87.15953307392996, 96.98443579766537, 32.5875486381323, 86.7704280155642, 76.75097276264592, 87.06225680933852, 55.35019455252918]
loss_list=[0.47413837166479395, 0.36597284202268754, 0.4663448120218633, 0.44235039387862224, 0.23017013775435483, 0.29058339943858064, 0.2010584846288583, 0.1501843947278956, 0.1496763703937353, 0.1376844653478679, 0.11655832910173179, 0.12335493849416328, 0.13212061399536443, 0.1210595319821129, 0.09793738883163189, 0.08512292464236025, 0.0942969122575125, 0.132860616715737, 0.10093502278985582, 0.1052611979131033, 0.10625688490240072, 0.11375244862703596, 0.09709258113974405, 0.07213993754449534, 0.06515327513862444, 0.08036946143873448, 0.05969417302033815, 0.058586089256334274, 0.05387139996871139, 0.0637673788912225, 0.07375401403925307, 0.056527675250122734, 0.05456128233162995, 0.058402335294093416, 0.057969088783533004, 0.06013347742598354, 0.05550909187583788, 0.05106740383890011, 0.06353603739424257, 0.04992023533875187, 0.04942712614011826, 0.046949751255409004, 0.04385303763605901, 0.053114596305826274, 0.04189818060298619, 0.05880856863491119, 0.0652199007197918, 0.0595544206668639, 0.049157882022654545, 0.043173027998324225, 0.033154665526701106, 0.03991461545524165, 0.04504763001039372, 0.03636757228506856, 0.04827578461341188, 0.05276007544652236, 0.053727757761292474, 0.04164351944544912, 0.04579071912372304, 0.037249194322997906, 0.03941855850059668, 0.04273466183677896, 0.04499653210650329, 0.048517784575716615, 0.046882908809389945, 0.041952538297186884, 0.036741340517058955, 0.04172170696720214, 0.03037976255729179, 0.03453017535281923, 0.03364701914508188, 0.03460746847303898, 0.030804422063196984, 0.051468819618502366, 0.05170385220459841, 0.03496012910993715, 0.045176735132270114, 0.03709352772949888, 0.03761199919749763, 0.031248373269444428, 0.03613247755228267, 0.030882860457627653, 0.04208233837460005, 0.04055426285050864, 0.04346498796170904, 0.03963420370338537, 0.03477896398363351, 0.03199565670803395, 0.033331146312385186, 0.03058264441970075, 0.03434608906937876, 0.03171681032406257, 0.038554225844033695, 0.03227538754677424, 0.0427181523867263, 0.0352800170032685, 0.030430159417272125, 0.04095005990367873, 0.03079754166712041, 0.02649144646409093]
BBSR:96.98
ABSR:66.49
max acc:97.83
