======================================
    IID: 1
    Dataset: cifar
    Model: resnet
    Model Init: None
    Aggregation Function: DABA
    Fraction NonIID: 0
    Long attack: 3
    Wide attack: 3
    Wide attack: trust
    Threshold reject: 0.5
    Threshold down: 0.0
    Attack method: badnet
    Fraction of malicious agents: 13.0%
    Poison Frac: 0.2
    Backdoor From 7 to 2
    Attack Begin: 0
    Trigger Shape: square
    Type poisoning: 
    Trigger Position X: 0
    Trigger Position Y: 0
    Number of agents: 100
    Fraction of agents each turn: 30(30.0%)
    Local batch size: 50
    Local epoch: 3
    Client_LR: 0.01
    Client_Momentum: 0.9
    Global Rounds: 100
======================================
main_task_accuracy=[0, 10.3100004196167, 34.5099983215332, 44.5, 46.93000030517578, 52.119998931884766, 53.7400016784668, 56.02000045776367, 59.25, 60.95000076293945, 62.45000076293945, 61.060001373291016, 63.43000030517578, 64.37000274658203, 65.05999755859375, 65.62000274658203, 67.06999969482422, 65.2300033569336, 66.88999938964844, 67.52999877929688, 68.06999969482422, 67.23999786376953, 68.44000244140625, 68.62000274658203, 69.69999694824219, 70.11000061035156, 70.33000183105469, 70.80000305175781, 68.69000244140625, 70.80999755859375, 71.93000030517578, 71.83000183105469, 71.41000366210938, 71.72000122070312, 71.41000366210938, 71.8499984741211, 72.0199966430664, 72.22000122070312, 72.48999786376953, 72.31999969482422, 73.01000213623047, 72.80000305175781, 72.88999938964844, 73.01000213623047, 73.23999786376953, 73.19000244140625, 72.97000122070312, 72.98999786376953, 73.23999786376953, 73.05999755859375, 72.98999786376953, 73.30999755859375, 72.87000274658203, 73.12000274658203, 73.18000030517578, 73.05999755859375, 73.05999755859375, 73.16999816894531, 72.86000061035156, 72.98999786376953, 73.12000274658203, 73.19999694824219, 73.12000274658203, 72.97000122070312, 73.05000305175781, 72.9800033569336, 73.0199966430664, 73.0199966430664, 73.05999755859375, 72.98999786376953, 72.94999694824219, 72.87999725341797, 72.80000305175781, 72.83999633789062, 72.87999725341797, 72.81999969482422, 72.8499984741211, 72.87000274658203, 72.95999908447266, 72.76000213623047, 72.75, 72.79000091552734, 72.87000274658203, 73.0199966430664, 72.94000244140625, 72.83999633789062, 72.77999877929688, 72.87999725341797, 72.91000366210938, 72.8499984741211, 72.9000015258789, 73.01000213623047, 72.9800033569336, 72.91000366210938, 72.8499984741211, 72.62999725341797, 72.91000366210938, 72.91000366210938, 72.77999877929688, 72.83999633789062, 72.72000122070312]
backdoor_accuracy=[0, 0.2, 8.3, 7.9, 6.4, 4.4, 4.3, 6.2, 3.7, 4.0, 2.2, 1.7, 1.6, 2.3, 2.2, 2.2, 2.9, 1.0, 1.2, 0.8, 2.5, 2.5, 0.5, 2.0, 0.8, 1.4, 0.9, 1.0, 0.8, 1.5, 1.8, 1.2, 1.3, 1.5, 2.0, 2.0, 2.6, 2.5, 1.6, 2.2, 2.4, 1.5, 1.9, 1.6, 2.2, 2.1, 1.9, 1.9, 2.6, 2.4, 2.9, 2.2, 3.6, 2.7, 2.7, 2.9, 2.8, 2.5, 2.0, 3.0, 3.5, 2.4, 2.6, 2.4, 3.0, 2.6, 2.4, 2.7, 3.2, 2.7, 2.9, 2.6, 3.3, 3.4, 3.6, 3.0, 3.4, 3.4, 2.8, 2.4, 3.4, 2.9, 3.3, 3.1, 3.1, 2.9, 3.1, 3.2, 2.9, 3.0, 2.9, 3.0, 3.1, 3.1, 3.2, 2.1, 2.9, 3.3, 2.9, 3.1, 2.9]
loss_list=[1.9851664483547207, 1.5152893687619098, 1.1119491370187866, 0.9132564034561318, 0.7569388700111047, 0.6593236955006918, 0.6050943763926624, 0.5175787949893209, 0.5266844000460373, 0.46139712816104284, 0.4464339213818311, 0.43569433144190256, 0.3985190549534229, 0.34408391197108557, 0.3403586887878676, 0.35195801349874173, 0.3312065441854713, 0.3117141096847546, 0.2649628787891318, 0.2738194433351358, 0.26214280307913823, 0.23728460609473082, 0.2707054549667777, 0.2430813248582288, 0.20059415529844246, 0.19471811020022473, 0.17742901725409968, 0.19005624934720497, 0.16438952075550334, 0.1303348686950954, 0.13052415601210668, 0.13484215613700343, 0.11461083079972822, 0.12043288112113562, 0.11799316089225208, 0.0988932769644695, 0.09392244473436016, 0.07119787135368423, 0.09695259749520728, 0.06326253264777025, 0.03319219068468859, 0.05837696528547289, 0.04432860193858181, 0.019206614371279206, 0.019838564366477338, 0.028554123737105537, 0.025583639474385154, 0.021472089739238275, 0.00979704973145595, 0.03154020115272336, 0.013623703452402785, 0.014686281644001915, 0.004754212640174146, 0.012519040425104324, 0.01153371104188004, 0.007865345834967835, 0.0064272049533934065, 0.006404820484603988, 0.006023506221600755, 0.008715628935816412, 0.017351484730105667, 0.003766169943102998, 0.0038502131816090294, 0.0024783185537024916, 0.004019171565030573, 0.002030443294885723, 0.0017337106209985604, 0.0021434671405101352, 0.002732821212864817, 0.0021252735940247985, 0.002780887552524089, 0.0020997154080638816, 0.0011761116588928013, 0.0012454401796276216, 0.002350300377163674, 0.001990945727924958, 0.001549029642758089, 0.0012949063213293101, 0.0033764653308834473, 0.001482949361250374, 0.0018228723761341016, 0.0008986919474894724, 0.0019988593680480126, 0.0009127558872811884, 0.0015513637023428198, 0.0010373434539683835, 0.01091779133195814, 0.0009424216559596569, 0.0008370104940614611, 0.0008712768779433745, 0.0016603747514859104, 0.0008247936512634624, 0.0013674243796655593, 0.001595669312850482, 0.004745078071864553, 0.0008301682970179374, 0.0007604208055595844, 0.0010897031865412525, 0.0006529015896376224, 0.0007034407580310168]
BBSR:3.3
ABSR:2.96
max acc:73.01
