======================================
    IID: 0
    Dataset: mnist
    Model: Mnist_CNN
    Model Init: None
    Aggregation Function: avg
    Fraction NonIID: 0
    Long attack: 3
    Wide attack: 3
    Wide attack: trust
    Threshold reject: 0.5
    Threshold down: 0.0
    Attack method: badnet
    Fraction of malicious agents: 30.0%
    Poison Frac: 0.2
    Backdoor From 7 to 2
    Attack Begin: 0
    Trigger Shape: square
    Type poisoning: 
    Trigger Position X: 0
    Trigger Position Y: 0
    Number of agents: 100
    Fraction of agents each turn: 30(30.0%)
    Local batch size: 50
    Local epoch: 3
    Client_LR: 0.01
    Client_Momentum: 0.9
    Global Rounds: 100
======================================
main_task_accuracy=[0, 43.06999969482422, 40.779998779296875, 39.45000076293945, 49.400001525878906, 68.86000061035156, 64.80000305175781, 75.18000030517578, 78.16999816894531, 82.68000030517578, 87.7300033569336, 88.11000061035156, 87.72000122070312, 91.79000091552734, 92.98999786376953, 92.55999755859375, 94.73999786376953, 94.12000274658203, 94.76000213623047, 95.76000213623047, 95.1500015258789, 90.29000091552734, 89.75, 94.30000305175781, 95.55000305175781, 94.02999877929688, 94.81999969482422, 95.01000213623047, 96.58000183105469, 96.52999877929688, 97.05000305175781, 96.30000305175781, 96.5, 96.83000183105469, 96.51000213623047, 97.18000030517578, 97.2699966430664, 96.80000305175781, 97.45999908447266, 96.80999755859375, 97.27999877929688, 97.18000030517578, 97.25, 97.61000061035156, 96.97000122070312, 97.08000183105469, 97.5, 97.58000183105469, 97.44999694824219, 97.83000183105469, 97.26000213623047, 97.41000366210938, 97.58000183105469, 97.63999938964844, 97.56999969482422, 98.06999969482422, 97.5199966430664, 97.98999786376953, 97.12000274658203, 97.91999816894531, 98.12999725341797, 97.95999908447266, 97.55999755859375, 97.27999877929688, 98.0199966430664, 98.19999694824219, 98.12999725341797, 98.12999725341797, 97.77999877929688, 97.97000122070312, 97.91000366210938, 98.20999908447266, 97.69999694824219, 97.87000274658203, 98.27999877929688, 98.26000213623047, 97.94000244140625, 98.4000015258789, 98.0, 98.22000122070312, 98.0, 97.79000091552734, 98.01000213623047, 98.06999969482422, 98.19999694824219, 98.2300033569336, 98.51000213623047, 98.33000183105469, 98.56999969482422, 98.44000244140625, 98.51000213623047, 98.25, 98.5199966430664, 98.55999755859375, 98.43000030517578, 97.55999755859375, 98.19999694824219, 98.22000122070312, 98.52999877929688, 98.62000274658203, 98.37000274658203]
backdoor_accuracy=[0, 6.906614785992218, 1.556420233463035, 0.0, 27.723735408560312, 21.40077821011673, 0.19455252918287938, 25.68093385214008, 0.0, 8.754863813229573, 23.832684824902724, 8.852140077821012, 10.992217898832685, 16.245136186770427, 14.688715953307392, 22.762645914396888, 26.361867704280154, 46.30350194552529, 22.66536964980545, 53.69649805447471, 31.32295719844358, 33.65758754863813, 50.97276264591439, 25.972762645914397, 94.26070038910505, 88.61867704280155, 50.778210116731515, 93.8715953307393, 94.55252918287938, 89.78599221789884, 99.5136186770428, 99.80544747081711, 98.63813229571984, 99.61089494163424, 98.15175097276264, 99.70817120622569, 99.5136186770428, 99.90272373540856, 99.5136186770428, 99.61089494163424, 99.90272373540856, 99.90272373540856, 99.80544747081711, 99.90272373540856, 99.70817120622569, 99.70817120622569, 100.0, 100.0, 100.0, 100.0, 99.90272373540856, 100.0, 99.80544747081711, 100.0, 99.90272373540856, 100.0, 100.0, 100.0, 100.0, 100.0, 100.0, 100.0, 100.0, 100.0, 100.0, 100.0, 100.0, 100.0, 100.0, 100.0, 100.0, 100.0, 100.0, 100.0, 100.0, 100.0, 100.0, 100.0, 100.0, 100.0, 100.0, 100.0, 100.0, 100.0, 100.0, 100.0, 100.0, 100.0, 100.0, 100.0, 100.0, 100.0, 100.0, 100.0, 100.0, 100.0, 100.0, 100.0, 100.0, 100.0, 100.0]
loss_list=[0.47330308818143274, 0.263340470235394, 0.21241054947625612, 0.242069361129709, 0.182685101574988, 0.20581181327971385, 0.14038315177723062, 0.13024516518798868, 0.12259999339991134, 0.10290134422213391, 0.09049550228374785, 0.06751583879559385, 0.05958951088130399, 0.07171550909461864, 0.066505044071116, 0.06150514646322839, 0.05150206600468957, 0.05332331251842101, 0.05128080892793489, 0.05830847274538423, 0.044522418655384643, 0.05965917245811148, 0.06723123949918715, 0.05001845809155341, 0.03750657265227462, 0.045277486084069535, 0.04393182281637902, 0.04237268289644636, 0.034159886368461026, 0.04361218397872905, 0.0360554910596899, 0.044888114511494284, 0.035476670431378296, 0.04122036426164652, 0.03870084218974653, 0.03152174827338565, 0.03625917140524378, 0.032460571015535275, 0.033648317036457966, 0.02990263173534732, 0.031091117719439242, 0.03928710736388579, 0.035211617312318075, 0.03502126992892496, 0.0293552221253246, 0.026282571463792325, 0.027941724519203584, 0.023976617241294008, 0.031135952310300082, 0.031781087080612974, 0.030178326540281634, 0.029347633341837057, 0.027280731042822186, 0.029088137805535756, 0.02693152100693678, 0.024444908204676968, 0.026190887561098112, 0.023891936070515596, 0.028338479229956578, 0.03162149775604204, 0.028381809809985725, 0.027281135967784663, 0.023913985254611383, 0.030917563498793595, 0.02343382343951091, 0.021839341679360445, 0.020218571405925586, 0.01953715799974387, 0.02420492960833221, 0.027738412556918886, 0.022430757999308697, 0.023478010535501005, 0.02097976350355446, 0.022920926967817886, 0.028019192435745997, 0.020725392095388605, 0.02313761916124578, 0.022144437761905618, 0.025260601157773666, 0.021937914896309675, 0.02539125439449115, 0.018879712687967374, 0.023722306593182054, 0.021529440398664598, 0.019900276786323185, 0.01946501336931961, 0.020444937956584287, 0.019102519517732473, 0.017937592655587857, 0.01842421963104712, 0.019133416437531987, 0.019683938855345383, 0.0188685076677957, 0.01714551577144253, 0.021251581459944446, 0.020731239643388185, 0.015726727778772546, 0.020568344810867664, 0.018779248742205604, 0.01616724525660831]
BBSR:100.0
ABSR:100.0
max acc:98.62
