======================================
    IID: 0
    Dataset: fashion_mnist
    Model: Mnist_CNN
    Model Init: None
    Aggregation Function: RLR
    Fraction NonIID: 0
    Long attack: 3
    Wide attack: 3
    Wide attack: trust
    Threshold reject: 0.5
    Threshold down: 0.0
    Attack method: dba
    Fraction of malicious agents: 30.0%
    Poison Frac: 0.2
    Backdoor From 7 to 2
    Attack Begin: 0
    Trigger Shape: square
    Type poisoning: 
    Trigger Position X: 0
    Trigger Position Y: 0
    Number of agents: 100
    Fraction of agents each turn: 30(30.0%)
    Local batch size: 50
    Local epoch: 3
    Client_LR: 0.01
    Client_Momentum: 0.9
    Global Rounds: 100
    RobustLR_threshold: 4
======================================
main_task_accuracy=[0, 65.79000091552734, 71.83000183105469, 75.13999938964844, 76.41000366210938, 77.48999786376953, 79.01000213623047, 78.93000030517578, 79.22000122070312, 79.94000244140625, 80.72000122070312, 81.02999877929688, 81.91999816894531, 82.56999969482422, 82.11000061035156, 83.11000061035156, 83.44999694824219, 83.66999816894531, 83.88999938964844, 84.12999725341797, 84.43000030517578, 83.66999816894531, 84.43000030517578, 85.04000091552734, 85.05000305175781, 85.11000061035156, 85.48999786376953, 85.69999694824219, 86.0, 85.75, 85.95999908447266, 86.23999786376953, 85.80999755859375, 86.27999877929688, 86.33000183105469, 86.62000274658203, 86.66999816894531, 86.62999725341797, 86.86000061035156, 86.68000030517578, 86.88999938964844, 87.06999969482422, 86.91999816894531, 87.16000366210938, 87.30000305175781, 87.33000183105469, 87.31999969482422, 87.69999694824219, 87.5999984741211, 87.37000274658203, 87.69999694824219, 87.81999969482422, 87.72000122070312, 88.05000305175781, 87.86000061035156, 87.8499984741211, 88.06999969482422, 88.0, 88.11000061035156, 87.91000366210938, 88.22000122070312, 88.12000274658203, 88.36000061035156, 88.36000061035156, 88.37000274658203, 88.30999755859375, 88.55000305175781, 88.52999877929688, 88.36000061035156, 88.62000274658203, 88.70999908447266, 88.55999755859375, 88.5, 88.81999969482422, 88.91999816894531, 88.69000244140625, 88.9000015258789, 88.91000366210938, 88.86000061035156, 88.9800033569336, 88.94999694824219, 88.95999908447266, 88.77999877929688, 89.12999725341797, 89.13999938964844, 89.08999633789062, 89.19000244140625, 88.9800033569336, 89.08999633789062, 89.12000274658203, 89.19000244140625, 89.30000305175781, 89.0, 89.45999908447266, 89.38999938964844, 89.45999908447266, 89.47000122070312, 89.36000061035156, 89.33000183105469, 89.41000366210938, 89.44999694824219]
backdoor_accuracy=[0, 0.0, 0.0, 0.1, 0.3, 11.4, 61.3, 89.2, 97.4, 99.7, 100.0, 100.0, 100.0, 100.0, 100.0, 100.0, 100.0, 100.0, 100.0, 100.0, 100.0, 100.0, 100.0, 100.0, 100.0, 100.0, 100.0, 100.0, 100.0, 100.0, 100.0, 100.0, 100.0, 100.0, 100.0, 100.0, 100.0, 100.0, 100.0, 100.0, 100.0, 100.0, 100.0, 100.0, 100.0, 100.0, 100.0, 100.0, 100.0, 100.0, 100.0, 100.0, 100.0, 100.0, 100.0, 100.0, 100.0, 100.0, 100.0, 100.0, 100.0, 100.0, 100.0, 100.0, 100.0, 100.0, 100.0, 100.0, 100.0, 100.0, 100.0, 100.0, 100.0, 100.0, 100.0, 100.0, 100.0, 100.0, 100.0, 100.0, 100.0, 100.0, 100.0, 100.0, 100.0, 100.0, 100.0, 100.0, 100.0, 100.0, 100.0, 100.0, 100.0, 100.0, 100.0, 100.0, 100.0, 100.0, 100.0, 100.0, 100.0]
loss_list=[1.3959053590617794, 0.8873888825928723, 0.6314622652751429, 0.5829105780356459, 0.5465471156217434, 0.4841842281390672, 0.471457117671768, 0.46045098115034677, 0.44626485242473846, 0.39190800223775474, 0.45028109621532525, 0.4034413257544791, 0.3822938184426338, 0.39328402725082856, 0.4136643675535365, 0.3449933082382712, 0.36148269577296793, 0.3800038449224774, 0.3509968332049471, 0.3296763876660002, 0.36949207815859053, 0.3444535710952348, 0.33474362685379616, 0.34527418362666606, 0.32919801402906024, 0.3214792456822815, 0.3232733624297436, 0.3436099110723093, 0.3289786079277595, 0.298443376471254, 0.32843178302325593, 0.3113511106344285, 0.28286099290406264, 0.31395831073944774, 0.28723788767777114, 0.27882720359290647, 0.2980231370535437, 0.2897156509018882, 0.29304301399668614, 0.2582914125795166, 0.30544859017762876, 0.316391019374822, 0.25583166285176523, 0.2820090909522992, 0.2628344495815259, 0.2598944172780547, 0.28473889993814133, 0.28748751022094104, 0.2602537623192701, 0.25981999700026653, 0.27256910544302726, 0.2733876076699408, 0.24600867186845454, 0.23839641542829296, 0.25450048870234576, 0.24424979082412196, 0.2555953344468166, 0.279837584209249, 0.252885939805182, 0.21562906869652648, 0.2706832477702173, 0.2631398063222016, 0.2179425305462684, 0.23285778326292825, 0.2553471306787321, 0.24465493564149018, 0.2295170438993308, 0.25689686328448624, 0.2566704701339067, 0.2253491794173089, 0.2531667102887123, 0.24731909945193267, 0.2196134909849476, 0.24946984536255953, 0.23824065996989333, 0.22765529771783838, 0.21632424787859675, 0.24971951425110023, 0.2200287949259358, 0.20025513995335334, 0.23066727281375615, 0.24645636583747407, 0.19663032503384678, 0.22376707957678094, 0.2245507162133301, 0.21089327328286517, 0.20519248297851947, 0.22682481804793628, 0.21879694443368516, 0.21480004270905972, 0.23224467143623367, 0.22010637110064699, 0.20043512879681114, 0.2300661445215896, 0.22985587551224013, 0.20446812722625005, 0.20758063650724512, 0.23337621206107242, 0.21259617686823565, 0.19312864350396453]
BBSR:100.0
ABSR:100.0
max acc:89.47
