======================================
    IID: 1
    Dataset: cifar
    Model: resnet
    Model Init: None
    Aggregation Function: fltrust
    Fraction NonIID: 0
    Long attack: 3
    Wide attack: 3
    Wide attack: trust
    Threshold reject: 0.5
    Threshold down: 0.0
    Attack method: dba
    Fraction of malicious agents: 20.0%
    Poison Frac: 0.2
    Backdoor From 7 to 2
    Attack Begin: 0
    Trigger Shape: square
    Type poisoning: 
    Trigger Position X: 0
    Trigger Position Y: 0
    Number of agents: 100
    Fraction of agents each turn: 30(30.0%)
    Local batch size: 50
    Local epoch: 3
    Client_LR: 0.01
    Client_Momentum: 0.9
    Global Rounds: 100
    Dataset In Server: 200
======================================
main_task_accuracy=[0, 10.800000190734863, 10.65999984741211, 13.75, 22.950000762939453, 31.549999237060547, 35.7400016784668, 41.040000915527344, 45.560001373291016, 46.5099983215332, 49.08000183105469, 53.65999984741211, 54.61000061035156, 51.40999984741211, 52.68000030517578, 53.290000915527344, 56.959999084472656, 54.56999969482422, 55.88999938964844, 58.27000045776367, 58.79999923706055, 59.75, 61.150001525878906, 59.79999923706055, 58.02000045776367, 61.279998779296875, 62.5099983215332, 62.63999938964844, 63.189998626708984, 63.779998779296875, 63.72999954223633, 64.12000274658203, 63.689998626708984, 63.33000183105469, 63.459999084472656, 64.91000366210938, 65.3499984741211, 65.3499984741211, 64.12999725341797, 64.16000366210938, 64.91999816894531, 65.86000061035156, 65.38999938964844, 65.16000366210938, 66.12999725341797, 66.37000274658203, 66.79000091552734, 67.0199966430664, 67.45999908447266, 67.48999786376953, 68.7699966430664, 68.19999694824219, 67.08999633789062, 68.69999694824219, 69.12000274658203, 68.1500015258789, 69.29000091552734, 69.01000213623047, 68.63999938964844, 69.72000122070312, 68.43000030517578, 70.2300033569336, 70.26000213623047, 69.72000122070312, 69.01000213623047, 69.33000183105469, 70.37999725341797, 69.08000183105469, 70.62999725341797, 70.62000274658203, 69.0199966430664, 70.4000015258789, 69.55999755859375, 70.37999725341797, 70.12000274658203, 69.2300033569336, 71.44999694824219, 70.58999633789062, 71.48999786376953, 70.01000213623047, 69.48999786376953, 71.62999725341797, 70.48999786376953, 71.55999755859375, 71.9800033569336, 70.1500015258789, 69.47000122070312, 71.41999816894531, 71.75, 71.41000366210938, 71.0199966430664, 71.3499984741211, 70.48999786376953, 71.3499984741211, 70.5199966430664, 71.81999969482422, 69.98999786376953, 70.38999938964844, 71.83000183105469, 70.37999725341797, 69.33999633789062]
backdoor_accuracy=[0, 4.3, 86.5, 42.7, 26.8, 16.9, 8.3, 6.8, 6.2, 6.1, 5.2, 7.5, 5.2, 3.2, 4.9, 4.3, 4.7, 4.6, 5.9, 9.1, 8.0, 6.9, 6.8, 7.3, 1.5, 3.5, 4.9, 6.8, 4.5, 4.7, 8.5, 5.6, 5.5, 3.2, 3.8, 9.7, 8.6, 7.0, 4.7, 3.7, 2.9, 4.2, 3.6, 4.3, 3.4, 2.8, 2.7, 3.5, 5.4, 5.6, 4.3, 3.8, 3.7, 3.6, 3.9, 4.5, 4.0, 4.0, 3.0, 3.3, 3.3, 4.4, 4.0, 4.5, 3.6, 2.9, 2.9, 3.1, 5.6, 3.0, 2.4, 6.1, 5.0, 3.7, 4.1, 3.9, 4.0, 3.1, 5.1, 2.1, 2.2, 4.3, 2.6, 7.9, 3.6, 2.2, 1.5, 2.8, 3.8, 3.8, 3.3, 3.7, 3.0, 2.3, 3.1, 3.9, 1.9, 4.2, 6.2, 2.9, 2.1]
loss_list=[1.9690682460202105, 1.5353233548005423, 1.1508155158493254, 1.0096104708810647, 0.8877871475451522, 0.8569210975699951, 0.7641289857195483, 0.75536016119851, 0.7263965183165338, 0.6922618967294694, 0.6553350568148825, 0.8044545170416433, 0.6927118113662839, 1.0076474726365674, 0.7018122589588164, 0.7359016949197072, 0.6642912228819398, 0.7444920347796544, 0.6122247025269707, 0.7257086139917373, 0.5165440115930201, 0.727863074772888, 0.5465399103430618, 0.5435801024393491, 0.6328375580918507, 0.5358699995028373, 0.5326009928369119, 0.4869975967218893, 0.5167051459291382, 0.44318398897768924, 0.5083838830580418, 0.5111720162278248, 0.41026130870708993, 0.4798315319162795, 0.4204422855560874, 0.4914747575305713, 0.3830443760795364, 0.4023399135061644, 0.44866376368697586, 0.430395698712285, 0.5115229807726831, 0.4147717100317176, 0.4434324498834191, 0.43707627499980534, 0.3915705712862675, 0.36160666141141623, 0.3778338941374872, 0.3238738354192012, 0.41966057827722075, 0.3483375890875081, 0.366167935827139, 0.39112571636214855, 0.3468376062723756, 0.28576482151382765, 0.29131792422539243, 0.2820747709773584, 0.2669226249439331, 0.24158054718172126, 0.33831541956053124, 0.23073898510580568, 0.25256150748477213, 0.3080929574118151, 0.2542598225949849, 0.2511689919185462, 0.20560918791711127, 0.23441690602119905, 0.20656278102484066, 0.2200648161389917, 0.18811905789286057, 0.2393825903817196, 0.20637123118374598, 0.25042681720185406, 0.22786411306639714, 0.18051085475754614, 0.19717426289539114, 0.24145654570505334, 0.20814663204636114, 0.1388072491402919, 0.17020987866769746, 0.16724843159233896, 0.19026257437013558, 0.18102452567590968, 0.13798415290046248, 0.1702329351793095, 0.08485494029624129, 0.14138356816114134, 0.14732057948991292, 0.17849765915850485, 0.09891652354737744, 0.1448796796442346, 0.12617394817313954, 0.15521610998871943, 0.0808009726275082, 0.12271316511006766, 0.13263274197013947, 0.09892233077055104, 0.24679585269652307, 0.11064057450120647, 0.09027239595539868, 0.09694383319628995]
BBSR:6.2
ABSR:3.33
max acc:71.83
