======================================
    IID: 0
    Dataset: mnist
    Model: Mnist_CNN
    Model Init: None
    Aggregation Function: flame
    Fraction NonIID: 0
    Long attack: 4
    Wide attack: 4
    Wide attack: trust
    Threshold reject: 0.5
    Threshold down: 0.0
    Attack method: badnet
    Fraction of malicious agents: 13.0%
    Poison Frac: 0.2
    Backdoor From 7 to 2
    Attack Begin: 0
    Trigger Shape: square
    Type poisoning: cs
    Trigger Position X: 0
    Trigger Position Y: 0
    Number of agents: 100
    Fraction of agents each turn: 30(30.0%)
    Local batch size: 50
    Local epoch: 3
    Client_LR: 0.01
    Client_Momentum: 0.9
    Global Rounds: 100
    Noise in FLAME: 0.001
proportion of malicious are selected:0.63
proportion of benign are selected:0.5481481481481482
======================================
main_task_accuracy=[0, 30.18000030517578, 34.880001068115234, 44.599998474121094, 47.75, 53.90999984741211, 49.900001525878906, 50.52000045776367, 68.80000305175781, 69.04000091552734, 70.8499984741211, 75.22000122070312, 71.51000213623047, 74.30000305175781, 74.20999908447266, 73.86000061035156, 74.12000274658203, 68.69000244140625, 74.08000183105469, 73.18000030517578, 77.2300033569336, 76.80000305175781, 76.79000091552734, 70.55000305175781, 72.06999969482422, 75.93000030517578, 76.37000274658203, 78.0, 77.9800033569336, 78.12000274658203, 76.86000061035156, 77.55999755859375, 77.69999694824219, 77.27999877929688, 77.75, 77.2300033569336, 75.55999755859375, 75.48999786376953, 74.08000183105469, 77.69000244140625, 77.55000305175781, 77.7300033569336, 76.79000091552734, 76.08999633789062, 78.06999969482422, 77.76000213623047, 78.41999816894531, 77.94999694824219, 78.30999755859375, 78.52999877929688, 77.81999969482422, 78.43000030517578, 78.43000030517578, 78.4000015258789, 78.20999908447266, 77.05000305175781, 78.27999877929688, 78.47000122070312, 78.3499984741211, 78.55999755859375, 78.55000305175781, 78.43000030517578, 78.12999725341797, 78.3499984741211, 78.45999908447266, 78.79000091552734, 78.30000305175781, 78.43000030517578, 78.12999725341797, 78.55000305175781, 78.5, 77.98999786376953, 78.02999877929688, 78.08000183105469, 77.62999725341797, 77.6500015258789, 78.7699966430664, 77.26000213623047, 77.63999938964844, 78.76000213623047, 78.76000213623047, 78.9000015258789, 78.5199966430664, 78.47000122070312, 77.68000030517578, 78.54000091552734, 78.91000366210938, 78.63999938964844, 78.5199966430664, 78.33000183105469, 78.58999633789062, 78.75, 78.51000213623047, 78.80000305175781, 78.54000091552734, 78.77999877929688, 78.87999725341797, 79.05000305175781, 78.58999633789062, 78.29000091552734, 78.91999816894531]
backdoor_accuracy=[0, 0.0, 0.0, 0.0, 0.0, 0.0, 0.0, 0.0, 0.0, 0.0, 0.0, 0.0, 0.0, 0.0, 0.0, 0.0, 0.0, 0.0, 0.0, 0.0, 0.0, 0.0, 0.0, 0.0, 0.0, 0.0, 0.2918287937743191, 0.09727626459143969, 0.6809338521400778, 0.48638132295719844, 0.38910505836575876, 0.09727626459143969, 0.0, 0.09727626459143969, 0.7782101167315175, 0.6809338521400778, 1.0700389105058365, 1.6536964980544746, 0.6809338521400778, 11.089494163424124, 2.237354085603113, 1.3618677042801557, 0.5836575875486382, 1.7509727626459144, 45.81712062256809, 15.56420233463035, 18.8715953307393, 4.085603112840467, 12.937743190661479, 14.883268482490273, 17.217898832684824, 13.910505836575876, 2.7237354085603114, 9.727626459143968, 4.863813229571984, 6.712062256809339, 30.93385214007782, 13.424124513618677, 14.105058365758754, 12.645914396887159, 9.04669260700389, 4.669260700389105, 3.501945525291829, 14.785992217898833, 8.268482490272374, 22.17898832684825, 57.490272373540854, 23.540856031128406, 35.992217898832685, 43.77431906614786, 47.95719844357976, 91.63424124513618, 75.0, 81.22568093385215, 69.06614785992218, 98.63813229571984, 99.70817120622569, 93.8715953307393, 99.70817120622569, 98.73540856031128, 99.61089494163424, 99.31906614785993, 99.0272373540856, 98.44357976653697, 95.13618677042801, 99.5136186770428, 99.31906614785993, 97.66536964980544, 99.80544747081711, 99.90272373540856, 100.0, 100.0, 99.90272373540856, 99.80544747081711, 100.0, 99.90272373540856, 100.0, 100.0, 100.0, 100.0, 100.0]
loss_list=[0.5276265059792581, 0.3037556522667648, 0.2790153663294906, 0.2543105452767711, 0.23582815775491975, 0.19833799393703502, 0.22552856194496282, 0.17138888548476808, 0.17237243584796091, 0.1989943140205054, 0.17748666047611467, 0.15073401800560973, 0.18084783274284513, 0.15771001408514224, 0.15450766990194095, 0.17299767223302526, 0.1860768873572936, 0.13483077664836352, 0.13145807941513135, 0.17381963009554885, 0.13784224363894826, 0.1379802329967512, 0.14434541349193586, 0.1400807834371383, 0.13196725520310634, 0.15522180530359117, 0.1506383617738881, 0.12466604578927774, 0.15548453856969296, 0.0955291682225248, 0.16375424691770019, 0.17180800949457106, 0.15503059036032746, 0.19989983408673723, 0.10444044275725943, 0.1314257815554482, 0.12550494065292095, 0.1360980385159636, 0.15355877599107565, 0.19683353465619532, 0.16167906018695063, 0.14414219236949047, 0.12738314349780513, 0.13990337332081745, 0.08892743875212845, 0.15681948442777796, 0.1018152314404454, 0.17236060660233002, 0.14102268460764109, 0.14917454815242662, 0.12480173205434132, 0.1475848548202303, 0.12969205455102228, 0.1077276909983905, 0.09645681451378477, 0.1300920843394562, 0.13228661598306804, 0.1466813669653448, 0.10541490792129597, 0.12057046354694236, 0.1313077254929009, 0.1301279900379807, 0.12785579912684591, 0.14525444227246442, 0.12217208152316075, 0.09919217712096343, 0.10511552461217562, 0.11812658168046884, 0.1038966390215887, 0.12402232365527713, 0.1280533912882387, 0.08479706269771523, 0.14299290747984053, 0.0697045952217502, 0.1225087733794056, 0.16361396248025184, 0.11869066769036608, 0.1089627649464794, 0.13951796554885995, 0.1365753306947657, 0.1422126052306204, 0.09891611072531155, 0.12097267885093667, 0.12313917003210034, 0.11382695957302363, 0.10405637280590235, 0.12931391974507017, 0.13283201236933165, 0.12450204340168429, 0.1669248199062735, 0.11100901087263879, 0.08067202170768459, 0.1365155500321379, 0.10222388921555857, 0.0955409877634938, 0.11577533340484705, 0.1378399774460625, 0.07951706664252178, 0.13196005948473835, 0.15040676545309425]
BBSR:100.0
ABSR:99.96
max acc:79.05
