======================================
    IID: 0
    Dataset: mnist
    Model: Mnist_CNN
    Model Init: None
    Aggregation Function: avg
    Fraction NonIID: 0
    Long attack: 3
    Wide attack: 3
    Wide attack: trust
    Threshold reject: 0.5
    Threshold down: 0.0
    Attack method: badnet
    Fraction of malicious agents: 13.0%
    Poison Frac: 0.2
    Backdoor From 7 to 2
    Attack Begin: 0
    Trigger Shape: square
    Type poisoning: cs
    Trigger Position X: 0
    Trigger Position Y: 0
    Number of agents: 100
    Fraction of agents each turn: 30(30.0%)
    Local batch size: 50
    Local epoch: 3
    Client_LR: 0.01
    Client_Momentum: 0.9
    Global Rounds: 100
======================================
main_task_accuracy=[0, 35.459999084472656, 67.05999755859375, 59.20000076293945, 57.380001068115234, 79.37999725341797, 76.23999786376953, 76.37999725341797, 86.95999908447266, 85.19000244140625, 85.80999755859375, 92.86000061035156, 93.69000244140625, 94.19000244140625, 92.0199966430664, 90.93000030517578, 91.62999725341797, 89.20999908447266, 94.62999725341797, 96.12999725341797, 94.91000366210938, 95.44999694824219, 95.7300033569336, 95.19000244140625, 96.19000244140625, 96.27999877929688, 95.61000061035156, 96.08000183105469, 95.04000091552734, 96.22000122070312, 96.31999969482422, 96.76000213623047, 96.5999984741211, 96.62999725341797, 96.93000030517578, 96.83000183105469, 97.48999786376953, 97.0, 97.33999633789062, 97.33000183105469, 97.5, 96.69999694824219, 97.58000183105469, 97.27999877929688, 97.75, 97.5, 97.91000366210938, 97.7300033569336, 98.0, 97.51000213623047, 97.68000030517578, 98.04000091552734, 97.68000030517578, 97.9000015258789, 98.04000091552734, 98.16999816894531, 98.0999984741211, 97.54000091552734, 98.12000274658203, 98.22000122070312, 97.62999725341797, 98.20999908447266, 98.27999877929688, 97.94999694824219, 98.30999755859375, 97.9000015258789, 98.13999938964844, 98.0999984741211, 97.69000244140625, 98.08000183105469, 98.37000274658203, 97.80000305175781, 98.05999755859375, 98.16000366210938, 98.22000122070312, 98.37999725341797, 98.41000366210938, 98.52999877929688, 98.3499984741211, 98.30999755859375, 98.58000183105469, 98.30999755859375, 98.55000305175781, 98.43000030517578, 98.33999633789062, 98.19000244140625, 98.31999969482422, 98.45999908447266, 98.41999816894531, 98.55999755859375, 98.58999633789062, 98.51000213623047, 98.37000274658203, 98.30000305175781, 98.12999725341797, 98.55000305175781, 98.55999755859375, 98.58000183105469, 98.26000213623047, 98.26000213623047, 98.33000183105469]
backdoor_accuracy=[0, 0.0, 4.961089494163424, 0.09727626459143969, 8.949416342412452, 0.38910505836575876, 1.9455252918287937, 9.33852140077821, 5.3501945525291825, 2.3346303501945527, 5.3501945525291825, 2.237354085603113, 3.9883268482490273, 7.003891050583658, 2.821011673151751, 7.392996108949417, 4.766536964980545, 1.8482490272373542, 7.198443579766537, 2.0428015564202333, 4.669260700389105, 2.9182879377431905, 10.797665369649806, 12.45136186770428, 8.949416342412452, 16.05058365758755, 3.7937743190661477, 18.48249027237354, 3.6964980544747084, 11.089494163424124, 7.392996108949417, 22.66536964980545, 14.007782101167315, 6.517509727626459, 5.252918287937743, 14.299610894941635, 25.875486381322958, 12.743190661478598, 13.618677042801556, 15.369649805447471, 25.972762645914397, 7.003891050583658, 32.782101167315176, 14.591439688715953, 27.723735408560312, 29.961089494163424, 53.599221789883266, 18.8715953307393, 75.0, 50.778210116731515, 82.1011673151751, 81.51750972762646, 58.17120622568093, 57.68482490272373, 76.75097276264592, 74.22178988326849, 77.72373540856032, 28.59922178988327, 93.19066147859922, 81.42023346303502, 82.97665369649805, 87.2568093385214, 89.00778210116732, 96.3035019455253, 92.99610894941634, 89.39688715953308, 96.3035019455253, 98.15175097276264, 74.12451361867704, 97.66536964980544, 95.23346303501945, 98.05447470817121, 71.98443579766537, 87.64591439688716, 96.40077821011673, 94.55252918287938, 96.59533073929961, 98.15175097276264, 91.24513618677042, 96.49805447470817, 95.03891050583658, 92.21789883268482, 96.98443579766537, 90.56420233463035, 88.715953307393, 98.83268482490273, 94.64980544747081, 97.95719844357977, 98.15175097276264, 89.49416342412451, 98.34630350194553, 92.8988326848249, 95.8171206225681, 94.74708171206225, 99.41634241245136, 96.59533073929961, 98.73540856031128, 97.47081712062257, 95.71984435797665, 91.63424124513618, 96.78988326848248]
loss_list=[0.4652714298761349, 0.2920637398828619, 0.14719959875261257, 0.15425982272365427, 0.15334393051517733, 0.12937219371422895, 0.09653723980700599, 0.11075100782332147, 0.08779563822164396, 0.08722269041384571, 0.06358604224672644, 0.07555456561912671, 0.06187960222537958, 0.058314004459513326, 0.058833591501848546, 0.0601988684767361, 0.06712559918736745, 0.05557814966508177, 0.050182401495263214, 0.04500809698424602, 0.0550430532164973, 0.044505654994808234, 0.049679718965192333, 0.04303616579326473, 0.04110852719417075, 0.04274606973053478, 0.041231209559104906, 0.038503304382722765, 0.04265637576853787, 0.041614212200456864, 0.04431311212147438, 0.03980630257065954, 0.027287795644307875, 0.030706703966968295, 0.03471999864083844, 0.029447491200754784, 0.03307905672535541, 0.04141207030910251, 0.030631620657673147, 0.03208234393824429, 0.03088251464220775, 0.03176896193008961, 0.03146960649220309, 0.03189498246642704, 0.026803475295402814, 0.03364535824788883, 0.026267536657496055, 0.02795548115190768, 0.028905558482710023, 0.028217475061936954, 0.02673478352282964, 0.02401778418835043, 0.026117454120981657, 0.025753831396324128, 0.02311071419803605, 0.025655006241478866, 0.027440652734798923, 0.028836366923987704, 0.029490706208155696, 0.01984675855328283, 0.02189473366987488, 0.026131754967504146, 0.02853695223186553, 0.025727584481455703, 0.0254683085172819, 0.02877467274820087, 0.024123817520846753, 0.01947895284698026, 0.02685806898141021, 0.0282180360655432, 0.023223060596696224, 0.025029005098188294, 0.023632761945702924, 0.022191032355339996, 0.020272031164332634, 0.021707233699525142, 0.022263159152229674, 0.020286932579010604, 0.020477586579555486, 0.02063710684980519, 0.01873831042986934, 0.022727633363623233, 0.020711710894268525, 0.02339421498006963, 0.019624976190980536, 0.020093197786265216, 0.021668308560373228, 0.018579940889388028, 0.021627571821648737, 0.023321671020850344, 0.017534524473857446, 0.022483071632907484, 0.01578295226847151, 0.01696714471985818, 0.01895466572356417, 0.020038321073016393, 0.018634853062808585, 0.018735082380811823, 0.01611864640862447, 0.01996617496381709]
BBSR:99.42
ABSR:95.98
max acc:98.58
