======================================
    IID: 0
    Dataset: fashion_mnist
    Model: Mnist_CNN
    Model Init: None
    Aggregation Function: krum
    Fraction NonIID: 0
    Long attack: 3
    Wide attack: 3
    Wide attack: trust
    Threshold reject: 0.5
    Threshold down: 0.0
    Attack method: dba
    Fraction of malicious agents: 30.0%
    Poison Frac: 0.2
    Backdoor From 7 to 2
    Attack Begin: 0
    Trigger Shape: square
    Type poisoning: 
    Trigger Position X: 0
    Trigger Position Y: 0
    Number of agents: 100
    Fraction of agents each turn: 30(30.0%)
    Local batch size: 50
    Local epoch: 3
    Client_LR: 0.01
    Client_Momentum: 0.9
    Global Rounds: 100
    Proportion of malicious are selected: 0.38
    Average score of malicious clients: 954.905029296875
    Average score of benign clients: 255.54591369628906
======================================
main_task_accuracy=[0, 37.25, 66.6500015258789, 70.41000366210938, 74.79000091552734, 73.68000030517578, 76.5999984741211, 77.25, 75.19000244140625, 77.5999984741211, 77.87999725341797, 76.98999786376953, 79.19000244140625, 78.69000244140625, 77.04000091552734, 79.93000030517578, 79.63999938964844, 79.16999816894531, 77.86000061035156, 81.0199966430664, 80.88999938964844, 79.87000274658203, 81.43000030517578, 80.76000213623047, 80.7699966430664, 80.22000122070312, 82.58000183105469, 82.33000183105469, 80.3499984741211, 79.58000183105469, 81.0, 82.2300033569336, 80.66000366210938, 82.36000061035156, 82.4800033569336, 81.81999969482422, 83.30000305175781, 82.68000030517578, 80.75, 82.62000274658203, 83.05999755859375, 81.56999969482422, 81.37999725341797, 84.31999969482422, 84.04000091552734, 82.38999938964844, 82.66000366210938, 83.97000122070312, 83.22000122070312, 83.2300033569336, 83.26000213623047, 84.0, 84.72000122070312, 84.5199966430664, 84.56999969482422, 83.23999786376953, 84.54000091552734, 84.87000274658203, 83.38999938964844, 84.77999877929688, 84.69000244140625, 82.69999694824219, 82.94999694824219, 84.69000244140625, 83.86000061035156, 83.31999969482422, 84.72000122070312, 85.05999755859375, 84.20999908447266, 84.7699966430664, 85.06999969482422, 84.55000305175781, 84.76000213623047, 85.27999877929688, 83.83999633789062, 85.36000061035156, 84.68000030517578, 85.30000305175781, 84.66000366210938, 84.56999969482422, 85.44000244140625, 83.80000305175781, 84.08000183105469, 85.05999755859375, 85.58000183105469, 84.41999816894531, 85.44999694824219, 85.94000244140625, 85.16000366210938, 85.86000061035156, 86.0999984741211, 81.73999786376953, 85.47000122070312, 86.20999908447266, 85.33999633789062, 86.36000061035156, 86.3499984741211, 86.04000091552734, 86.16999816894531, 85.4000015258789, 85.61000061035156]
backdoor_accuracy=[0, 0.0, 0.0, 87.3, 58.1, 58.8, 87.9, 99.8, 100.0, 88.9, 100.0, 99.8, 99.7, 99.8, 99.6, 98.8, 98.1, 99.7, 98.1, 98.8, 100.0, 99.8, 99.7, 100.0, 99.8, 99.8, 100.0, 100.0, 99.9, 100.0, 99.8, 99.8, 99.6, 100.0, 99.5, 99.8, 100.0, 100.0, 100.0, 99.9, 100.0, 100.0, 100.0, 100.0, 99.9, 100.0, 100.0, 100.0, 100.0, 100.0, 100.0, 100.0, 99.9, 100.0, 100.0, 100.0, 100.0, 100.0, 100.0, 100.0, 100.0, 100.0, 100.0, 100.0, 100.0, 100.0, 100.0, 100.0, 100.0, 100.0, 100.0, 99.9, 100.0, 99.9, 99.9, 99.9, 99.9, 100.0, 99.9, 100.0, 100.0, 100.0, 100.0, 100.0, 100.0, 100.0, 100.0, 100.0, 100.0, 100.0, 100.0, 100.0, 100.0, 100.0, 100.0, 99.9, 100.0, 100.0, 100.0, 100.0, 100.0]
loss_list=[1.5541647847051971, 1.0757133492992985, 0.7259267789898096, 0.6335451614111661, 0.6133844280270515, 0.5370528062736547, 0.5399920055159817, 0.5587070286963824, 0.499611371051934, 0.4542941044498649, 0.518545699071277, 0.4828383495203324, 0.4481242159312523, 0.47419525504250204, 0.47985890482862803, 0.4275278272314205, 0.4527881780725524, 0.5111364598627443, 0.46122049340219423, 0.4029595197109437, 0.5002887656705247, 0.44330902843977565, 0.38195852421707027, 0.47402391507531755, 0.45611646072594103, 0.42688028173590153, 0.440286562477963, 0.48175511725798786, 0.4432029341623462, 0.4048964547941944, 0.45454315106487925, 0.4585295909256846, 0.38240054832012565, 0.4524128460635742, 0.41710662184352126, 0.40791037589035656, 0.35651940456246606, 0.44182996597934376, 0.43779811816359004, 0.3595690673984656, 0.44709403266509373, 0.409332790494793, 0.3873726426326256, 0.39871115844558785, 0.3741572348030146, 0.39323582470555, 0.3828561408359006, 0.4133552037800353, 0.3871245460701175, 0.36219897925987393, 0.42349138793673485, 0.3901287192754724, 0.32557260325713155, 0.3952683642528157, 0.4474235589029613, 0.3741827915560592, 0.38231495261597626, 0.38882509658837494, 0.4052994000014021, 0.35749939367373434, 0.4058433216772285, 0.3787652133222394, 0.355841626311411, 0.42799287431493954, 0.3507736446982664, 0.3458481188346115, 0.34741758190233407, 0.40202378138071965, 0.3438410815299937, 0.3337736500817334, 0.3853257562913414, 0.39015373259230895, 0.3267276646228749, 0.36322392695066, 0.3818201786739302, 0.38257358485134313, 0.3367283053448234, 0.39237381960480916, 0.36883848499920624, 0.3195774006036421, 0.40413841923043414, 0.42811286617415373, 0.3080910247228867, 0.3772780324263429, 0.3722534351671735, 0.3221775934470955, 0.3579260561528995, 0.3820838739043447, 0.30782902242747323, 0.30135416270630366, 0.4159385362364076, 0.379353800126248, 0.3058895908252992, 0.3528987251567068, 0.32114985198282675, 0.3306841014479115, 0.3696948994235653, 0.3844506558525609, 0.37925720954555325, 0.30933951435446805]
BBSR:100.0
ABSR:99.99
max acc:86.36
