======================================
    IID: 0
    Dataset: mnist
    Model: Mnist_CNN
    Model Init: None
    Aggregation Function: flame
    Fraction NonIID: 0
    Long attack: 3
    Wide attack: 3
    Wide attack: trust
    Threshold reject: 0.5
    Threshold down: 0.0
    Attack method: badnet
    Fraction of malicious agents: 30.0%
    Poison Frac: 0.2
    Backdoor From 7 to 2
    Attack Begin: 0
    Trigger Shape: square
    Type poisoning: pgd
    Trigger Position X: 0
    Trigger Position Y: 0
    Number of agents: 100
    Fraction of agents each turn: 30(30.0%)
    Local batch size: 50
    Local epoch: 3
    Client_LR: 0.01
    Client_Momentum: 0.9
    Global Rounds: 100
    Noise in FLAME: 0.001
proportion of malicious are selected:0.63
proportion of benign are selected:0.5266666666666666
======================================
main_task_accuracy=[0, 24.030000686645508, 37.70000076293945, 45.20000076293945, 52.849998474121094, 59.4900016784668, 55.36000061035156, 62.18000030517578, 51.130001068115234, 60.790000915527344, 59.369998931884766, 61.56999969482422, 65.77999877929688, 58.86000061035156, 71.12000274658203, 75.73999786376953, 63.61000061035156, 75.08000183105469, 73.0, 74.9800033569336, 82.98999786376953, 70.04000091552734, 68.06999969482422, 74.01000213623047, 83.26000213623047, 80.55999755859375, 78.5199966430664, 82.47000122070312, 82.54000091552734, 84.86000061035156, 85.8499984741211, 82.80999755859375, 87.2699966430664, 84.4000015258789, 75.91000366210938, 82.97000122070312, 85.91999816894531, 78.76000213623047, 84.2699966430664, 82.66000366210938, 85.05000305175781, 86.08999633789062, 84.9000015258789, 82.79000091552734, 82.87999725341797, 85.5199966430664, 85.30999755859375, 81.4800033569336, 85.86000061035156, 85.86000061035156, 88.72000122070312, 85.91999816894531, 84.61000061035156, 86.19999694824219, 85.31999969482422, 85.30000305175781, 84.55000305175781, 80.91999816894531, 81.33000183105469, 83.20999908447266, 84.51000213623047, 81.51000213623047, 83.70999908447266, 82.61000061035156, 82.97000122070312, 83.58999633789062, 84.37000274658203, 82.2300033569336, 83.9800033569336, 89.73999786376953, 88.93000030517578, 84.30999755859375, 87.55000305175781, 89.31999969482422, 88.56999969482422, 87.58999633789062, 87.81999969482422, 86.02999877929688, 88.08999633789062, 87.6500015258789, 86.66999816894531, 87.38999938964844, 86.61000061035156, 88.0199966430664, 85.76000213623047, 86.58999633789062, 86.08999633789062, 89.94000244140625, 89.37999725341797, 88.0999984741211, 87.80999755859375, 87.69999694824219, 90.13999938964844, 89.19000244140625, 89.41000366210938, 87.9000015258789, 88.77999877929688, 88.58999633789062, 89.69999694824219, 87.80000305175781, 88.79000091552734]
backdoor_accuracy=[0, 0.0, 0.0, 0.0, 0.0, 0.0, 0.0, 0.0, 0.0, 0.0, 0.09727626459143969, 2.6264591439688716, 0.7782101167315175, 0.48638132295719844, 19.747081712062258, 22.762645914396888, 0.2918287937743191, 24.80544747081712, 62.54863813229572, 4.377431906614786, 56.22568093385214, 22.66536964980545, 14.202334630350194, 28.988326848249027, 60.21400778210117, 19.260700389105057, 84.43579766536965, 14.202334630350194, 16.634241245136188, 20.428015564202333, 58.94941634241245, 50.09727626459144, 99.80544747081711, 99.61089494163424, 81.42023346303502, 92.02334630350195, 97.66536964980544, 81.51750972762646, 82.49027237354086, 98.24902723735408, 99.80544747081711, 81.6147859922179, 98.15175097276264, 96.98443579766537, 99.0272373540856, 99.12451361867704, 95.42801556420234, 97.76264591439688, 98.44357976653697, 99.41634241245136, 99.70817120622569, 99.70817120622569, 99.31906614785993, 99.80544747081711, 99.0272373540856, 98.92996108949416, 97.76264591439688, 96.3035019455253, 96.78988326848248, 99.70817120622569, 98.63813229571984, 99.5136186770428, 99.41634241245136, 99.41634241245136, 96.98443579766537, 99.0272373540856, 97.56809338521401, 99.12451361867704, 98.44357976653697, 99.5136186770428, 99.41634241245136, 98.83268482490273, 99.41634241245136, 99.61089494163424, 99.80544747081711, 99.80544747081711, 99.80544747081711, 99.31906614785993, 99.80544747081711, 99.80544747081711, 99.80544747081711, 99.80544747081711, 99.80544747081711, 99.80544747081711, 99.70817120622569, 100.0, 99.80544747081711, 99.80544747081711, 100.0, 100.0, 100.0, 100.0, 100.0, 99.90272373540856, 100.0, 100.0, 100.0, 100.0, 100.0, 100.0, 100.0]
loss_list=[0.46538964288558715, 0.3586634873866806, 0.255015851111652, 0.23968615057747214, 0.18181762649382183, 0.18189431584464538, 0.19085183837102107, 0.15030593593882516, 0.19166451704801984, 0.17812846399595325, 0.1827895118365936, 0.15196004620066905, 0.1307960832268968, 0.15944491110151512, 0.12652776678288893, 0.11309080895102305, 0.1944013097704185, 0.11432103936772588, 0.13847630478642753, 0.11638661466874775, 0.11581442812589952, 0.10016650322963978, 0.0958423981165526, 0.13084540323628185, 0.08737945618184242, 0.0880019356539245, 0.10035224852074788, 0.0899486791649048, 0.08439994911202843, 0.07868983731266775, 0.07641543182537713, 0.11873041137460356, 0.06245623691386574, 0.08982570981191154, 0.09748289490346963, 0.09009741622817943, 0.06603197238575585, 0.08413979891429252, 0.08054961502787626, 0.07687411292797969, 0.06783276420131669, 0.07948478659065077, 0.06551381383027897, 0.06501268381346494, 0.06895356427821156, 0.07613580240164573, 0.05107646896522592, 0.06537811010054867, 0.07545592708944994, 0.07883713968993157, 0.06727948767374058, 0.06346972912650671, 0.08339969471229076, 0.05466847955786671, 0.10117079733473808, 0.06164483041344594, 0.07338011974328558, 0.07082502929990743, 0.07252541296109369, 0.07385173813088151, 0.09220075664876676, 0.08123566345526244, 0.07136145023627391, 0.0843982112951635, 0.061101134442741095, 0.07725708287818805, 0.0731163177410811, 0.08187129358019231, 0.08739758796482072, 0.06050431394812906, 0.03861428548148174, 0.07668590754204312, 0.07800053742538987, 0.0548459156001666, 0.059509221193940386, 0.0719841014134339, 0.0633158570856391, 0.08272668082501772, 0.04246549250967986, 0.05278877812085941, 0.06814331412076173, 0.04433517163122889, 0.06862094487209577, 0.05140208561258701, 0.05335296153461159, 0.05155414226306286, 0.0874894119244907, 0.06782920708817902, 0.06540892803360797, 0.057696893753802034, 0.05802238728893919, 0.04807084878079353, 0.07803011747157311, 0.07722331296240682, 0.05325227230503065, 0.07174832628239297, 0.05267261880395129, 0.06918220023070311, 0.06601309425879062, 0.0641744212288232]
BBSR:100.0
ABSR:99.99
max acc:90.14
