======================================
    IID: 0
    Dataset: fashion_mnist
    Model: Mnist_CNN
    Model Init: None
    Aggregation Function: avg
    Fraction NonIID: 0
    Long attack: 3
    Wide attack: 3
    Wide attack: trust
    Threshold reject: 0.5
    Threshold down: 0.0
    Attack method: badnet
    Fraction of malicious agents: 30.0%
    Poison Frac: 0.2
    Backdoor From 7 to 2
    Attack Begin: 0
    Trigger Shape: square
    Type poisoning: pgd
    Trigger Position X: 0
    Trigger Position Y: 0
    Number of agents: 100
    Fraction of agents each turn: 30(30.0%)
    Local batch size: 50
    Local epoch: 3
    Client_LR: 0.01
    Client_Momentum: 0.9
    Global Rounds: 100
======================================
main_task_accuracy=[0, 58.220001220703125, 69.62999725341797, 74.7699966430664, 76.30000305175781, 77.4000015258789, 78.70999908447266, 80.43000030517578, 80.0199966430664, 80.52999877929688, 80.75, 82.36000061035156, 82.7300033569336, 83.08000183105469, 84.04000091552734, 83.47000122070312, 84.88999938964844, 84.7699966430664, 85.2699966430664, 84.93000030517578, 85.43000030517578, 85.55000305175781, 85.8499984741211, 85.98999786376953, 85.97000122070312, 86.19999694824219, 86.41000366210938, 86.58000183105469, 86.51000213623047, 86.47000122070312, 86.95999908447266, 86.7699966430664, 86.91000366210938, 87.08000183105469, 86.94000244140625, 87.37999725341797, 87.58999633789062, 87.23999786376953, 87.43000030517578, 87.61000061035156, 87.72000122070312, 87.66000366210938, 87.94999694824219, 87.9000015258789, 88.19000244140625, 88.04000091552734, 88.19999694824219, 88.08000183105469, 88.16999816894531, 88.2699966430664, 88.31999969482422, 88.70999908447266, 88.41000366210938, 88.56999969482422, 88.44999694824219, 88.5199966430664, 88.51000213623047, 88.75, 88.79000091552734, 88.87999725341797, 88.73999786376953, 88.98999786376953, 88.69000244140625, 89.12999725341797, 89.16999816894531, 88.98999786376953, 88.75, 89.0999984741211, 89.25, 88.94999694824219, 89.4000015258789, 89.43000030517578, 89.33000183105469, 89.2300033569336, 89.29000091552734, 89.25, 89.25, 89.16000366210938, 89.54000091552734, 89.4800033569336, 89.30999755859375, 89.56999969482422, 89.54000091552734, 89.55999755859375, 89.26000213623047, 89.73999786376953, 89.69000244140625, 89.87000274658203, 89.56999969482422, 89.58000183105469, 89.51000213623047, 89.81999969482422, 89.75, 89.7699966430664, 89.8499984741211, 89.66999816894531, 89.79000091552734, 89.83000183105469, 90.16999816894531, 89.9000015258789, 90.16999816894531]
backdoor_accuracy=[0, 0.0, 0.0, 0.3, 9.6, 64.4, 84.5, 94.7, 96.5, 99.1, 99.4, 99.4, 99.8, 99.8, 99.9, 100.0, 99.9, 100.0, 100.0, 100.0, 100.0, 100.0, 100.0, 100.0, 100.0, 100.0, 100.0, 100.0, 100.0, 100.0, 100.0, 100.0, 100.0, 100.0, 100.0, 100.0, 100.0, 99.9, 100.0, 100.0, 100.0, 100.0, 100.0, 100.0, 100.0, 99.9, 99.9, 100.0, 99.9, 99.9, 99.9, 100.0, 100.0, 100.0, 99.9, 100.0, 100.0, 100.0, 100.0, 100.0, 99.9, 100.0, 99.9, 99.9, 99.9, 100.0, 99.9, 99.9, 99.9, 100.0, 100.0, 99.9, 99.9, 100.0, 99.9, 100.0, 99.9, 100.0, 99.9, 99.9, 99.9, 99.9, 99.9, 99.9, 100.0, 100.0, 99.9, 99.9, 99.9, 99.9, 99.9, 99.9, 99.9, 99.9, 100.0, 99.9, 99.9, 99.9, 100.0, 99.9, 100.0]
loss_list=[1.4194442473076008, 0.8954487141635684, 0.617883011119233, 0.5481823630768943, 0.5087580731345547, 0.4992527080906762, 0.4790346320718527, 0.4497453982907313, 0.41077155610201543, 0.4147235750807105, 0.3936176687065098, 0.38230316421982863, 0.3502576945970456, 0.36898046914419086, 0.39003165073830776, 0.3492313894201759, 0.3471579795427345, 0.3591331623563612, 0.3290155992049863, 0.32390821930710917, 0.3480022302138861, 0.2945598333073711, 0.31694584372280926, 0.3227350071762446, 0.2877836514919721, 0.2908201455793999, 0.28786358057555783, 0.3046692054201331, 0.29713811867835893, 0.26914377159059594, 0.26392154916086136, 0.2948833871287881, 0.2866477151987729, 0.25875190140817456, 0.26200399221507487, 0.28809159976878645, 0.2792200217920321, 0.26051339374648197, 0.26681166639620507, 0.25145845807122963, 0.2561569681477354, 0.26341707842010587, 0.25946840102680857, 0.25202084690746335, 0.24582166600868935, 0.24314007513845964, 0.25950515675186003, 0.2331026327330619, 0.2270235924998781, 0.23906772985054112, 0.23273811491413246, 0.23880996961767476, 0.2464098378326054, 0.23742826583760757, 0.24258258825995854, 0.2246797596966779, 0.23080953894424494, 0.2248160485298959, 0.23028079885816963, 0.22854503170690604, 0.22484813946885643, 0.2187844015450942, 0.21349068716237393, 0.21957279950966715, 0.21601294441217622, 0.21534529407336203, 0.21503721339610854, 0.21182032081608973, 0.21290699389625203, 0.21707209114123274, 0.20708835229484565, 0.204600730597007, 0.22130254418589176, 0.2025784803019767, 0.22197964405813428, 0.21258920946468907, 0.19742477005002676, 0.2196506624023809, 0.2121860768646002, 0.18613853627574392, 0.20666870701868365, 0.19183342022200425, 0.1993150353000534, 0.19339765017438265, 0.18396670270659443, 0.2025225124649566, 0.1935302968766471, 0.18666352534545932, 0.18775905829302414, 0.20190221264923894, 0.20483657204615024, 0.20857654345411533, 0.19783933260305614, 0.18959572821924528, 0.18781892096244354, 0.17985618547536436, 0.16969362129629761, 0.1991987009679347, 0.1868359041253657, 0.18345914636911062]
BBSR:100.0
ABSR:99.93
max acc:90.17
