======================================
    IID: 0
    Dataset: mnist
    Model: Mnist_CNN
    Model Init: None
    Aggregation Function: flame
    Fraction NonIID: 0
    Long attack: 5
    Wide attack: 5
    Wide attack: trust
    Threshold reject: 0.5
    Threshold down: 0.0
    Attack method: badnet
    Fraction of malicious agents: 13.0%
    Poison Frac: 0.2
    Backdoor From 7 to 2
    Attack Begin: 0
    Trigger Shape: square
    Type poisoning: pgd
    Trigger Position X: 0
    Trigger Position Y: 0
    Number of agents: 100
    Fraction of agents each turn: 30(30.0%)
    Local batch size: 50
    Local epoch: 3
    Client_LR: 0.01
    Client_Momentum: 0.9
    Global Rounds: 100
    Noise in FLAME: 0.001
proportion of malicious are selected:0.72
proportion of benign are selected:0.542962962962963
======================================
main_task_accuracy=[0, 19.600000381469727, 37.529998779296875, 29.709999084472656, 44.36000061035156, 63.720001220703125, 57.41999816894531, 64.66999816894531, 65.93000030517578, 63.83000183105469, 60.86000061035156, 69.13999938964844, 62.689998626708984, 65.9000015258789, 69.61000061035156, 64.79000091552734, 67.19000244140625, 73.16000366210938, 72.6500015258789, 75.16999816894531, 70.19000244140625, 70.61000061035156, 69.88999938964844, 76.11000061035156, 76.11000061035156, 77.13999938964844, 75.04000091552734, 74.29000091552734, 73.44999694824219, 77.0, 76.83999633789062, 74.08000183105469, 74.70999908447266, 73.23999786376953, 71.80000305175781, 71.0, 69.63999938964844, 69.6500015258789, 77.31999969482422, 77.05999755859375, 77.58999633789062, 77.62000274658203, 77.98999786376953, 78.05000305175781, 77.91000366210938, 78.37000274658203, 76.19999694824219, 77.44000244140625, 76.4800033569336, 76.97000122070312, 77.18000030517578, 77.48999786376953, 76.52999877929688, 77.87000274658203, 78.2300033569336, 78.41000366210938, 78.11000061035156, 77.73999786376953, 77.2699966430664, 75.6500015258789, 76.79000091552734, 75.76000213623047, 75.16000366210938, 72.33999633789062, 74.08000183105469, 73.56999969482422, 78.76000213623047, 78.45999908447266, 78.31999969482422, 77.41999816894531, 78.47000122070312, 77.06999969482422, 76.66000366210938, 77.66999816894531, 79.20999908447266, 78.7699966430664, 78.77999877929688, 78.20999908447266, 79.16000366210938, 79.30999755859375, 78.30000305175781, 78.36000061035156, 78.87999725341797, 79.0199966430664, 79.04000091552734, 79.04000091552734, 77.94000244140625, 77.79000091552734, 77.08000183105469, 76.79000091552734, 76.30999755859375, 76.30999755859375, 75.27999877929688, 75.91000366210938, 75.4000015258789, 75.87999725341797, 75.2699966430664, 74.94999694824219, 74.52999877929688, 75.08999633789062, 73.27999877929688]
backdoor_accuracy=[0, 0.0, 0.0, 0.0, 0.0, 0.0, 0.0, 0.0, 0.0, 0.0, 0.0, 0.0, 0.0, 0.0, 0.0, 0.0, 0.0, 0.0, 0.0, 0.0, 0.0, 0.0, 0.0, 0.0, 0.0, 0.0, 0.0, 0.0, 0.0, 0.0, 0.0, 0.0, 0.0, 0.0, 0.0, 0.0, 0.0, 0.0, 0.0, 0.0, 0.0, 0.0, 0.0, 0.0, 0.0, 0.0, 0.0, 0.0, 0.0, 0.0, 0.0, 0.0, 0.0, 0.0, 0.0, 0.0, 0.0, 0.0, 0.0, 0.0, 0.0, 0.0, 0.0, 0.0, 0.0, 0.0, 0.0, 0.0, 0.0, 0.0, 0.0, 0.0, 0.0, 0.0, 0.0, 0.0, 0.0, 0.0, 0.0, 0.0, 0.0, 0.0, 0.0, 0.0, 0.0, 0.0, 0.0, 0.0, 0.0, 0.0, 0.0, 0.0, 0.0, 0.0, 0.0, 0.09727626459143969, 0.19455252918287938, 0.0, 0.19455252918287938, 0.09727626459143969, 0.19455252918287938]
loss_list=[0.4738995214822644, 0.5490142754538377, 0.44648311000367796, 0.4141589322208897, 0.27379252252217134, 0.2357836991189052, 0.3109955567128921, 0.18076704549276806, 0.21813643609226208, 0.284233592216414, 0.2746048439788597, 0.20023101539209837, 0.2231535727171786, 0.19929252776470271, 0.18259765155798918, 0.2024126565616423, 0.19461203229761886, 0.16612888725867114, 0.19861410831626908, 0.133649474460901, 0.16466380393975646, 0.20747633259838777, 0.23572781038386628, 0.1782944499552764, 0.23765030200011975, 0.14755271214628016, 0.18045044782418387, 0.17221010693448713, 0.15795891212527383, 0.1677258091529582, 0.13736715694631046, 0.2138138845573064, 0.1618307767824638, 0.16308569642613863, 0.1797649620601461, 0.1391655664538807, 0.18088489451409753, 0.2171657707240901, 0.12653306881717363, 0.16885335928479195, 0.15088675805192014, 0.12736931590990908, 0.18663399408658923, 0.1608275063201767, 0.16443808820085798, 0.14918041369507576, 0.16182619184133704, 0.13969211443168209, 0.19087863868357857, 0.10529570289329529, 0.1380356230511988, 0.12465293826240813, 0.1987077356196391, 0.13584239877886672, 0.11933639013699622, 0.1372598988822022, 0.11278398096383437, 0.08167819960036012, 0.14761151281067977, 0.1615251545745724, 0.1310645777558668, 0.1623220499151471, 0.15402871622201988, 0.17082779982245672, 0.1324442367458001, 0.207358561016028, 0.11347920195064051, 0.12603128219140983, 0.07742788459669316, 0.11455186969823032, 0.11373738584222445, 0.11738115108201644, 0.14539682817935534, 0.14752715117231668, 0.13769965443533028, 0.11666045737833657, 0.08966813037153841, 0.11792302535443848, 0.11636482744845147, 0.11750211839428701, 0.11863124283597946, 0.10772030113006717, 0.11610595351605922, 0.15573686014657093, 0.09852608259186678, 0.09970573713646357, 0.12373431270309233, 0.0870975692132335, 0.10660409653283408, 0.11194956704465134, 0.14339901833695878, 0.1494961371458508, 0.106730277605201, 0.12028430938980895, 0.12292979676627103, 0.12463466382609387, 0.1307654420547684, 0.1365962353770793, 0.12439650161684528, 0.1120260289837986]
BBSR:0.19
ABSR:0.08
max acc:76.31
