======================================
    IID: 0
    Dataset: fashion_mnist
    Model: Mnist_CNN
    Model Init: None
    Aggregation Function: RLR
    Fraction NonIID: 0
    Long attack: 3
    Wide attack: 3
    Wide attack: trust
    Threshold reject: 0.5
    Threshold down: 0.0
    Attack method: badnet
    Fraction of malicious agents: 20.0%
    Poison Frac: 0.2
    Backdoor From 7 to 2
    Attack Begin: 0
    Trigger Shape: square
    Type poisoning: pgd
    Trigger Position X: 0
    Trigger Position Y: 0
    Number of agents: 100
    Fraction of agents each turn: 30(30.0%)
    Local batch size: 50
    Local epoch: 3
    Client_LR: 0.01
    Client_Momentum: 0.9
    Global Rounds: 100
    RobustLR_threshold: 4
======================================
main_task_accuracy=[0, 62.09000015258789, 73.44999694824219, 75.86000061035156, 77.13999938964844, 78.5199966430664, 78.94000244140625, 79.95999908447266, 80.11000061035156, 80.91999816894531, 81.58000183105469, 82.13999938964844, 82.56999969482422, 82.97000122070312, 83.55000305175781, 83.27999877929688, 83.7699966430664, 84.16000366210938, 84.44000244140625, 84.33000183105469, 84.80000305175781, 85.08999633789062, 85.08000183105469, 85.22000122070312, 85.41999816894531, 85.80000305175781, 86.01000213623047, 85.94000244140625, 86.30999755859375, 86.19000244140625, 86.62999725341797, 86.70999908447266, 86.68000030517578, 86.72000122070312, 87.1500015258789, 87.12000274658203, 87.06999969482422, 87.29000091552734, 87.2699966430664, 87.22000122070312, 87.13999938964844, 87.36000061035156, 87.30000305175781, 87.44000244140625, 87.55999755859375, 87.75, 87.66000366210938, 87.68000030517578, 87.88999938964844, 87.81999969482422, 87.87999725341797, 87.95999908447266, 88.05000305175781, 88.19999694824219, 88.19000244140625, 88.06999969482422, 88.33999633789062, 88.33000183105469, 88.37000274658203, 88.38999938964844, 88.37000274658203, 88.37000274658203, 88.44000244140625, 88.45999908447266, 88.5199966430664, 88.51000213623047, 88.61000061035156, 88.58000183105469, 88.5199966430664, 88.5, 88.7300033569336, 88.80000305175781, 88.94999694824219, 89.02999877929688, 88.80999755859375, 88.52999877929688, 88.94999694824219, 89.04000091552734, 89.0199966430664, 89.05000305175781, 88.94999694824219, 88.95999908447266, 89.05999755859375, 89.05000305175781, 89.16000366210938, 89.20999908447266, 89.36000061035156, 89.23999786376953, 89.26000213623047, 89.20999908447266, 89.29000091552734, 89.33999633789062, 89.45999908447266, 89.4000015258789, 89.37000274658203, 89.44000244140625, 89.5, 89.36000061035156, 89.30000305175781, 89.51000213623047, 89.5999984741211]
backdoor_accuracy=[0, 0.6, 0.4, 3.7, 14.9, 48.6, 69.1, 84.9, 91.5, 93.4, 97.4, 98.2, 99.1, 99.5, 99.8, 99.8, 99.8, 99.8, 99.8, 99.8, 99.9, 99.9, 99.9, 100.0, 99.9, 100.0, 100.0, 100.0, 100.0, 100.0, 100.0, 100.0, 100.0, 100.0, 100.0, 100.0, 100.0, 100.0, 100.0, 100.0, 100.0, 100.0, 100.0, 100.0, 100.0, 100.0, 100.0, 100.0, 100.0, 100.0, 100.0, 100.0, 100.0, 100.0, 100.0, 100.0, 100.0, 100.0, 100.0, 100.0, 100.0, 100.0, 100.0, 100.0, 100.0, 100.0, 100.0, 100.0, 100.0, 100.0, 100.0, 100.0, 100.0, 100.0, 100.0, 100.0, 100.0, 100.0, 100.0, 100.0, 100.0, 100.0, 100.0, 100.0, 100.0, 100.0, 100.0, 100.0, 100.0, 100.0, 100.0, 100.0, 100.0, 100.0, 100.0, 100.0, 100.0, 100.0, 100.0, 100.0, 100.0]
loss_list=[1.3901536219097952, 0.8409073060033498, 0.6364613302189994, 0.5421409098776401, 0.5068464461369094, 0.4696058177009777, 0.4449240140547907, 0.43895488168906266, 0.45600158950244946, 0.4204778315430437, 0.416431815377264, 0.39646572184369516, 0.37416791592345194, 0.40428760451851065, 0.3794286415877718, 0.3618907616715188, 0.38380373874334267, 0.33879836569022803, 0.33780967024051484, 0.3288557688912584, 0.323820879738088, 0.3340221375054507, 0.333274929528987, 0.3140095818442879, 0.31765406419419584, 0.3143603791448253, 0.3050757556084405, 0.31177412499156265, 0.3143325976716975, 0.299531840743428, 0.29633348761816275, 0.2761680346534208, 0.29238819826601287, 0.2938620781353503, 0.3103465907827572, 0.2705176656479361, 0.2885717543669873, 0.30584988598884266, 0.2762629921548069, 0.26943914539318664, 0.26639183618438744, 0.2712682992185431, 0.2504797375398792, 0.26873454895836335, 0.27842896583283117, 0.25098244928651386, 0.275848370242036, 0.26401659876660066, 0.24620925335696447, 0.25002555570013274, 0.27778729480622266, 0.25354880632453225, 0.2585543062744869, 0.2705273475325494, 0.2440253164308767, 0.25061859167353423, 0.2522249095245368, 0.24572150140862778, 0.24537473221274989, 0.2298597928300431, 0.22880973802982932, 0.2707583641512665, 0.2002080052125233, 0.23073352487516352, 0.2492911473796185, 0.2374172756241428, 0.25428795192252707, 0.2372198113792196, 0.22063801960881665, 0.21770191150544974, 0.22369573354307148, 0.2321972525885536, 0.23969651870257053, 0.20948159837474428, 0.2151809472780399, 0.23549838069377957, 0.21895697905371583, 0.23994083530097102, 0.22560744025847976, 0.21151282266989627, 0.22012720550496687, 0.2378425550655703, 0.22635291691317605, 0.21837674793442366, 0.23597344795190206, 0.21028621544268114, 0.2118567367584479, 0.2040495501727693, 0.2122114683708383, 0.21132485060004033, 0.2211873257187782, 0.21066117724403738, 0.21312901985797064, 0.2197317572758982, 0.2231706222415798, 0.20990263689999225, 0.20776205493689137, 0.20225318927248873, 0.20956036529020858, 0.22550307105260864]
BBSR:100.0
ABSR:100.0
max acc:89.6
