======================================
    IID: 0
    Dataset: mnist
    Model: Mnist_CNN
    Model Init: None
    Aggregation Function: RLR
    Fraction NonIID: 0
    Long attack: 3
    Wide attack: 3
    Wide attack: trust
    Threshold reject: 0.5
    Threshold down: 0.0
    Attack method: badnet
    Fraction of malicious agents: 20.0%
    Poison Frac: 0.2
    Backdoor From 7 to 2
    Attack Begin: 0
    Trigger Shape: square
    Type poisoning: cs
    Trigger Position X: 0
    Trigger Position Y: 0
    Number of agents: 100
    Fraction of agents each turn: 30(30.0%)
    Local batch size: 50
    Local epoch: 3
    Client_LR: 0.01
    Client_Momentum: 0.9
    Global Rounds: 100
    RobustLR_threshold: 4
======================================
main_task_accuracy=[0, 43.15999984741211, 46.099998474121094, 41.029998779296875, 38.900001525878906, 45.7400016784668, 71.06999969482422, 78.4000015258789, 86.45999908447266, 84.08000183105469, 79.26000213623047, 81.5, 76.91999816894531, 82.62999725341797, 86.38999938964844, 92.80999755859375, 92.91000366210938, 88.93000030517578, 88.16999816894531, 92.41000366210938, 90.08000183105469, 94.48999786376953, 94.88999938964844, 93.86000061035156, 93.55999755859375, 93.5, 94.54000091552734, 94.02999877929688, 94.72000122070312, 96.0199966430664, 95.02999877929688, 96.37999725341797, 95.2699966430664, 96.16000366210938, 96.01000213623047, 94.51000213623047, 96.01000213623047, 95.97000122070312, 95.66999816894531, 94.61000061035156, 95.75, 94.7699966430664, 96.38999938964844, 96.29000091552734, 96.58000183105469, 96.51000213623047, 96.08999633789062, 96.6500015258789, 96.38999938964844, 96.79000091552734, 97.1500015258789, 96.20999908447266, 96.22000122070312, 97.01000213623047, 96.80999755859375, 96.6500015258789, 95.8499984741211, 97.11000061035156, 97.37999725341797, 97.33000183105469, 96.98999786376953, 97.12000274658203, 96.91000366210938, 96.98999786376953, 96.87000274658203, 97.27999877929688, 96.47000122070312, 96.94000244140625, 97.19000244140625, 96.88999938964844, 97.18000030517578, 97.04000091552734, 97.29000091552734, 97.30999755859375, 97.33000183105469, 97.47000122070312, 97.18000030517578, 97.44000244140625, 96.87000274658203, 96.43000030517578, 97.45999908447266, 97.06999969482422, 97.58999633789062, 97.58000183105469, 97.44999694824219, 97.5999984741211, 96.88999938964844, 97.06999969482422, 97.87999725341797, 97.48999786376953, 97.61000061035156, 97.36000061035156, 96.91999816894531, 97.5999984741211, 97.13999938964844, 97.77999877929688, 97.19999694824219, 97.76000213623047, 97.63999938964844, 97.8499984741211, 97.73999786376953]
backdoor_accuracy=[0, 0.0, 1.0700389105058365, 0.0, 0.0, 1.4591439688715953, 6.614785992217898, 4.571984435797665, 4.961089494163424, 9.04669260700389, 0.9727626459143969, 0.9727626459143969, 9.922178988326849, 2.6264591439688716, 3.7937743190661477, 7.003891050583658, 10.797665369649806, 2.821011673151751, 12.645914396887159, 2.237354085603113, 6.031128404669261, 11.478599221789883, 12.84046692607004, 4.863813229571984, 9.53307392996109, 3.404669260700389, 6.42023346303502, 22.08171206225681, 5.3501945525291825, 3.6964980544747084, 15.75875486381323, 7.101167315175097, 4.863813229571984, 4.961089494163424, 15.17509727626459, 20.233463035019454, 9.922178988326849, 3.21011673151751, 2.821011673151751, 4.182879377431907, 11.089494163424124, 17.217898832684824, 6.517509727626459, 7.2957198443579765, 4.766536964980545, 8.365758754863814, 10.797665369649806, 18.67704280155642, 7.587548638132295, 24.90272373540856, 13.618677042801556, 7.392996108949417, 26.848249027237355, 25.486381322957197, 6.809338521400778, 10.505836575875486, 58.268482490272376, 14.494163424124514, 23.249027237354085, 12.256809338521402, 6.031128404669261, 28.891050583657588, 24.80544747081712, 45.719844357976655, 35.797665369649806, 18.3852140077821, 52.82101167315175, 15.95330739299611, 34.24124513618677, 26.459143968871594, 25.68093385214008, 21.108949416342412, 27.042801556420233, 62.93774319066148, 26.167315175097276, 21.40077821011673, 29.961089494163424, 36.86770428015564, 56.1284046692607, 27.82101167315175, 80.25291828793775, 23.735408560311285, 57.19844357976654, 45.13618677042802, 59.824902723735406, 40.95330739299611, 62.45136186770428, 39.494163424124515, 59.63035019455253, 48.34630350194553, 85.01945525291829, 75.87548638132296, 29.474708171206224, 67.02334630350195, 36.673151750972764, 91.24513618677042, 73.24902723735408, 78.59922178988327, 80.73929961089495, 46.400778210116734, 57.976653696498055]
loss_list=[0.5385701192845113, 0.3752363810602165, 0.2571977767420854, 0.1702134033371821, 0.23928437560007226, 0.20668143178229467, 0.12921912534285832, 0.1202114371813782, 0.13855345673258562, 0.11165731931533604, 0.10631179909442172, 0.09302002686489193, 0.09701076696741724, 0.0928613743590357, 0.11214209316818699, 0.08898278046402841, 0.07619279928985806, 0.09770159649908725, 0.07330272867658219, 0.07176329921581272, 0.07632221169287974, 0.06444168778560842, 0.052690975776479895, 0.06376685054249843, 0.05548384141569969, 0.05973356425054663, 0.057506613081153034, 0.06259013851673773, 0.05958028442589554, 0.049333765849292645, 0.0448634020633383, 0.04303870057903148, 0.0530128786312823, 0.05328514361044705, 0.057697108538993416, 0.043919614982178695, 0.04218367996704418, 0.04290106409715027, 0.05166336038096671, 0.04078383442993231, 0.0607305467581006, 0.04461232158872287, 0.04793162146579571, 0.05174326059334214, 0.053867250462300495, 0.0350966345987843, 0.05036328938789771, 0.044371511369999166, 0.04033786622330726, 0.045943642713464634, 0.04936300097236004, 0.044235690677977606, 0.05244282133090753, 0.03750905566976113, 0.04087210802012812, 0.03986942333813941, 0.039149173683749885, 0.04108189176769908, 0.04301816640889104, 0.039864877050944256, 0.043155672357417844, 0.032183495199715334, 0.037771204175949924, 0.043235236924929914, 0.03110962852697421, 0.04306373645510866, 0.03403694256434367, 0.041857587245862526, 0.03570649925026511, 0.03903260870693149, 0.03980526752278171, 0.03675512999309693, 0.038352836696243446, 0.03498181157359983, 0.04116262105181615, 0.03217024927157786, 0.03624760355806643, 0.03800000032635346, 0.024188615444484703, 0.04070813349172426, 0.039271460447263845, 0.03454090244934136, 0.0351055529198445, 0.03534394945309925, 0.03469087412577243, 0.03345183189009011, 0.034651139772043295, 0.03873592780238524, 0.034490473610049296, 0.042595341469954126, 0.03901763424424871, 0.031623243552495045, 0.032908580527193906, 0.030939403774602362, 0.03686312811539297, 0.03606277846273821, 0.03149320819334208, 0.04131962229391252, 0.0338262544903369, 0.03398212799834856]
BBSR:91.25
ABSR:63.73
max acc:97.85
