======================================
    IID: 0
    Dataset: mnist
    Model: Mnist_CNN
    Model Init: None
    Aggregation Function: RLR
    Fraction NonIID: 0
    Long attack: 3
    Wide attack: 3
    Wide attack: trust
    Threshold reject: 0.5
    Threshold down: 0.0
    Attack method: dba
    Fraction of malicious agents: 13.0%
    Poison Frac: 0.2
    Backdoor From 7 to 2
    Attack Begin: 0
    Trigger Shape: square
    Type poisoning: 
    Trigger Position X: 0
    Trigger Position Y: 0
    Number of agents: 100
    Fraction of agents each turn: 30(30.0%)
    Local batch size: 50
    Local epoch: 3
    Client_LR: 0.01
    Client_Momentum: 0.9
    Global Rounds: 100
    RobustLR_threshold: 4
======================================
main_task_accuracy=[0, 48.810001373291016, 16.940000534057617, 50.279998779296875, 68.87999725341797, 47.540000915527344, 66.20999908447266, 84.70999908447266, 84.1500015258789, 87.55000305175781, 89.23999786376953, 85.36000061035156, 90.7300033569336, 92.5, 93.5199966430664, 93.0199966430664, 93.08000183105469, 93.87000274658203, 94.16999816894531, 94.44000244140625, 92.7300033569336, 88.56999969482422, 90.94000244140625, 83.47000122070312, 89.87000274658203, 94.9000015258789, 95.36000061035156, 94.33999633789062, 91.1500015258789, 93.20999908447266, 93.88999938964844, 95.94999694824219, 95.4000015258789, 94.69000244140625, 95.05000305175781, 95.69999694824219, 95.51000213623047, 95.94000244140625, 96.18000030517578, 96.08999633789062, 95.70999908447266, 96.41999816894531, 95.94000244140625, 96.76000213623047, 95.0199966430664, 96.4000015258789, 96.0999984741211, 96.55000305175781, 95.56999969482422, 96.19999694824219, 96.12000274658203, 96.52999877929688, 95.01000213623047, 96.88999938964844, 96.16000366210938, 95.29000091552734, 96.3499984741211, 96.5999984741211, 96.69999694824219, 96.66999816894531, 95.97000122070312, 96.26000213623047, 96.95999908447266, 96.20999908447266, 96.36000061035156, 96.11000061035156, 96.63999938964844, 97.16000366210938, 97.38999938964844, 96.8499984741211, 96.36000061035156, 97.18000030517578, 97.02999877929688, 97.29000091552734, 96.80000305175781, 95.95999908447266, 96.37999725341797, 96.94000244140625, 96.91999816894531, 94.2300033569336, 96.05999755859375, 97.0999984741211, 97.55000305175781, 97.37000274658203, 97.31999969482422, 96.91999816894531, 97.55999755859375, 97.22000122070312, 97.44000244140625, 97.47000122070312, 97.29000091552734, 95.06999969482422, 97.11000061035156, 97.61000061035156, 97.4800033569336, 97.51000213623047, 96.4800033569336, 97.36000061035156, 97.29000091552734, 97.23999786376953, 97.31999969482422]
backdoor_accuracy=[0, 0.0, 20.136186770428015, 0.7782101167315175, 17.607003891050585, 6.712062256809339, 6.517509727626459, 4.766536964980545, 22.66536964980545, 0.8754863813229572, 1.3618677042801557, 2.431906614785992, 4.766536964980545, 7.198443579766537, 5.3501945525291825, 10.214007782101167, 6.517509727626459, 4.669260700389105, 2.7237354085603114, 6.22568093385214, 9.24124513618677, 16.634241245136188, 8.171206225680933, 2.237354085603113, 6.031128404669261, 3.9883268482490273, 10.894941634241246, 18.3852140077821, 1.6536964980544746, 3.6964980544747084, 13.229571984435797, 5.447470817120623, 6.031128404669261, 2.6264591439688716, 13.813229571984436, 7.003891050583658, 7.490272373540856, 4.669260700389105, 6.614785992217898, 7.198443579766537, 8.268482490272374, 6.906614785992218, 8.073929961089494, 11.381322957198444, 5.544747081712062, 2.529182879377432, 5.058365758754864, 13.035019455252918, 9.24124513618677, 9.922178988326849, 10.408560311284047, 24.610894941634243, 17.898832684824903, 6.614785992217898, 5.447470817120623, 4.571984435797665, 5.155642023346304, 5.058365758754864, 5.155642023346304, 5.836575875486381, 11.673151750972762, 26.556420233463037, 5.836575875486381, 9.922178988326849, 10.797665369649806, 17.704280155642024, 8.073929961089494, 5.447470817120623, 12.84046692607004, 12.354085603112841, 11.186770428015564, 6.3229571984435795, 13.326848249027238, 12.743190661478598, 15.85603112840467, 28.988326848249027, 5.836575875486381, 10.894941634241246, 52.62645914396887, 3.404669260700389, 3.9883268482490273, 8.463035019455253, 31.03112840466926, 18.09338521400778, 27.723735408560312, 7.2957198443579765, 30.058365758754864, 16.245136186770427, 5.155642023346304, 23.929961089494164, 15.95330739299611, 51.750972762645915, 18.77431906614786, 29.766536964980546, 23.443579766536963, 39.59143968871595, 65.75875486381322, 15.66147859922179, 15.66147859922179, 49.02723735408561, 49.5136186770428]
loss_list=[0.49289677257423625, 0.38523254472631574, 0.29437384043647236, 0.23048038368667728, 0.19277572226202874, 0.13609747572345088, 0.13102009142989937, 0.12018437252037452, 0.10151693520397216, 0.09040527420542992, 0.09609214244427475, 0.09495970954786029, 0.08156964391768377, 0.0777488664768368, 0.0854052800400474, 0.06687281461348703, 0.08425412840086592, 0.06282061382315737, 0.07737838051983169, 0.051678436521162045, 0.06375521853923626, 0.05970921633439756, 0.0803561990780175, 0.06873660802109108, 0.07564262547542497, 0.06269637932604671, 0.06092353886919276, 0.05499091849941525, 0.04903276126247569, 0.057764022251748995, 0.0658332118150835, 0.04501018494404292, 0.048753120853682795, 0.062110925839758774, 0.044085218078824935, 0.043861989653063094, 0.05196387120668113, 0.042108022353621745, 0.05761863398837833, 0.042551779751084415, 0.05148069513503393, 0.05209442394106486, 0.058170643438593746, 0.03810471277824555, 0.050099007889907045, 0.042546812997558706, 0.05055374090392155, 0.04776861796421061, 0.04651905987843671, 0.040533596081172664, 0.046408415533435124, 0.03889377935159196, 0.04295060705727419, 0.04575547342440469, 0.0387928529167234, 0.05363746851187707, 0.04746863478061218, 0.04826804028083179, 0.03871304668956591, 0.04201523381414831, 0.04036422220547487, 0.05629369858805094, 0.033309108419687754, 0.039636973395899916, 0.03199442037830205, 0.04603762289933286, 0.04468791835800396, 0.03742791805199544, 0.038405681146318336, 0.0375558666837615, 0.04061215902989457, 0.037651001444757824, 0.039625612081609425, 0.03731989215991753, 0.04573233582138563, 0.04000764292888754, 0.03418059627240679, 0.04564164222856605, 0.03830443216617584, 0.04957111787474498, 0.038261341069681536, 0.0407945636706881, 0.027703576661959915, 0.041691150218260066, 0.04140221578388519, 0.04064957268782927, 0.03352755636782105, 0.036403262844328356, 0.03829614970734883, 0.031940505599527824, 0.032147791814803005, 0.03949342329566207, 0.03516696928481937, 0.03734143377163796, 0.03864429775743564, 0.04113143684634197, 0.04098752621831632, 0.03458395852634139, 0.03525213826480233, 0.029608889193051036]
BBSR:65.76
ABSR:35.89
max acc:97.61
