======================================
    IID: 0
    Dataset: fashion_mnist
    Model: Mnist_CNN
    Model Init: None
    Aggregation Function: flame
    Fraction NonIID: 0
    Long attack: 3
    Wide attack: 3
    Wide attack: trust
    Threshold reject: 0.5
    Threshold down: 0.0
    Attack method: dba
    Fraction of malicious agents: 30.0%
    Poison Frac: 0.2
    Backdoor From 7 to 2
    Attack Begin: 0
    Trigger Shape: square
    Type poisoning: 
    Trigger Position X: 0
    Trigger Position Y: 0
    Number of agents: 100
    Fraction of agents each turn: 30(30.0%)
    Local batch size: 50
    Local epoch: 3
    Client_LR: 0.01
    Client_Momentum: 0.9
    Global Rounds: 100
    Noise in FLAME: 0.001
proportion of malicious are selected:0.6066666666666667
proportion of benign are selected:0.5057142857142857
======================================
main_task_accuracy=[0, 60.18000030517578, 70.80999755859375, 73.62000274658203, 74.20999908447266, 76.58999633789062, 77.83999633789062, 78.16999816894531, 77.20999908447266, 80.56999969482422, 80.47000122070312, 77.08000183105469, 80.73999786376953, 82.41999816894531, 81.7699966430664, 81.87999725341797, 83.48999786376953, 83.63999938964844, 83.1500015258789, 83.87000274658203, 84.1500015258789, 82.31999969482422, 84.2300033569336, 85.0999984741211, 84.37999725341797, 84.69999694824219, 85.31999969482422, 85.36000061035156, 85.12999725341797, 85.37999725341797, 86.0, 85.80000305175781, 85.97000122070312, 86.19000244140625, 86.41000366210938, 85.5999984741211, 86.5999984741211, 86.52999877929688, 86.37000274658203, 86.31999969482422, 86.7300033569336, 87.08999633789062, 86.05999755859375, 87.02999877929688, 86.69999694824219, 86.94999694824219, 87.25, 87.19000244140625, 86.91000366210938, 87.30999755859375, 87.30999755859375, 87.31999969482422, 87.0, 87.70999908447266, 87.41000366210938, 87.62000274658203, 87.72000122070312, 87.94999694824219, 87.79000091552734, 87.29000091552734, 87.93000030517578, 87.63999938964844, 87.47000122070312, 88.02999877929688, 88.1500015258789, 88.0, 88.31999969482422, 88.05000305175781, 88.44999694824219, 87.9800033569336, 88.44000244140625, 87.80000305175781, 88.04000091552734, 88.4800033569336, 88.20999908447266, 88.08000183105469, 88.55999755859375, 88.5999984741211, 88.27999877929688, 88.37000274658203, 88.91000366210938, 88.26000213623047, 88.08000183105469, 88.66999816894531, 88.66000366210938, 88.79000091552734, 88.6500015258789, 88.8499984741211, 88.38999938964844, 88.2699966430664, 88.86000061035156, 88.54000091552734, 88.25, 88.94999694824219, 88.86000061035156, 88.58000183105469, 89.05999755859375, 89.0199966430664, 88.4000015258789, 88.58999633789062, 89.30000305175781]
backdoor_accuracy=[0, 0.0, 2.3, 83.8, 95.2, 95.3, 96.2, 98.5, 99.7, 99.4, 99.9, 100.0, 100.0, 100.0, 100.0, 100.0, 100.0, 100.0, 100.0, 100.0, 100.0, 100.0, 100.0, 100.0, 100.0, 100.0, 100.0, 100.0, 100.0, 100.0, 100.0, 100.0, 100.0, 100.0, 100.0, 100.0, 100.0, 100.0, 100.0, 100.0, 100.0, 100.0, 100.0, 100.0, 100.0, 100.0, 100.0, 100.0, 100.0, 100.0, 100.0, 100.0, 100.0, 100.0, 100.0, 100.0, 100.0, 100.0, 100.0, 100.0, 100.0, 100.0, 100.0, 100.0, 100.0, 100.0, 100.0, 100.0, 100.0, 100.0, 100.0, 100.0, 100.0, 100.0, 100.0, 100.0, 100.0, 100.0, 100.0, 100.0, 100.0, 100.0, 100.0, 100.0, 100.0, 100.0, 100.0, 100.0, 100.0, 100.0, 100.0, 100.0, 100.0, 100.0, 100.0, 100.0, 100.0, 100.0, 100.0, 100.0, 100.0]
loss_list=[1.4428691931344848, 0.8759914437653842, 0.633740476574059, 0.6057306745951928, 0.5294049157450595, 0.4918122550541605, 0.4752065248373482, 0.48001593475540466, 0.4373162069254452, 0.4247857369413531, 0.4812291584564029, 0.44701244008761865, 0.40717204150364356, 0.4179604222377141, 0.41839925367385145, 0.38534872669864584, 0.34042020198647627, 0.37599255183918606, 0.3644347826156903, 0.339408061667173, 0.3853866719744273, 0.37954500489350823, 0.3375214126754414, 0.3734972308010415, 0.37569849215516893, 0.33048817513648565, 0.3216119429717461, 0.3470019514844925, 0.3605655566651235, 0.2970617761525015, 0.3363324592165925, 0.31354434599203096, 0.3196691397991446, 0.3267933469679621, 0.35004500939890193, 0.29730733078731997, 0.2895537991042215, 0.33704619195864155, 0.30856719526496756, 0.2717258752427167, 0.3128132795673554, 0.3094676608047276, 0.25652579776597795, 0.3202014893569328, 0.30503929356389026, 0.27948877514788406, 0.27510241295762905, 0.32582520437599327, 0.28015177245424294, 0.25422484095173853, 0.301237167366263, 0.30296131784475794, 0.2399507018720248, 0.2771032936595104, 0.26389518562980274, 0.2524489177804854, 0.2593327582986266, 0.2789046095235756, 0.2801775910926086, 0.2593416849082267, 0.30539504912233467, 0.25993978173161547, 0.2500804912367905, 0.2955372039608105, 0.2477892810651274, 0.23664809453335628, 0.23774446683366676, 0.27268354368775527, 0.2435511380089102, 0.24664151455896596, 0.2684287604358461, 0.288996266135601, 0.23735471509431527, 0.2743381030443642, 0.27265718965791164, 0.22044430037753446, 0.2365626315362061, 0.2732438889918504, 0.2472380588745216, 0.22981039057830696, 0.2759333656100487, 0.26781860751410325, 0.2216124400255029, 0.26694529432010045, 0.21898027063709585, 0.2334960610976581, 0.24969954752121815, 0.27133391569196075, 0.2435206720984921, 0.2249065277563339, 0.2569618090504297, 0.2554953066589035, 0.2103686380829593, 0.26502035500447235, 0.25997323687015855, 0.23037522037134128, 0.22786208900312582, 0.24194657723764304, 0.23934154807831404, 0.22928741366292035]
BBSR:100.0
ABSR:100.0
max acc:89.3
