======================================
    IID: 0
    Dataset: mnist
    Model: Mnist_CNN
    Model Init: None
    Aggregation Function: flame
    Fraction NonIID: 0
    Long attack: 4
    Wide attack: 4
    Wide attack: trust
    Threshold reject: 0.5
    Threshold down: 0.0
    Attack method: dba
    Fraction of malicious agents: 13.0%
    Poison Frac: 0.2
    Backdoor From 7 to 2
    Attack Begin: 0
    Trigger Shape: square
    Type poisoning: 
    Trigger Position X: 0
    Trigger Position Y: 0
    Number of agents: 100
    Fraction of agents each turn: 30(30.0%)
    Local batch size: 50
    Local epoch: 3
    Client_LR: 0.01
    Client_Momentum: 0.9
    Global Rounds: 100
    Noise in FLAME: 0.001
proportion of malicious are selected:0.49
proportion of benign are selected:0.5740740740740741
======================================
main_task_accuracy=[0, 24.450000762939453, 41.380001068115234, 50.33000183105469, 50.45000076293945, 58.560001373291016, 55.779998779296875, 65.55999755859375, 66.9000015258789, 67.8499984741211, 68.30999755859375, 70.87999725341797, 70.02999877929688, 72.63999938964844, 75.08999633789062, 74.45999908447266, 76.31999969482422, 75.16999816894531, 74.16000366210938, 72.31999969482422, 76.51000213623047, 76.5, 73.72000122070312, 74.19000244140625, 76.83000183105469, 76.9800033569336, 76.5199966430664, 77.19000244140625, 71.62999725341797, 74.0999984741211, 77.01000213623047, 77.5999984741211, 76.97000122070312, 76.18000030517578, 75.12999725341797, 76.86000061035156, 77.68000030517578, 78.16999816894531, 77.29000091552734, 77.79000091552734, 78.02999877929688, 76.1500015258789, 75.94999694824219, 75.94999694824219, 77.77999877929688, 85.08000183105469, 86.66000366210938, 83.05000305175781, 81.20999908447266, 78.02999877929688, 79.51000213623047, 85.80999755859375, 85.81999969482422, 84.9000015258789, 84.3499984741211, 84.63999938964844, 82.45999908447266, 82.80000305175781, 80.2300033569336, 81.37000274658203, 79.6500015258789, 79.33999633789062, 79.91000366210938, 80.12000274658203, 78.97000122070312, 79.27999877929688, 79.51000213623047, 79.19000244140625, 78.73999786376953, 78.66000366210938, 78.29000091552734, 78.8499984741211, 79.48999786376953, 78.87000274658203, 79.16000366210938, 78.9800033569336, 78.94000244140625, 78.97000122070312, 79.01000213623047, 78.87999725341797, 78.69000244140625, 78.88999938964844, 78.76000213623047, 78.33999633789062, 78.69999694824219, 78.83999633789062, 78.66999816894531, 87.18000030517578, 84.7699966430664, 87.12999725341797, 85.16000366210938, 85.7300033569336, 85.01000213623047, 84.75, 83.7699966430664, 85.05999755859375, 84.76000213623047, 82.30000305175781, 82.9800033569336, 84.83999633789062, 83.95999908447266]
backdoor_accuracy=[0, 0.7782101167315175, 11.381322957198444, 2.3346303501945527, 0.09727626459143969, 4.669260700389105, 3.21011673151751, 2.7237354085603114, 5.252918287937743, 2.821011673151751, 5.739299610894942, 1.1673151750972763, 7.490272373540856, 2.821011673151751, 6.614785992217898, 5.933852140077821, 7.2957198443579765, 0.9727626459143969, 3.6964980544747084, 2.3346303501945527, 1.264591439688716, 5.252918287937743, 2.140077821011673, 5.933852140077821, 3.404669260700389, 1.8482490272373542, 3.404669260700389, 8.463035019455253, 0.48638132295719844, 1.6536964980544746, 5.3501945525291825, 1.264591439688716, 1.3618677042801557, 1.1673151750972763, 1.1673151750972763, 6.712062256809339, 1.264591439688716, 3.5992217898832686, 2.6264591439688716, 5.3501945525291825, 1.4591439688715953, 1.0700389105058365, 1.556420233463035, 3.501945525291829, 1.556420233463035, 1.9455252918287937, 3.11284046692607, 5.933852140077821, 1.4591439688715953, 3.6964980544747084, 2.821011673151751, 1.4591439688715953, 5.642023346303502, 1.0700389105058365, 0.6809338521400778, 1.0700389105058365, 13.326848249027238, 4.571984435797665, 2.9182879377431905, 1.8482490272373542, 6.031128404669261, 6.906614785992218, 6.22568093385214, 6.517509727626459, 7.587548638132295, 4.571984435797665, 3.0155642023346303, 6.614785992217898, 11.964980544747082, 12.354085603112841, 3.9883268482490273, 7.587548638132295, 4.961089494163424, 2.9182879377431905, 3.8910505836575875, 4.085603112840467, 9.43579766536965, 15.95330739299611, 10.505836575875486, 6.3229571984435795, 3.11284046692607, 13.035019455252918, 25.19455252918288, 5.447470817120623, 11.575875486381323, 22.56809338521401, 20.038910505836576, 16.53696498054475, 1.6536964980544746, 30.739299610894943, 4.571984435797665, 16.342412451361866, 8.657587548638132, 17.996108949416342, 55.252918287937746, 22.276264591439688, 20.914396887159533, 7.976653696498055, 19.260700389105057, 43.09338521400778, 32.976653696498055]
loss_list=[0.5086577670340814, 0.32151522345512695, 0.22385081451028035, 0.1917765128806019, 0.20427215534032245, 0.19510686482809111, 0.1682390308834294, 0.12264515307480749, 0.16933533316783916, 0.16966949395114522, 0.16022152813698615, 0.1399093342046319, 0.148230345202035, 0.16381407328679157, 0.14093618255901214, 0.14911569856570878, 0.16638249148625228, 0.10276363650227288, 0.15532871572285878, 0.17206720302598413, 0.11664801899568923, 0.12299959474321413, 0.17460573521093048, 0.1326790869826687, 0.1710679776809982, 0.14803613320604728, 0.15902337787615942, 0.12102559762677251, 0.13408593721576967, 0.1386172608101485, 0.11683729311798256, 0.15248279255868924, 0.09622746588463266, 0.13331202991748076, 0.129032956348304, 0.1544029636510567, 0.1691623054858993, 0.10626250590223033, 0.10505514947465226, 0.09221254622261908, 0.08927289832253363, 0.11585778278468851, 0.11461894896149386, 0.13343792472025162, 0.16184341828393017, 0.13230379833849487, 0.10342969352769825, 0.08754908737911142, 0.11763115592973448, 0.11101091149776626, 0.11536241716474663, 0.08719484854341235, 0.08199857795388962, 0.08086339071493433, 0.07146276600455631, 0.11571941565582801, 0.07634779745521776, 0.06977446662836692, 0.10382795663593607, 0.06445845319069557, 0.10103197547816327, 0.0868013271324759, 0.09857366214281225, 0.10529349106628384, 0.09176565677487991, 0.1385142352223932, 0.11271578196559431, 0.07998497709784344, 0.1267396969836912, 0.07841615988528487, 0.08978117983306522, 0.12327597549020979, 0.08530625258544314, 0.09763667954926512, 0.0720748420402931, 0.10416486030876684, 0.09553388175192441, 0.1008153858789794, 0.10695034699706672, 0.13324378551600127, 0.10024093608405732, 0.11086798781839396, 0.06004980516413093, 0.09054436366900839, 0.10876465093173507, 0.08730948133328466, 0.1603109331219507, 0.09009166788877247, 0.11308172201792185, 0.08005412814867403, 0.09604351400860729, 0.07796563662666721, 0.08602574112501553, 0.08551162922292206, 0.11480867660781005, 0.09052402601327342, 0.10947219774112545, 0.07331115763294214, 0.08371181490986859, 0.06558562731658042]
BBSR:55.25
ABSR:24.47
max acc:85.73
