======================================
    IID: 1
    Dataset: cifar
    Model: resnet
    Model Init: None
    Aggregation Function: avg
    Fraction NonIID: 0
    Long attack: 3
    Wide attack: 3
    Wide attack: trust
    Threshold reject: 0.5
    Threshold down: 0.0
    Attack method: badnet
    Fraction of malicious agents: 30.0%
    Poison Frac: 0.2
    Backdoor From 7 to 2
    Attack Begin: 0
    Trigger Shape: square
    Type poisoning: cs
    Trigger Position X: 0
    Trigger Position Y: 0
    Number of agents: 100
    Fraction of agents each turn: 30(30.0%)
    Local batch size: 50
    Local epoch: 3
    Client_LR: 0.01
    Client_Momentum: 0.9
    Global Rounds: 100
======================================
main_task_accuracy=[0, 10.0, 11.380000114440918, 23.709999084472656, 34.33000183105469, 38.529998779296875, 45.0099983215332, 45.689998626708984, 49.38999938964844, 53.13999938964844, 56.06999969482422, 58.130001068115234, 56.709999084472656, 59.75, 60.290000915527344, 60.720001220703125, 63.11000061035156, 63.16999816894531, 62.630001068115234, 64.3499984741211, 65.1500015258789, 64.76000213623047, 65.41000366210938, 65.20999908447266, 66.7300033569336, 66.62000274658203, 67.1500015258789, 67.80999755859375, 67.48999786376953, 67.5199966430664, 68.05999755859375, 67.37000274658203, 67.86000061035156, 68.31999969482422, 68.76000213623047, 69.08000183105469, 70.31999969482422, 69.38999938964844, 70.20999908447266, 68.63999938964844, 69.68000030517578, 71.56999969482422, 71.08999633789062, 71.3499984741211, 72.58000183105469, 71.80999755859375, 72.0, 72.5199966430664, 71.9800033569336, 72.18000030517578, 72.44999694824219, 71.81999969482422, 72.94000244140625, 72.30000305175781, 72.62000274658203, 72.81999969482422, 72.58999633789062, 72.61000061035156, 72.75, 72.80999755859375, 72.6500015258789, 72.80000305175781, 72.87000274658203, 72.69999694824219, 73.06999969482422, 73.18000030517578, 72.88999938964844, 72.66000366210938, 72.87999725341797, 72.91999816894531, 72.76000213623047, 72.80000305175781, 72.79000091552734, 72.87999725341797, 72.83999633789062, 72.77999877929688, 72.94999694824219, 72.73999786376953, 72.7300033569336, 72.62999725341797, 72.63999938964844, 72.81999969482422, 72.79000091552734, 72.83000183105469, 72.75, 72.72000122070312, 72.69999694824219, 72.81999969482422, 72.66000366210938, 72.68000030517578, 72.72000122070312, 72.66999816894531, 72.55000305175781, 72.62000274658203, 72.58000183105469, 72.55999755859375, 72.69000244140625, 72.66999816894531, 72.5999984741211, 72.61000061035156, 72.48999786376953]
backdoor_accuracy=[0, 0.0, 1.8, 2.2, 2.3, 1.5, 1.5, 1.2, 1.1, 0.9, 1.6, 1.3, 1.1, 0.8, 2.6, 1.7, 1.3, 1.1, 1.2, 1.0, 1.4, 1.7, 2.0, 1.5, 1.4, 0.8, 0.8, 1.2, 0.8, 1.1, 1.3, 1.0, 1.1, 1.1, 1.3, 1.2, 1.2, 1.5, 0.8, 1.6, 0.7, 1.3, 1.4, 0.8, 0.9, 1.3, 1.4, 0.7, 1.2, 0.9, 1.5, 1.1, 1.2, 1.3, 1.2, 2.2, 1.8, 1.6, 1.4, 1.3, 1.3, 1.9, 1.7, 1.9, 2.2, 2.0, 2.0, 2.0, 1.9, 2.1, 2.2, 1.8, 1.7, 1.8, 1.8, 1.9, 1.9, 1.9, 1.8, 2.0, 2.0, 1.9, 1.9, 1.7, 1.7, 1.6, 1.7, 1.7, 1.7, 1.9, 1.7, 2.2, 1.8, 1.8, 1.7, 1.9, 1.7, 1.7, 1.6, 1.8, 1.7]
loss_list=[1.9749129654301538, 1.482562146584193, 1.2019017476174565, 1.0268530435363452, 0.8591495527409845, 0.7790886243432761, 0.7076259208884504, 0.6509400954966743, 0.5979590289046366, 0.5499398639798164, 0.5283987811621692, 0.529002448560463, 0.46267271320232084, 0.46897944607461484, 0.42678806160473165, 0.42676040055230247, 0.39974601522088055, 0.403567966086169, 0.33826682406374153, 0.36909326655479774, 0.35365297772818133, 0.3449734940152201, 0.3551894710585474, 0.3181265076829328, 0.2795103262685653, 0.2838971703789301, 0.296871039731842, 0.2575380573442413, 0.28773426457722157, 0.27412963380002314, 0.23640151198746429, 0.25666444583951187, 0.24902201670170243, 0.24388342984848546, 0.24161437259107416, 0.20839969272078532, 0.22476920302362277, 0.21127950280659005, 0.22360950339895977, 0.18543182943404343, 0.14005201245373528, 0.1749429819084859, 0.16081056779321648, 0.15406227960264204, 0.16582974703342188, 0.18281748550944033, 0.14217070749753877, 0.17249609156692816, 0.1442672510976748, 0.13886118065598163, 0.164106535982056, 0.12365239884096407, 0.14509179644396578, 0.12432702417368997, 0.09831773728507362, 0.12585309147928556, 0.12376378331879907, 0.13412664881771583, 0.10629980149145318, 0.1318559067712825, 0.12293734618928283, 0.11901552662531482, 0.13665315327448, 0.12669825186484057, 0.10833985998026849, 0.10762356323186799, 0.109185324888353, 0.12264129303340775, 0.1282319983945086, 0.15042252144019588, 0.15130092896886502, 0.15446169060423728, 0.12293476747319798, 0.132954207333306, 0.1224078263466557, 0.14909490159855024, 0.14192873351596058, 0.13495294234930452, 0.15780716987339677, 0.16068982258254746, 0.16464537595749584, 0.15531716131894624, 0.18160130452206225, 0.16229565620867, 0.16778108818450058, 0.1694193488443691, 0.15280580782989592, 0.16375942138161106, 0.16275286597148006, 0.14704575440252984, 0.11968193160156566, 0.14183005984374578, 0.14870564493950547, 0.13438379313185578, 0.1602361477121141, 0.13509025378634554, 0.1614415881870243, 0.13960957863898435, 0.16635474184418048, 0.15376308017130613]
BBSR:2.2
ABSR:1.79
max acc:72.69
