======================================
    IID: 1
    Dataset: cifar
    Model: resnet
    Model Init: None
    Aggregation Function: RLR
    Fraction NonIID: 0
    Long attack: 3
    Wide attack: 3
    Wide attack: trust
    Threshold reject: 0.5
    Threshold down: 0.0
    Attack method: badnet
    Fraction of malicious agents: 20.0%
    Poison Frac: 0.2
    Backdoor From 7 to 2
    Attack Begin: 0
    Trigger Shape: square
    Type poisoning: 
    Trigger Position X: 0
    Trigger Position Y: 0
    Number of agents: 100
    Fraction of agents each turn: 30(30.0%)
    Local batch size: 50
    Local epoch: 3
    Client_LR: 0.01
    Client_Momentum: 0.9
    Global Rounds: 100
    RobustLR_threshold: 4
======================================
main_task_accuracy=[0, 10.029999732971191, 21.1299991607666, 37.20000076293945, 40.939998626708984, 44.630001068115234, 48.06999969482422, 51.36000061035156, 56.18000030517578, 57.77000045776367, 56.529998779296875, 59.95000076293945, 60.5, 61.0, 62.43000030517578, 64.08000183105469, 63.56999969482422, 63.099998474121094, 63.650001525878906, 65.43000030517578, 63.77000045776367, 66.01000213623047, 67.44999694824219, 65.62000274658203, 67.12000274658203, 65.58999633789062, 66.62999725341797, 67.81999969482422, 67.41999816894531, 68.36000061035156, 68.05999755859375, 67.55000305175781, 67.76000213623047, 68.1500015258789, 68.56999969482422, 65.87000274658203, 68.36000061035156, 69.20999908447266, 68.08999633789062, 68.08999633789062, 69.47000122070312, 69.62999725341797, 65.29000091552734, 69.58000183105469, 69.52999877929688, 70.33000183105469, 70.33999633789062, 70.26000213623047, 67.06999969482422, 70.18000030517578, 69.63999938964844, 71.01000213623047, 69.55999755859375, 70.9800033569336, 69.47000122070312, 70.9800033569336, 69.98999786376953, 70.2699966430664, 70.3499984741211, 71.05999755859375, 71.80999755859375, 70.95999908447266, 71.44000244140625, 72.18000030517578, 72.5999984741211, 71.5199966430664, 71.69999694824219, 71.94999694824219, 72.13999938964844, 71.98999786376953, 72.41000366210938, 72.29000091552734, 72.7699966430664, 72.06999969482422, 72.86000061035156, 72.08000183105469, 72.52999877929688, 72.4000015258789, 72.0, 72.80000305175781, 72.36000061035156, 71.61000061035156, 72.48999786376953, 72.12999725341797, 72.25, 72.30000305175781, 72.52999877929688, 72.19000244140625, 72.18000030517578, 72.41000366210938, 72.48999786376953, 72.66000366210938, 72.48999786376953, 72.6500015258789, 72.62999725341797, 72.51000213623047, 72.37000274658203, 72.41000366210938, 72.55000305175781, 72.30999755859375, 72.47000122070312]
backdoor_accuracy=[0, 0.0, 3.0, 3.8, 4.0, 1.9, 2.4, 1.6, 2.7, 2.3, 1.8, 1.5, 2.2, 1.3, 1.3, 1.7, 2.2, 2.0, 2.1, 3.0, 1.6, 1.2, 1.5, 1.2, 1.1, 0.6, 1.4, 1.2, 0.7, 1.0, 1.1, 1.3, 0.4, 1.3, 1.4, 1.1, 1.2, 1.0, 2.9, 0.4, 4.2, 0.7, 0.8, 1.7, 1.3, 1.1, 1.5, 2.3, 0.7, 3.3, 0.3, 4.5, 0.4, 2.1, 0.3, 2.7, 0.2, 6.5, 0.6, 0.9, 1.0, 0.5, 1.9, 1.3, 2.4, 2.1, 0.8, 1.3, 1.3, 1.3, 1.6, 1.1, 2.1, 1.1, 1.8, 2.8, 1.5, 1.4, 0.7, 1.9, 1.4, 1.3, 2.7, 1.1, 2.7, 1.2, 2.6, 1.9, 1.4, 2.2, 2.0, 2.5, 1.8, 2.0, 1.9, 2.1, 2.1, 2.8, 1.6, 2.3, 2.3]
loss_list=[1.9493844466739227, 1.512969351675775, 1.1688417183359463, 0.9628621395594542, 0.8280955937090848, 0.7500272485696606, 0.6512395960754819, 0.5828523522077335, 0.5289593227497407, 0.5548993550034034, 0.5007036928832531, 0.4725581862280767, 0.4093060388291876, 0.42960859229374265, 0.36915615709705474, 0.4438669528977739, 0.35822709453706103, 0.34816947075745297, 0.359004082346542, 0.3754977594859277, 0.3038560089096427, 0.28837445136858153, 0.2683936244042383, 0.27759143750183285, 0.28836580401105394, 0.3148338287504803, 0.2608442659721348, 0.27915511231183904, 0.23956535136650528, 0.2172054201625805, 0.2288830623831341, 0.23436887418049282, 0.2598205572886703, 0.2170808098686393, 0.2105973277301786, 0.14385039067426178, 0.19602576430518334, 0.16132078956754412, 0.22569578701940685, 0.16789823206193333, 0.15446057681776845, 0.17393534616887335, 0.1572483216616092, 0.2052232051523687, 0.12511036510579288, 0.11279117706121825, 0.1350340818719188, 0.1792728639887193, 0.15815322028059103, 0.1345673350997256, 0.10481191727174317, 0.11991315811183692, 0.09628901527667444, 0.14685384969600512, 0.07578665796072327, 0.16816381807699346, 0.12312981323219398, 0.0985816621406411, 0.09028647349301738, 0.083596592223912, 0.08710974264603766, 0.10436851792881496, 0.06259313269347735, 0.06879301164466597, 0.06995765181258322, 0.05701212302428758, 0.05776595065470449, 0.06243967041187311, 0.05646250493609437, 0.07523546886191373, 0.03174553088007492, 0.03920423632311819, 0.0496559313009493, 0.01157984605781773, 0.043903716456186695, 0.0217251644572995, 0.05919003964202299, 0.0376301793032245, 0.01716080057781356, 0.04658412955099871, 0.05904093605792796, 0.02991924967745136, 0.045381526051088354, 0.04050223783892256, 0.037787819699396, 0.00856185834274988, 0.06065669113267076, 0.02871511113313823, 0.010317465833025683, 0.03734481817790564, 0.012137356479850295, 0.027430816684702427, 0.011981768729235932, 0.005532308119833641, 0.007308746553017046, 0.0018397158340920012, 0.027292578261877785, 0.006649876069099669, 0.013760110854338765, 0.0021002250487986707]
BBSR:2.8
ABSR:2.14
max acc:72.66
