======================================
    IID: 0
    Dataset: mnist
    Model: Mnist_CNN
    Model Init: None
    Aggregation Function: avg
    Fraction NonIID: 0
    Long attack: 3
    Wide attack: 3
    Wide attack: trust
    Threshold reject: 0.5
    Threshold down: 0.0
    Attack method: badnet
    Fraction of malicious agents: 20.0%
    Poison Frac: 0.2
    Backdoor From 7 to 2
    Attack Begin: 0
    Trigger Shape: square
    Type poisoning: cs
    Trigger Position X: 0
    Trigger Position Y: 0
    Number of agents: 100
    Fraction of agents each turn: 30(30.0%)
    Local batch size: 50
    Local epoch: 3
    Client_LR: 0.01
    Client_Momentum: 0.9
    Global Rounds: 100
======================================
main_task_accuracy=[0, 18.389999389648438, 64.06999969482422, 37.869998931884766, 58.15999984741211, 75.19000244140625, 83.2699966430664, 82.19999694824219, 83.4000015258789, 90.47000122070312, 86.0999984741211, 91.86000061035156, 94.0, 93.51000213623047, 93.0199966430664, 94.9800033569336, 92.75, 93.30999755859375, 94.48999786376953, 94.79000091552734, 92.41999816894531, 94.27999877929688, 96.29000091552734, 95.55000305175781, 95.13999938964844, 96.68000030517578, 96.62999725341797, 96.23999786376953, 96.5, 96.72000122070312, 96.93000030517578, 96.56999969482422, 96.7699966430664, 96.91000366210938, 97.30000305175781, 96.61000061035156, 96.87000274658203, 97.19999694824219, 97.5, 97.43000030517578, 97.30000305175781, 97.77999877929688, 96.23999786376953, 97.26000213623047, 97.16000366210938, 97.68000030517578, 97.05000305175781, 97.2300033569336, 96.79000091552734, 97.5999984741211, 97.33000183105469, 98.01000213623047, 97.87000274658203, 98.22000122070312, 97.36000061035156, 98.04000091552734, 98.20999908447266, 98.06999969482422, 98.05000305175781, 98.30999755859375, 98.31999969482422, 98.23999786376953, 97.9000015258789, 98.33000183105469, 98.08000183105469, 97.98999786376953, 98.33000183105469, 98.19000244140625, 98.37999725341797, 98.13999938964844, 98.20999908447266, 97.9000015258789, 98.19000244140625, 98.44999694824219, 97.5199966430664, 98.12999725341797, 98.37000274658203, 97.69999694824219, 98.38999938964844, 98.58999633789062, 98.58000183105469, 98.41000366210938, 97.93000030517578, 98.38999938964844, 98.48999786376953, 98.55000305175781, 98.54000091552734, 98.12999725341797, 97.58000183105469, 98.33999633789062, 98.5, 98.54000091552734, 98.2699966430664, 97.77999877929688, 97.94000244140625, 98.31999969482422, 98.54000091552734, 98.58000183105469, 98.51000213623047, 98.1500015258789, 98.41000366210938]
backdoor_accuracy=[0, 0.0, 0.6809338521400778, 0.38910505836575876, 4.085603112840467, 2.431906614785992, 6.22568093385214, 4.863813229571984, 1.4591439688715953, 6.906614785992218, 5.252918287937743, 14.883268482490273, 7.003891050583658, 4.280155642023346, 4.766536964980545, 6.614785992217898, 12.743190661478598, 9.04669260700389, 11.770428015564203, 6.614785992217898, 16.147859922178988, 7.782101167315175, 14.299610894941635, 25.58365758754864, 64.39688715953308, 13.715953307392995, 38.715953307392994, 20.622568093385215, 36.284046692607006, 53.599221789883266, 32.00389105058366, 52.14007782101167, 58.268482490272376, 76.26459143968872, 84.3385214007782, 18.96887159533074, 81.6147859922179, 26.848249027237355, 57.00389105058366, 61.478599221789885, 84.14396887159533, 78.89105058365759, 45.42801556420233, 97.66536964980544, 95.42801556420234, 92.41245136186771, 94.06614785992218, 93.57976653696498, 76.94552529182879, 95.91439688715953, 97.17898832684826, 98.15175097276264, 96.69260700389106, 98.44357976653697, 95.52529182879377, 94.94163424124514, 97.85992217898833, 97.17898832684826, 97.95719844357977, 96.49805447470817, 96.20622568093385, 97.66536964980544, 97.66536964980544, 97.37354085603113, 97.85992217898833, 98.44357976653697, 99.22178988326849, 99.0272373540856, 98.83268482490273, 98.15175097276264, 99.12451361867704, 97.95719844357977, 98.63813229571984, 98.63813229571984, 97.76264591439688, 99.5136186770428, 98.92996108949416, 99.5136186770428, 98.44357976653697, 99.61089494163424, 99.90272373540856, 99.70817120622569, 99.5136186770428, 99.80544747081711, 99.80544747081711, 99.70817120622569, 99.70817120622569, 99.80544747081711, 99.70817120622569, 99.80544747081711, 99.70817120622569, 99.61089494163424, 99.70817120622569, 99.90272373540856, 99.22178988326849, 99.5136186770428, 99.31906614785993, 99.70817120622569, 99.70817120622569, 99.70817120622569, 99.90272373540856]
loss_list=[0.4895941026291407, 0.24121001216805407, 0.19870490053310685, 0.18218451061338667, 0.1896710670506699, 0.1360533388709377, 0.10664160572587608, 0.08548566546581585, 0.09622903369301476, 0.07977748434935943, 0.09429789417260905, 0.06574949965653666, 0.07186548439267153, 0.05359414880559161, 0.06512104383685463, 0.05902885417718915, 0.06453882210692433, 0.060895826181788355, 0.03645045893173505, 0.046681403023284086, 0.05026618172018486, 0.04210162037618465, 0.05422661847068585, 0.048200524350060475, 0.04372024274964861, 0.04718921020883055, 0.04442681237961352, 0.046387659963774835, 0.0374731694314081, 0.03714653345539287, 0.03974796504059275, 0.030677614322045157, 0.03420734619405283, 0.03587894229809378, 0.03372186062388205, 0.035566508310245035, 0.02961005731208614, 0.03705587088980171, 0.03658402041267177, 0.034767542580591344, 0.035513239781277045, 0.029601739189249313, 0.04353529448098716, 0.031530729642937495, 0.03369762056411865, 0.03973386084530231, 0.027940073870785894, 0.030219859142556038, 0.03231803954297855, 0.030658977336400932, 0.03168381577119177, 0.02703875784492639, 0.03358269353777139, 0.024529029132236112, 0.027097313187544554, 0.02823551135823333, 0.027068741945293604, 0.02880418853269096, 0.02689630350644807, 0.024486042308084224, 0.02129743692804994, 0.02840937076826953, 0.025814725072732612, 0.025558322255433842, 0.021073532788165882, 0.026340339379352803, 0.02542473398760085, 0.022282587529357602, 0.021808178332392, 0.018021040941536785, 0.02444265681761176, 0.02873673433886118, 0.021779894908356738, 0.02664965541362613, 0.023819361191913135, 0.02650525802906047, 0.017586377375878284, 0.022210159323536163, 0.019389400654581383, 0.025925785972130546, 0.022099710860491364, 0.020719729319128338, 0.02330701709474404, 0.01863234880905359, 0.01727786187566912, 0.0219027868487192, 0.021470556106713726, 0.019884627201101922, 0.025409484399593597, 0.023620133158463785, 0.0192472382086138, 0.01885147464110187, 0.024343568458531376, 0.01746511740984883, 0.022249360264525755, 0.017057395543590034, 0.024986454218956358, 0.01938643402413729, 0.02044433515944469, 0.018262185402003986]
BBSR:99.9
ABSR:99.63
max acc:98.58
