======================================
    IID: 0
    Dataset: fashion_mnist
    Model: Mnist_CNN
    Model Init: None
    Aggregation Function: flame
    Fraction NonIID: 0
    Long attack: 3
    Wide attack: 3
    Wide attack: trust
    Threshold reject: 0.5
    Threshold down: 0.0
    Attack method: badnet
    Fraction of malicious agents: 20.0%
    Poison Frac: 0.2
    Backdoor From 7 to 2
    Attack Begin: 0
    Trigger Shape: square
    Type poisoning: 
    Trigger Position X: 0
    Trigger Position Y: 0
    Number of agents: 100
    Fraction of agents each turn: 30(30.0%)
    Local batch size: 50
    Local epoch: 3
    Client_LR: 0.01
    Client_Momentum: 0.9
    Global Rounds: 100
    Noise in FLAME: 0.001
proportion of malicious are selected:0.715
proportion of benign are selected:0.4920833333333333
======================================
main_task_accuracy=[0, 61.22999954223633, 72.87000274658203, 75.55999755859375, 77.63999938964844, 78.12000274658203, 79.19000244140625, 79.62000274658203, 80.16999816894531, 81.23999786376953, 81.47000122070312, 82.41000366210938, 82.80000305175781, 83.06999969482422, 83.43000030517578, 83.93000030517578, 84.05999755859375, 84.37999725341797, 84.7300033569336, 84.94999694824219, 84.94000244140625, 84.94000244140625, 84.87000274658203, 85.66000366210938, 85.55000305175781, 85.52999877929688, 85.66999816894531, 85.69999694824219, 86.12000274658203, 86.11000061035156, 86.19999694824219, 86.55999755859375, 86.3499984741211, 86.5999984741211, 86.0199966430664, 86.62999725341797, 86.8499984741211, 86.63999938964844, 86.79000091552734, 87.11000061035156, 87.16000366210938, 87.13999938964844, 87.16999816894531, 87.30000305175781, 87.0999984741211, 87.55999755859375, 87.51000213623047, 87.68000030517578, 87.77999877929688, 87.81999969482422, 87.7300033569336, 87.75, 87.47000122070312, 87.72000122070312, 87.83999633789062, 87.88999938964844, 87.93000030517578, 88.05000305175781, 87.94000244140625, 87.80000305175781, 87.98999786376953, 88.26000213623047, 88.16999816894531, 87.94999694824219, 88.33999633789062, 88.43000030517578, 88.2300033569336, 88.41999816894531, 88.19000244140625, 88.2300033569336, 88.12999725341797, 88.41999816894531, 88.4800033569336, 88.55999755859375, 88.70999908447266, 88.41000366210938, 88.52999877929688, 88.69999694824219, 88.62000274658203, 88.75, 88.75, 88.62999725341797, 88.76000213623047, 88.86000061035156, 88.77999877929688, 88.98999786376953, 88.56999969482422, 88.97000122070312, 88.94999694824219, 89.16999816894531, 88.95999908447266, 89.16999816894531, 89.01000213623047, 89.04000091552734, 89.29000091552734, 88.97000122070312, 88.91999816894531, 89.11000061035156, 89.12000274658203, 89.08000183105469, 88.95999908447266]
backdoor_accuracy=[0, 0.0, 0.0, 3.0, 6.3, 30.4, 27.2, 68.0, 87.2, 87.2, 94.0, 93.3, 95.2, 98.9, 99.4, 99.6, 99.8, 99.8, 99.8, 99.8, 99.8, 99.8, 99.9, 99.8, 99.8, 99.8, 99.9, 99.9, 99.9, 99.9, 99.9, 99.9, 99.9, 99.9, 99.9, 99.9, 99.9, 99.9, 99.9, 99.9, 99.9, 99.9, 99.9, 100.0, 100.0, 100.0, 100.0, 100.0, 99.9, 100.0, 100.0, 100.0, 99.9, 100.0, 100.0, 100.0, 100.0, 100.0, 100.0, 100.0, 100.0, 100.0, 100.0, 100.0, 100.0, 100.0, 100.0, 100.0, 100.0, 100.0, 100.0, 100.0, 100.0, 100.0, 100.0, 100.0, 100.0, 100.0, 100.0, 100.0, 100.0, 100.0, 100.0, 100.0, 100.0, 100.0, 100.0, 100.0, 100.0, 100.0, 100.0, 100.0, 100.0, 100.0, 100.0, 100.0, 100.0, 100.0, 100.0, 100.0, 100.0]
loss_list=[1.3959754637546011, 0.8484595392037321, 0.5985155494400748, 0.5545967624695213, 0.5069078631699083, 0.4842438434423119, 0.47758777516859546, 0.44112832900826593, 0.4079292557167786, 0.40530421181271464, 0.42056880907190064, 0.3889819823205471, 0.4086658806505579, 0.3727131670409883, 0.3788443021545255, 0.3612115863745135, 0.36174072770884746, 0.3513504732952074, 0.35638753525498845, 0.37265955313557275, 0.32553862801718486, 0.34824173464267344, 0.342876138748532, 0.3356198894722318, 0.32857292128933796, 0.30785442108840305, 0.3231742070763613, 0.3120009932322082, 0.3530532434168788, 0.33494882930966996, 0.31847413347482134, 0.30262748200998263, 0.2999484834364719, 0.335408545633847, 0.31089151184316033, 0.28814126939374807, 0.30957685428050663, 0.28101614698836647, 0.29556183597693847, 0.276015040381915, 0.31564903435193836, 0.27589524168590146, 0.28957208216328306, 0.2920778797387525, 0.32602153138636986, 0.27146456283689646, 0.29002429391774875, 0.2612152217369941, 0.27993335957052523, 0.2701613110265936, 0.2891685745765075, 0.2858065618684998, 0.29873912121962615, 0.2808627257227069, 0.23923675511722214, 0.277264806329859, 0.25119418768488144, 0.2866449957230576, 0.23816948913865627, 0.27348060117499834, 0.22701981742004004, 0.27549386398038933, 0.2692002473088603, 0.2748269687665419, 0.24489749970983862, 0.2620806523150316, 0.2592137854235868, 0.2088803864394625, 0.24305143235596244, 0.24503854170303654, 0.24906825316828432, 0.23923370156402662, 0.22043095773810312, 0.23670196995587534, 0.23840650493382576, 0.25103423650445483, 0.24085867536875114, 0.22846944782132697, 0.24849093261830232, 0.2355457522475195, 0.23460805084452863, 0.23855752157633786, 0.23530717993982966, 0.24098535992757034, 0.22904689243856682, 0.24039502010025363, 0.23324701972995646, 0.24777754056612372, 0.23881353599329794, 0.25034489138051874, 0.22975739553674224, 0.24420022135945382, 0.2548803300795111, 0.23582436603287027, 0.2360566971392405, 0.23793295756741253, 0.21481682595934856, 0.23924044787418092, 0.26165638883011755, 0.23820062951288284]
BBSR:100.0
ABSR:100.0
max acc:89.29
