======================================
    IID: 0
    Dataset: mnist
    Model: Mnist_CNN
    Model Init: None
    Aggregation Function: RLR
    Fraction NonIID: 0
    Long attack: 3
    Wide attack: 3
    Wide attack: trust
    Threshold reject: 0.5
    Threshold down: 0.0
    Attack method: badnet
    Fraction of malicious agents: 13.0%
    Poison Frac: 0.2
    Backdoor From 7 to 2
    Attack Begin: 0
    Trigger Shape: square
    Type poisoning: cs
    Trigger Position X: 0
    Trigger Position Y: 0
    Number of agents: 100
    Fraction of agents each turn: 30(30.0%)
    Local batch size: 50
    Local epoch: 3
    Client_LR: 0.01
    Client_Momentum: 0.9
    Global Rounds: 100
    RobustLR_threshold: 4
======================================
main_task_accuracy=[0, 32.58000183105469, 33.529998779296875, 61.81999969482422, 73.58999633789062, 69.48999786376953, 79.36000061035156, 83.94999694824219, 85.68000030517578, 77.5, 80.12000274658203, 81.80999755859375, 84.1500015258789, 89.43000030517578, 89.20999908447266, 91.91999816894531, 86.27999877929688, 82.86000061035156, 91.83999633789062, 91.51000213623047, 94.30999755859375, 90.13999938964844, 90.83000183105469, 93.44999694824219, 93.20999908447266, 94.5, 94.11000061035156, 92.87000274658203, 95.33000183105469, 95.6500015258789, 94.44000244140625, 95.4800033569336, 94.73999786376953, 95.83999633789062, 95.68000030517578, 94.63999938964844, 95.08000183105469, 94.97000122070312, 95.20999908447266, 96.1500015258789, 95.80000305175781, 96.56999969482422, 96.41000366210938, 96.54000091552734, 94.19999694824219, 95.41000366210938, 96.0999984741211, 95.56999969482422, 95.7699966430664, 95.66999816894531, 96.08999633789062, 96.55000305175781, 96.1500015258789, 96.66000366210938, 95.16000366210938, 95.76000213623047, 96.72000122070312, 96.47000122070312, 96.58000183105469, 96.29000091552734, 96.70999908447266, 96.69999694824219, 95.91999816894531, 97.0999984741211, 96.61000061035156, 96.37999725341797, 96.62999725341797, 95.94000244140625, 97.05999755859375, 96.75, 97.37999725341797, 96.48999786376953, 96.81999969482422, 96.94999694824219, 96.94000244140625, 97.13999938964844, 96.76000213623047, 97.16999816894531, 97.05999755859375, 96.30999755859375, 97.23999786376953, 97.31999969482422, 96.08999633789062, 94.33999633789062, 95.0, 96.80000305175781, 97.16999816894531, 97.16000366210938, 96.95999908447266, 97.02999877929688, 96.75, 97.25, 96.62000274658203, 97.25, 96.93000030517578, 97.36000061035156, 96.52999877929688, 97.36000061035156, 97.2300033569336, 97.25, 96.0199966430664]
backdoor_accuracy=[0, 0.0, 0.0, 11.867704280155642, 2.7237354085603114, 7.782101167315175, 1.4591439688715953, 5.544747081712062, 4.863813229571984, 1.0700389105058365, 4.766536964980545, 4.961089494163424, 0.38910505836575876, 0.8754863813229572, 1.556420233463035, 3.0155642023346303, 1.264591439688716, 16.342412451361866, 2.140077821011673, 4.474708171206226, 2.9182879377431905, 9.82490272373541, 0.7782101167315175, 3.5992217898832686, 3.5992217898832686, 5.933852140077821, 1.6536964980544746, 1.4591439688715953, 2.140077821011673, 7.198443579766537, 2.6264591439688716, 4.280155642023346, 2.9182879377431905, 1.8482490272373542, 1.9455252918287937, 7.587548638132295, 3.0155642023346303, 2.3346303501945527, 5.836575875486381, 4.280155642023346, 3.404669260700389, 6.906614785992218, 1.8482490272373542, 3.6964980544747084, 0.6809338521400778, 2.431906614785992, 6.031128404669261, 2.140077821011673, 4.182879377431907, 2.431906614785992, 3.8910505836575875, 3.7937743190661477, 3.6964980544747084, 2.529182879377432, 2.529182879377432, 3.11284046692607, 3.8910505836575875, 1.7509727626459144, 2.3346303501945527, 1.264591439688716, 5.544747081712062, 2.9182879377431905, 2.3346303501945527, 4.182879377431907, 3.7937743190661477, 7.2957198443579765, 3.6964980544747084, 5.252918287937743, 2.821011673151751, 4.669260700389105, 5.252918287937743, 4.182879377431907, 4.377431906614786, 2.6264591439688716, 8.268482490272374, 10.700389105058365, 4.377431906614786, 11.478599221789883, 7.684824902723736, 0.7782101167315175, 2.3346303501945527, 2.6264591439688716, 2.821011673151751, 7.392996108949417, 2.821011673151751, 9.24124513618677, 4.863813229571984, 2.7237354085603114, 9.53307392996109, 12.15953307392996, 4.863813229571984, 9.727626459143968, 17.996108949416342, 4.863813229571984, 2.9182879377431905, 4.571984435797665, 1.8482490272373542, 14.591439688715953, 6.42023346303502, 13.618677042801556, 21.49805447470817]
loss_list=[0.47674495812184486, 0.3172261471083742, 0.300126696145387, 0.26107177908177576, 0.16766433507117984, 0.156621202339721, 0.15066248849038805, 0.12415750713479261, 0.10659962319271962, 0.09745881344621835, 0.09593961493398286, 0.09734090813443043, 0.09755819839282737, 0.07757053332028598, 0.08103182992272173, 0.0819413512413948, 0.09686354482188406, 0.08602347873507689, 0.06697931760377354, 0.10259218199506888, 0.06287996030926808, 0.0643774268877762, 0.06593941945065543, 0.06617301752269285, 0.06097374452098091, 0.07707875895146249, 0.05964128796091037, 0.06704229778534279, 0.06353824419175193, 0.06706131745696095, 0.06180687351663721, 0.0476326632865603, 0.06313456848467984, 0.06183047882750929, 0.072269554420942, 0.041823423206226215, 0.04079141388138891, 0.05968437550474144, 0.054719105779827776, 0.05316864996435828, 0.053675976714043214, 0.054516920153449604, 0.05248895456782153, 0.053609471799982336, 0.05705608928090677, 0.051951963101964156, 0.05222345669364903, 0.04582799186541324, 0.054959776436369547, 0.04275773711847626, 0.055783907725111846, 0.04760858886520656, 0.05612355163363435, 0.050346276153394494, 0.05216480517838219, 0.04690447947530244, 0.03949853124666018, 0.04865772544392986, 0.04548435084416293, 0.044855282732981235, 0.04330992135410395, 0.03654734577298099, 0.04238804291999126, 0.03410360420549199, 0.04207133555718214, 0.043887665676929685, 0.043635106515050606, 0.047448261745486844, 0.05198609795281893, 0.03923298650644908, 0.04784309543065401, 0.04005266267537213, 0.04358404320481093, 0.048846566928338844, 0.04459895468751622, 0.049582277305681786, 0.047124830221294337, 0.0430099415098847, 0.04876174581384559, 0.04400473075904285, 0.036676664419128355, 0.039452795192318965, 0.04843998994600555, 0.040559854460680514, 0.05031566130959241, 0.03664170467023288, 0.0476452974987711, 0.044603861338700666, 0.044544239067421186, 0.036115288202651565, 0.04747375962869132, 0.037177356601631496, 0.04410457553763639, 0.03938294902718325, 0.046118412185456245, 0.03272843643753082, 0.0396052423303891, 0.03975422106083926, 0.03458891367511219, 0.03752164886345085]
BBSR:21.5
ABSR:9.81
max acc:97.36
