======================================
    IID: 0
    Dataset: fashion_mnist
    Model: Mnist_CNN
    Model Init: None
    Aggregation Function: krum
    Fraction NonIID: 0
    Long attack: 3
    Wide attack: 3
    Wide attack: trust
    Threshold reject: 0.5
    Threshold down: 0.0
    Attack method: dba
    Fraction of malicious agents: 13.0%
    Poison Frac: 0.2
    Backdoor From 7 to 2
    Attack Begin: 0
    Trigger Shape: square
    Type poisoning: 
    Trigger Position X: 0
    Trigger Position Y: 0
    Number of agents: 100
    Fraction of agents each turn: 30(30.0%)
    Local batch size: 50
    Local epoch: 3
    Client_LR: 0.01
    Client_Momentum: 0.9
    Global Rounds: 100
    Proportion of malicious are selected: 0.0
    Average score of malicious clients: 313.7266845703125
    Average score of benign clients: 313.25872802734375
======================================
main_task_accuracy=[0, 50.7599983215332, 57.40999984741211, 64.91000366210938, 68.19999694824219, 66.33999633789062, 74.44999694824219, 73.08999633789062, 77.29000091552734, 75.20999908447266, 77.63999938964844, 74.7300033569336, 77.87999725341797, 78.94000244140625, 79.08999633789062, 79.52999877929688, 79.30999755859375, 79.54000091552734, 81.47000122070312, 78.8499984741211, 79.12000274658203, 80.12999725341797, 80.56999969482422, 80.73999786376953, 79.5999984741211, 81.72000122070312, 81.48999786376953, 82.9000015258789, 82.5999984741211, 80.63999938964844, 82.9800033569336, 82.83999633789062, 82.7699966430664, 83.41999816894531, 82.37999725341797, 83.86000061035156, 81.30999755859375, 83.4800033569336, 83.45999908447266, 83.72000122070312, 83.12999725341797, 81.62999725341797, 82.27999877929688, 84.3499984741211, 83.08999633789062, 81.79000091552734, 82.52999877929688, 82.75, 83.11000061035156, 84.58999633789062, 83.94000244140625, 83.70999908447266, 84.41000366210938, 82.30999755859375, 84.5999984741211, 83.22000122070312, 84.6500015258789, 83.5999984741211, 84.61000061035156, 84.05999755859375, 82.83999633789062, 83.43000030517578, 83.20999908447266, 84.79000091552734, 83.44999694824219, 83.5999984741211, 84.7699966430664, 82.86000061035156, 83.12999725341797, 85.20999908447266, 85.0199966430664, 84.66999816894531, 85.05000305175781, 83.88999938964844, 83.86000061035156, 83.87999725341797, 83.87000274658203, 85.87000274658203, 83.83999633789062, 84.6500015258789, 84.9800033569336, 85.12999725341797, 85.5, 85.23999786376953, 86.01000213623047, 84.41000366210938, 85.51000213623047, 86.0199966430664, 85.86000061035156, 84.18000030517578, 83.62000274658203, 84.48999786376953, 85.51000213623047, 84.58000183105469, 84.44999694824219, 85.30000305175781, 86.0199966430664, 84.6500015258789, 85.88999938964844, 84.55999755859375, 86.0199966430664]
backdoor_accuracy=[0, 0.0, 0.0, 0.0, 0.0, 0.0, 0.0, 0.0, 0.0, 0.0, 0.0, 0.0, 0.0, 0.0, 0.0, 0.2, 0.6, 0.0, 0.0, 0.0, 0.0, 0.0, 0.0, 0.0, 0.0, 0.0, 0.0, 0.0, 0.0, 0.0, 0.0, 0.0, 0.0, 0.0, 0.0, 0.0, 0.0, 0.0, 0.1, 0.0, 0.0, 0.0, 0.0, 0.0, 0.0, 0.0, 0.0, 0.0, 0.0, 0.0, 0.0, 0.0, 0.0, 0.1, 0.2, 0.1, 0.0, 0.0, 0.0, 0.1, 0.0, 0.2, 0.0, 0.0, 0.0, 0.3, 0.2, 0.1, 0.0, 0.0, 0.3, 0.0, 0.1, 0.1, 0.2, 0.3, 1.5, 0.7, 0.3, 0.2, 0.1, 0.2, 0.9, 0.3, 0.7, 1.0, 0.4, 0.4, 0.4, 0.3, 0.4, 0.5, 0.2, 0.8, 0.8, 0.3, 0.3, 0.5, 0.5, 0.7, 0.5]
loss_list=[1.437729543668252, 0.9607300483518177, 0.7934018907171708, 0.7672070476743911, 0.6606677984197936, 0.669987655279261, 0.579064933541748, 0.5715395223901228, 0.5181626032899928, 0.5310797387389122, 0.5110074117779732, 0.504959407483262, 0.5168237806608279, 0.4762914176064508, 0.4683714443403814, 0.43858849028884267, 0.44956553963323437, 0.48487118637120286, 0.44843943255643043, 0.46849478765356334, 0.419240199988363, 0.4495965177124297, 0.4695013528551769, 0.4575705977432707, 0.41678255201765785, 0.4012725492508185, 0.4164615838684969, 0.4375473693565086, 0.45804557296688914, 0.4469897928475229, 0.4079233018060525, 0.4130693453674515, 0.3980116945449953, 0.40764642365759723, 0.39950480149989875, 0.4372705343972753, 0.41031203527969345, 0.3891610068993435, 0.4357329389632301, 0.41288530495431686, 0.4502514336258173, 0.41054077007014445, 0.4308000170832707, 0.3788723361574942, 0.44585279113164655, 0.416891225406693, 0.3938243094659237, 0.4319859725733598, 0.3805058953145313, 0.3978838995892416, 0.43732362097060234, 0.36387497318253204, 0.38811220183140704, 0.3796614651223299, 0.36605303238180503, 0.3899364240709002, 0.374702920395605, 0.3697515343781561, 0.3880382265412697, 0.42034044091555267, 0.3782190401900422, 0.39067764802042537, 0.3973409693050025, 0.40322910425494657, 0.39007447308826226, 0.36408270645921154, 0.3983396819223545, 0.41302713020963394, 0.4291485030893926, 0.40642796327118524, 0.38691464047189117, 0.38093790446701287, 0.39625605526897634, 0.4028583942084676, 0.3743796421792702, 0.4164581024053472, 0.3429414959581293, 0.4021449233129344, 0.35858939888507674, 0.37112153636774536, 0.39820934380922046, 0.39493516282592384, 0.36299348860737624, 0.3698617838737037, 0.3397134019760414, 0.36158281226331995, 0.3592344888363085, 0.38344348682116514, 0.42066636633265897, 0.376186014422112, 0.4078573828696756, 0.40191735636304926, 0.4065839674806704, 0.3944863552460446, 0.36930238817370054, 0.3538210388984428, 0.38949043303038244, 0.3918032336393716, 0.36392692841796415, 0.3793768618695645]
BBSR:0.8
ABSR:0.51
max acc:86.02
