======================================
    IID: 1
    Dataset: cifar
    Model: resnet
    Model Init: None
    Aggregation Function: flame
    Fraction NonIID: 0
    Long attack: 3
    Wide attack: 3
    Wide attack: trust
    Threshold reject: 0.5
    Threshold down: 0.0
    Attack method: badnet
    Fraction of malicious agents: 13.0%
    Poison Frac: 0.2
    Backdoor From 7 to 2
    Attack Begin: 0
    Trigger Shape: square
    Type poisoning: cs
    Trigger Position X: 0
    Trigger Position Y: 0
    Number of agents: 100
    Fraction of agents each turn: 30(30.0%)
    Local batch size: 50
    Local epoch: 3
    Client_LR: 0.01
    Client_Momentum: 0.9
    Global Rounds: 100
    Noise in FLAME: 0.001
proportion of malicious are selected:0.9266666666666666
proportion of benign are selected:0.4988888888888889
======================================
main_task_accuracy=[0, 10.970000267028809, 33.310001373291016, 46.11000061035156, 46.279998779296875, 51.40999984741211, 53.900001525878906, 54.08000183105469, 55.66999816894531, 55.939998626708984, 58.720001220703125, 60.099998474121094, 59.08000183105469, 60.189998626708984, 59.56999969482422, 58.220001220703125, 59.88999938964844, 62.95000076293945, 61.900001525878906, 58.959999084472656, 59.970001220703125, 62.16999816894531, 63.150001525878906, 62.5099983215332, 63.130001068115234, 64.44000244140625, 65.56999969482422, 65.04000091552734, 66.12000274658203, 65.9800033569336, 65.94000244140625, 66.0199966430664, 65.19000244140625, 64.76000213623047, 65.41000366210938, 64.75, 60.91999816894531, 64.91000366210938, 66.80999755859375, 66.05000305175781, 65.98999786376953, 66.18000030517578, 67.06999969482422, 66.81999969482422, 66.19999694824219, 67.0199966430664, 67.19000244140625, 65.62999725341797, 67.25, 68.12000274658203, 65.79000091552734, 65.87999725341797, 67.01000213623047, 68.23999786376953, 66.66000366210938, 68.69000244140625, 68.04000091552734, 68.76000213623047, 68.0999984741211, 68.44999694824219, 65.4800033569336, 67.36000061035156, 67.37000274658203, 67.83000183105469, 68.72000122070312, 69.18000030517578, 66.76000213623047, 68.37000274658203, 69.01000213623047, 69.33999633789062, 67.47000122070312, 68.37000274658203, 69.30999755859375, 68.93000030517578, 66.9000015258789, 68.55000305175781, 67.6500015258789, 66.55999755859375, 69.37000274658203, 69.0199966430664, 68.95999908447266, 69.13999938964844, 68.86000061035156, 69.52999877929688, 68.63999938964844, 69.31999969482422, 68.48999786376953, 68.83999633789062, 70.0999984741211, 67.54000091552734, 69.4000015258789, 68.36000061035156, 69.97000122070312, 69.0, 69.45999908447266, 69.19999694824219, 70.05999755859375, 69.81999969482422, 69.91999816894531, 69.45999908447266, 67.80999755859375]
backdoor_accuracy=[0, 3.7, 2.5, 3.0, 17.8, 3.1, 7.0, 12.7, 6.9, 2.0, 1.0, 2.4, 3.3, 7.6, 1.8, 1.5, 5.1, 4.1, 3.1, 6.8, 1.5, 0.6, 2.7, 7.1, 4.1, 5.0, 3.1, 2.2, 7.3, 3.4, 1.8, 0.9, 4.9, 2.0, 3.9, 2.2, 0.1, 1.2, 0.9, 1.0, 1.8, 0.7, 2.0, 0.4, 0.4, 0.3, 1.3, 0.1, 2.2, 2.7, 0.7, 1.7, 0.4, 1.4, 2.0, 1.7, 4.1, 2.5, 2.7, 3.9, 0.5, 0.9, 1.1, 2.2, 3.8, 2.5, 1.5, 2.0, 4.1, 2.8, 4.7, 2.5, 2.7, 1.7, 1.5, 2.6, 2.8, 1.7, 3.4, 4.7, 2.3, 3.4, 3.0, 1.6, 0.3, 1.1, 1.9, 1.4, 2.2, 5.3, 3.7, 2.0, 2.0, 1.1, 2.0, 0.5, 0.9, 4.2, 3.0, 5.4, 9.1]
loss_list=[1.9789254087871977, 1.497875764966011, 1.1244598907563423, 0.9142113713257842, 0.7878232914623287, 0.7195085045819483, 0.6234769716569118, 0.5687941717480619, 0.5896348924769297, 0.5426015778341227, 0.5225962241149198, 0.5202197063983315, 0.4826694115706616, 0.45552187371999026, 0.501737905529638, 0.4941236817071007, 0.4441990299440092, 0.4595320275343126, 0.43430562267493866, 0.4618727635995795, 0.4233340843208133, 0.44605110615181437, 0.45249109084510963, 0.4357545457852797, 0.436881178315315, 0.42884318838465124, 0.4369690821185294, 0.4153483580756518, 0.3641613966185185, 0.378836398186783, 0.381530124998341, 0.3506763353612687, 0.32066312882997505, 0.39113813669782965, 0.3735338480160054, 0.4462980519856015, 0.37596576448219515, 0.36552514886638765, 0.36726205020418595, 0.34638057956006374, 0.37734343131486736, 0.3528247630254677, 0.34180605584238133, 0.3978400458121258, 0.38201223631699877, 0.29222073931919623, 0.3573586598204242, 0.35321041353305593, 0.3151146685456237, 0.34209997070875636, 0.33921008780339945, 0.42769398374534723, 0.32617722105079655, 0.31999498050349456, 0.30338196870767403, 0.3726532130481468, 0.3147958855263682, 0.3053374242322106, 0.3409697061275236, 0.3638282744193243, 0.3824747345058455, 0.29440541928427083, 0.34144133137228594, 0.32468639453924786, 0.25492040560270346, 0.404789565202987, 0.2938346152959598, 0.29919017002814347, 0.3372630164500636, 0.34695079242189736, 0.37887298987350526, 0.3329916962763916, 0.3641280296651853, 0.3254135929467157, 0.31822801917170473, 0.3416772106209666, 0.34787811228850246, 0.32632080283067705, 0.33169013557541704, 0.2698611572697862, 0.29518568256016203, 0.33470414674608034, 0.27153291091995524, 0.32189237911590485, 0.2868690035898342, 0.3416331304749473, 0.32759818489068293, 0.2706911187800062, 0.36477542653576367, 0.3011660627493013, 0.34812817359964054, 0.28522065189253126, 0.30228571893259265, 0.3204222344281152, 0.31509910441314176, 0.31922420805371876, 0.3219718262467844, 0.39278052620951914, 0.29396522332138075, 0.3472402798006725]
BBSR:9.1
ABSR:3.02
max acc:70.06
