======================================
    IID: 0
    Dataset: mnist
    Model: Mnist_CNN
    Model Init: None
    Aggregation Function: avg
    Fraction NonIID: 0
    Long attack: 3
    Wide attack: 3
    Wide attack: trust
    Threshold reject: 0.5
    Threshold down: 0.0
    Attack method: badnet
    Fraction of malicious agents: 20.0%
    Poison Frac: 0.2
    Backdoor From 7 to 2
    Attack Begin: 0
    Trigger Shape: square
    Type poisoning: 
    Trigger Position X: 0
    Trigger Position Y: 0
    Number of agents: 100
    Fraction of agents each turn: 30(30.0%)
    Local batch size: 50
    Local epoch: 3
    Client_LR: 0.01
    Client_Momentum: 0.9
    Global Rounds: 100
======================================
main_task_accuracy=[0, 48.81999969482422, 48.290000915527344, 53.189998626708984, 45.04999923706055, 56.08000183105469, 78.58999633789062, 76.48999786376953, 78.2300033569336, 87.19999694824219, 78.91000366210938, 88.08000183105469, 86.41999816894531, 84.58999633789062, 91.58000183105469, 90.0199966430664, 92.5, 94.94999694824219, 95.27999877929688, 93.87999725341797, 95.19999694824219, 94.86000061035156, 95.27999877929688, 96.05000305175781, 95.80999755859375, 95.81999969482422, 96.16000366210938, 96.27999877929688, 96.18000030517578, 97.0199966430664, 96.91000366210938, 96.18000030517578, 96.7300033569336, 96.44000244140625, 95.4800033569336, 96.91000366210938, 96.55000305175781, 96.56999969482422, 94.4800033569336, 94.91000366210938, 95.63999938964844, 97.13999938964844, 97.0999984741211, 97.66999816894531, 95.55000305175781, 97.18000030517578, 97.20999908447266, 97.63999938964844, 97.61000061035156, 97.80000305175781, 97.05999755859375, 97.69999694824219, 97.75, 97.56999969482422, 97.80000305175781, 97.93000030517578, 97.16999816894531, 98.05999755859375, 97.80000305175781, 97.95999908447266, 97.95999908447266, 97.80000305175781, 97.25, 97.80000305175781, 98.01000213623047, 98.20999908447266, 97.63999938964844, 98.27999877929688, 97.88999938964844, 98.06999969482422, 98.16000366210938, 98.06999969482422, 97.98999786376953, 97.80000305175781, 97.04000091552734, 97.81999969482422, 97.66000366210938, 98.31999969482422, 98.20999908447266, 98.26000213623047, 98.12000274658203, 98.52999877929688, 98.47000122070312, 98.2699966430664, 98.4800033569336, 98.47000122070312, 98.30000305175781, 98.44000244140625, 98.3499984741211, 98.41999816894531, 98.23999786376953, 98.5, 98.5999984741211, 98.26000213623047, 98.2300033569336, 98.48999786376953, 98.22000122070312, 98.58999633789062, 98.5999984741211, 97.62999725341797, 98.37000274658203]
backdoor_accuracy=[0, 0.0, 0.0, 4.474708171206226, 10.311284046692608, 0.0, 2.7237354085603114, 17.607003891050585, 1.4591439688715953, 3.307392996108949, 2.431906614785992, 7.782101167315175, 5.933852140077821, 1.6536964980544746, 10.214007782101167, 15.46692607003891, 3.11284046692607, 14.202334630350194, 5.642023346303502, 5.252918287937743, 10.700389105058365, 4.280155642023346, 20.817120622568094, 15.369649805447471, 7.392996108949417, 27.237354085603112, 3.6964980544747084, 8.268482490272374, 10.214007782101167, 15.95330739299611, 29.280155642023345, 28.69649805447471, 43.3852140077821, 60.797665369649806, 51.750972762645915, 18.77431906614786, 40.07782101167315, 34.43579766536965, 57.19844357976654, 90.56420233463035, 53.01556420233463, 80.54474708171206, 49.5136186770428, 88.91050583657588, 59.53307392996109, 98.83268482490273, 87.84046692607004, 98.44357976653697, 85.99221789883268, 97.76264591439688, 90.56420233463035, 95.71984435797665, 94.8443579766537, 94.64980544747081, 93.48249027237354, 98.5408560311284, 83.65758754863813, 97.56809338521401, 92.21789883268482, 94.74708171206225, 99.5136186770428, 99.90272373540856, 99.12451361867704, 99.41634241245136, 99.41634241245136, 99.61089494163424, 99.12451361867704, 99.70817120622569, 98.44357976653697, 99.5136186770428, 99.41634241245136, 99.70817120622569, 99.90272373540856, 99.31906614785993, 99.31906614785993, 99.90272373540856, 99.31906614785993, 99.80544747081711, 99.80544747081711, 99.70817120622569, 99.22178988326849, 99.70817120622569, 99.70817120622569, 99.80544747081711, 99.90272373540856, 99.61089494163424, 99.5136186770428, 99.90272373540856, 99.70817120622569, 99.41634241245136, 99.61089494163424, 99.90272373540856, 99.70817120622569, 99.90272373540856, 99.61089494163424, 99.90272373540856, 99.90272373540856, 99.90272373540856, 99.80544747081711, 99.90272373540856, 99.90272373540856]
loss_list=[0.4909274641396542, 0.2670710564656974, 0.199137878760589, 0.17932124136267827, 0.18264456114782002, 0.16228676180313537, 0.13076364657623696, 0.11634128266325883, 0.1092288598329381, 0.08910843412614347, 0.07244517438622158, 0.0903437118038535, 0.08662378293865501, 0.07501872745433902, 0.07335318017012173, 0.07296682073982293, 0.05153505827925019, 0.04664787726308527, 0.0541248280014554, 0.05141564114705939, 0.048130889729306243, 0.04934324474011988, 0.051092898063443165, 0.04291868977894949, 0.052301052263820466, 0.048038126763603105, 0.03477293844889953, 0.047953671686327144, 0.03466455116750613, 0.033119633650557416, 0.03736401050410533, 0.04340632693006154, 0.031807377018764176, 0.04095462233331341, 0.032377605933096285, 0.03873857832351375, 0.030713695919570936, 0.03323007462877567, 0.04371881660880698, 0.03856018774121534, 0.030935226942458476, 0.035459476573224485, 0.03568235629295204, 0.03486189395456165, 0.038165037200497375, 0.031885997045788456, 0.02917984664877004, 0.027606354551054143, 0.030379936652758895, 0.0325201691418363, 0.03389861300029328, 0.029310544607150088, 0.03053498814176172, 0.027469530113040652, 0.027202896736839115, 0.023963471797023187, 0.030451389719480547, 0.025805488740261336, 0.02145789200680579, 0.02701633698254633, 0.025971087567839314, 0.02912201132586608, 0.028675337628895372, 0.025883739150671763, 0.0266642923435268, 0.025375741702613332, 0.02880147141629654, 0.018048863821572367, 0.025689156738731875, 0.0238618495649836, 0.02254983492023749, 0.023217809071114193, 0.026447543459843792, 0.025434493237293427, 0.027471875539635995, 0.022647495468733746, 0.02485753297957569, 0.021379845263739112, 0.022789291983272723, 0.02716215614894846, 0.023112618793807712, 0.022697736259364873, 0.022908991925334996, 0.02084057664995911, 0.022466689899410534, 0.022456175423446485, 0.022756411109218947, 0.02161094515311696, 0.019319164401997335, 0.020798308569808698, 0.018936564026782888, 0.02411292080683814, 0.018048526761098478, 0.021083714962532342, 0.023060442320179366, 0.017131023161076262, 0.018746464120810883, 0.017371003876024565, 0.018060357452108423, 0.021096235947474496]
BBSR:99.9
ABSR:99.84
max acc:98.6
