======================================
    IID: 0
    Dataset: mnist
    Model: Mnist_CNN
    Model Init: None
    Aggregation Function: avg
    Fraction NonIID: 0
    Long attack: 4
    Wide attack: 4
    Wide attack: trust
    Threshold reject: 0.5
    Threshold down: 0.0
    Attack method: dba
    Fraction of malicious agents: 13.0%
    Poison Frac: 0.2
    Backdoor From 7 to 2
    Attack Begin: 0
    Trigger Shape: square
    Type poisoning: 
    Trigger Position X: 0
    Trigger Position Y: 0
    Number of agents: 100
    Fraction of agents each turn: 30(30.0%)
    Local batch size: 50
    Local epoch: 3
    Client_LR: 0.01
    Client_Momentum: 0.9
    Global Rounds: 100
======================================
main_task_accuracy=[0, 40.54999923706055, 36.15999984741211, 52.560001373291016, 51.84000015258789, 55.27000045776367, 66.66999816894531, 86.56999969482422, 85.52999877929688, 89.4800033569336, 89.5, 92.06999969482422, 92.08999633789062, 93.11000061035156, 92.13999938964844, 92.95999908447266, 95.0999984741211, 92.81999969482422, 94.69999694824219, 95.5999984741211, 94.5999984741211, 95.43000030517578, 93.73999786376953, 94.69000244140625, 96.0199966430664, 96.29000091552734, 95.36000061035156, 96.41999816894531, 93.95999908447266, 93.16000366210938, 96.8499984741211, 96.61000061035156, 97.27999877929688, 97.38999938964844, 96.47000122070312, 96.1500015258789, 96.43000030517578, 97.18000030517578, 97.2699966430664, 96.33999633789062, 96.30000305175781, 96.12000274658203, 97.87999725341797, 97.13999938964844, 97.30000305175781, 97.69000244140625, 97.83000183105469, 97.77999877929688, 98.05999755859375, 97.93000030517578, 97.5199966430664, 97.7300033569336, 97.75, 97.97000122070312, 97.54000091552734, 98.05000305175781, 98.12999725341797, 98.12000274658203, 98.05000305175781, 98.16000366210938, 96.8499984741211, 97.05999755859375, 98.06999969482422, 98.08000183105469, 98.27999877929688, 97.9000015258789, 98.19999694824219, 98.19999694824219, 98.41000366210938, 98.45999908447266, 98.33000183105469, 98.05000305175781, 98.19000244140625, 98.37999725341797, 98.05000305175781, 98.33000183105469, 98.08999633789062, 98.41999816894531, 98.5999984741211, 98.44000244140625, 98.47000122070312, 98.37999725341797, 98.0999984741211, 98.26000213623047, 98.20999908447266, 98.52999877929688, 98.33999633789062, 98.56999969482422, 98.66000366210938, 98.19999694824219, 98.4000015258789, 98.4800033569336, 98.2300033569336, 98.45999908447266, 98.27999877929688, 98.63999938964844, 98.54000091552734, 98.62999725341797, 98.75, 98.55000305175781, 98.62000274658203]
backdoor_accuracy=[0, 0.0, 56.32295719844358, 0.0, 22.470817120622566, 0.0, 0.2918287937743191, 8.365758754863814, 1.264591439688716, 2.821011673151751, 0.8754863813229572, 1.1673151750972763, 24.22178988326848, 5.836575875486381, 1.0700389105058365, 12.645914396887159, 3.5992217898832686, 10.408560311284047, 2.140077821011673, 8.852140077821012, 5.933852140077821, 17.509727626459146, 7.490272373540856, 31.32295719844358, 3.21011673151751, 10.019455252918288, 6.517509727626459, 11.089494163424124, 4.961089494163424, 8.171206225680933, 22.17898832684825, 3.0155642023346303, 11.089494163424124, 12.256809338521402, 35.40856031128405, 6.128404669260701, 50.68093385214008, 8.268482490272374, 26.070038910505836, 5.252918287937743, 45.719844357976655, 23.346303501945524, 27.91828793774319, 45.719844357976655, 5.642023346303502, 67.99610894941634, 29.085603112840467, 33.17120622568093, 34.92217898832685, 41.9260700389105, 65.6614785992218, 63.715953307392994, 83.07392996108949, 55.6420233463035, 28.79377431906615, 93.09338521400778, 91.05058365758755, 66.82879377431907, 72.37354085603113, 96.98443579766537, 36.86770428015564, 96.01167315175097, 92.41245136186771, 97.27626459143968, 85.01945525291829, 70.03891050583658, 95.42801556420234, 96.01167315175097, 95.03891050583658, 96.40077821011673, 91.43968871595331, 96.69260700389106, 98.15175097276264, 96.69260700389106, 95.91439688715953, 90.6614785992218, 99.61089494163424, 97.85992217898833, 97.27626459143968, 99.22178988326849, 98.15175097276264, 99.31906614785993, 99.61089494163424, 97.37354085603113, 97.95719844357977, 98.5408560311284, 99.61089494163424, 98.34630350194553, 99.61089494163424, 99.31906614785993, 99.41634241245136, 98.24902723735408, 97.08171206225681, 99.80544747081711, 99.31906614785993, 99.61089494163424, 98.63813229571984, 98.73540856031128, 99.61089494163424, 99.61089494163424, 99.61089494163424]
loss_list=[0.4793416691610145, 0.24258634826822897, 0.22212091244782475, 0.21392714404465715, 0.21542100380641033, 0.15889560599380895, 0.13665018139220894, 0.09629181861138801, 0.07158814896022103, 0.09548361238286669, 0.08439917744529556, 0.07100216133807076, 0.05878731541428633, 0.07092182276850935, 0.06638683293998227, 0.05001761924392213, 0.05201040957411703, 0.04288572683338562, 0.051959343409108495, 0.04410294031938678, 0.04697477756193981, 0.04867091477352399, 0.04516303393192977, 0.04718588024533289, 0.04625657452584739, 0.039314274634665525, 0.041174158191711135, 0.043817221289527544, 0.043990797027222084, 0.048807830004931385, 0.03458530957350727, 0.037748022035014664, 0.03455682418342552, 0.03648173751526552, 0.027296385383290097, 0.040545947556940486, 0.031371899002288636, 0.024923851555642043, 0.03729634484459608, 0.03245217740252363, 0.03128660757394183, 0.037869641958434806, 0.024136803113994933, 0.032127636723070535, 0.030027970134785024, 0.03307171973709045, 0.025582892942030273, 0.028226632636911848, 0.03108532039792876, 0.024650521878814825, 0.022303575987392552, 0.02465742354111134, 0.02556735302244849, 0.03097519641626774, 0.030468132141861327, 0.026247355073176184, 0.025060542041458068, 0.022847407981451236, 0.026057256735114102, 0.019799205820667107, 0.025157640610941293, 0.02445763039851319, 0.025262605757137555, 0.025690876882056003, 0.023019321410092816, 0.022933228957841684, 0.025564115351701257, 0.020174165829293392, 0.025487055388130373, 0.021675045787523946, 0.022369078462554995, 0.01875878109465192, 0.024135235387403173, 0.021175810805205603, 0.02329908449257774, 0.02121822213796323, 0.019648469235150328, 0.022084789547347612, 0.02134286578000272, 0.01933315996753631, 0.01840506012629926, 0.019923992412170195, 0.019935477360928763, 0.021088245516344986, 0.018923277997649004, 0.023895982300189095, 0.023798693501632866, 0.020872538837238004, 0.020394099699424073, 0.022519831829178365, 0.016349984658001547, 0.02274902251506434, 0.022044879778359214, 0.01958846585701394, 0.021149779910394333, 0.020188632211802653, 0.020534628778857703, 0.02050753114428385, 0.02139066867283808, 0.019243861023658423]
BBSR:99.81
ABSR:99.03
max acc:98.75
