======================================
    IID: 0
    Dataset: mnist
    Model: Mnist_CNN
    Model Init: None
    Aggregation Function: flame
    Fraction NonIID: 0
    Long attack: 5
    Wide attack: 5
    Wide attack: trust
    Threshold reject: 0.5
    Threshold down: 0.0
    Attack method: badnet
    Fraction of malicious agents: 13.0%
    Poison Frac: 0.2
    Backdoor From 7 to 2
    Attack Begin: 0
    Trigger Shape: square
    Type poisoning: cs
    Trigger Position X: 0
    Trigger Position Y: 0
    Number of agents: 100
    Fraction of agents each turn: 30(30.0%)
    Local batch size: 50
    Local epoch: 3
    Client_LR: 0.01
    Client_Momentum: 0.9
    Global Rounds: 100
    Noise in FLAME: 0.001
proportion of malicious are selected:0.57
proportion of benign are selected:0.562962962962963
======================================
main_task_accuracy=[0, 33.130001068115234, 28.399999618530273, 47.900001525878906, 43.209999084472656, 48.810001373291016, 62.52000045776367, 72.62000274658203, 64.23999786376953, 69.19000244140625, 75.5, 74.63999938964844, 76.25, 75.69000244140625, 72.87999725341797, 76.70999908447266, 76.66000366210938, 76.6500015258789, 72.80999755859375, 74.9800033569336, 75.87000274658203, 72.61000061035156, 77.69000244140625, 76.4000015258789, 77.0199966430664, 77.41000366210938, 77.7699966430664, 77.94999694824219, 76.18000030517578, 77.45999908447266, 77.44999694824219, 77.55999755859375, 78.20999908447266, 77.9000015258789, 77.94000244140625, 76.01000213623047, 73.41999816894531, 77.81999969482422, 76.91999816894531, 76.81999969482422, 78.4800033569336, 78.0, 77.25, 78.04000091552734, 78.31999969482422, 77.75, 79.69999694824219, 78.68000030517578, 78.41999816894531, 78.31999969482422, 78.88999938964844, 79.01000213623047, 78.79000091552734, 78.88999938964844, 78.72000122070312, 79.08000183105469, 78.73999786376953, 78.44000244140625, 78.5199966430664, 78.4800033569336, 78.8499984741211, 78.66999816894531, 78.72000122070312, 79.02999877929688, 78.83999633789062, 78.88999938964844, 78.30999755859375, 78.73999786376953, 78.58999633789062, 78.2699966430664, 78.73999786376953, 78.72000122070312, 78.88999938964844, 78.8499984741211, 78.52999877929688, 78.55999755859375, 78.63999938964844, 78.80999755859375, 78.9000015258789, 78.83999633789062, 78.62999725341797, 78.9800033569336, 78.95999908447266, 78.83999633789062, 78.93000030517578, 79.04000091552734, 79.19000244140625, 79.06999969482422, 78.97000122070312, 79.08000183105469, 79.04000091552734, 78.87999725341797, 78.87999725341797, 78.83000183105469, 78.72000122070312, 78.83999633789062, 79.06999969482422, 79.08000183105469, 79.18000030517578, 79.01000213623047, 79.12000274658203]
backdoor_accuracy=[0, 0.0, 0.0, 2.3346303501945527, 2.821011673151751, 9.14396887159533, 2.821011673151751, 1.264591439688716, 3.404669260700389, 4.961089494163424, 4.571984435797665, 2.237354085603113, 3.8910505836575875, 1.264591439688716, 2.7237354085603114, 2.821011673151751, 3.21011673151751, 2.7237354085603114, 0.9727626459143969, 3.21011673151751, 3.501945525291829, 0.38910505836575876, 3.5992217898832686, 1.0700389105058365, 0.8754863813229572, 1.556420233463035, 5.642023346303502, 1.6536964980544746, 1.1673151750972763, 2.237354085603113, 4.961089494163424, 3.7937743190661477, 2.431906614785992, 9.24124513618677, 3.5992217898832686, 1.9455252918287937, 1.8482490272373542, 15.56420233463035, 2.9182879377431905, 7.587548638132295, 7.392996108949417, 4.961089494163424, 13.618677042801556, 4.377431906614786, 3.0155642023346303, 12.84046692607004, 7.684824902723736, 2.431906614785992, 2.9182879377431905, 9.43579766536965, 2.237354085603113, 2.6264591439688716, 4.377431906614786, 4.474708171206226, 4.571984435797665, 3.9883268482490273, 1.9455252918287937, 1.3618677042801557, 2.821011673151751, 8.949416342412452, 2.237354085603113, 4.961089494163424, 3.11284046692607, 3.0155642023346303, 1.264591439688716, 1.264591439688716, 0.6809338521400778, 0.7782101167315175, 2.529182879377432, 0.9727626459143969, 0.8754863813229572, 0.6809338521400778, 3.5992217898832686, 3.8910505836575875, 4.377431906614786, 1.6536964980544746, 2.6264591439688716, 1.1673151750972763, 1.1673151750972763, 0.6809338521400778, 0.2918287937743191, 1.264591439688716, 1.1673151750972763, 1.1673151750972763, 1.264591439688716, 1.9455252918287937, 4.085603112840467, 1.7509727626459144, 1.4591439688715953, 3.6964980544747084, 3.11284046692607, 1.6536964980544746, 2.140077821011673, 3.404669260700389, 0.38910505836575876, 3.21011673151751, 0.9727626459143969, 1.1673151750972763, 1.8482490272373542, 0.48638132295719844, 2.3346303501945527]
loss_list=[0.5500755074562558, 0.2769363637883308, 0.3220613445223103, 0.26335092821151, 0.24877779262963406, 0.23486528435721576, 0.243571375299321, 0.16740369985517747, 0.15693847153221754, 0.18201386018961402, 0.14474173654716685, 0.1529557640646257, 0.14642945095060605, 0.1495777253056857, 0.13011482008510541, 0.145207586204949, 0.14655321382770573, 0.14719476892058544, 0.1184548434009297, 0.10898278055479124, 0.13169629247742534, 0.14656041975938341, 0.10476126563887027, 0.11890213279399606, 0.13589296421243563, 0.1273257862286669, 0.12326744103987085, 0.14911239023732809, 0.11491786416411455, 0.1302620144853957, 0.10318395147471274, 0.14586866854952818, 0.15273278630103576, 0.11377058518438918, 0.1246393920482686, 0.15106973729556644, 0.1199116622291843, 0.1286006783955296, 0.1332328745027319, 0.12676421765412763, 0.10979056687618936, 0.0919026013880115, 0.13068820155929103, 0.13464525778832634, 0.12078806947376744, 0.16282632330209207, 0.10201618773045124, 0.06697110217523138, 0.06763209605012996, 0.09655431937487323, 0.11116507850532359, 0.11503970647282288, 0.10575100630037003, 0.10762308614320867, 0.08113218712971286, 0.06953448024817141, 0.08986178685043948, 0.09932322273782782, 0.1040832096493369, 0.09838857348176343, 0.11295555021129335, 0.1076911904579527, 0.0870353360552987, 0.1020437490796062, 0.09905311127511332, 0.09127994837333267, 0.07788145446277235, 0.09117746437294699, 0.09540998203505771, 0.09941546670932216, 0.0888470304282922, 0.08990409179471279, 0.07503671124015383, 0.08737039202313691, 0.08467473104331208, 0.12712405020243378, 0.06753968273543481, 0.13960464858781127, 0.11360764014572887, 0.08857724217042756, 0.13373185635149923, 0.0979451059784828, 0.12382096203055831, 0.12190997791658623, 0.11526124818848983, 0.14338060138425263, 0.1258418870078343, 0.13716750223774182, 0.13499140653362957, 0.08019326242666457, 0.07671204547348795, 0.08950053081483751, 0.08915946463250445, 0.08820387801185975, 0.12379950607916616, 0.0943623542113751, 0.10244883919064433, 0.13411300201530701, 0.07245302815451597, 0.12057348391235592]
BBSR:3.4
ABSR:1.76
max acc:79.18
