======================================
    IID: 0
    Dataset: mnist
    Model: Mnist_CNN
    Model Init: None
    Aggregation Function: krum
    Fraction NonIID: 0
    Long attack: 3
    Wide attack: 3
    Wide attack: trust
    Threshold reject: 0.5
    Threshold down: 0.0
    Attack method: badnet
    Fraction of malicious agents: 30.0%
    Poison Frac: 0.2
    Backdoor From 7 to 2
    Attack Begin: 0
    Trigger Shape: square
    Type poisoning: 
    Trigger Position X: 0
    Trigger Position Y: 0
    Number of agents: 100
    Fraction of agents each turn: 30(30.0%)
    Local batch size: 50
    Local epoch: 3
    Client_LR: 0.01
    Client_Momentum: 0.9
    Global Rounds: 100
    Proportion of malicious are selected: 0.56
    Average score of malicious clients: 1514.6524658203125
    Average score of benign clients: 411.4269104003906
======================================
main_task_accuracy=[0, 28.850000381469727, 18.770000457763672, 10.319999694824219, 19.530000686645508, 10.09000015258789, 10.319999694824219, 10.09000015258789, 12.449999809265137, 19.760000228881836, 13.390000343322754, 17.389999389648438, 19.709999084472656, 15.859999656677246, 14.319999694824219, 9.579999923706055, 9.800000190734863, 9.800000190734863, 8.920000076293945, 8.920000076293945, 10.319999694824219, 10.279999732971191, 10.319999694824219, 10.279999732971191, 8.920000076293945, 8.920000076293945, 8.920000076293945, 8.920000076293945, 10.279999732971191, 8.920000076293945, 8.920000076293945, 10.100000381469727, 10.09000015258789, 10.100000381469727, 8.920000076293945, 10.279999732971191, 8.920000076293945, 10.279999732971191, 10.279999732971191, 10.100000381469727, 10.279999732971191, 10.279999732971191, 10.279999732971191, 10.279999732971191, 9.800000190734863, 10.279999732971191, 8.920000076293945, 8.920000076293945, 8.920000076293945, 10.319999694824219, 10.279999732971191, 10.279999732971191, 9.579999923706055, 10.279999732971191, 10.279999732971191, 10.279999732971191, 8.920000076293945, 8.920000076293945, 8.920000076293945, 8.920000076293945, 10.100000381469727, 10.100000381469727, 8.920000076293945, 10.279999732971191, 10.279999732971191, 10.279999732971191, 10.09000015258789, 10.279999732971191, 10.100000381469727, 9.579999923706055, 10.279999732971191, 8.920000076293945, 10.09000015258789, 8.920000076293945, 8.920000076293945, 10.279999732971191, 10.09000015258789, 8.920000076293945, 10.09000015258789, 11.350000381469727, 10.09000015258789, 8.920000076293945, 10.09000015258789, 8.920000076293945, 8.920000076293945, 8.920000076293945, 8.920000076293945, 10.279999732971191, 10.100000381469727, 10.100000381469727, 10.100000381469727, 10.100000381469727, 10.279999732971191, 10.279999732971191, 10.279999732971191, 10.279999732971191, 10.279999732971191, 10.279999732971191, 8.920000076293945, 10.279999732971191, 10.09000015258789]
backdoor_accuracy=[0, 0.0, 0.0, 100.0, 100.0, 0.0, 100.0, 0.0, 0.0, 0.0, 0.0, 0.0, 0.0, 0.0, 0.0, 0.0, 0.0, 0.0, 0.0, 0.0, 100.0, 0.0, 100.0, 0.0, 0.0, 0.0, 0.0, 0.0, 0.0, 0.0, 0.0, 0.0, 0.0, 0.0, 0.0, 0.0, 0.0, 0.0, 0.0, 0.0, 0.0, 0.0, 0.0, 0.0, 0.0, 0.0, 0.0, 0.0, 0.0, 100.0, 0.0, 0.0, 0.0, 0.0, 0.0, 0.0, 0.0, 0.0, 0.0, 0.0, 0.0, 0.0, 0.0, 0.0, 0.0, 0.0, 0.0, 0.0, 0.0, 0.0, 0.0, 0.0, 0.0, 0.0, 0.0, 0.0, 0.0, 0.0, 0.0, 0.0, 0.0, 0.0, 0.0, 0.0, 0.0, 0.0, 0.0, 0.0, 0.0, 0.0, 0.0, 0.0, 0.0, 0.0, 0.0, 0.0, 0.0, 0.0, 0.0, 0.0, 0.0]
loss_list=[0.5450903279120368, 0.9749463724283862, 1.6671057064149337, 1.6171977832066837, 1.5027356685961597, 1.4336870186519148, 1.881864150098712, 1.9223552207799, 0.9656106644872614, 1.1458318739034008, 1.339269447127865, 1.3304797303741605, 1.4023574520776796, 1.399583610716526, 1.7788477756130403, 1.661341276082689, 1.5044547089948337, 1.7457339893862003, 2.0075138458499198, 2.0399619258629773, 2.1668146203513503, 2.0051217959434897, 2.095934763219622, 2.0295046168758915, 1.7175268660540932, 1.8603318749441018, 2.0449775409367343, 2.2707217018361443, 2.0500269312549517, 1.9616808767947886, 2.2185842865043215, 2.3259452774016944, 1.884584743902087, 2.0543155409671643, 2.1068128686812186, 2.0682760991983944, 2.357075508325188, 2.2320630474498975, 2.373697321475656, 2.0905525289199973, 2.2397397921593107, 2.091551817070555, 2.2242304200927423, 2.216507660156047, 2.1109467357948977, 2.2632805384971477, 2.1689901747085427, 2.021660413455081, 2.241561531027158, 2.122174388335811, 2.0122851873161616, 2.033014527735886, 2.040962586717473, 2.0859477174502827, 2.2754378189643227, 2.1920077231471184, 2.1117293462709146, 2.3688248526718882, 2.0595105276063643, 2.1777845437328027, 2.1388512069428405, 2.246270359114364, 2.2265005441727457, 2.165775840205175, 2.352987856611058, 2.1630821021618667, 2.049460205546132, 1.9282662802824269, 2.1171500478629706, 2.281902277248877, 2.2156098630693224, 2.2302999464450055, 2.256883502116909, 2.189357665733055, 2.2901070439981086, 2.1973420404725608, 2.1243499463355096, 2.1478850106398264, 2.1712445582780573, 2.0259598228666515, 2.2656112243455864, 2.1276665200237876, 2.1629672230393795, 2.3269080849709334, 2.3666611467246654, 2.3577225191725626, 2.2942663960434775, 2.375869332033175, 2.048602635330624, 2.0648340354363124, 2.261216200446641, 2.051243450023509, 2.0098004530149476, 1.975125714750202, 2.064249340858724, 2.256604920162095, 2.1623177038298715, 2.4493092045739844, 2.0720136017711073, 2.038041941876765]
BBSR:0.0
ABSR:0.0
max acc:10.28
