======================================
    IID: 1
    Dataset: cifar
    Model: resnet
    Model Init: None
    Aggregation Function: fltrust
    Fraction NonIID: 0
    Long attack: 3
    Wide attack: 3
    Wide attack: trust
    Threshold reject: 0.5
    Threshold down: 0.0
    Attack method: badnet
    Fraction of malicious agents: 30.0%
    Poison Frac: 0.2
    Backdoor From 7 to 2
    Attack Begin: 0
    Trigger Shape: square
    Type poisoning: pgd
    Trigger Position X: 0
    Trigger Position Y: 0
    Number of agents: 100
    Fraction of agents each turn: 30(30.0%)
    Local batch size: 50
    Local epoch: 3
    Client_LR: 0.01
    Client_Momentum: 0.9
    Global Rounds: 100
    Dataset In Server: 200
======================================
main_task_accuracy=[0, 10.0, 11.920000076293945, 13.84000015258789, 21.059999465942383, 28.25, 33.720001220703125, 37.779998779296875, 42.20000076293945, 44.970001220703125, 49.34000015258789, 48.20000076293945, 47.86000061035156, 50.25, 49.83000183105469, 54.5099983215332, 56.369998931884766, 56.099998474121094, 57.369998931884766, 58.4900016784668, 57.11000061035156, 58.369998931884766, 60.150001525878906, 61.310001373291016, 60.939998626708984, 60.81999969482422, 60.0099983215332, 60.18000030517578, 58.400001525878906, 62.83000183105469, 63.04999923706055, 62.84000015258789, 61.79999923706055, 64.98999786376953, 64.62000274658203, 62.18000030517578, 64.22000122070312, 66.04000091552734, 65.23999786376953, 64.4800033569336, 66.0999984741211, 64.16000366210938, 64.58999633789062, 66.75, 66.6500015258789, 66.30000305175781, 65.38999938964844, 66.51000213623047, 65.47000122070312, 67.68000030517578, 67.8499984741211, 65.11000061035156, 66.8499984741211, 68.2699966430664, 67.12000274658203, 67.08999633789062, 68.52999877929688, 68.45999908447266, 69.20999908447266, 68.52999877929688, 69.93000030517578, 68.45999908447266, 69.30999755859375, 68.48999786376953, 69.79000091552734, 68.91999816894531, 68.25, 69.9000015258789, 69.97000122070312, 68.41999816894531, 70.52999877929688, 70.30999755859375, 68.98999786376953, 70.58000183105469, 70.23999786376953, 68.87999725341797, 68.87000274658203, 69.9800033569336, 70.61000061035156, 69.75, 71.0199966430664, 70.45999908447266, 68.38999938964844, 71.12999725341797, 69.86000061035156, 69.43000030517578, 72.26000213623047, 70.12000274658203, 69.44000244140625, 71.86000061035156, 71.4800033569336, 67.83000183105469, 71.7699966430664, 71.47000122070312, 70.36000061035156, 71.05000305175781, 69.88999938964844, 72.18000030517578, 71.37000274658203, 72.2699966430664, 71.83000183105469]
backdoor_accuracy=[0, 0.0, 44.0, 51.6, 29.1, 21.4, 11.8, 9.1, 6.9, 5.7, 4.4, 4.1, 5.0, 1.9, 2.2, 11.2, 11.4, 7.5, 5.4, 3.4, 3.4, 5.5, 6.6, 5.8, 5.0, 4.7, 2.4, 4.1, 6.1, 7.0, 5.4, 3.4, 6.8, 3.6, 2.9, 5.8, 5.4, 4.5, 3.1, 5.4, 4.6, 4.6, 4.9, 4.2, 5.0, 5.2, 7.2, 2.7, 3.1, 5.8, 3.8, 2.3, 6.8, 4.3, 4.1, 4.0, 5.4, 4.1, 3.0, 1.8, 6.0, 2.5, 4.1, 2.5, 4.7, 3.4, 2.3, 5.9, 2.5, 1.5, 5.8, 2.6, 2.5, 3.1, 1.6, 0.7, 1.8, 1.3, 5.8, 2.9, 1.3, 1.9, 2.2, 1.5, 1.3, 1.7, 3.5, 3.1, 1.8, 3.2, 1.8, 0.9, 4.4, 1.7, 2.4, 2.1, 1.5, 2.0, 1.8, 1.8, 3.0]
loss_list=[1.9955885353353289, 1.606348371836874, 1.2582801423801315, 1.0906149726443821, 0.964429688155651, 0.9064837748805681, 0.8698358136581049, 0.8176706210523845, 0.7244800890733798, 0.7816336244841416, 0.9633639394760959, 0.8247625411467417, 0.7194796294729326, 0.9889509337478214, 0.6655793259849048, 0.8551902464114954, 0.6557749125982324, 0.6223960974191626, 0.5717996671371577, 0.7558707662175098, 0.5613256426758341, 0.7202483505755664, 0.5431273081583077, 0.5840637896955013, 0.5391046880723701, 0.48148151090653196, 0.7222356329485772, 0.5433182489395969, 0.7029445877340105, 0.5357954827058388, 0.5300704071298241, 0.46756061426208667, 0.4941747306027941, 0.4568495169075, 0.477991866297994, 0.6456024033783211, 0.43947179659062796, 0.4712068299028195, 0.39044010576986093, 0.5694767612093387, 0.43282001242740087, 0.4253150149111429, 0.5486403835791214, 0.4518032247944373, 0.4356625730978945, 0.34436446138450677, 0.46143663260730045, 0.3946708508095214, 0.37156004719151603, 0.4831251438039665, 0.3872035069732617, 0.39281846738200527, 0.45746411979431284, 0.30941673907716505, 0.30928145614633745, 0.4248422882242207, 0.35159990858170215, 0.30168585940691023, 0.2992872953916149, 0.32401496649305855, 0.2943720704207145, 0.27422999719507063, 0.309923163416097, 0.28201239124632493, 0.25854320804303926, 0.260266901576995, 0.2565435221357297, 0.32079749731547463, 0.28690894015760726, 0.271715300276992, 0.2748148810807228, 0.2865957813968028, 0.18406184933251807, 0.2247919692866789, 0.19134749844159366, 0.21098562038231947, 0.2185477007609896, 0.23435317350758444, 0.19664343342893212, 0.23008629933908295, 0.24616961337005094, 0.17901968703637575, 0.14901222967756136, 0.18144975637965316, 0.15696233811251456, 0.16888719481926984, 0.11289293890042854, 0.19614841125569205, 0.12059394026640802, 0.17502074228088732, 0.10888248340627696, 0.1339548394072982, 0.17383382773553926, 0.08030644935814456, 0.15876592185949753, 0.11699496817758902, 0.13835950160661012, 0.14421556543730224, 0.1220578519129453, 0.09083060768630175]
BBSR:4.4
ABSR:2.16
max acc:72.27
