======================================
    IID: 0
    Dataset: mnist
    Model: Mnist_CNN
    Model Init: None
    Aggregation Function: krum
    Fraction NonIID: 0
    Long attack: 5
    Wide attack: 5
    Wide attack: trust
    Threshold reject: 0.5
    Threshold down: 0.0
    Attack method: dba
    Fraction of malicious agents: 13.0%
    Poison Frac: 0.2
    Backdoor From 7 to 2
    Attack Begin: 0
    Trigger Shape: square
    Type poisoning: 
    Trigger Position X: 0
    Trigger Position Y: 0
    Number of agents: 100
    Fraction of agents each turn: 30(30.0%)
    Local batch size: 50
    Local epoch: 3
    Client_LR: 0.01
    Client_Momentum: 0.9
    Global Rounds: 100
    Proportion of malicious are selected: 0.29
    Average score of malicious clients: 606.3700561523438
    Average score of benign clients: 639.55810546875
======================================
main_task_accuracy=[0, 11.350000381469727, 18.850000381469727, 19.09000015258789, 16.84000015258789, 19.1299991607666, 11.350000381469727, 9.579999923706055, 15.489999771118164, 8.920000076293945, 8.920000076293945, 16.06999969482422, 11.350000381469727, 10.319999694824219, 8.920000076293945, 8.930000305175781, 8.930000305175781, 10.100000381469727, 9.819999694824219, 9.579999923706055, 9.800000190734863, 9.800000190734863, 11.350000381469727, 10.279999732971191, 8.920000076293945, 9.800000190734863, 11.350000381469727, 11.350000381469727, 9.800000190734863, 9.800000190734863, 10.279999732971191, 10.279999732971191, 10.279999732971191, 10.279999732971191, 9.579999923706055, 10.279999732971191, 10.279999732971191, 10.279999732971191, 10.279999732971191, 9.800000190734863, 9.800000190734863, 9.579999923706055, 10.09000015258789, 9.800000190734863, 10.09000015258789, 10.279999732971191, 10.279999732971191, 10.279999732971191, 10.09000015258789, 10.279999732971191, 10.279999732971191, 9.800000190734863, 10.09000015258789, 10.09000015258789, 10.279999732971191, 10.09000015258789, 10.279999732971191, 10.09000015258789, 10.279999732971191, 10.279999732971191, 10.319999694824219, 10.279999732971191, 10.09000015258789, 10.09000015258789, 10.09000015258789, 8.920000076293945, 8.920000076293945, 10.100000381469727, 10.09000015258789, 10.09000015258789, 10.09000015258789, 10.279999732971191, 10.09000015258789, 10.09000015258789, 10.09000015258789, 10.279999732971191, 10.279999732971191, 9.800000190734863, 9.800000190734863, 10.100000381469727, 8.920000076293945, 8.920000076293945, 8.920000076293945, 8.920000076293945, 10.279999732971191, 10.100000381469727, 9.579999923706055, 9.579999923706055, 10.100000381469727, 8.920000076293945, 9.819999694824219, 9.819999694824219, 10.100000381469727, 8.920000076293945, 10.100000381469727, 10.100000381469727, 10.100000381469727, 9.579999923706055, 9.579999923706055, 10.100000381469727, 9.800000190734863]
backdoor_accuracy=[0, 0.0, 0.0, 0.0, 96.88715953307393, 59.143968871595334, 0.0, 0.0, 100.0, 0.0, 0.0, 0.0, 0.0, 100.0, 0.0, 0.0, 0.0, 0.0, 0.0, 0.0, 0.0, 0.0, 0.0, 0.0, 0.0, 0.0, 0.0, 0.0, 0.0, 0.0, 0.0, 0.0, 0.0, 0.0, 0.0, 0.0, 0.0, 0.0, 0.0, 0.0, 0.0, 0.0, 0.0, 0.0, 0.0, 0.0, 0.0, 0.0, 0.0, 0.0, 0.0, 0.0, 0.0, 0.0, 0.0, 0.0, 0.0, 0.0, 0.0, 0.0, 100.0, 0.0, 0.0, 0.0, 0.0, 0.0, 0.0, 0.0, 0.0, 0.0, 0.0, 0.0, 0.0, 0.0, 0.0, 0.0, 0.0, 0.0, 0.0, 0.0, 0.0, 0.0, 0.0, 0.0, 0.0, 0.0, 0.0, 0.0, 0.0, 0.0, 0.0, 0.0, 0.0, 0.0, 0.0, 0.0, 0.0, 0.0, 0.0, 0.0, 0.0]
loss_list=[0.4241627884221648, 3.691648793857139, 1.9991598143120608, 1.444890979795619, 1.4017020559623938, 1.6702567615804986, 1.8662298156569403, 1.686443311984961, 1.9049506910352245, 1.7188009740577805, 1.6815576318961878, 1.7454849325474007, 1.8954078973650381, 1.8745932241643055, 1.9764238790781405, 1.8840948724407804, 2.2173364317251574, 2.05060954771384, 1.9856281226431887, 1.8162101215372486, 1.8565544087025854, 2.1045892497731575, 1.8624431637150267, 2.0493530507164976, 1.9069153474436864, 1.9516885039707021, 2.022499104809982, 2.045476288927926, 2.3250761074600392, 2.00239192214277, 2.218377709223164, 2.234714632122605, 2.3461390636033483, 2.3193266891770894, 2.280981864807783, 2.102335629198286, 2.3076412672797844, 2.220947448633335, 1.9730881089689554, 2.4329944468758726, 2.0104888298445283, 2.2509957553059965, 2.092253471359059, 2.149098003131372, 2.0089326691296367, 2.0679857533287125, 2.178331408898036, 2.2474026645775194, 2.24777732734327, 2.2393979533954904, 2.1401432102753053, 2.1372702528205183, 2.074480678417065, 2.169752250059887, 2.4572177935529638, 2.280389815844871, 2.166498586204317, 2.1455620836328584, 2.2932410291775516, 2.2552862617152707, 2.308221079243554, 2.179064810193247, 2.331449184208005, 2.3547738525602555, 2.1679710648126065, 2.1006946536677855, 2.367696279287338, 2.259957702513094, 2.1563672845010404, 2.2533955723599144, 2.29629364433112, 2.0214981354497095, 2.247960180044174, 2.070361347772457, 2.169865742767299, 2.103188438492792, 2.1328892323705886, 1.9648370385445928, 2.206199403935009, 2.0970868466077026, 2.2353702261492057, 2.2725616822640102, 2.386938691856684, 2.208589968361237, 2.272369992291486, 2.2203183915879996, 2.2029111044274434, 1.9159889540738533, 2.085077350945385, 2.1604662731289865, 2.2054480390416247, 1.9553660675883293, 2.031840277325224, 2.155451581323588, 2.323068353092228, 2.022469880073159, 2.02069051000807, 1.9677566585165482, 2.2022600924527205, 1.959166608392088]
BBSR:0.0
ABSR:0.0
max acc:10.1
