======================================
    IID: 1
    Dataset: cifar
    Model: resnet
    Model Init: None
    Aggregation Function: DABA
    Fraction NonIID: 0
    Long attack: 3
    Wide attack: 3
    Wide attack: trust
    Threshold reject: 0.5
    Threshold down: 0.0
    Attack method: dba
    Fraction of malicious agents: 30.0%
    Poison Frac: 0.2
    Backdoor From 7 to 2
    Attack Begin: 0
    Trigger Shape: square
    Type poisoning: 
    Trigger Position X: 0
    Trigger Position Y: 0
    Number of agents: 100
    Fraction of agents each turn: 30(30.0%)
    Local batch size: 50
    Local epoch: 3
    Client_LR: 0.01
    Client_Momentum: 0.9
    Global Rounds: 100
======================================
main_task_accuracy=[0, 10.039999961853027, 28.25, 43.29999923706055, 46.97999954223633, 50.119998931884766, 53.45000076293945, 56.619998931884766, 58.130001068115234, 59.619998931884766, 62.15999984741211, 61.58000183105469, 63.66999816894531, 63.939998626708984, 64.52999877929688, 64.26000213623047, 66.83999633789062, 67.0, 67.41999816894531, 67.80000305175781, 67.43000030517578, 68.05000305175781, 68.97000122070312, 68.80999755859375, 68.51000213623047, 69.19999694824219, 69.80000305175781, 69.5999984741211, 69.45999908447266, 70.20999908447266, 70.26000213623047, 71.0999984741211, 71.23999786376953, 71.18000030517578, 71.58000183105469, 71.80000305175781, 71.66999816894531, 72.11000061035156, 72.08000183105469, 72.44999694824219, 72.45999908447266, 72.30000305175781, 72.8499984741211, 72.8499984741211, 72.75, 73.12000274658203, 73.08000183105469, 73.04000091552734, 72.87999725341797, 73.23999786376953, 73.05999755859375, 73.31999969482422, 73.06999969482422, 73.0, 72.91999816894531, 73.0, 73.13999938964844, 72.86000061035156, 72.41999816894531, 72.81999969482422, 72.62000274658203, 72.91999816894531, 72.66999816894531, 72.73999786376953, 72.9000015258789, 72.8499984741211, 72.87999725341797, 72.72000122070312, 72.68000030517578, 72.80999755859375, 72.7699966430664, 72.68000030517578, 72.66999816894531, 72.80999755859375, 72.55000305175781, 72.75, 72.7699966430664, 72.76000213623047, 72.61000061035156, 72.58999633789062, 72.58999633789062, 72.72000122070312, 72.51000213623047, 72.5199966430664, 72.66999816894531, 72.44999694824219, 72.54000091552734, 72.37000274658203, 72.4000015258789, 72.43000030517578, 72.37000274658203, 72.37999725341797, 72.38999938964844, 72.54000091552734, 72.52999877929688, 72.41999816894531, 72.43000030517578, 72.4800033569336, 72.37000274658203, 72.33999633789062, 72.37999725341797]
backdoor_accuracy=[0, 0.0, 8.4, 8.3, 5.0, 7.2, 2.9, 4.4, 4.8, 3.6, 2.7, 5.0, 3.4, 1.6, 2.7, 4.6, 4.1, 3.0, 1.7, 3.1, 3.1, 3.7, 2.3, 3.9, 3.2, 3.8, 3.5, 4.5, 2.7, 3.4, 2.7, 4.9, 3.0, 4.0, 6.1, 3.4, 3.2, 3.7, 4.2, 3.5, 4.9, 5.0, 4.9, 3.8, 4.8, 4.3, 5.3, 4.0, 5.5, 4.0, 4.9, 4.4, 6.5, 5.6, 6.4, 6.1, 6.0, 5.3, 6.3, 5.2, 5.8, 5.6, 4.9, 5.1, 5.7, 5.9, 5.6, 5.9, 5.7, 5.6, 5.9, 6.3, 6.1, 5.7, 6.1, 5.4, 5.0, 5.6, 5.7, 5.0, 4.9, 5.7, 5.6, 4.7, 5.7, 5.6, 4.8, 5.5, 6.1, 5.7, 5.4, 5.6, 5.6, 5.4, 5.7, 5.7, 5.5, 5.4, 5.8, 5.5, 5.8]
loss_list=[1.9738270456261104, 1.5314595948987535, 1.155957957175043, 0.9620708588262399, 0.7765723139875463, 0.7047577812605434, 0.6248858968913553, 0.5673504024454289, 0.5152256433458791, 0.4597099431397187, 0.4628040410454074, 0.43785285517780304, 0.39542675454583437, 0.36999327454509007, 0.37313180680697167, 0.3186484113087256, 0.32683901689946654, 0.302807310535055, 0.28527989957222927, 0.27042638251713164, 0.23767975764763025, 0.20984986883277693, 0.24678632414382368, 0.2067860375882851, 0.22909373878889414, 0.1793836262139181, 0.17221235909253457, 0.1557615590226164, 0.1602507332179489, 0.15563246430673947, 0.1351252819888759, 0.09298174415909063, 0.14205962506886055, 0.13445024145657147, 0.13153424312231235, 0.15414792337144417, 0.09998328175693236, 0.086940673502977, 0.08424140416273279, 0.07130145980724288, 0.09093257777030685, 0.08308090499589321, 0.06488082761365352, 0.05181742717013953, 0.03138562146638933, 0.03649430406299265, 0.029609698134784892, 0.032045068678303826, 0.025106696185280775, 0.05049261875955077, 0.03040276567361111, 0.03829224583304799, 0.028416117572827106, 0.019708384860197034, 0.011465572793191919, 0.029552290682121465, 0.00832325691586852, 0.0357549467836442, 0.006620287146749131, 0.016644744915312107, 0.024885899627002394, 0.010989646307457914, 0.0035293748832191337, 0.0032806864947067674, 0.015134766641276654, 0.004031687660527596, 0.003983604964644959, 0.014528800794343825, 0.006148256417897452, 0.026587220673957038, 0.002512592600655302, 0.001714560074599123, 0.002384141719085165, 0.0021348472057110893, 0.004777036535233492, 0.010327088536853098, 0.001979636819628973, 0.0018182974006857781, 0.004358515785683672, 0.005304454614136677, 0.0011585832613895438, 0.0029018805980417207, 0.0030696506185631735, 0.0012950321108251553, 0.002285620070858083, 0.0019657014512793262, 0.0021017615355797005, 0.0026298963963765553, 0.0012987871256417644, 0.0010571540766330955, 0.001003815185265719, 0.001375102804457937, 0.003199298726047144, 0.0008205123170369511, 0.0007871852727678037, 0.0010159241776353965, 0.001133572761278224, 0.0007616588037651833, 0.002001756919109741, 0.001071299875572246]
BBSR:5.8
ABSR:5.6
max acc:72.54
