======================================
    IID: 1
    Dataset: cifar
    Model: resnet
    Model Init: None
    Aggregation Function: RLR
    Fraction NonIID: 0
    Long attack: 3
    Wide attack: 3
    Wide attack: trust
    Threshold reject: 0.5
    Threshold down: 0.0
    Attack method: badnet
    Fraction of malicious agents: 20.0%
    Poison Frac: 0.2
    Backdoor From 7 to 2
    Attack Begin: 0
    Trigger Shape: square
    Type poisoning: 
    Trigger Position X: 0
    Trigger Position Y: 0
    Number of agents: 100
    Fraction of agents each turn: 30(30.0%)
    Local batch size: 50
    Local epoch: 3
    Client_LR: 0.01
    Client_Momentum: 0.9
    Global Rounds: 100
    RobustLR_threshold: 4
======================================
main_task_accuracy=[0, 10.470000267028809, 19.239999771118164, 40.34000015258789, 41.16999816894531, 44.709999084472656, 50.959999084472656, 53.13999938964844, 54.25, 58.369998931884766, 58.459999084472656, 60.34000015258789, 62.0099983215332, 62.38999938964844, 63.130001068115234, 64.12999725341797, 64.80999755859375, 64.31999969482422, 65.54000091552734, 65.23999786376953, 65.0199966430664, 65.77999877929688, 66.08000183105469, 67.27999877929688, 67.44999694824219, 67.56999969482422, 67.18000030517578, 67.70999908447266, 67.87000274658203, 68.0, 67.33999633789062, 67.22000122070312, 69.73999786376953, 67.29000091552734, 69.37000274658203, 69.2300033569336, 69.79000091552734, 68.38999938964844, 70.33999633789062, 68.80999755859375, 68.62000274658203, 68.33999633789062, 69.7699966430664, 71.7300033569336, 65.23999786376953, 70.83999633789062, 70.08000183105469, 68.97000122070312, 68.19999694824219, 70.18000030517578, 71.11000061035156, 72.18000030517578, 70.05999755859375, 71.63999938964844, 69.79000091552734, 72.16999816894531, 71.26000213623047, 69.97000122070312, 70.69000244140625, 69.80000305175781, 71.48999786376953, 71.81999969482422, 72.5, 72.30000305175781, 71.29000091552734, 71.94999694824219, 71.87000274658203, 71.12000274658203, 70.7300033569336, 71.83000183105469, 72.1500015258789, 71.51000213623047, 72.11000061035156, 71.88999938964844, 72.56999969482422, 71.98999786376953, 72.47000122070312, 72.04000091552734, 72.30000305175781, 72.33000183105469, 72.56999969482422, 72.19000244140625, 72.27999877929688, 72.38999938964844, 72.08000183105469, 71.75, 72.12000274658203, 71.87000274658203, 72.16999816894531, 72.22000122070312, 71.8499984741211, 72.41000366210938, 72.25, 72.61000061035156, 72.19000244140625, 72.33000183105469, 72.44000244140625, 72.23999786376953, 72.31999969482422, 72.44000244140625, 72.55000305175781]
backdoor_accuracy=[0, 1.2, 37.3, 7.6, 4.4, 3.8, 4.6, 5.1, 5.2, 7.3, 4.2, 2.8, 3.3, 2.5, 4.3, 4.7, 3.1, 2.5, 1.4, 2.7, 2.2, 1.9, 3.1, 2.7, 1.8, 2.4, 2.2, 2.8, 2.0, 1.2, 2.1, 1.3, 2.1, 2.2, 2.5, 0.8, 3.8, 1.0, 3.1, 1.4, 4.4, 4.7, 1.9, 2.2, 1.1, 3.2, 2.6, 3.0, 1.1, 3.8, 2.5, 2.6, 5.0, 3.1, 2.1, 5.5, 3.8, 3.0, 2.1, 2.4, 2.3, 1.6, 2.8, 2.4, 8.5, 1.7, 5.9, 1.0, 9.8, 1.1, 4.9, 3.1, 4.4, 2.4, 3.0, 3.7, 2.6, 2.8, 4.5, 4.1, 4.2, 4.3, 4.1, 3.7, 2.2, 3.1, 3.0, 3.2, 2.4, 3.7, 2.6, 3.6, 3.9, 3.2, 3.0, 5.0, 3.9, 4.5, 5.1, 3.1, 3.1]
loss_list=[2.003735118574567, 1.5711907164918053, 1.1899512549241382, 1.0223870663675998, 0.8695103135539425, 0.7316762157612376, 0.6712388336989614, 0.5901099418517616, 0.5515529567789701, 0.5316498734201821, 0.4926477590203285, 0.47215789719898654, 0.43394432431914737, 0.45948780584045584, 0.41309077800975913, 0.3929974135953104, 0.4013198671862483, 0.3526192221614636, 0.3538967268143056, 0.38964117102945844, 0.33646645878803816, 0.30630625296280617, 0.3105928703273336, 0.23885753248404304, 0.27543222353198665, 0.263472974111533, 0.27208749656048087, 0.2634484230382886, 0.2828103930179754, 0.2423669845749262, 0.2586619881602625, 0.2120136095743833, 0.25218198441428186, 0.21396645255302751, 0.22908577499038077, 0.1702516533797219, 0.2103282587920936, 0.1877506286523486, 0.1571697188169411, 0.1720609833443046, 0.19587689772843275, 0.12403840986274497, 0.2283008537191846, 0.2057564255832888, 0.15139585923895033, 0.1588802937713788, 0.15170868113598163, 0.1447848801165108, 0.1320445818833994, 0.10017035774298065, 0.06838366387447521, 0.12106943779796388, 0.09293749698321334, 0.12801359515559552, 0.07720673995778068, 0.1324832979655669, 0.10542831767127304, 0.13938855728774793, 0.11747217419128803, 0.05967718179053108, 0.08088113027752522, 0.0444530653931401, 0.04341188386836114, 0.09683409439058677, 0.046396253183015185, 0.05324092072985271, 0.07434547317293536, 0.07813118402445982, 0.04471092939006565, 0.03462906640577583, 0.053834473339011306, 0.04936562676713949, 0.049070964266607515, 0.023794996773318013, 0.044581046087809634, 0.030808677856756627, 0.0376082537671189, 0.018349225233905603, 0.017203935315289225, 0.021035760806743277, 0.02269752567037964, 0.013136180883925087, 0.018871352201236327, 0.03719618758570505, 0.07872422822303228, 0.02283789850051108, 0.031268091694089686, 0.05328201148163821, 0.018605646714252844, 0.05292316617074901, 0.027548569147032447, 0.005999831873994279, 0.02357811560341058, 0.029831272307680293, 0.03946039149086978, 0.024462025254078982, 0.034197383900974376, 0.029839874763380674, 0.006220256118896133, 0.019211323969859424]
BBSR:5.1
ABSR:3.84
max acc:72.61
