======================================
    IID: 1
    Dataset: cifar
    Model: resnet
    Model Init: None
    Aggregation Function: RLR
    Fraction NonIID: 0
    Long attack: 3
    Wide attack: 3
    Wide attack: trust
    Threshold reject: 0.5
    Threshold down: 0.0
    Attack method: badnet
    Fraction of malicious agents: 20.0%
    Poison Frac: 0.2
    Backdoor From 7 to 2
    Attack Begin: 0
    Trigger Shape: square
    Type poisoning: pgd
    Trigger Position X: 0
    Trigger Position Y: 0
    Number of agents: 100
    Fraction of agents each turn: 30(30.0%)
    Local batch size: 50
    Local epoch: 3
    Client_LR: 0.01
    Client_Momentum: 0.9
    Global Rounds: 100
    RobustLR_threshold: 4
======================================
main_task_accuracy=[0, 10.199999809265137, 15.550000190734863, 32.189998626708984, 39.939998626708984, 41.900001525878906, 46.2400016784668, 48.130001068115234, 51.16999816894531, 53.20000076293945, 56.02000045776367, 55.4900016784668, 58.88999938964844, 60.33000183105469, 59.66999816894531, 59.25, 60.0, 60.34000015258789, 61.060001373291016, 61.59000015258789, 61.93000030517578, 62.36000061035156, 64.13999938964844, 63.869998931884766, 63.81999969482422, 64.05999755859375, 64.47000122070312, 65.33999633789062, 66.58999633789062, 64.66000366210938, 63.81999969482422, 65.55000305175781, 65.43000030517578, 66.26000213623047, 66.87000274658203, 66.23999786376953, 66.9800033569336, 67.61000061035156, 67.56999969482422, 67.70999908447266, 66.47000122070312, 68.55999755859375, 66.30000305175781, 67.47000122070312, 68.48999786376953, 66.98999786376953, 67.79000091552734, 67.02999877929688, 67.0999984741211, 65.47000122070312, 68.13999938964844, 67.62000274658203, 67.13999938964844, 69.66999816894531, 69.76000213623047, 69.52999877929688, 69.62999725341797, 70.43000030517578, 70.58000183105469, 69.9000015258789, 69.47000122070312, 70.61000061035156, 71.05999755859375, 70.73999786376953, 69.80000305175781, 71.80000305175781, 70.38999938964844, 68.44000244140625, 69.80000305175781, 71.55999755859375, 70.11000061035156, 68.62000274658203, 71.19000244140625, 71.58999633789062, 71.66999816894531, 69.93000030517578, 71.41000366210938, 71.43000030517578, 71.48999786376953, 71.37000274658203, 71.72000122070312, 71.37999725341797, 71.69000244140625, 72.01000213623047, 71.72000122070312, 71.91000366210938, 71.66000366210938, 71.93000030517578, 71.95999908447266, 71.69999694824219, 71.9800033569336, 72.0999984741211, 72.12999725341797, 71.94000244140625, 71.55000305175781, 71.44000244140625, 71.48999786376953, 71.63999938964844, 71.33999633789062, 71.76000213623047, 71.66000366210938]
backdoor_accuracy=[0, 0.1, 4.9, 8.6, 8.9, 10.7, 5.9, 5.8, 5.0, 4.4, 3.3, 2.2, 1.9, 2.1, 1.5, 2.0, 1.8, 2.6, 3.2, 3.2, 1.8, 2.3, 2.2, 2.1, 1.9, 2.1, 1.9, 1.9, 2.0, 0.5, 0.4, 1.1, 1.1, 0.6, 1.7, 0.9, 1.8, 1.6, 1.3, 1.5, 1.9, 2.2, 1.1, 0.8, 0.8, 1.2, 1.3, 0.7, 2.4, 0.5, 0.7, 1.8, 1.6, 2.2, 1.6, 1.4, 1.2, 1.6, 1.6, 1.2, 2.2, 2.4, 2.2, 1.4, 3.4, 2.4, 0.9, 2.9, 1.0, 2.5, 3.0, 4.9, 2.1, 2.5, 2.8, 1.1, 1.8, 3.2, 1.8, 1.1, 2.8, 3.3, 2.8, 3.4, 1.6, 2.6, 2.0, 3.1, 2.0, 3.5, 2.2, 2.1, 2.6, 2.1, 2.0, 1.9, 1.9, 3.6, 2.7, 2.6, 2.6]
loss_list=[1.9583824985557137, 1.5575311793221374, 1.2413243050045433, 1.0434252233140997, 0.9195130178663464, 0.7831256886406077, 0.7255160556236901, 0.6609232079775798, 0.6360067627372014, 0.5919156721648243, 0.5739021033669511, 0.5040803898229368, 0.4815919608788357, 0.4791558243003156, 0.46249521298954893, 0.4388825343694124, 0.4392319521846043, 0.42728209739550943, 0.3909446117105997, 0.3709840929549601, 0.39449298448964126, 0.35041591529630955, 0.3360025954236174, 0.36523219582728206, 0.31920575018247793, 0.31885150536429135, 0.3076180220105581, 0.2848221492236997, 0.27638320533791555, 0.3197321033687331, 0.29794628423289393, 0.2177957649826486, 0.30115922349608604, 0.2565022556219871, 0.20441457262223897, 0.22988795497855688, 0.23042901748881883, 0.20929959545778629, 0.2062991379194945, 0.22993676656980014, 0.1957605468265764, 0.1798888031545923, 0.18901510784337816, 0.1520842922934227, 0.19194507163470714, 0.18447833250011575, 0.1812912681090852, 0.15868635360345548, 0.15875829186070606, 0.17060475348423806, 0.134219668079588, 0.14786457263424785, 0.12065032414228576, 0.09050868456602784, 0.08861405017035495, 0.0913005611712773, 0.07763818222605752, 0.08730475466879499, 0.10130029022289413, 0.10623251540961469, 0.0650096281624024, 0.047472052892327254, 0.08003188933847315, 0.0738043168149549, 0.01730211130970727, 0.07332594079720565, 0.11476031954610437, 0.0828069730195178, 0.04797412398535623, 0.09626458778891701, 0.10031887207654007, 0.04873888362085078, 0.0382994425823967, 0.03610424905540035, 0.09201970095762388, 0.06128249688606753, 0.06418063534329525, 0.04404416212143891, 0.04632435269580229, 0.03300701863125545, 0.04485844473702551, 0.02599622421659458, 0.020781409225399124, 0.033670219026458253, 0.023073367563105827, 0.015222007351920992, 0.016015058656137424, 0.01321500074258438, 0.03243321155993828, 0.02706144320269029, 0.004240419334285737, 0.014595705914717757, 0.0023794445576034687, 0.03127925133840108, 0.03800621119506105, 0.027031984060707448, 0.03623997116836512, 0.018651445205371906, 0.011931446146946757, 0.019768185832512646]
BBSR:3.6
ABSR:2.41
max acc:72.13
