======================================
    IID: 0
    Dataset: fashion_mnist
    Model: Mnist_CNN
    Model Init: None
    Aggregation Function: avg
    Fraction NonIID: 0
    Long attack: 3
    Wide attack: 3
    Wide attack: trust
    Threshold reject: 0.5
    Threshold down: 0.0
    Attack method: badnet
    Fraction of malicious agents: 30.0%
    Poison Frac: 0.2
    Backdoor From 7 to 2
    Attack Begin: 0
    Trigger Shape: square
    Type poisoning: cs
    Trigger Position X: 0
    Trigger Position Y: 0
    Number of agents: 100
    Fraction of agents each turn: 30(30.0%)
    Local batch size: 50
    Local epoch: 3
    Client_LR: 0.01
    Client_Momentum: 0.9
    Global Rounds: 100
======================================
main_task_accuracy=[0, 67.12999725341797, 70.69000244140625, 75.06999969482422, 76.5, 77.86000061035156, 78.80000305175781, 80.12999725341797, 80.77999877929688, 81.31999969482422, 82.61000061035156, 82.5999984741211, 83.5199966430664, 83.62000274658203, 84.1500015258789, 83.93000030517578, 84.87000274658203, 84.87000274658203, 85.30999755859375, 85.29000091552734, 85.30999755859375, 85.76000213623047, 85.9800033569336, 85.63999938964844, 86.41000366210938, 86.01000213623047, 86.4000015258789, 86.62000274658203, 86.9000015258789, 86.69999694824219, 87.0999984741211, 87.0, 87.13999938964844, 87.22000122070312, 87.19000244140625, 87.36000061035156, 87.44999694824219, 87.5199966430664, 87.5999984741211, 87.54000091552734, 87.69999694824219, 87.80000305175781, 87.77999877929688, 88.0, 87.7699966430664, 88.12999725341797, 88.26000213623047, 88.30999755859375, 88.48999786376953, 88.4800033569336, 88.38999938964844, 88.37000274658203, 88.41000366210938, 88.45999908447266, 88.63999938964844, 88.5199966430664, 88.51000213623047, 88.7300033569336, 88.76000213623047, 88.80000305175781, 88.81999969482422, 88.80000305175781, 88.9000015258789, 89.04000091552734, 88.86000061035156, 89.12000274658203, 88.98999786376953, 88.98999786376953, 89.2699966430664, 89.19000244140625, 89.36000061035156, 89.25, 89.08999633789062, 89.43000030517578, 89.52999877929688, 89.16000366210938, 89.26000213623047, 89.31999969482422, 89.41000366210938, 89.63999938964844, 89.2699966430664, 89.7699966430664, 89.5999984741211, 89.58999633789062, 89.55000305175781, 89.69000244140625, 89.7699966430664, 89.86000061035156, 89.77999877929688, 89.69000244140625, 89.77999877929688, 90.0199966430664, 90.13999938964844, 89.94999694824219, 89.98999786376953, 90.06999969482422, 89.83000183105469, 89.91000366210938, 89.83000183105469, 90.0999984741211, 90.05000305175781]
backdoor_accuracy=[0, 0.0, 1.4, 13.7, 31.1, 75.0, 89.5, 96.5, 98.7, 99.7, 99.8, 99.8, 99.9, 100.0, 100.0, 100.0, 100.0, 100.0, 100.0, 100.0, 100.0, 100.0, 100.0, 100.0, 100.0, 100.0, 100.0, 100.0, 100.0, 100.0, 100.0, 100.0, 100.0, 100.0, 100.0, 100.0, 100.0, 100.0, 100.0, 100.0, 100.0, 100.0, 100.0, 100.0, 100.0, 100.0, 100.0, 100.0, 100.0, 100.0, 100.0, 100.0, 100.0, 100.0, 100.0, 100.0, 100.0, 100.0, 100.0, 100.0, 100.0, 100.0, 100.0, 100.0, 100.0, 100.0, 100.0, 100.0, 100.0, 100.0, 100.0, 100.0, 100.0, 100.0, 100.0, 100.0, 100.0, 100.0, 100.0, 100.0, 100.0, 100.0, 100.0, 100.0, 100.0, 100.0, 100.0, 100.0, 100.0, 100.0, 100.0, 100.0, 100.0, 100.0, 100.0, 100.0, 100.0, 100.0, 100.0, 100.0, 100.0]
loss_list=[1.3968650599872627, 0.8803410807141552, 0.6533718002753126, 0.5434724542553779, 0.514152991619927, 0.47235294897799124, 0.44230100886413337, 0.463719820038036, 0.41590113219011715, 0.4464461298797418, 0.3928203056359456, 0.39282585407986675, 0.39033743702565077, 0.3572039562656924, 0.3508812686428429, 0.3408194969235747, 0.3478567020105266, 0.3217245574488684, 0.3475103052367491, 0.33784324386053627, 0.3157112130550323, 0.33907905074043404, 0.3202541185129019, 0.30432491881979845, 0.2989122203930661, 0.30830128056652567, 0.2854723485635111, 0.28779527457017035, 0.3032020549186402, 0.28770890587733855, 0.28230701021988075, 0.31392372136038765, 0.2534576505146645, 0.27562659533211475, 0.2786586844845227, 0.2617177255175732, 0.25973732608749905, 0.25800494681008984, 0.2555892121288236, 0.25913995412281815, 0.2527801339669774, 0.2506442321636887, 0.24738771952343763, 0.25822281970263083, 0.232865026946766, 0.2588147687829203, 0.2615928734963138, 0.23629021368041217, 0.23372228581078902, 0.23819548660992745, 0.24129329287205586, 0.2311704759848201, 0.25446895677078923, 0.23654932683264768, 0.25568679707055847, 0.23885553987972716, 0.23653596166383334, 0.2216327617220857, 0.23046925361526924, 0.21847599087352002, 0.20927486122258152, 0.20760304448022338, 0.2208807234255666, 0.2274898025000261, 0.22801897025546403, 0.2022823829729869, 0.21528113608558969, 0.19346369733620022, 0.23806060866659712, 0.22622967271341216, 0.1911204695296301, 0.2231666431055163, 0.20366593775753347, 0.1856786091277307, 0.19028589788962294, 0.20011287280358375, 0.20444592829724711, 0.21532499136886116, 0.19476646533822298, 0.19575634539403294, 0.2070494085877996, 0.20033895726212195, 0.2065606793336984, 0.19787406250575765, 0.18838515820033438, 0.19763996745114795, 0.17518155851780817, 0.19012046416324593, 0.20379679405596107, 0.1904441687002503, 0.1854408125065405, 0.18849256308835555, 0.18600495468169725, 0.18321039959684837, 0.17637667607481558, 0.17879448656630875, 0.19603500432007157, 0.16994305532123827, 0.19179562303341097, 0.17852663854481998]
BBSR:100.0
ABSR:100.0
max acc:90.14
