======================================
    IID: 0
    Dataset: mnist
    Model: Mnist_CNN
    Model Init: None
    Aggregation Function: DABA
    Fraction NonIID: 0
    Long attack: 4
    Wide attack: 4
    Wide attack: trust
    Threshold reject: 0.5
    Threshold down: 0.0
    Attack method: badnet
    Fraction of malicious agents: 13.0%
    Poison Frac: 0.2
    Backdoor From 7 to 2
    Attack Begin: 0
    Trigger Shape: square
    Type poisoning: 
    Trigger Position X: 0
    Trigger Position Y: 0
    Number of agents: 100
    Fraction of agents each turn: 30(30.0%)
    Local batch size: 50
    Local epoch: 3
    Client_LR: 0.01
    Client_Momentum: 0.9
    Global Rounds: 100
======================================
main_task_accuracy=[0, 40.41999816894531, 13.220000267028809, 50.61000061035156, 59.439998626708984, 29.110000610351562, 55.47999954223633, 66.66999816894531, 66.16999816894531, 65.70999908447266, 70.0999984741211, 84.2699966430664, 62.880001068115234, 78.05000305175781, 79.93000030517578, 74.5199966430664, 81.0199966430664, 88.55999755859375, 90.43000030517578, 84.33000183105469, 85.27999877929688, 90.4000015258789, 94.0, 86.25, 85.66999816894531, 93.80000305175781, 94.41999816894531, 92.7699966430664, 89.4800033569336, 93.12000274658203, 96.63999938964844, 85.30999755859375, 91.45999908447266, 92.41000366210938, 93.87999725341797, 78.25, 94.66000366210938, 95.87999725341797, 94.52999877929688, 91.05999755859375, 95.62999725341797, 96.72000122070312, 96.63999938964844, 96.87000274658203, 91.86000061035156, 96.37999725341797, 93.63999938964844, 94.94000244140625, 96.7699966430664, 95.91999816894531, 94.72000122070312, 91.01000213623047, 97.16999816894531, 95.38999938964844, 95.55999755859375, 97.22000122070312, 96.0, 94.63999938964844, 96.80000305175781, 96.91999816894531, 96.72000122070312, 97.45999908447266, 96.79000091552734, 96.3499984741211, 97.04000091552734, 95.86000061035156, 96.63999938964844, 97.37999725341797, 95.9800033569336, 96.69000244140625, 94.36000061035156, 97.86000061035156, 94.12000274658203, 97.33000183105469, 96.47000122070312, 97.73999786376953, 98.08999633789062, 98.0199966430664, 94.02999877929688, 93.4800033569336, 96.18000030517578, 97.68000030517578, 94.88999938964844, 97.20999908447266, 97.69999694824219, 97.5199966430664, 97.6500015258789, 97.5, 97.6500015258789, 96.45999908447266, 97.94000244140625, 97.16999816894531, 97.76000213623047, 97.31999969482422, 98.26000213623047, 98.04000091552734, 97.7699966430664, 97.62000274658203, 95.66999816894531, 98.02999877929688, 97.44000244140625]
backdoor_accuracy=[0, 0.0, 0.0, 2.9182879377431905, 0.7782101167315175, 0.0, 0.0, 19.55252918287938, 0.0, 15.369649805447471, 23.929961089494164, 0.5836575875486382, 21.69260700389105, 1.3618677042801557, 1.6536964980544746, 6.031128404669261, 2.140077821011673, 14.007782101167315, 3.7937743190661477, 0.7782101167315175, 17.898832684824903, 0.6809338521400778, 15.66147859922179, 74.5136186770428, 1.0700389105058365, 2.529182879377432, 1.1673151750972763, 13.424124513618677, 7.879377431906615, 4.085603112840467, 7.490272373540856, 10.505836575875486, 4.377431906614786, 3.11284046692607, 1.8482490272373542, 41.05058365758755, 2.529182879377432, 13.813229571984436, 20.914396887159533, 3.0155642023346303, 24.027237354085603, 2.6264591439688716, 4.571984435797665, 2.9182879377431905, 63.326848249027236, 2.529182879377432, 2.7237354085603114, 7.198443579766537, 5.642023346303502, 2.6264591439688716, 11.381322957198444, 0.6809338521400778, 9.727626459143968, 88.61867704280155, 2.9182879377431905, 10.992217898832685, 5.447470817120623, 39.202334630350194, 3.8910505836575875, 5.544747081712062, 9.82490272373541, 8.560311284046692, 95.42801556420234, 67.80155642023347, 13.326848249027238, 46.88715953307393, 1.4591439688715953, 90.07782101167315, 1.4591439688715953, 72.27626459143968, 15.66147859922179, 57.490272373540854, 49.61089494163424, 27.33463035019455, 52.431906614785994, 38.521400778210115, 41.536964980544745, 9.04669260700389, 61.18677042801556, 50.29182879377432, 88.2295719844358, 82.87937743190662, 99.80544747081711, 3.11284046692607, 55.252918287937746, 30.836575875486382, 57.68482490272373, 71.01167315175097, 73.5408560311284, 18.579766536964982, 87.93774319066148, 67.80155642023347, 98.5408560311284, 98.63813229571984, 99.70817120622569, 98.5408560311284, 99.12451361867704, 95.8171206225681, 98.34630350194553, 99.31906614785993, 69.06614785992218]
loss_list=[0.5095448194306694, 0.26226208577113147, 0.310500810217302, 0.21620821611703359, 0.1866146404032403, 0.23415373596612835, 0.20295732445137613, 0.152904702094902, 0.15590141352834855, 0.17776880418261942, 0.13053737601493245, 0.10707201034799488, 0.1232127490233952, 0.13505716723627212, 0.145306561001699, 0.1273798549830291, 0.13696700237093412, 0.0794526825687635, 0.0715101173169231, 0.09736470666314695, 0.0849618921402191, 0.07058157991775639, 0.06482290420390004, 0.08133627338521701, 0.08746580840256991, 0.05621693129943127, 0.05234281610934218, 0.05623089457549521, 0.0685523656599413, 0.05432186762331217, 0.054939055131055015, 0.06901241051708933, 0.07535797124935835, 0.06431440023902814, 0.07010903161086995, 0.09338858529215942, 0.05783388979149822, 0.04563869975374612, 0.047709033256456625, 0.05510041852003858, 0.05282787250124958, 0.04320416362121869, 0.04350407230020496, 0.044774143856217745, 0.051598509574698984, 0.04778541670998997, 0.04198030143563418, 0.045928037218064564, 0.04135315872699174, 0.0395978826755365, 0.046954562210015933, 0.04936587906772983, 0.04142347077973397, 0.050103887648687305, 0.0382442524345141, 0.03364280448455559, 0.04081151606197695, 0.03894322495323247, 0.034221826705339874, 0.03620038304634048, 0.03606727221772448, 0.036594993736632324, 0.031258598797288296, 0.04488155804045037, 0.03669462267593096, 0.03635849797659728, 0.037154240493384796, 0.03246150187455202, 0.038215869598434024, 0.035071843443965585, 0.03569703025168702, 0.03361153326942988, 0.037806827745875224, 0.03600367248982637, 0.032754596284846456, 0.03002964503938192, 0.030877074156924197, 0.031164981847393088, 0.03897952738194498, 0.041827717944129, 0.03605289198783697, 0.02837285449455181, 0.037936677691120045, 0.03141525826843871, 0.026327069497489697, 0.02626674684588532, 0.0315672838518569, 0.028741112307511626, 0.026993997915157275, 0.026862877666039696, 0.02851936987728208, 0.028432406389028237, 0.02563625819070152, 0.02975157545725183, 0.02389838921946198, 0.02651582202973657, 0.020408799117683365, 0.026351351394313622, 0.032646978267938005, 0.026435768432986544]
BBSR:99.71
ABSR:92.49
max acc:98.26
