======================================
    IID: 0
    Dataset: mnist
    Model: Mnist_CNN
    Model Init: None
    Aggregation Function: krum
    Fraction NonIID: 0
    Long attack: 4
    Wide attack: 4
    Wide attack: trust
    Threshold reject: 0.5
    Threshold down: 0.0
    Attack method: badnet
    Fraction of malicious agents: 13.0%
    Poison Frac: 0.2
    Backdoor From 7 to 2
    Attack Begin: 0
    Trigger Shape: square
    Type poisoning: 
    Trigger Position X: 0
    Trigger Position Y: 0
    Number of agents: 100
    Fraction of agents each turn: 30(30.0%)
    Local batch size: 50
    Local epoch: 3
    Client_LR: 0.01
    Client_Momentum: 0.9
    Global Rounds: 100
    Proportion of malicious are selected: 0.13
    Average score of malicious clients: 3939191.0
    Average score of benign clients: 1364855.5
======================================
main_task_accuracy=[0, 10.279999732971191, 18.260000228881836, 12.430000305175781, 10.279999732971191, 10.279999732971191, 10.100000381469727, 10.100000381469727, 10.279999732971191, 10.100000381469727, 10.100000381469727, 19.690000534057617, 10.279999732971191, 10.100000381469727, 9.760000228881836, 10.100000381469727, 10.279999732971191, 10.100000381469727, 9.800000190734863, 9.800000190734863, 10.279999732971191, 10.279999732971191, 8.920000076293945, 10.09000015258789, 10.09000015258789, 8.920000076293945, 11.350000381469727, 8.920000076293945, 8.920000076293945, 8.920000076293945, 8.920000076293945, 10.09000015258789, 10.100000381469727, 10.09000015258789, 10.100000381469727, 10.100000381469727, 8.920000076293945, 8.920000076293945, 9.800000190734863, 11.350000381469727, 9.800000190734863, 11.350000381469727, 10.09000015258789, 9.800000190734863, 8.920000076293945, 9.800000190734863, 9.800000190734863, 10.09000015258789, 10.100000381469727, 9.800000190734863, 10.279999732971191, 10.279999732971191, 10.100000381469727, 10.100000381469727, 11.350000381469727, 8.920000076293945, 11.350000381469727, 11.350000381469727, 10.279999732971191, 11.350000381469727, 8.920000076293945, 9.800000190734863, 9.800000190734863, 8.920000076293945, 8.920000076293945, 10.100000381469727, 10.100000381469727, 9.579999923706055, 9.579999923706055, 10.100000381469727, 10.100000381469727, 10.09000015258789, 10.100000381469727, 9.800000190734863, 9.800000190734863, 8.920000076293945, 9.819999694824219, 10.100000381469727, 9.800000190734863, 10.319999694824219, 9.800000190734863, 9.800000190734863, 10.319999694824219, 10.319999694824219, 10.09000015258789, 10.09000015258789, 10.319999694824219, 10.09000015258789, 8.920000076293945, 10.100000381469727, 10.100000381469727, 10.100000381469727, 11.350000381469727, 10.100000381469727, 8.920000076293945, 10.100000381469727, 10.100000381469727, 11.350000381469727, 8.920000076293945, 11.350000381469727, 10.09000015258789]
backdoor_accuracy=[0, 0.0, 0.0, 0.0, 0.0, 0.0, 0.0, 0.0, 0.0, 0.0, 0.0, 0.0, 0.0, 0.0, 0.0, 0.0, 0.0, 0.0, 0.0, 0.0, 0.0, 0.0, 0.0, 0.0, 0.0, 0.0, 0.0, 0.0, 0.0, 0.0, 0.0, 0.0, 0.0, 0.0, 0.0, 0.0, 0.0, 0.0, 0.0, 0.0, 0.0, 0.0, 0.0, 0.0, 0.0, 0.0, 0.0, 0.0, 0.0, 0.0, 0.0, 0.0, 0.0, 0.0, 0.0, 0.0, 0.0, 0.0, 0.0, 0.0, 0.0, 0.0, 0.0, 0.0, 0.0, 0.0, 0.0, 0.0, 0.0, 0.0, 0.0, 0.0, 0.0, 0.0, 0.0, 0.0, 0.0, 0.0, 99.70817120622569, 98.44357976653697, 65.27237354085604, 99.90272373540856, 100.0, 100.0, 99.90272373540856, 88.03501945525292, 99.90272373540856, 58.94941634241245, 0.6809338521400778, 16.342412451361866, 0.0, 0.0, 0.0, 0.0, 0.0, 0.0, 0.0, 0.0, 0.0, 0.0, 0.0]
loss_list=[0.47132015752209816, 4.0843182407800045, 214.15128785251642, 1.6095064050835743, 1.976067652899116, 2.196896792010025, 1.9711447183180746, 2.138585769578263, 1.904644231760392, 2.4662259524755896, 1.6496441609860946, 2.2534416352536666, 2.0655889432463383, 2.2696848539290597, 2.0410790756344794, 2.2253753836508148, 2.134213032601056, 1.9867658969428803, 1.9380578785858773, 2.1935387160767013, 1.9748822556739607, 2.058158378427227, 1.8845161379211475, 1.9071435936899095, 2.078926526699905, 2.0927245747160024, 2.0334332732690705, 2.027681316324958, 2.2006003082350447, 2.330477882700938, 2.4408843986414097, 2.1216969078889596, 2.1922112880481617, 2.197141893483974, 2.2291681123552496, 2.1869595392986576, 2.401021827150274, 2.266485998641562, 2.0357437428224965, 2.288318724130039, 2.1287042222641137, 2.3911151482275246, 2.074802402241362, 2.176766849667937, 1.9737180147458002, 2.1245893623541905, 2.330962640861119, 2.1651358874859628, 2.194782460784471, 2.4123320877552032, 2.4238257671947836, 2.2177812234671026, 2.486023707218744, 2.1619628456455686, 2.3406731489631856, 2.120853221140526, 2.303375229184274, 2.3337177600021715, 2.092934317528098, 2.2805569992021275, 2.0980168478908365, 2.2708949294355185, 2.275792160519847, 2.1094840593911983, 2.2422869238588543, 2.4209364912576143, 2.490422368601516, 2.2690068654440063, 2.0609717329895054, 2.058965613113509, 2.302814670458987, 2.101877406846594, 2.0748625348011656, 2.0764803430548424, 2.017193453151871, 2.114613102210893, 2.251576733037277, 2.0805925601886375, 2.1810405995006907, 2.224050616390175, 2.1376074984117794, 2.349816378150825, 2.1227886786615406, 2.5115932433417547, 2.2802928166257015, 2.1547384989482383, 2.147185379377118, 1.9321181524958868, 2.0248249461805377, 2.1650576324926485, 2.2812925325499642, 2.023362482090791, 2.0046379746110343, 2.1129538852307532, 2.1402604606968385, 2.248673945113465, 2.2281887353018472, 2.1950834125280374, 2.1758922995240595, 2.323214538340215]
BBSR:0.0
ABSR:0.0
max acc:11.35
