======================================
    IID: 0
    Dataset: mnist
    Model: Mnist_CNN
    Model Init: None
    Aggregation Function: flame
    Fraction NonIID: 0
    Long attack: 4
    Wide attack: 4
    Wide attack: trust
    Threshold reject: 0.5
    Threshold down: 0.0
    Attack method: dba
    Fraction of malicious agents: 13.0%
    Poison Frac: 0.2
    Backdoor From 7 to 2
    Attack Begin: 0
    Trigger Shape: square
    Type poisoning: 
    Trigger Position X: 0
    Trigger Position Y: 0
    Number of agents: 100
    Fraction of agents each turn: 30(30.0%)
    Local batch size: 50
    Local epoch: 3
    Client_LR: 0.01
    Client_Momentum: 0.9
    Global Rounds: 100
    Noise in FLAME: 0.001
proportion of malicious are selected:0.6133333333333333
proportion of benign are selected:0.5581481481481482
======================================
main_task_accuracy=[0, 36.560001373291016, 48.77000045776367, 47.40999984741211, 55.7400016784668, 56.540000915527344, 68.87000274658203, 59.31999969482422, 64.86000061035156, 67.30999755859375, 74.4000015258789, 77.11000061035156, 76.37999725341797, 72.83999633789062, 75.55000305175781, 72.9800033569336, 70.47000122070312, 76.87999725341797, 75.87999725341797, 76.4000015258789, 74.37999725341797, 78.41999816894531, 77.1500015258789, 76.33999633789062, 76.22000122070312, 77.0999984741211, 77.01000213623047, 76.22000122070312, 77.69999694824219, 77.02999877929688, 78.30999755859375, 67.73999786376953, 82.5999984741211, 84.23999786376953, 83.38999938964844, 86.45999908447266, 85.58000183105469, 85.45999908447266, 82.8499984741211, 84.18000030517578, 84.26000213623047, 83.55000305175781, 80.16999816894531, 82.66999816894531, 83.31999969482422, 83.7699966430664, 82.6500015258789, 82.77999877929688, 83.51000213623047, 83.31999969482422, 82.08999633789062, 82.73999786376953, 82.04000091552734, 82.38999938964844, 82.3499984741211, 82.05000305175781, 82.08000183105469, 81.38999938964844, 82.62999725341797, 82.05999755859375, 81.73999786376953, 81.47000122070312, 82.3499984741211, 81.5199966430664, 82.62999725341797, 82.44000244140625, 82.66999816894531, 82.51000213623047, 81.47000122070312, 81.73999786376953, 81.27999877929688, 82.26000213623047, 82.27999877929688, 82.12000274658203, 81.70999908447266, 88.4000015258789, 86.48999786376953, 86.41999816894531, 85.51000213623047, 85.87000274658203, 85.5999984741211, 85.54000091552734, 84.91000366210938, 84.31999969482422, 84.16999816894531, 83.81999969482422, 84.2300033569336, 83.5, 84.02999877929688, 82.83999633789062, 84.19000244140625, 83.51000213623047, 83.37000274658203, 83.76000213623047, 83.05000305175781, 82.5999984741211, 83.0999984741211, 83.1500015258789, 84.12000274658203, 84.05000305175781, 83.80000305175781]
backdoor_accuracy=[0, 0.0, 0.0, 0.0, 5.3501945525291825, 0.0, 6.128404669260701, 0.0, 9.14396887159533, 1.3618677042801557, 3.6964980544747084, 5.447470817120623, 7.003891050583658, 2.237354085603113, 2.237354085603113, 3.8910505836575875, 11.284046692607005, 3.21011673151751, 1.8482490272373542, 10.408560311284047, 4.280155642023346, 8.073929961089494, 8.754863813229573, 2.431906614785992, 6.031128404669261, 3.5992217898832686, 20.622568093385215, 2.0428015564202333, 63.91050583657587, 18.96887159533074, 10.116731517509727, 8.268482490272374, 44.94163424124513, 18.3852140077821, 44.3579766536965, 11.381322957198444, 14.591439688715953, 14.202334630350194, 16.731517509727627, 28.891050583657588, 7.198443579766537, 62.06225680933852, 11.770428015564203, 26.167315175097276, 71.78988326848248, 29.377431906614785, 9.727626459143968, 83.17120622568093, 47.85992217898833, 68.48249027237354, 57.782101167315176, 93.67704280155642, 58.36575875486381, 95.91439688715953, 83.36575875486382, 95.71984435797665, 91.147859922179, 88.13229571984436, 93.09338521400778, 99.0272373540856, 99.22178988326849, 99.22178988326849, 97.95719844357977, 99.5136186770428, 99.61089494163424, 99.70817120622569, 99.70817120622569, 100.0, 98.63813229571984, 98.5408560311284, 96.10894941634241, 98.92996108949416, 99.80544747081711, 99.70817120622569, 99.61089494163424, 99.90272373540856, 98.44357976653697, 99.31906614785993, 99.12451361867704, 99.70817120622569, 99.80544747081711, 99.90272373540856, 99.90272373540856, 99.5136186770428, 99.5136186770428, 99.90272373540856, 100.0, 99.70817120622569, 99.70817120622569, 98.63813229571984, 100.0, 99.90272373540856, 99.70817120622569, 100.0, 100.0, 99.80544747081711, 100.0, 99.90272373540856, 99.90272373540856, 100.0, 99.90272373540856]
loss_list=[0.48710057959022435, 0.3062935707685292, 0.30727644141202304, 0.33818712631937176, 0.23199946175639857, 0.23152670163283806, 0.1397266708518716, 0.21418664239303792, 0.20730635662107927, 0.18049534458039038, 0.1442932657294242, 0.16849072104228582, 0.12408494030777432, 0.16378358197088935, 0.1359178128359591, 0.1304020192130652, 0.16591986714327217, 0.15341931483010865, 0.1800989135872454, 0.12752190138949526, 0.17146334803398763, 0.1318922237902055, 0.15064343913967176, 0.11679233723937836, 0.13391118743386451, 0.13794567627274343, 0.14664569385231993, 0.11303332026404994, 0.1522880320143857, 0.16288080566020102, 0.18521711545283667, 0.134080614363535, 0.09038438965548366, 0.13987772047050934, 0.16381976112136373, 0.08427661116287602, 0.11938113544294278, 0.09190114835279835, 0.08168565179882657, 0.09419481577089693, 0.09000358219589674, 0.05203385079326235, 0.1383313845962759, 0.11401596556173113, 0.1079085285554853, 0.08026879116734119, 0.12580025176281495, 0.09305030048063469, 0.09331422749248929, 0.08076229686764162, 0.12215986293378026, 0.09365770021382282, 0.10454464224298371, 0.08506037274137039, 0.11406711014860554, 0.10763178030630835, 0.10507781305788229, 0.12649231192392268, 0.14246269088255906, 0.07623939158850375, 0.1051599734476448, 0.12712278798368826, 0.1591069398822408, 0.1068505334365412, 0.08648725697489722, 0.09203450499356856, 0.0502951809989502, 0.09378872748589195, 0.10726945107640709, 0.09149187744938196, 0.09796545419439262, 0.09048393561932615, 0.1287327577302761, 0.085077146781062, 0.15526420656777523, 0.08047463831130336, 0.0959712855264253, 0.10835169644721883, 0.10170832980031695, 0.06431202505097337, 0.07176548853688963, 0.09531280173743252, 0.12707426744160547, 0.07905637777200386, 0.08710646157188132, 0.15226357050054523, 0.10121674112555892, 0.11552192825537673, 0.09809992318815207, 0.13553818399592218, 0.07168478608580077, 0.09431768837229322, 0.12123593016571159, 0.10729161057041112, 0.13853366235381667, 0.09967821549957209, 0.07795986294950366, 0.09413664327633046, 0.07771674217953246, 0.07310933798836586]
BBSR:100.0
ABSR:99.91
max acc:84.12
