======================================
    IID: 1
    Dataset: cifar
    Model: resnet
    Model Init: None
    Aggregation Function: RLR
    Fraction NonIID: 0
    Long attack: 3
    Wide attack: 3
    Wide attack: trust
    Threshold reject: 0.5
    Threshold down: 0.0
    Attack method: badnet
    Fraction of malicious agents: 30.0%
    Poison Frac: 0.2
    Backdoor From 7 to 2
    Attack Begin: 0
    Trigger Shape: square
    Type poisoning: 
    Trigger Position X: 0
    Trigger Position Y: 0
    Number of agents: 100
    Fraction of agents each turn: 30(30.0%)
    Local batch size: 50
    Local epoch: 3
    Client_LR: 0.01
    Client_Momentum: 0.9
    Global Rounds: 100
    RobustLR_threshold: 4
======================================
main_task_accuracy=[0, 12.609999656677246, 22.40999984741211, 39.560001373291016, 43.060001373291016, 49.13999938964844, 49.97999954223633, 51.349998474121094, 53.75, 56.619998931884766, 57.43000030517578, 58.68000030517578, 60.310001373291016, 62.0099983215332, 61.45000076293945, 61.06999969482422, 62.40999984741211, 63.70000076293945, 63.25, 64.16000366210938, 62.2599983215332, 64.26000213623047, 64.13999938964844, 66.55999755859375, 65.56999969482422, 64.47000122070312, 66.0999984741211, 64.91999816894531, 66.7699966430664, 65.23999786376953, 66.73999786376953, 66.4800033569336, 65.12000274658203, 65.87999725341797, 64.75, 69.4800033569336, 65.25, 67.31999969482422, 64.63999938964844, 66.2699966430664, 67.94000244140625, 67.12999725341797, 69.0199966430664, 69.36000061035156, 68.73999786376953, 69.2699966430664, 69.69000244140625, 66.19999694824219, 66.55000305175781, 70.12999725341797, 68.75, 68.86000061035156, 68.29000091552734, 69.2300033569336, 66.29000091552734, 70.18000030517578, 66.12999725341797, 69.29000091552734, 70.87999725341797, 70.69000244140625, 69.7300033569336, 70.05999755859375, 70.31999969482422, 70.5, 71.02999877929688, 70.80000305175781, 70.66999816894531, 70.31999969482422, 70.51000213623047, 70.54000091552734, 71.55000305175781, 69.91000366210938, 70.12000274658203, 71.2699966430664, 71.7699966430664, 71.44000244140625, 71.44000244140625, 71.5, 71.22000122070312, 71.83999633789062, 71.80000305175781, 71.69000244140625, 70.9800033569336, 71.66999816894531, 71.48999786376953, 71.62999725341797, 71.0999984741211, 71.62000274658203, 71.6500015258789, 70.55999755859375, 71.58999633789062, 71.61000061035156, 71.93000030517578, 71.73999786376953, 71.8499984741211, 71.88999938964844, 71.91000366210938, 71.95999908447266, 72.0, 71.4000015258789, 71.87999725341797]
backdoor_accuracy=[0, 58.9, 23.6, 14.8, 4.3, 5.2, 6.3, 5.9, 6.7, 4.5, 5.9, 5.1, 6.3, 4.1, 4.5, 3.4, 4.0, 3.4, 3.5, 3.4, 3.1, 2.7, 3.3, 3.3, 2.4, 3.7, 4.7, 2.7, 4.9, 2.7, 3.8, 5.5, 3.3, 4.0, 5.1, 4.3, 3.2, 3.4, 3.9, 4.2, 4.5, 4.0, 2.8, 3.4, 2.4, 2.3, 4.9, 2.9, 2.5, 1.1, 4.3, 1.3, 9.5, 1.3, 7.6, 1.2, 12.8, 1.1, 5.4, 2.1, 3.5, 1.1, 5.2, 1.0, 4.3, 1.8, 3.3, 2.4, 2.1, 3.7, 2.3, 5.0, 3.6, 2.8, 1.8, 5.1, 2.4, 4.7, 2.4, 2.9, 3.3, 3.3, 2.9, 3.6, 1.7, 4.4, 2.0, 3.6, 1.6, 6.0, 3.1, 4.1, 2.4, 4.4, 2.0, 3.0, 2.8, 3.8, 2.6, 5.5, 3.0]
loss_list=[1.9935042048825158, 1.6024298999044633, 1.1962072838677298, 1.0128854486180678, 0.8619747998317081, 0.7379433619437948, 0.6982863497899638, 0.6346602721760671, 0.5793416378771267, 0.5740835374179813, 0.4944086324547728, 0.5067881432258421, 0.46636874277765566, 0.4289436804379026, 0.42822839255548184, 0.39017573303025627, 0.38084232620687947, 0.39968649970367554, 0.29975400545634334, 0.3954873703805626, 0.3104068683682838, 0.3506346452782034, 0.30917503362418053, 0.3000045299861166, 0.3180046617731245, 0.2741508731972944, 0.2551223722194683, 0.3234687380667311, 0.23372277906462033, 0.2040959303311926, 0.2422014081898508, 0.22684206992827566, 0.2097397937254411, 0.20287150623755423, 0.23317839673545676, 0.18297137508239955, 0.21526564381208219, 0.2177965740200469, 0.21652432051189766, 0.16061519088812118, 0.15325657502094853, 0.24790456583894818, 0.1816790742163882, 0.10978179167370804, 0.12739213084093837, 0.18935001208113839, 0.18440347865886805, 0.14344973994005059, 0.10243305700750271, 0.11266032836162293, 0.1109772364406187, 0.13388346962436726, 0.1183376857034293, 0.17846782254949276, 0.1199509138655655, 0.17410792321125176, 0.13313073899915454, 0.06207835367832256, 0.08970721787466673, 0.10472973988491706, 0.09806631810037487, 0.11807051012492999, 0.06501006971842596, 0.08518016794519807, 0.07683804101462657, 0.0866424883741436, 0.0707671807872248, 0.08803006345947831, 0.07870856741336561, 0.07212341982467074, 0.09833812163544484, 0.0988161554929037, 0.07177176462780659, 0.03388631382592495, 0.03618615201465419, 0.05178566129244751, 0.042405637308313295, 0.05465781824820119, 0.03752431503608628, 0.014388432383042932, 0.04121476885495819, 0.05358440812896232, 0.04797533252766395, 0.05681539066840236, 0.036144788899202675, 0.06410491019936469, 0.024089450358943495, 0.058348364970519886, 0.06413467523622886, 0.03892848169439175, 0.0337077900634338, 0.033745211416951665, 0.03655608406001496, 0.02730096179040831, 0.028023599736599056, 0.01687161272434928, 0.018301177427729274, 0.013863856798737592, 0.02344485328560647, 0.016650192176832404]
BBSR:5.5
ABSR:3.36
max acc:72.0
