======================================
    IID: 1
    Dataset: cifar
    Model: resnet
    Model Init: None
    Aggregation Function: avg
    Fraction NonIID: 0
    Long attack: 3
    Wide attack: 3
    Wide attack: trust
    Threshold reject: 0.5
    Threshold down: 0.0
    Attack method: dba
    Fraction of malicious agents: 20.0%
    Poison Frac: 0.2
    Backdoor From 7 to 2
    Attack Begin: 0
    Trigger Shape: square
    Type poisoning: 
    Trigger Position X: 0
    Trigger Position Y: 0
    Number of agents: 100
    Fraction of agents each turn: 30(30.0%)
    Local batch size: 50
    Local epoch: 3
    Client_LR: 0.01
    Client_Momentum: 0.9
    Global Rounds: 100
======================================
main_task_accuracy=[0, 10.279999732971191, 28.079999923706055, 41.59000015258789, 46.7400016784668, 49.93000030517578, 52.15999984741211, 53.16999816894531, 55.630001068115234, 59.400001525878906, 60.58000183105469, 62.70000076293945, 62.59000015258789, 63.369998931884766, 63.08000183105469, 64.16000366210938, 66.29000091552734, 65.38999938964844, 66.6500015258789, 65.91999816894531, 67.31999969482422, 66.79000091552734, 67.88999938964844, 68.77999877929688, 67.5999984741211, 68.70999908447266, 69.19000244140625, 70.05999755859375, 69.13999938964844, 71.18000030517578, 70.37000274658203, 71.26000213623047, 70.30000305175781, 71.23999786376953, 71.47000122070312, 71.19000244140625, 71.76000213623047, 71.73999786376953, 72.13999938964844, 71.77999877929688, 71.76000213623047, 71.45999908447266, 71.76000213623047, 72.45999908447266, 72.36000061035156, 72.55000305175781, 72.41000366210938, 72.80000305175781, 72.80999755859375, 72.83000183105469, 72.83999633789062, 72.38999938964844, 72.93000030517578, 72.83000183105469, 72.80999755859375, 72.80999755859375, 72.83000183105469, 72.79000091552734, 72.80999755859375, 72.70999908447266, 72.76000213623047, 72.87000274658203, 72.69000244140625, 72.7699966430664, 72.87000274658203, 72.70999908447266, 72.80999755859375, 72.55000305175781, 72.5, 72.52999877929688, 72.48999786376953, 72.4800033569336, 72.51000213623047, 72.55000305175781, 72.48999786376953, 72.48999786376953, 72.51000213623047, 72.55000305175781, 72.5199966430664, 72.27999877929688, 72.2300033569336, 72.33000183105469, 72.25, 72.33999633789062, 72.30999755859375, 72.4000015258789, 72.1500015258789, 72.31999969482422, 72.30999755859375, 72.31999969482422, 72.37999725341797, 72.33000183105469, 72.31999969482422, 72.33999633789062, 72.2699966430664, 72.45999908447266, 72.41000366210938, 72.33999633789062, 72.30000305175781, 72.30999755859375, 72.36000061035156]
backdoor_accuracy=[0, 0.1, 8.1, 5.0, 6.5, 5.5, 4.9, 5.2, 6.2, 3.3, 4.6, 2.9, 2.0, 2.8, 4.7, 3.5, 2.2, 3.7, 4.1, 3.6, 1.9, 3.1, 2.9, 2.6, 3.4, 3.6, 1.6, 3.3, 3.3, 3.6, 1.3, 4.8, 3.2, 3.9, 4.6, 4.1, 3.0, 2.6, 4.8, 4.7, 5.5, 3.9, 3.3, 4.1, 5.1, 4.4, 5.5, 6.0, 4.5, 6.2, 6.9, 6.7, 5.9, 4.7, 6.2, 6.1, 5.9, 6.4, 7.0, 6.4, 6.8, 5.3, 7.5, 6.1, 6.6, 7.2, 7.1, 6.9, 7.1, 7.4, 7.4, 6.7, 7.3, 6.7, 6.9, 7.4, 6.4, 7.5, 6.9, 6.9, 6.7, 7.1, 7.0, 6.5, 7.1, 7.1, 6.6, 7.0, 6.8, 6.7, 7.2, 5.6, 7.5, 6.4, 7.2, 6.5, 7.1, 6.9, 7.0, 6.8, 7.1]
loss_list=[2.0057295343610977, 1.5688789303435222, 1.1888419429792298, 1.004757873747084, 0.8167015968345933, 0.7138587816597686, 0.6420352759833138, 0.575524724200368, 0.5406377986528806, 0.4935333927596609, 0.477914502777987, 0.41447093387444817, 0.43045961356618334, 0.3969442564890616, 0.398768564655135, 0.3413526217370397, 0.3270127646180077, 0.2984751580609008, 0.30153197635689544, 0.3270312998185141, 0.2501080965478387, 0.2645041758305807, 0.25731646675926945, 0.23321005932107158, 0.18666315833999156, 0.18432447219603798, 0.16187394953281103, 0.17981967968879164, 0.19928678013655976, 0.1294869861442648, 0.15902130126358116, 0.17236683235426123, 0.14779586600527791, 0.12222721875114882, 0.11803548299306486, 0.11150551881175487, 0.0747877904307744, 0.0969628408544749, 0.08737944866543532, 0.1105108290936591, 0.08319351690879558, 0.10801882049747896, 0.07728250790503809, 0.043570196143442035, 0.07079575779543827, 0.042183849174309423, 0.0394227684502645, 0.02138527361892759, 0.01027655994985253, 0.02692821496690158, 0.025895553912818687, 0.04217340962230486, 0.009814995540752233, 0.008964824148246812, 0.03490857301874914, 0.017400918327168457, 0.012523038333003769, 0.007140043022971238, 0.0217663639787093, 0.004938244832915693, 0.007453440965230888, 0.007622503806002593, 0.003434193873642167, 0.003891272175387712, 0.004738975161065658, 0.006227847967966226, 0.013025664510399413, 0.0027173294461196444, 0.0018555522063494815, 0.0039007220974761167, 0.002128844043990183, 0.0017119492965058376, 0.0018155334078700331, 0.0021505355711269668, 0.0014101190251434067, 0.002607953007569045, 0.0013735075616164575, 0.0015718503668904306, 0.0016320538965131468, 0.0011101133459063323, 0.0012437622242658921, 0.0010530596779588243, 0.0020599854435325434, 0.0012683370449990939, 0.001060230920241641, 0.0010219163421667568, 0.0023272556253909394, 0.0019793307816305767, 0.0009244639600688566, 0.0008630899581152737, 0.0020101365217447486, 0.0012813936492683648, 0.0011130702389992725, 0.000919826717500756, 0.0009907797540007676, 0.0008064053923185887, 0.0007196696044088135, 0.002718179778441685, 0.0006650102803541813, 0.0006670946820425646]
BBSR:47.90789804527384
ABSR:50.28046542773266
max acc:72.46
