======================================
    IID: 0
    Dataset: mnist
    Model: Mnist_CNN
    Model Init: None
    Aggregation Function: avg
    Fraction NonIID: 0
    Long attack: 3
    Wide attack: 3
    Wide attack: trust
    Threshold reject: 0.5
    Threshold down: 0.0
    Attack method: dba
    Fraction of malicious agents: 13.0%
    Poison Frac: 0.2
    Backdoor From 7 to 2
    Attack Begin: 0
    Trigger Shape: square
    Type poisoning: 
    Trigger Position X: 0
    Trigger Position Y: 0
    Number of agents: 100
    Fraction of agents each turn: 30(30.0%)
    Local batch size: 50
    Local epoch: 3
    Client_LR: 0.01
    Client_Momentum: 0.9
    Global Rounds: 100
======================================
main_task_accuracy=[0, 32.709999084472656, 38.72999954223633, 71.73999786376953, 61.88999938964844, 73.41999816894531, 73.2699966430664, 78.69999694824219, 89.81999969482422, 81.69000244140625, 89.22000122070312, 87.88999938964844, 90.44999694824219, 89.5, 92.41999816894531, 94.0999984741211, 95.38999938964844, 94.87000274658203, 95.5199966430664, 95.41999816894531, 95.41999816894531, 95.80000305175781, 92.3499984741211, 89.55000305175781, 94.27999877929688, 95.98999786376953, 95.69999694824219, 96.66000366210938, 96.3499984741211, 95.66999816894531, 94.87999725341797, 94.36000061035156, 96.12000274658203, 97.08999633789062, 97.33000183105469, 97.41999816894531, 96.37999725341797, 97.44999694824219, 97.27999877929688, 97.56999969482422, 97.41000366210938, 97.30000305175781, 97.18000030517578, 97.79000091552734, 96.87999725341797, 97.61000061035156, 98.01000213623047, 97.2699966430664, 97.83999633789062, 97.38999938964844, 97.58999633789062, 97.76000213623047, 98.02999877929688, 97.81999969482422, 97.41000366210938, 97.58999633789062, 97.93000030517578, 97.9000015258789, 97.97000122070312, 97.54000091552734, 97.88999938964844, 97.5199966430664, 98.33999633789062, 97.86000061035156, 98.02999877929688, 98.16000366210938, 98.36000061035156, 97.61000061035156, 98.2699966430664, 98.12000274658203, 97.83999633789062, 98.1500015258789, 97.87999725341797, 97.7699966430664, 98.26000213623047, 97.94999694824219, 97.83000183105469, 98.51000213623047, 98.48999786376953, 98.30000305175781, 98.26000213623047, 98.41999816894531, 98.5199966430664, 98.56999969482422, 98.19999694824219, 98.3499984741211, 97.98999786376953, 98.26000213623047, 98.38999938964844, 98.26000213623047, 98.54000091552734, 98.37000274658203, 98.27999877929688, 98.30999755859375, 98.4000015258789, 98.52999877929688, 98.56999969482422, 98.54000091552734, 98.33000183105469, 98.58999633789062, 98.29000091552734]
backdoor_accuracy=[0, 0.0, 1.0700389105058365, 3.6964980544747084, 1.7509727626459144, 9.43579766536965, 0.6809338521400778, 22.859922178988327, 6.614785992217898, 7.003891050583658, 1.4591439688715953, 8.852140077821012, 4.766536964980545, 6.614785992217898, 1.7509727626459144, 8.560311284046692, 3.9883268482490273, 4.571984435797665, 3.6964980544747084, 6.3229571984435795, 10.116731517509727, 2.7237354085603114, 6.3229571984435795, 4.766536964980545, 5.642023346303502, 14.105058365758754, 3.6964980544747084, 13.910505836575876, 3.5992217898832686, 15.077821011673151, 25.389105058365757, 7.587548638132295, 20.525291828793776, 14.688715953307392, 13.715953307392995, 10.700389105058365, 10.894941634241246, 24.90272373540856, 29.377431906614785, 27.43190661478599, 7.782101167315175, 50.87548638132296, 34.53307392996109, 28.59922178988327, 36.478599221789885, 36.18677042801556, 39.29961089494164, 74.90272373540856, 25.291828793774318, 27.43190661478599, 53.11284046692607, 30.544747081712064, 56.71206225680934, 65.36964980544747, 42.31517509727627, 76.75097276264592, 53.69649805447471, 44.16342412451362, 77.04280155642023, 62.7431906614786, 96.01167315175097, 68.67704280155642, 76.16731517509727, 47.37354085603113, 94.55252918287938, 79.37743190661479, 69.45525291828794, 55.73929961089494, 92.41245136186771, 98.5408560311284, 67.70428015564202, 93.3852140077821, 97.37354085603113, 97.08171206225681, 94.94163424124514, 80.35019455252919, 92.60700389105058, 97.27626459143968, 96.59533073929961, 92.70428015564202, 95.62256809338521, 99.12451361867704, 97.37354085603113, 97.27626459143968, 93.48249027237354, 99.12451361867704, 94.26070038910505, 97.85992217898833, 97.56809338521401, 99.12451361867704, 97.47081712062257, 97.95719844357977, 96.3035019455253, 98.83268482490273, 99.0272373540856, 99.80544747081711, 98.73540856031128, 99.90272373540856, 99.80544747081711, 99.12451361867704, 99.90272373540856]
loss_list=[0.406228147899637, 0.24642586462211644, 0.23372020915740702, 0.1599495506567336, 0.1442087980257391, 0.14131922786267206, 0.11612952337725509, 0.11205367141822105, 0.09195883518373799, 0.09758181128819128, 0.0796683380752332, 0.08539019531189372, 0.06248114320961281, 0.0699666099953417, 0.06913041086581147, 0.06167896379705811, 0.054126872350902744, 0.04270021432808633, 0.055551825249535586, 0.049766189526401466, 0.051587179366836405, 0.047229891597055915, 0.05169321564052575, 0.04488231795801265, 0.03807291339782186, 0.03754211506474121, 0.04571566419329956, 0.05147320604555191, 0.03222898044661469, 0.042493704447305033, 0.04903389331150538, 0.037466938167815995, 0.03785078508000577, 0.03571658758304843, 0.031572327676964704, 0.03233842704783248, 0.03732044503500127, 0.03377902694361345, 0.03584717160613851, 0.031240781119835914, 0.031550607981342974, 0.026610990644757127, 0.0317007717091259, 0.028671513304245545, 0.02812501562564882, 0.024328735263321657, 0.024520199182984086, 0.025242834503392247, 0.03612437379193333, 0.0258496901493763, 0.02610169371288188, 0.023632385220605727, 0.030279491545499113, 0.02787651349417038, 0.023873016843044506, 0.0330876627127446, 0.02086352877205694, 0.030088198314893136, 0.024517353945078903, 0.030549930576577313, 0.02386650677549327, 0.027415491963786544, 0.020470969261904486, 0.023959558726064582, 0.023238951675585675, 0.025731088359101626, 0.024848078245658527, 0.02233268999074193, 0.025404403963427646, 0.023351123643671447, 0.023529219451550076, 0.02488787974138591, 0.017552493674311855, 0.023409707746813557, 0.024172045934935996, 0.016527068605290022, 0.023390136529730154, 0.019570096847172525, 0.01917893621480239, 0.020836160386314164, 0.0233470395034112, 0.018427528578932557, 0.020588540090532608, 0.02058649633617259, 0.021221546750030126, 0.020120042867523776, 0.018586798190619848, 0.022683059130750256, 0.0190459552655461, 0.020106929306941232, 0.016564411510132777, 0.017411545507969067, 0.021949148364421068, 0.019691995847339158, 0.02265375071438738, 0.01971028122060097, 0.018506383928088073, 0.018273609228222756, 0.01973893138710159, 0.018682927420976523]
BBSR:99.9
ABSR:98.94
max acc:98.59
