======================================
    IID: 0
    Dataset: fashion_mnist
    Model: Mnist_CNN
    Model Init: None
    Aggregation Function: flame
    Fraction NonIID: 0
    Long attack: 3
    Wide attack: 3
    Wide attack: trust
    Threshold reject: 0.5
    Threshold down: 0.0
    Attack method: badnet
    Fraction of malicious agents: 20.0%
    Poison Frac: 0.2
    Backdoor From 7 to 2
    Attack Begin: 0
    Trigger Shape: square
    Type poisoning: 
    Trigger Position X: 0
    Trigger Position Y: 0
    Number of agents: 100
    Fraction of agents each turn: 30(30.0%)
    Local batch size: 50
    Local epoch: 3
    Client_LR: 0.01
    Client_Momentum: 0.9
    Global Rounds: 100
    Noise in FLAME: 0.001
proportion of malicious are selected:0.745
proportion of benign are selected:0.48375
======================================
main_task_accuracy=[0, 63.88999938964844, 70.19000244140625, 74.9800033569336, 75.8499984741211, 77.33999633789062, 78.20999908447266, 79.31999969482422, 80.16999816894531, 80.43000030517578, 80.94000244140625, 81.41999816894531, 82.05000305175781, 82.68000030517578, 82.63999938964844, 83.18000030517578, 83.9000015258789, 84.20999908447266, 84.36000061035156, 84.80000305175781, 84.61000061035156, 84.76000213623047, 84.91999816894531, 85.23999786376953, 85.1500015258789, 84.62000274658203, 85.41999816894531, 85.5999984741211, 85.6500015258789, 85.73999786376953, 85.5, 85.83999633789062, 86.11000061035156, 86.05999755859375, 86.06999969482422, 86.58999633789062, 86.2699966430664, 86.37999725341797, 86.63999938964844, 86.70999908447266, 86.8499984741211, 86.87999725341797, 86.86000061035156, 87.0999984741211, 87.0, 86.83000183105469, 87.3499984741211, 87.01000213623047, 87.33999633789062, 87.27999877929688, 87.6500015258789, 87.55000305175781, 87.69000244140625, 87.62999725341797, 87.6500015258789, 87.81999969482422, 87.7699966430664, 87.6500015258789, 87.98999786376953, 87.66999816894531, 88.20999908447266, 87.87999725341797, 88.05999755859375, 88.0199966430664, 87.25, 88.16000366210938, 87.88999938964844, 88.19999694824219, 87.87000274658203, 88.33999633789062, 88.18000030517578, 88.30999755859375, 88.26000213623047, 87.61000061035156, 88.37000274658203, 88.62000274658203, 88.18000030517578, 88.16999816894531, 88.54000091552734, 88.56999969482422, 88.7300033569336, 88.75, 88.88999938964844, 88.51000213623047, 88.5999984741211, 88.63999938964844, 88.87999725341797, 88.75, 88.91000366210938, 89.01000213623047, 88.75, 88.91999816894531, 89.19999694824219, 88.93000030517578, 89.0, 89.27999877929688, 89.19999694824219, 89.06999969482422, 89.16999816894531, 89.19999694824219, 89.52999877929688]
backdoor_accuracy=[0, 0.0, 0.0, 1.0, 7.5, 35.9, 86.3, 86.1, 97.4, 99.0, 99.5, 99.7, 99.2, 99.7, 99.7, 99.9, 99.9, 99.9, 99.9, 99.9, 99.9, 100.0, 100.0, 100.0, 100.0, 100.0, 100.0, 100.0, 100.0, 100.0, 100.0, 100.0, 100.0, 100.0, 100.0, 100.0, 100.0, 100.0, 100.0, 100.0, 100.0, 100.0, 100.0, 100.0, 100.0, 100.0, 100.0, 100.0, 100.0, 100.0, 100.0, 100.0, 100.0, 100.0, 100.0, 100.0, 100.0, 100.0, 100.0, 100.0, 100.0, 100.0, 100.0, 100.0, 100.0, 100.0, 100.0, 100.0, 100.0, 100.0, 100.0, 100.0, 100.0, 100.0, 100.0, 100.0, 100.0, 100.0, 100.0, 100.0, 100.0, 100.0, 100.0, 100.0, 100.0, 100.0, 100.0, 100.0, 100.0, 100.0, 100.0, 100.0, 100.0, 100.0, 100.0, 100.0, 100.0, 100.0, 100.0, 100.0, 100.0]
loss_list=[1.296338645065272, 0.8314938754395202, 0.623651537657888, 0.5684136229118816, 0.5215482174798295, 0.49023131826133637, 0.4913766091758454, 0.4572775782948292, 0.45391059232254816, 0.4106998912541677, 0.4219420771562943, 0.3885341910714353, 0.4052799396078895, 0.39713694528435106, 0.4044149609489572, 0.37348440955220547, 0.32784965444632147, 0.3592920647692625, 0.3605726283388558, 0.34610231982337114, 0.3553819429198349, 0.3619122902862728, 0.32896173228682185, 0.3495908444229927, 0.3472109120408142, 0.33632824208794365, 0.3412638710018385, 0.32748308089665235, 0.34149739990286804, 0.3429581185354404, 0.33597132877136276, 0.2966815744802631, 0.31994548985665594, 0.28536441939089585, 0.28111725336768567, 0.29882683070307525, 0.3292485886356896, 0.2813218171121898, 0.2996881411893776, 0.30469642189262364, 0.2657394866666032, 0.3089246556473274, 0.2931952027052089, 0.31044971883572914, 0.2836015459684724, 0.28412109497175725, 0.28955671960418977, 0.27306614077856967, 0.2933808608429024, 0.2664973980247009, 0.26690375019140816, 0.2740575446850724, 0.27354313141183445, 0.24616086040451018, 0.2604701254758294, 0.26799747441998784, 0.2775680767579211, 0.27394778262823816, 0.2857695231628086, 0.25011878279210237, 0.2340236868071197, 0.2805171736102137, 0.27354282204027247, 0.2561680627210687, 0.27202501316485855, 0.26752016703011816, 0.2492745595259799, 0.29349825271163826, 0.27817045179782085, 0.262207813664443, 0.2568138886053391, 0.24651744153385083, 0.24317822062444916, 0.25818923712294134, 0.2508680825052714, 0.2280966026708484, 0.264452652098542, 0.23249721042121999, 0.25448984708809463, 0.24040693432023683, 0.2294572264680432, 0.23465256334920584, 0.23445237155279353, 0.24478181349846564, 0.2565235148942857, 0.26042338170421625, 0.2478869544954419, 0.2596894575058724, 0.2354523686157471, 0.2330021097316165, 0.2172191001060936, 0.25430323749401224, 0.23837575460697905, 0.24060031366534526, 0.24071503150345827, 0.2173495006868271, 0.2243465200704695, 0.22687155637476178, 0.2430021289046164, 0.22732117200718707]
BBSR:100.0
ABSR:100.0
max acc:89.53
