======================================
    IID: 0
    Dataset: fashion_mnist
    Model: Mnist_CNN
    Model Init: None
    Aggregation Function: RLR
    Fraction NonIID: 0
    Long attack: 3
    Wide attack: 3
    Wide attack: trust
    Threshold reject: 0.5
    Threshold down: 0.0
    Attack method: badnet
    Fraction of malicious agents: 30.0%
    Poison Frac: 0.2
    Backdoor From 7 to 2
    Attack Begin: 0
    Trigger Shape: square
    Type poisoning: 
    Trigger Position X: 0
    Trigger Position Y: 0
    Number of agents: 100
    Fraction of agents each turn: 30(30.0%)
    Local batch size: 50
    Local epoch: 3
    Client_LR: 0.01
    Client_Momentum: 0.9
    Global Rounds: 100
    RobustLR_threshold: 4
======================================
main_task_accuracy=[0, 61.40999984741211, 69.44999694824219, 74.5, 76.18000030517578, 77.55000305175781, 78.61000061035156, 79.12000274658203, 80.04000091552734, 80.4800033569336, 80.83000183105469, 81.76000213623047, 82.23999786376953, 82.37000274658203, 82.87999725341797, 83.5, 83.63999938964844, 83.70999908447266, 84.33000183105469, 84.37000274658203, 84.83000183105469, 84.91000366210938, 84.80999755859375, 85.13999938964844, 85.29000091552734, 85.58999633789062, 85.79000091552734, 86.02999877929688, 85.86000061035156, 86.12999725341797, 86.18000030517578, 86.20999908447266, 86.47000122070312, 86.58000183105469, 86.5999984741211, 86.75, 86.88999938964844, 87.16000366210938, 87.02999877929688, 87.1500015258789, 87.3499984741211, 87.38999938964844, 87.2300033569336, 87.29000091552734, 87.29000091552734, 87.51000213623047, 87.55000305175781, 87.5199966430664, 87.5999984741211, 87.73999786376953, 87.70999908447266, 87.70999908447266, 87.87999725341797, 87.80999755859375, 87.98999786376953, 88.01000213623047, 88.04000091552734, 87.9000015258789, 87.91000366210938, 88.12000274658203, 88.16999816894531, 88.23999786376953, 88.29000091552734, 88.2699966430664, 88.48999786376953, 88.37999725341797, 88.2300033569336, 88.13999938964844, 88.44999694824219, 88.47000122070312, 88.58000183105469, 88.61000061035156, 88.5, 88.76000213623047, 88.76000213623047, 88.52999877929688, 88.55999755859375, 88.58999633789062, 88.7699966430664, 88.7699966430664, 88.61000061035156, 88.80000305175781, 88.94000244140625, 88.97000122070312, 88.80000305175781, 89.0, 89.01000213623047, 89.0999984741211, 88.94999694824219, 89.08000183105469, 88.94999694824219, 89.01000213623047, 89.19000244140625, 89.22000122070312, 89.3499984741211, 89.23999786376953, 89.45999908447266, 89.48999786376953, 89.30999755859375, 89.30999755859375, 89.20999908447266]
backdoor_accuracy=[0, 0.0, 0.0, 0.3, 3.8, 43.8, 82.6, 94.8, 99.0, 99.6, 100.0, 100.0, 100.0, 100.0, 100.0, 100.0, 100.0, 100.0, 100.0, 100.0, 100.0, 100.0, 100.0, 100.0, 100.0, 100.0, 100.0, 100.0, 100.0, 100.0, 100.0, 100.0, 100.0, 100.0, 100.0, 100.0, 100.0, 100.0, 100.0, 100.0, 100.0, 100.0, 100.0, 100.0, 100.0, 100.0, 100.0, 100.0, 100.0, 100.0, 100.0, 100.0, 100.0, 100.0, 100.0, 100.0, 100.0, 100.0, 100.0, 100.0, 100.0, 100.0, 100.0, 100.0, 100.0, 100.0, 100.0, 100.0, 100.0, 100.0, 100.0, 100.0, 100.0, 100.0, 100.0, 100.0, 100.0, 100.0, 100.0, 100.0, 100.0, 100.0, 100.0, 100.0, 100.0, 100.0, 100.0, 100.0, 100.0, 100.0, 100.0, 100.0, 100.0, 100.0, 100.0, 100.0, 100.0, 100.0, 100.0, 100.0, 100.0]
loss_list=[1.4648249214722049, 0.9341280413446603, 0.6610031810899576, 0.5895347116997949, 0.5476738316179426, 0.47081214753841916, 0.4812334823249666, 0.45105601278720087, 0.4292706519089363, 0.40287283827999126, 0.42175051578217077, 0.41445835591466346, 0.3887832870982863, 0.38939350094232306, 0.37543796180850925, 0.36758747979722645, 0.3636276748997194, 0.35675669161395895, 0.34170594325082176, 0.3694836436115481, 0.3298387446199302, 0.33927440964789296, 0.37335500328767074, 0.3348630504993101, 0.30756132817240783, 0.3331314880262923, 0.30780731733819405, 0.33087060691926773, 0.3116329475857869, 0.2792613742424657, 0.3088543918259718, 0.30379045751221756, 0.29295965304115307, 0.2749693914040647, 0.292919959269326, 0.2981350737968805, 0.2734248517374336, 0.2887709697432539, 0.2847308344138717, 0.2784899397994633, 0.2748774614314445, 0.26522507857945227, 0.28686265018251206, 0.2799275418743491, 0.27889496221517523, 0.28583307683605846, 0.2754614895727071, 0.2711845123691967, 0.283717718206484, 0.27688854786187966, 0.2559633368108835, 0.23232249611022848, 0.24958154187641213, 0.25178849236022127, 0.2455410001282063, 0.2592120456302331, 0.27707633836953727, 0.253223591308213, 0.2554873530683969, 0.2603332935280546, 0.23985173933345966, 0.24304944712461696, 0.24826710415762607, 0.24718533711576904, 0.2639008115011234, 0.24907911104943464, 0.24398476372352207, 0.23683985411706898, 0.2568067278437041, 0.2386524513156877, 0.23210711095102685, 0.23843943182447994, 0.24649404132548997, 0.24708345948752983, 0.23617892293604434, 0.24160293624736365, 0.22674600814503654, 0.23054331910830955, 0.24467932303884515, 0.2118524410658413, 0.23169137291541256, 0.22794873726778425, 0.24836812337377548, 0.22436677034495878, 0.2181866231400313, 0.23909323078028308, 0.2207505849621225, 0.2489386332100602, 0.2276278789465626, 0.2199055409438356, 0.2212959984783083, 0.20483188450474435, 0.2096201078147041, 0.2058942907921004, 0.21357641396181723, 0.21369012739957757, 0.21792435528262072, 0.2115148691184543, 0.22314393146273995, 0.20644864030699758]
BBSR:100.0
ABSR:100.0
max acc:89.49
