======================================
    IID: 1
    Dataset: cifar
    Model: resnet
    Model Init: None
    Aggregation Function: DABA
    Fraction NonIID: 0
    Long attack: 3
    Wide attack: 3
    Wide attack: trust
    Threshold reject: 0.5
    Threshold down: 0.0
    Attack method: badnet
    Fraction of malicious agents: 30.0%
    Poison Frac: 0.2
    Backdoor From 7 to 2
    Attack Begin: 0
    Trigger Shape: square
    Type poisoning: pgd
    Trigger Position X: 0
    Trigger Position Y: 0
    Number of agents: 100
    Fraction of agents each turn: 30(30.0%)
    Local batch size: 50
    Local epoch: 3
    Client_LR: 0.01
    Client_Momentum: 0.9
    Global Rounds: 100
======================================
main_task_accuracy=[0, 10.65999984741211, 16.899999618530273, 36.27000045776367, 42.7400016784668, 46.540000915527344, 50.75, 55.33000183105469, 57.209999084472656, 58.27000045776367, 60.90999984741211, 61.13999938964844, 63.02000045776367, 63.54999923706055, 64.5999984741211, 65.02999877929688, 65.26000213623047, 66.43000030517578, 65.41000366210938, 66.44999694824219, 67.43000030517578, 67.18000030517578, 67.0, 66.80999755859375, 67.9800033569336, 67.68000030517578, 68.79000091552734, 67.62000274658203, 69.54000091552734, 68.44000244140625, 68.2699966430664, 69.05999755859375, 70.41000366210938, 71.37000274658203, 70.12000274658203, 70.68000030517578, 70.9800033569336, 70.68000030517578, 71.25, 71.29000091552734, 71.7699966430664, 72.55999755859375, 72.47000122070312, 72.62000274658203, 71.94000244140625, 72.20999908447266, 72.7699966430664, 72.7300033569336, 72.91000366210938, 73.01000213623047, 72.73999786376953, 73.16999816894531, 73.43000030517578, 73.27999877929688, 73.1500015258789, 72.87999725341797, 73.16999816894531, 73.05999755859375, 73.26000213623047, 73.20999908447266, 73.12999725341797, 73.23999786376953, 73.2699966430664, 72.98999786376953, 73.30999755859375, 73.13999938964844, 72.93000030517578, 73.08999633789062, 73.11000061035156, 72.94999694824219, 72.94999694824219, 73.41000366210938, 73.41000366210938, 73.29000091552734, 73.20999908447266, 73.16999816894531, 73.20999908447266, 73.31999969482422, 73.16999816894531, 73.44999694824219, 73.37999725341797, 73.43000030517578, 73.25, 73.22000122070312, 73.23999786376953, 73.2300033569336, 73.23999786376953, 73.41000366210938, 73.31999969482422, 73.30999755859375, 73.33000183105469, 73.2699966430664, 73.19999694824219, 73.06999969482422, 73.12999725341797, 73.13999938964844, 73.1500015258789, 73.22000122070312, 73.18000030517578, 73.0999984741211, 73.05999755859375]
backdoor_accuracy=[0, 1.9, 9.5, 4.4, 2.9, 1.8, 3.2, 2.5, 3.5, 2.2, 2.1, 2.6, 3.2, 2.6, 2.3, 1.1, 1.3, 1.2, 1.6, 1.5, 2.1, 1.5, 1.7, 1.5, 1.1, 0.8, 1.4, 1.1, 1.6, 1.5, 1.1, 1.9, 1.6, 1.6, 1.2, 1.6, 2.5, 1.3, 1.4, 1.9, 1.8, 1.9, 2.2, 2.0, 2.0, 1.9, 1.6, 1.8, 2.5, 1.5, 1.5, 2.3, 2.1, 2.4, 2.5, 2.0, 2.6, 2.9, 2.7, 2.5, 2.4, 2.5, 2.4, 2.5, 2.6, 2.5, 2.3, 2.3, 2.4, 2.0, 2.3, 2.3, 2.6, 2.7, 2.6, 2.4, 2.4, 2.8, 3.0, 3.0, 3.0, 2.8, 2.5, 2.6, 2.6, 2.8, 2.7, 2.8, 2.8, 2.8, 2.6, 2.6, 2.6, 2.6, 2.7, 2.7, 2.7, 2.7, 2.7, 2.7, 2.8]
loss_list=[1.9944996929168701, 1.5300671164857016, 1.2092706167697906, 0.9896557265023388, 0.8483912117779256, 0.7448492633799711, 0.6774901315735445, 0.6193754006715284, 0.5609738379965226, 0.5531305263274244, 0.4874019371945826, 0.4975235804708467, 0.44074644911620353, 0.46613927866435706, 0.40037915270775554, 0.38543854852620923, 0.3924564712204867, 0.3779925792312456, 0.34864441196848117, 0.3409780864200245, 0.30115767454935444, 0.2939703658150716, 0.30674666735809303, 0.29469155126665203, 0.22024595319396925, 0.28784285233149104, 0.2483135255255426, 0.23802982028780717, 0.2381234378486665, 0.2228701742754008, 0.27562239538929945, 0.19380153925597876, 0.17397837903402327, 0.1986279428326007, 0.18380406652628964, 0.16000559275995738, 0.15014944522331156, 0.15561730592201156, 0.12474218536220073, 0.12624268775430716, 0.12738832230925456, 0.07998217968903999, 0.07830749623167019, 0.09069659040606994, 0.09276452987674727, 0.058251565843303155, 0.09810050542304655, 0.08025913667024319, 0.07569914329486589, 0.07222111454285267, 0.045613993339033584, 0.04320884494201487, 0.030640915685152217, 0.024058341313276388, 0.038085453169219866, 0.023354938987952975, 0.0482978236780683, 0.02314268523167508, 0.016030945162379392, 0.010314484937827932, 0.03043944384747495, 0.052805231766089686, 0.04951248757023777, 0.012504001246836398, 0.015564072633278555, 0.03003292894986872, 0.027739552067133542, 0.030740975256938138, 0.016049745686468664, 0.025638735322378734, 0.013092320238631347, 0.007817701077518802, 0.010507435746710848, 0.016308169112906192, 0.015589533399874601, 0.006403551928104004, 0.027531816274147584, 0.04276758702517125, 0.011640833642126782, 0.006389973025975955, 0.005641059567262547, 0.01002784463625479, 0.008690027241682403, 0.004622446742287137, 0.00541160243160751, 0.005316985963371632, 0.0042669906396380014, 0.0034030987036951254, 0.0033633807674373693, 0.004679670661296566, 0.0039048179898398096, 0.003081109313983082, 0.00564035815532811, 0.0014518653747897282, 0.0024797663904933473, 0.003067587539957863, 0.002633173597633787, 0.0025243992387226576, 0.0012504898768869073, 0.0025988531025036028]
BBSR:2.8
ABSR:2.68
max acc:73.27
