======================================
    IID: 0
    Dataset: mnist
    Model: Mnist_CNN
    Model Init: None
    Aggregation Function: avg
    Fraction NonIID: 0
    Long attack: 3
    Wide attack: 3
    Wide attack: trust
    Threshold reject: 0.5
    Threshold down: 0.0
    Attack method: badnet
    Fraction of malicious agents: 13.0%
    Poison Frac: 0.2
    Backdoor From 7 to 2
    Attack Begin: 0
    Trigger Shape: square
    Type poisoning: pgd
    Trigger Position X: 0
    Trigger Position Y: 0
    Number of agents: 100
    Fraction of agents each turn: 30(30.0%)
    Local batch size: 50
    Local epoch: 3
    Client_LR: 0.01
    Client_Momentum: 0.9
    Global Rounds: 100
======================================
main_task_accuracy=[0, 47.599998474121094, 53.25, 57.439998626708984, 72.9800033569336, 84.04000091552734, 77.83999633789062, 69.83000183105469, 78.75, 79.37000274658203, 78.83999633789062, 82.08000183105469, 83.91999816894531, 91.83000183105469, 93.62999725341797, 94.36000061035156, 93.63999938964844, 94.79000091552734, 95.58999633789062, 94.80000305175781, 95.11000061035156, 96.44000244140625, 95.8499984741211, 95.7300033569336, 96.37999725341797, 95.95999908447266, 96.69999694824219, 96.69999694824219, 97.02999877929688, 95.52999877929688, 96.37000274658203, 97.22000122070312, 97.56999969482422, 97.01000213623047, 95.4000015258789, 97.38999938964844, 97.26000213623047, 97.19999694824219, 97.26000213623047, 96.93000030517578, 97.25, 97.6500015258789, 97.83999633789062, 97.4800033569336, 97.62999725341797, 97.83000183105469, 97.91999816894531, 98.05000305175781, 97.23999786376953, 97.68000030517578, 97.6500015258789, 97.55000305175781, 97.95999908447266, 98.18000030517578, 97.88999938964844, 97.77999877929688, 97.72000122070312, 97.29000091552734, 97.97000122070312, 97.8499984741211, 97.91000366210938, 98.33000183105469, 97.91000366210938, 98.23999786376953, 97.70999908447266, 98.36000061035156, 98.0, 98.41000366210938, 97.88999938964844, 98.04000091552734, 98.38999938964844, 98.18000030517578, 98.22000122070312, 98.54000091552734, 98.41999816894531, 98.30000305175781, 98.2300033569336, 98.04000091552734, 98.44999694824219, 98.52999877929688, 98.48999786376953, 98.41999816894531, 98.26000213623047, 98.30000305175781, 98.62999725341797, 98.47000122070312, 97.72000122070312, 98.4000015258789, 98.5, 98.43000030517578, 98.55999755859375, 98.23999786376953, 98.37999725341797, 98.5, 98.36000061035156, 98.47000122070312, 98.47000122070312, 98.68000030517578, 98.5999984741211, 98.56999969482422, 98.4800033569336]
backdoor_accuracy=[0, 10.797665369649806, 0.6809338521400778, 2.9182879377431905, 1.9455252918287937, 2.431906614785992, 2.821011673151751, 6.128404669260701, 4.961089494163424, 2.237354085603113, 3.6964980544747084, 1.3618677042801557, 1.8482490272373542, 4.961089494163424, 4.280155642023346, 3.5992217898832686, 4.085603112840467, 1.6536964980544746, 4.474708171206226, 1.4591439688715953, 3.404669260700389, 6.031128404669261, 1.4591439688715953, 7.2957198443579765, 2.529182879377432, 3.21011673151751, 3.5992217898832686, 1.8482490272373542, 3.11284046692607, 1.264591439688716, 3.404669260700389, 3.307392996108949, 4.863813229571984, 7.198443579766537, 1.0700389105058365, 3.307392996108949, 3.6964980544747084, 6.809338521400778, 6.42023346303502, 1.9455252918287937, 6.22568093385214, 7.587548638132295, 4.474708171206226, 1.8482490272373542, 2.140077821011673, 6.517509727626459, 4.377431906614786, 5.933852140077821, 0.9727626459143969, 9.727626459143968, 20.428015564202333, 7.392996108949417, 2.6264591439688716, 10.116731517509727, 4.085603112840467, 34.53307392996109, 2.3346303501945527, 12.354085603112841, 6.22568093385214, 3.6964980544747084, 6.906614785992218, 27.529182879377434, 21.78988326848249, 52.82101167315175, 19.844357976653697, 23.249027237354085, 10.214007782101167, 42.12062256809339, 10.311284046692608, 48.63813229571984, 51.750972762645915, 18.96887159533074, 50.87548638132296, 41.9260700389105, 37.159533073929964, 64.2023346303502, 96.10894941634241, 40.27237354085603, 77.14007782101167, 61.478599221789885, 86.18677042801556, 73.92996108949416, 37.93774319066148, 80.6420233463035, 51.945525291828794, 74.61089494163424, 67.02334630350195, 85.21400778210116, 59.92217898832685, 62.840466926070036, 78.89105058365759, 31.03112840466926, 69.45525291828794, 87.06225680933852, 89.59143968871595, 62.2568093385214, 75.58365758754864, 83.56031128404669, 85.11673151750973, 92.70428015564202, 89.98054474708171]
loss_list=[0.4667604039125614, 0.2508468520879953, 0.1702052235394838, 0.19908962613641998, 0.1604239314159446, 0.1152480900817428, 0.1236394810643485, 0.10588960115993466, 0.08807412613140934, 0.08433589096593484, 0.09597052809876157, 0.09929825675142563, 0.11182354835261114, 0.05757159123986667, 0.051048896575792556, 0.04435340511344508, 0.05414262684724094, 0.06089193755433268, 0.05156648547366517, 0.061016502865952206, 0.061405179844237184, 0.03846366673917148, 0.04081354730708748, 0.046314003618573074, 0.03803191955146522, 0.04090438040850751, 0.03829329263106232, 0.0449047046652066, 0.0307594245930587, 0.03851381886718072, 0.034567138912046505, 0.03887161915995187, 0.02890385379264512, 0.029738035849846436, 0.03729018249981817, 0.03696365522234264, 0.02940443352715223, 0.03585243782267551, 0.029833831161395666, 0.03004739140450409, 0.02803300056841225, 0.0318663966245492, 0.024853863751398766, 0.025261519651950854, 0.03122429974362339, 0.026175342390219188, 0.026743140441908557, 0.026670794692567414, 0.02947445352988381, 0.0311105997223815, 0.029361980816370575, 0.02616009607109276, 0.029073930385048092, 0.024420595211767766, 0.02516200146721974, 0.024233273373575986, 0.025288327536577317, 0.027197795759293552, 0.024322008788320037, 0.025340532777498814, 0.02321228143164743, 0.024386371512414556, 0.022902972488770153, 0.025146486164332304, 0.029602707809471097, 0.0218022292913027, 0.023887277648959458, 0.023160881836366953, 0.02013953549280005, 0.025866979634155848, 0.018518108950524748, 0.02506967065597507, 0.020879121342332673, 0.020659556096744844, 0.023331250082114396, 0.019053125552368006, 0.02121068841986155, 0.020727626487011742, 0.026259990589255714, 0.020919372423839577, 0.01835222457730617, 0.021894519838668483, 0.018824194023196288, 0.019963707121925002, 0.018445944461855476, 0.0202658186488476, 0.02013388898082473, 0.01832842906720285, 0.02195167219169999, 0.019052568273628463, 0.018858617812668132, 0.02052458428810282, 0.023022756094364452, 0.020994534048908085, 0.020470046721552275, 0.01979386437660056, 0.01819963020044091, 0.016699169605860407, 0.018719498178911824, 0.018869405294373857]
BBSR:92.7
ABSR:76.63
max acc:98.68
