======================================
    IID: 0
    Dataset: fashion_mnist
    Model: Mnist_CNN
    Model Init: None
    Aggregation Function: RLR
    Fraction NonIID: 0
    Long attack: 3
    Wide attack: 3
    Wide attack: trust
    Threshold reject: 0.5
    Threshold down: 0.0
    Attack method: badnet
    Fraction of malicious agents: 20.0%
    Poison Frac: 0.2
    Backdoor From 7 to 2
    Attack Begin: 0
    Trigger Shape: square
    Type poisoning: cs
    Trigger Position X: 0
    Trigger Position Y: 0
    Number of agents: 100
    Fraction of agents each turn: 30(30.0%)
    Local batch size: 50
    Local epoch: 3
    Client_LR: 0.01
    Client_Momentum: 0.9
    Global Rounds: 100
    RobustLR_threshold: 4
======================================
main_task_accuracy=[0, 59.65999984741211, 70.72000122070312, 75.05000305175781, 76.62000274658203, 77.88999938964844, 78.36000061035156, 79.5199966430664, 80.31999969482422, 81.05999755859375, 80.5999984741211, 81.88999938964844, 81.94000244140625, 82.55000305175781, 82.58999633789062, 82.98999786376953, 83.5999984741211, 83.18000030517578, 83.87999725341797, 83.83000183105469, 83.8499984741211, 84.4800033569336, 84.91000366210938, 84.9000015258789, 84.7699966430664, 85.37999725341797, 85.38999938964844, 85.5999984741211, 85.44000244140625, 85.73999786376953, 85.80999755859375, 85.87000274658203, 86.05999755859375, 86.2300033569336, 86.2699966430664, 86.31999969482422, 86.66000366210938, 86.76000213623047, 86.86000061035156, 86.87000274658203, 86.94000244140625, 86.91999816894531, 87.08999633789062, 87.16000366210938, 87.12999725341797, 87.37999725341797, 87.41000366210938, 87.36000061035156, 87.5199966430664, 87.63999938964844, 87.79000091552734, 87.87999725341797, 87.79000091552734, 87.94000244140625, 87.80000305175781, 88.23999786376953, 88.0, 88.19000244140625, 88.08000183105469, 88.37000274658203, 88.41999816894531, 88.36000061035156, 88.48999786376953, 88.62000274658203, 88.56999969482422, 88.76000213623047, 88.8499984741211, 88.83000183105469, 88.5999984741211, 88.83000183105469, 88.8499984741211, 88.91999816894531, 89.05999755859375, 88.95999908447266, 88.86000061035156, 88.94999694824219, 88.9800033569336, 88.91000366210938, 89.12999725341797, 89.1500015258789, 89.05000305175781, 89.05999755859375, 89.27999877929688, 89.22000122070312, 89.37000274658203, 89.33999633789062, 89.27999877929688, 89.30999755859375, 89.47000122070312, 89.5, 89.48999786376953, 89.51000213623047, 89.54000091552734, 89.69000244140625, 89.62000274658203, 89.56999969482422, 89.5999984741211, 89.66999816894531, 89.51000213623047, 89.62000274658203, 89.6500015258789]
backdoor_accuracy=[0, 0.0, 0.0, 0.0, 0.0, 0.0, 0.4, 0.6, 6.3, 36.7, 63.0, 79.4, 90.5, 94.9, 98.6, 99.3, 99.7, 99.8, 99.8, 99.8, 99.8, 99.9, 100.0, 100.0, 100.0, 100.0, 100.0, 100.0, 100.0, 100.0, 100.0, 100.0, 100.0, 100.0, 100.0, 100.0, 100.0, 100.0, 100.0, 100.0, 100.0, 100.0, 100.0, 100.0, 100.0, 100.0, 100.0, 100.0, 100.0, 100.0, 100.0, 100.0, 100.0, 100.0, 100.0, 100.0, 100.0, 100.0, 100.0, 100.0, 100.0, 100.0, 100.0, 100.0, 100.0, 100.0, 100.0, 100.0, 100.0, 100.0, 100.0, 100.0, 100.0, 100.0, 100.0, 100.0, 100.0, 100.0, 100.0, 100.0, 100.0, 100.0, 100.0, 100.0, 100.0, 100.0, 100.0, 100.0, 100.0, 100.0, 100.0, 100.0, 100.0, 100.0, 100.0, 100.0, 100.0, 100.0, 100.0, 100.0, 100.0]
loss_list=[1.4219208112469426, 0.9186409837945746, 0.6535697131659145, 0.5703599625301582, 0.5361686543320064, 0.49015686556145005, 0.46809496199367223, 0.4508156276687428, 0.46393304125716295, 0.426277016841427, 0.4134208930794288, 0.39534423238149397, 0.3818345269395246, 0.37085977250503166, 0.38982504696619735, 0.3703056771308184, 0.35471131994078564, 0.3624118784615011, 0.35458324923421497, 0.3415627212505099, 0.3373538182703433, 0.3537906426729427, 0.3362742897812966, 0.34509128263151206, 0.32975062107046443, 0.33638807379261226, 0.3356499265603445, 0.31450944790547647, 0.3141726548921456, 0.30753606867941996, 0.303740752833309, 0.28976637950443, 0.30006953750012655, 0.30882383855749607, 0.29315176550988803, 0.29872052338043303, 0.2917537565136121, 0.30818919176925663, 0.2807227559560151, 0.29272773456932216, 0.27244473865807606, 0.28748785981011615, 0.26493499043777036, 0.2717070347112086, 0.27965002114522375, 0.26641714710190345, 0.2673110250142161, 0.24735930368856146, 0.25234956972266515, 0.2694729992533447, 0.26738736835929255, 0.2721145867542536, 0.27058254655933495, 0.23795587005852548, 0.25268578245476997, 0.25401228386391367, 0.2742200745959524, 0.24832613807413037, 0.25935141275705836, 0.2242758393270413, 0.23003742338365152, 0.26372249324771546, 0.21595743226439315, 0.23101640088069772, 0.23818756203098157, 0.24821801845467203, 0.219026969914773, 0.252241655283918, 0.246143991296628, 0.24322878841172763, 0.21884172184875716, 0.23440215759048308, 0.231921804047845, 0.24199476116681812, 0.23462453109936585, 0.21537783887858195, 0.21499533854355962, 0.20107936883448727, 0.2332493379436157, 0.2051846573853658, 0.21590698380023243, 0.20550577439609227, 0.22052306995244209, 0.21834701903561057, 0.22352916570897735, 0.22047850541701475, 0.20721901607165044, 0.21494724956617037, 0.21861498578520558, 0.20078861660117073, 0.21666065179742874, 0.20945884378247512, 0.21883427419320303, 0.19731166965880048, 0.2181062366865162, 0.1880747914478114, 0.21306767670472185, 0.20721121098570247, 0.20746412796434013, 0.21976186642078327]
BBSR:100.0
ABSR:100.0
max acc:89.69
