======================================
    IID: 0
    Dataset: mnist
    Model: Mnist_CNN
    Model Init: None
    Aggregation Function: flame
    Fraction NonIID: 0
    Long attack: 3
    Wide attack: 3
    Wide attack: trust
    Threshold reject: 0.5
    Threshold down: 0.0
    Attack method: dba
    Fraction of malicious agents: 13.0%
    Poison Frac: 0.2
    Backdoor From 7 to 2
    Attack Begin: 0
    Trigger Shape: square
    Type poisoning: 
    Trigger Position X: 0
    Trigger Position Y: 0
    Number of agents: 100
    Fraction of agents each turn: 30(30.0%)
    Local batch size: 50
    Local epoch: 3
    Client_LR: 0.01
    Client_Momentum: 0.9
    Global Rounds: 100
    Noise in FLAME: 0.001
proportion of malicious are selected:0.36666666666666664
proportion of benign are selected:0.5981481481481481
======================================
main_task_accuracy=[0, 43.31999969482422, 16.520000457763672, 54.880001068115234, 43.040000915527344, 42.47999954223633, 54.459999084472656, 65.16000366210938, 71.44999694824219, 68.94999694824219, 70.72000122070312, 72.2699966430664, 72.58000183105469, 72.43000030517578, 70.68000030517578, 69.23999786376953, 74.33999633789062, 72.29000091552734, 72.83999633789062, 82.95999908447266, 69.91000366210938, 82.13999938964844, 80.76000213623047, 77.36000061035156, 79.95999908447266, 83.62000274658203, 84.69000244140625, 83.02999877929688, 82.86000061035156, 84.22000122070312, 83.72000122070312, 83.91999816894531, 80.95999908447266, 81.80999755859375, 82.16000366210938, 83.83999633789062, 83.7699966430664, 82.20999908447266, 83.41000366210938, 83.41000366210938, 81.68000030517578, 87.29000091552734, 86.36000061035156, 84.66999816894531, 83.70999908447266, 85.12999725341797, 82.76000213623047, 87.16000366210938, 86.37999725341797, 85.80000305175781, 84.62999725341797, 84.63999938964844, 87.37000274658203, 85.5, 84.69999694824219, 83.25, 84.62999725341797, 85.26000213623047, 85.20999908447266, 85.11000061035156, 85.08999633789062, 84.75, 83.36000061035156, 83.61000061035156, 84.33000183105469, 83.77999877929688, 83.58999633789062, 83.73999786376953, 83.2699966430664, 81.58999633789062, 81.04000091552734, 84.08999633789062, 85.9800033569336, 87.13999938964844, 87.19999694824219, 87.33999633789062, 86.12999725341797, 87.25, 86.23999786376953, 85.86000061035156, 85.77999877929688, 85.3499984741211, 85.55000305175781, 85.0, 85.16000366210938, 85.08000183105469, 85.02999877929688, 84.61000061035156, 84.80000305175781, 83.70999908447266, 84.69000244140625, 85.91999816894531, 85.44999694824219, 85.25, 84.9800033569336, 84.87999725341797, 84.69999694824219, 84.5199966430664, 84.58000183105469, 88.44000244140625, 87.98999786376953]
backdoor_accuracy=[0, 14.007782101167315, 0.0, 0.0, 0.0, 0.0, 0.0, 0.0, 0.0, 0.0, 0.0, 0.0, 0.0, 0.0, 0.0, 0.0, 5.155642023346304, 4.377431906614786, 2.0428015564202333, 2.7237354085603114, 0.7782101167315175, 0.2918287937743191, 0.38910505836575876, 0.09727626459143969, 0.38910505836575876, 1.6536964980544746, 4.961089494163424, 2.6264591439688716, 4.085603112840467, 2.140077821011673, 1.4591439688715953, 1.6536964980544746, 0.8754863813229572, 1.6536964980544746, 5.058365758754864, 2.431906614785992, 3.5992217898832686, 5.155642023346304, 3.11284046692607, 3.501945525291829, 5.447470817120623, 4.571984435797665, 1.556420233463035, 1.1673151750972763, 0.8754863813229572, 1.3618677042801557, 0.8754863813229572, 1.6536964980544746, 0.7782101167315175, 0.48638132295719844, 0.09727626459143969, 0.19455252918287938, 5.544747081712062, 2.140077821011673, 1.264591439688716, 1.3618677042801557, 8.268482490272374, 2.6264591439688716, 3.21011673151751, 7.392996108949417, 2.7237354085603114, 1.6536964980544746, 8.754863813229573, 0.6809338521400778, 3.404669260700389, 4.571984435797665, 1.8482490272373542, 2.140077821011673, 2.237354085603113, 9.922178988326849, 1.0700389105058365, 6.614785992217898, 3.404669260700389, 3.6964980544747084, 2.529182879377432, 1.4591439688715953, 0.5836575875486382, 1.4591439688715953, 9.33852140077821, 5.447470817120623, 5.739299610894942, 3.11284046692607, 3.21011673151751, 6.128404669260701, 3.307392996108949, 2.237354085603113, 3.0155642023346303, 2.7237354085603114, 1.9455252918287937, 5.933852140077821, 3.11284046692607, 4.085603112840467, 1.8482490272373542, 1.6536964980544746, 2.7237354085603114, 1.0700389105058365, 3.0155642023346303, 0.8754863813229572, 0.9727626459143969, 3.7937743190661477, 2.237354085603113]
loss_list=[0.45143051378437954, 0.26632676632374136, 0.46085149653743396, 0.23153532336534396, 0.24354158288245387, 0.2544906541298094, 0.25652024158600567, 0.19427914023164353, 0.19185760204527652, 0.17968277635248905, 0.16241057727781094, 0.16597637862127307, 0.1855478916964288, 0.15681439785042237, 0.13842406482479666, 0.18930703438589788, 0.13357580997371038, 0.10192600784192347, 0.1510314255811576, 0.12399110132753925, 0.16409471935542835, 0.10812819561289037, 0.10033641793937012, 0.10426126725861175, 0.16024741033685458, 0.09331363443399195, 0.07103680796977985, 0.10313206036865008, 0.11323120904498936, 0.12431290847687668, 0.10597573038013028, 0.09430945262249187, 0.13196375487528622, 0.1073742479170636, 0.10622515316531511, 0.10174817106131906, 0.11294993339046995, 0.12857418634841808, 0.10954712621041884, 0.07923625826779322, 0.15124932986141157, 0.10351813266414751, 0.12126145556038546, 0.06794713026987882, 0.06885668484241253, 0.09229139737550733, 0.12189676694557275, 0.1101132991334979, 0.09948890635043678, 0.10025385383191215, 0.10542139031270871, 0.12181438872820105, 0.09256551279657169, 0.12139297146094484, 0.113801082108561, 0.09454406754160759, 0.09784356211014818, 0.10795293375643905, 0.10792897369965823, 0.07924152066495024, 0.11117045127098843, 0.06007273920257028, 0.07161542264366441, 0.11377374007649516, 0.09393996765987735, 0.07000778981934497, 0.12517945275899048, 0.11501932778752304, 0.0940720408521652, 0.11219040369524029, 0.14609143085776016, 0.11035550236936756, 0.08277638932237191, 0.13900711648593117, 0.10659962848155144, 0.1056332013207549, 0.11369938761122957, 0.07325438312754225, 0.07230516444661823, 0.12556350441154945, 0.09615320843714786, 0.07736699106347202, 0.05857604508952711, 0.08930416667433129, 0.09034533323029836, 0.08948122831985866, 0.09685694929069773, 0.07530146773356387, 0.130970927866101, 0.11263537865514989, 0.12644930420827946, 0.06822913312803179, 0.11677019637995362, 0.11834821665765702, 0.10667164446121441, 0.10267657002752091, 0.07489900129340392, 0.1274382625035524, 0.15331179514395568, 0.09389347708765687]
BBSR:4.09
ABSR:2.23
max acc:88.44
