======================================
    IID: 0
    Dataset: mnist
    Model: Mnist_CNN
    Model Init: None
    Aggregation Function: RLR
    Fraction NonIID: 0
    Long attack: 3
    Wide attack: 3
    Wide attack: trust
    Threshold reject: 0.5
    Threshold down: 0.0
    Attack method: badnet
    Fraction of malicious agents: 30.0%
    Poison Frac: 0.2
    Backdoor From 7 to 2
    Attack Begin: 0
    Trigger Shape: square
    Type poisoning: cs
    Trigger Position X: 0
    Trigger Position Y: 0
    Number of agents: 100
    Fraction of agents each turn: 30(30.0%)
    Local batch size: 50
    Local epoch: 3
    Client_LR: 0.01
    Client_Momentum: 0.9
    Global Rounds: 100
    RobustLR_threshold: 4
======================================
main_task_accuracy=[0, 36.72999954223633, 48.58000183105469, 65.25, 52.06999969482422, 63.529998779296875, 79.75, 79.80999755859375, 86.98999786376953, 86.1500015258789, 83.31999969482422, 84.87000274658203, 80.7300033569336, 83.44000244140625, 82.41999816894531, 89.95999908447266, 93.86000061035156, 92.83999633789062, 88.70999908447266, 93.11000061035156, 90.20999908447266, 92.4800033569336, 92.36000061035156, 93.79000091552734, 91.72000122070312, 93.79000091552734, 94.3499984741211, 94.29000091552734, 94.41000366210938, 94.2300033569336, 94.0199966430664, 95.19000244140625, 94.79000091552734, 96.26000213623047, 93.81999969482422, 95.72000122070312, 96.25, 96.19000244140625, 95.2699966430664, 95.4800033569336, 93.22000122070312, 96.02999877929688, 94.62000274658203, 95.61000061035156, 95.66999816894531, 95.0999984741211, 93.44999694824219, 93.23999786376953, 94.19000244140625, 95.87000274658203, 96.5, 96.8499984741211, 96.86000061035156, 97.08999633789062, 96.58000183105469, 96.69999694824219, 96.29000091552734, 96.1500015258789, 94.88999938964844, 95.26000213623047, 96.73999786376953, 97.08000183105469, 97.16000366210938, 96.66000366210938, 96.83000183105469, 96.5199966430664, 96.69999694824219, 97.19000244140625, 97.37000274658203, 96.23999786376953, 96.18000030517578, 97.13999938964844, 96.76000213623047, 96.70999908447266, 96.4000015258789, 97.2699966430664, 96.8499984741211, 97.44000244140625, 97.2699966430664, 96.80000305175781, 97.02999877929688, 97.44000244140625, 97.27999877929688, 97.44000244140625, 96.63999938964844, 96.87000274658203, 96.80999755859375, 97.2300033569336, 97.2699966430664, 97.22000122070312, 96.93000030517578, 96.44999694824219, 96.80000305175781, 94.38999938964844, 90.70999908447266, 93.58000183105469, 96.66999816894531, 97.05000305175781, 96.97000122070312, 96.18000030517578, 95.79000091552734]
backdoor_accuracy=[0, 21.49805447470817, 0.19455252918287938, 30.739299610894943, 4.766536964980545, 0.0, 23.054474708171206, 0.5836575875486382, 2.237354085603113, 6.712062256809339, 1.556420233463035, 2.0428015564202333, 5.3501945525291825, 1.4591439688715953, 11.673151750972762, 10.894941634241246, 8.657587548638132, 15.46692607003891, 7.976653696498055, 2.6264591439688716, 40.66147859922179, 11.575875486381323, 13.424124513618677, 2.9182879377431905, 8.171206225680933, 13.035019455252918, 29.961089494163424, 10.505836575875486, 34.04669260700389, 18.28793774319066, 47.95719844357976, 25.0, 19.260700389105057, 22.859922178988327, 16.342412451361866, 29.280155642023345, 27.237354085603112, 34.824902723735406, 7.587548638132295, 8.560311284046692, 19.55252918287938, 86.47859922178988, 19.64980544747082, 46.206225680933855, 59.63035019455253, 91.43968871595331, 87.15953307392996, 60.40856031128405, 95.13618677042801, 94.74708171206225, 84.14396887159533, 93.3852140077821, 93.96887159533074, 92.31517509727627, 85.60311284046692, 87.7431906614786, 91.73151750972762, 62.35408560311284, 95.3307392996109, 84.43579766536965, 96.40077821011673, 95.62256809338521, 95.62256809338521, 95.42801556420234, 88.52140077821012, 97.66536964980544, 94.64980544747081, 95.91439688715953, 97.17898832684826, 97.27626459143968, 98.63813229571984, 97.17898832684826, 96.3035019455253, 98.73540856031128, 96.01167315175097, 99.0272373540856, 97.95719844357977, 97.85992217898833, 99.0272373540856, 99.12451361867704, 98.34630350194553, 99.12451361867704, 99.22178988326849, 98.92996108949416, 99.12451361867704, 99.0272373540856, 99.41634241245136, 98.63813229571984, 99.22178988326849, 99.22178988326849, 99.5136186770428, 99.12451361867704, 99.12451361867704, 99.80544747081711, 98.83268482490273, 99.22178988326849, 99.31906614785993, 99.80544747081711, 99.61089494163424, 99.31906614785993, 99.41634241245136]
loss_list=[0.48511610184121584, 0.41124754587411483, 0.34031665115095944, 0.2337927356808689, 0.21372406622144066, 0.18123745516154932, 0.12949573764806566, 0.13330308510224512, 0.12476044572153183, 0.11274589451172219, 0.1072889776363925, 0.10226199229733442, 0.0950226133111991, 0.08902112697509876, 0.08756171168643495, 0.07723308265589283, 0.08436162881281892, 0.061415599498173885, 0.06782918659630571, 0.06698169551233898, 0.07265327925251738, 0.06352795074694768, 0.06126111643715747, 0.05862787276174181, 0.05675431447938122, 0.0657197953978602, 0.059020347491737395, 0.052922121687186394, 0.059787032768046325, 0.05003957792003726, 0.053827074165054986, 0.050029856880703036, 0.05534071946794757, 0.058206095490819294, 0.0546050066622092, 0.05218184672356093, 0.04792067518934916, 0.05578876030911286, 0.052089091398953825, 0.03932911192400388, 0.054781177289833054, 0.04342899830916885, 0.048195867751392334, 0.043944536770958, 0.0629829495714027, 0.04072060382130936, 0.04297717131888575, 0.05863955166095085, 0.05106369099742961, 0.0452242822106967, 0.048134020839946, 0.04157453406280436, 0.043198792716403145, 0.04261467420910798, 0.04453096225498931, 0.045605073320603866, 0.03937493290938733, 0.03852110572109091, 0.04151731265478986, 0.04464880274222379, 0.04414536774430163, 0.0425120179914361, 0.03149400460085643, 0.040649200868538495, 0.04082904399286066, 0.03173633598704413, 0.03889073008866862, 0.04355294367519347, 0.031659512888227596, 0.0403142056383036, 0.0455877595150779, 0.032783541381616085, 0.046626237027052604, 0.03357618269098947, 0.03884482489834677, 0.03778271035008266, 0.037896610914769036, 0.04012067604057042, 0.03248921641095106, 0.03635953833288325, 0.037758941740922015, 0.03280481741338506, 0.037740090790960586, 0.036402306691153116, 0.02946970245219578, 0.04037548756953878, 0.03722662204645576, 0.03013185162587782, 0.030935295107866707, 0.032275717070922874, 0.032703166355775526, 0.035664175602800705, 0.048577678270359706, 0.03661631374661156, 0.028515579361643208, 0.04814920272714247, 0.031854573252799674, 0.03438118125674804, 0.04226355878510195, 0.03163893700118685]
BBSR:99.81
ABSR:99.36
max acc:97.05
