======================================
    IID: 0
    Dataset: mnist
    Model: Mnist_CNN
    Model Init: None
    Aggregation Function: avg
    Fraction NonIID: 0
    Long attack: 3
    Wide attack: 3
    Wide attack: trust
    Threshold reject: 0.5
    Threshold down: 0.0
    Attack method: badnet
    Fraction of malicious agents: 30.0%
    Poison Frac: 0.2
    Backdoor From 7 to 2
    Attack Begin: 0
    Trigger Shape: square
    Type poisoning: cs
    Trigger Position X: 0
    Trigger Position Y: 0
    Number of agents: 100
    Fraction of agents each turn: 30(30.0%)
    Local batch size: 50
    Local epoch: 3
    Client_LR: 0.01
    Client_Momentum: 0.9
    Global Rounds: 100
======================================
main_task_accuracy=[0, 34.0, 62.900001525878906, 60.15999984741211, 61.31999969482422, 62.45000076293945, 67.8499984741211, 73.58999633789062, 75.87000274658203, 86.33999633789062, 90.19000244140625, 86.05999755859375, 93.91999816894531, 89.61000061035156, 94.0, 93.3499984741211, 94.18000030517578, 94.31999969482422, 93.77999877929688, 94.83999633789062, 95.63999938964844, 95.88999938964844, 93.31999969482422, 95.45999908447266, 95.7300033569336, 94.5199966430664, 96.95999908447266, 95.81999969482422, 95.9000015258789, 96.41999816894531, 96.55999755859375, 96.7300033569336, 96.62000274658203, 95.6500015258789, 96.94999694824219, 96.38999938964844, 96.79000091552734, 97.2300033569336, 96.16000366210938, 97.08999633789062, 97.16999816894531, 96.7699966430664, 96.05000305175781, 96.55000305175781, 96.80999755859375, 96.98999786376953, 97.66000366210938, 97.29000091552734, 97.41999816894531, 97.6500015258789, 97.83999633789062, 97.7699966430664, 97.9800033569336, 97.91999816894531, 98.0199966430664, 97.76000213623047, 97.6500015258789, 97.55000305175781, 97.56999969482422, 98.0999984741211, 98.05000305175781, 97.51000213623047, 97.56999969482422, 98.16999816894531, 98.22000122070312, 98.0999984741211, 98.0999984741211, 98.22000122070312, 98.33000183105469, 98.2300033569336, 98.36000061035156, 97.75, 98.25, 98.41999816894531, 98.29000091552734, 98.4000015258789, 97.93000030517578, 97.91999816894531, 97.80000305175781, 98.0999984741211, 97.83000183105469, 98.3499984741211, 98.30000305175781, 98.04000091552734, 98.37000274658203, 98.2699966430664, 98.13999938964844, 98.30999755859375, 97.9800033569336, 98.37000274658203, 98.29000091552734, 98.47000122070312, 97.69000244140625, 98.4000015258789, 98.66999816894531, 98.41000366210938, 98.7300033569336, 98.5199966430664, 98.29000091552734, 98.27999877929688, 98.20999908447266]
backdoor_accuracy=[0, 0.2918287937743191, 1.0700389105058365, 0.7782101167315175, 11.867704280155642, 0.0, 2.0428015564202333, 15.17509727626459, 3.501945525291829, 6.128404669260701, 4.280155642023346, 10.311284046692608, 5.252918287937743, 19.260700389105057, 13.229571984435797, 15.369649805447471, 13.132295719844358, 3.404669260700389, 35.797665369649806, 21.595330739299612, 6.712062256809339, 26.264591439688715, 7.392996108949417, 19.941634241245136, 34.43579766536965, 20.525291828793776, 35.992217898832685, 47.66536964980545, 49.90272373540856, 89.49416342412451, 93.96887159533074, 99.61089494163424, 99.41634241245136, 99.41634241245136, 99.80544747081711, 99.5136186770428, 99.80544747081711, 99.90272373540856, 99.80544747081711, 99.80544747081711, 99.70817120622569, 99.90272373540856, 100.0, 99.80544747081711, 99.90272373540856, 99.90272373540856, 99.90272373540856, 100.0, 99.90272373540856, 99.90272373540856, 100.0, 100.0, 99.90272373540856, 100.0, 100.0, 100.0, 100.0, 100.0, 100.0, 99.90272373540856, 100.0, 100.0, 100.0, 100.0, 100.0, 100.0, 100.0, 100.0, 100.0, 100.0, 100.0, 100.0, 100.0, 100.0, 100.0, 100.0, 100.0, 100.0, 100.0, 100.0, 100.0, 100.0, 100.0, 100.0, 100.0, 100.0, 100.0, 100.0, 100.0, 100.0, 100.0, 100.0, 100.0, 100.0, 100.0, 100.0, 100.0, 100.0, 100.0, 100.0, 100.0]
loss_list=[0.4630410982474123, 0.23710719679048006, 0.17809033829090187, 0.1728374431729843, 0.16100034397325869, 0.15327498187787755, 0.130990794917021, 0.1056005648809311, 0.09308129839631235, 0.09276680627774597, 0.0658441576274513, 0.076750249070321, 0.06009436929702387, 0.05128649378055782, 0.0561407024047099, 0.05772011809026124, 0.056477127825288444, 0.051319361952869416, 0.05542862844319994, 0.04338648706009865, 0.05081636803883827, 0.04736470337390107, 0.04732194728525665, 0.0405724153255772, 0.040769792188686184, 0.04550925293118388, 0.04129155428207011, 0.04494577853553842, 0.03926032548284551, 0.033827805207348474, 0.031395690895022116, 0.04148910294922437, 0.032703046390020224, 0.04001768397458538, 0.03222647529450958, 0.03439413152679401, 0.02470770229521681, 0.033872862645423794, 0.03436172147185134, 0.029396776938912447, 0.03341280809400212, 0.03791231950307802, 0.032353445234517324, 0.03448145712361624, 0.04026707063770085, 0.030009889895880174, 0.03007081901883842, 0.02192562865487454, 0.023266778858240078, 0.029832519596307568, 0.030361676415014506, 0.02702084434259248, 0.02622048066277121, 0.030277713258734632, 0.021135713975205132, 0.026320742486215895, 0.027776168772841555, 0.025260118840720238, 0.028703228008894598, 0.027197453941560434, 0.02453613921130201, 0.02695992018898394, 0.02632878267384579, 0.025228789041046227, 0.02304731665008143, 0.021876848388557912, 0.023776738650255525, 0.02074560421646524, 0.0244795915048035, 0.023263762809957744, 0.026078739923581375, 0.02290118609749912, 0.02251470174669965, 0.02111817114589777, 0.026278192000138777, 0.021285968916980886, 0.021590676293938897, 0.017855604366051044, 0.020828904443154342, 0.02564107881277718, 0.025113717145395457, 0.02275022274475662, 0.019879584504435166, 0.022865388955545, 0.01923120959238952, 0.021351013312208733, 0.02061018533203843, 0.02381206151778796, 0.018998230619566632, 0.01847416070043487, 0.019436822965970196, 0.02267425755193706, 0.021909066936576953, 0.01849935283448669, 0.017693458964677503, 0.019620068239811484, 0.016935304754030874, 0.01664171814765845, 0.02059317925233607, 0.014753313251105765]
BBSR:100.0
ABSR:100.0
max acc:98.73
