======================================
    IID: 0
    Dataset: mnist
    Model: Mnist_CNN
    Model Init: None
    Aggregation Function: krum
    Fraction NonIID: 0
    Long attack: 3
    Wide attack: 3
    Wide attack: trust
    Threshold reject: 0.5
    Threshold down: 0.0
    Attack method: dba
    Fraction of malicious agents: 13.0%
    Poison Frac: 0.2
    Backdoor From 7 to 2
    Attack Begin: 0
    Trigger Shape: square
    Type poisoning: 
    Trigger Position X: 0
    Trigger Position Y: 0
    Number of agents: 100
    Fraction of agents each turn: 30(30.0%)
    Local batch size: 50
    Local epoch: 3
    Client_LR: 0.01
    Client_Momentum: 0.9
    Global Rounds: 100
    Proportion of malicious are selected: 0.13
    Average score of malicious clients: 992.0890502929688
    Average score of benign clients: 1020.1587524414062
======================================
main_task_accuracy=[0, 19.3799991607666, 19.770000457763672, 19.700000762939453, 24.1299991607666, 19.59000015258789, 32.58000183105469, 26.299999237060547, 34.56999969482422, 30.639999389648438, 19.850000381469727, 19.760000228881836, 20.059999465942383, 20.579999923706055, 20.219999313354492, 20.3700008392334, 24.8799991607666, 19.8700008392334, 35.220001220703125, 20.6200008392334, 20.520000457763672, 31.149999618530273, 30.049999237060547, 10.829999923706055, 20.989999771118164, 21.540000915527344, 20.079999923706055, 21.700000762939453, 21.75, 21.739999771118164, 21.68000030517578, 29.899999618530273, 20.639999389648438, 35.880001068115234, 35.84000015258789, 22.93000030517578, 25.489999771118164, 29.280000686645508, 29.010000228881836, 27.559999465942383, 26.399999618530273, 29.770000457763672, 28.670000076293945, 28.280000686645508, 27.579999923706055, 27.549999237060547, 27.309999465942383, 28.219999313354492, 29.360000610351562, 29.31999969482422, 28.90999984741211, 29.540000915527344, 29.3799991607666, 28.950000762939453, 29.610000610351562, 29.540000915527344, 29.59000015258789, 29.06999969482422, 29.270000457763672, 29.229999542236328, 28.209999084472656, 29.469999313354492, 29.399999618530273, 29.3700008392334, 29.420000076293945, 29.43000030517578, 28.770000457763672, 28.989999771118164, 29.549999237060547, 29.579999923706055, 29.40999984741211, 29.510000228881836, 28.899999618530273, 29.579999923706055, 37.720001220703125, 32.869998931884766, 28.979999542236328, 27.59000015258789, 34.939998626708984, 21.780000686645508, 25.780000686645508, 24.889999389648438, 22.360000610351562, 25.219999313354492, 30.459999084472656, 31.0, 30.100000381469727, 29.309999465942383, 29.399999618530273, 37.2400016784668, 26.729999542236328, 33.08000183105469, 37.22999954223633, 36.88999938964844, 37.04999923706055, 34.25, 45.29999923706055, 40.380001068115234, 40.34000015258789, 40.25, 42.41999816894531]
backdoor_accuracy=[0, 89.6887159533074, 0.0, 98.15175097276264, 98.83268482490273, 0.0, 0.0, 0.0, 0.0, 0.0, 0.0, 0.0, 0.0, 0.0, 0.0, 0.0, 0.0, 0.0, 0.0, 0.0, 0.0, 0.0, 0.0, 0.0, 0.0, 0.0, 0.0, 0.0, 0.0, 0.0, 0.0, 0.0, 0.0, 0.0, 0.0, 0.0, 70.71984435797665, 63.13229571984436, 31.22568093385214, 4.766536964980545, 1.1673151750972763, 21.78988326848249, 1.556420233463035, 0.8754863813229572, 0.8754863813229572, 0.5836575875486382, 0.38910505836575876, 0.38910505836575876, 4.669260700389105, 1.1673151750972763, 1.264591439688716, 7.2957198443579765, 1.1673151750972763, 1.264591439688716, 1.3618677042801557, 0.7782101167315175, 0.9727626459143969, 0.09727626459143969, 0.19455252918287938, 0.19455252918287938, 0.0, 0.0, 0.0, 0.0, 0.09727626459143969, 0.09727626459143969, 1.556420233463035, 0.8754863813229572, 0.0, 0.0, 0.0, 0.2918287937743191, 0.0, 0.19455252918287938, 0.09727626459143969, 0.0, 0.0, 0.0, 0.0, 0.0, 0.0, 0.0, 100.0, 0.0, 100.0, 99.90272373540856, 100.0, 100.0, 100.0, 0.0, 0.0, 0.6809338521400778, 3.21011673151751, 0.38910505836575876, 8.657587548638132, 1.9455252918287937, 10.311284046692608, 0.2918287937743191, 7.2957198443579765, 0.2918287937743191, 2.6264591439688716]
loss_list=[0.517042180922046, 0.8472635549660033, 0.9226663756359924, 0.8878903568246338, 0.7925785794892969, 1.2396813583626551, 0.6714044254144045, 0.727297810591059, 0.7973746181339938, 0.7002014708939261, 0.8854327745986529, 0.9328635330316857, 0.8973040245090473, 0.9537440608661231, 0.9636158074417306, 1.1030770798935348, 1.0238495102873775, 1.1437882700872917, 0.9298987278989598, 1.2478690372324002, 1.2110595975726761, 0.9601524118463285, 0.8185989706562137, 0.9868574980346079, 1.016976428655134, 0.7610428558744053, 0.966766939866398, 0.7450994937179997, 0.886495453112616, 1.017263750152673, 0.8888365399652869, 0.9702831751345449, 1.1161645809906346, 0.8743820395350875, 0.9394016725978526, 1.09126341127882, 1.0719413414865298, 1.0663618169669173, 0.9934796860852461, 1.1346884476525596, 0.963413931695342, 0.9867748314670812, 1.1676905676149112, 1.1050124317919952, 1.2377955632385416, 1.0795542921160934, 1.149829856126401, 1.037710882283011, 1.097660524185366, 0.9746549738874346, 1.0691785493046868, 1.2103631932316534, 0.9235450500275473, 1.1384214232548622, 1.2088878827567455, 1.2467692729561817, 1.0633240851561465, 1.0433948580404593, 0.7875701539692266, 1.0638042278412387, 1.0503851618243387, 1.1796102348711264, 1.0923854921264502, 1.2321362863767702, 1.0341810260208049, 1.0114185475170885, 0.8514810858131198, 1.1103082855996407, 0.9553582512533381, 1.0352447743714122, 1.027475713259313, 1.1439490097907936, 0.956915044865852, 0.9164185360019056, 1.1308429004834872, 1.071096508757279, 1.0542207521651377, 1.035702983746038, 1.224581132610951, 0.9399568846098302, 1.2068430160756278, 1.181893212330654, 0.8617370467560426, 0.9408993712800267, 0.8858553617753507, 0.6764568891320918, 0.729730297519323, 0.779776828003624, 1.0932248851570863, 0.6653610147889413, 0.7388468699571296, 0.9587241925555607, 0.9157152444589277, 0.8765259560187837, 0.8796597565795452, 0.9058455854022059, 0.855074896839683, 0.8519207097278366, 0.726494112827266, 0.9202411497009764]
BBSR:10.31
ABSR:3.57
max acc:45.3
