======================================
    IID: 0
    Dataset: mnist
    Model: Mnist_CNN
    Model Init: None
    Aggregation Function: flame
    Fraction NonIID: 0
    Long attack: 5
    Wide attack: 5
    Wide attack: trust
    Threshold reject: 0.5
    Threshold down: 0.0
    Attack method: badnet
    Fraction of malicious agents: 13.0%
    Poison Frac: 0.2
    Backdoor From 7 to 2
    Attack Begin: 0
    Trigger Shape: square
    Type poisoning: 
    Trigger Position X: 0
    Trigger Position Y: 0
    Number of agents: 100
    Fraction of agents each turn: 30(30.0%)
    Local batch size: 50
    Local epoch: 3
    Client_LR: 0.01
    Client_Momentum: 0.9
    Global Rounds: 100
    Noise in FLAME: 0.001
proportion of malicious are selected:0.42
proportion of benign are selected:0.5785185185185185
======================================
main_task_accuracy=[0, 22.40999984741211, 34.029998779296875, 36.77000045776367, 57.619998931884766, 63.36000061035156, 58.5, 71.91999816894531, 69.66000366210938, 69.02999877929688, 67.76000213623047, 64.44999694824219, 72.2300033569336, 67.98999786376953, 64.94000244140625, 60.880001068115234, 70.37999725341797, 68.43000030517578, 74.4000015258789, 77.36000061035156, 77.3499984741211, 77.75, 77.6500015258789, 75.16999816894531, 77.4800033569336, 81.75, 81.27999877929688, 82.69999694824219, 81.79000091552734, 79.44000244140625, 80.48999786376953, 79.66000366210938, 80.22000122070312, 80.83000183105469, 77.22000122070312, 84.95999908447266, 86.05999755859375, 82.83000183105469, 85.76000213623047, 82.16000366210938, 83.77999877929688, 84.77999877929688, 84.66000366210938, 84.33000183105469, 80.11000061035156, 80.83999633789062, 82.30999755859375, 83.55000305175781, 82.5999984741211, 83.37999725341797, 82.30999755859375, 82.77999877929688, 82.80000305175781, 81.1500015258789, 82.66999816894531, 82.08999633789062, 82.86000061035156, 82.66000366210938, 81.26000213623047, 82.58000183105469, 81.52999877929688, 81.20999908447266, 82.73999786376953, 81.97000122070312, 81.81999969482422, 81.95999908447266, 81.69999694824219, 81.45999908447266, 80.8499984741211, 79.19999694824219, 81.20999908447266, 81.5, 80.62000274658203, 81.56999969482422, 80.44000244140625, 82.11000061035156, 82.44000244140625, 82.08000183105469, 80.5, 80.58000183105469, 79.75, 80.66000366210938, 81.20999908447266, 80.48999786376953, 80.55999755859375, 80.68000030517578, 81.0999984741211, 80.05000305175781, 80.69000244140625, 80.62999725341797, 80.45999908447266, 80.22000122070312, 85.41000366210938, 84.69999694824219, 85.06999969482422, 85.19000244140625, 84.75, 86.30000305175781, 86.05999755859375, 85.62999725341797, 85.2699966430664]
backdoor_accuracy=[0, 0.0, 0.0, 6.3229571984435795, 0.8754863813229572, 27.140077821011673, 0.2918287937743191, 6.031128404669261, 1.1673151750972763, 6.517509727626459, 3.0155642023346303, 3.8910505836575875, 2.3346303501945527, 1.264591439688716, 4.280155642023346, 1.9455252918287937, 4.571984435797665, 2.9182879377431905, 6.712062256809339, 2.3346303501945527, 1.9455252918287937, 5.739299610894942, 1.6536964980544746, 17.704280155642024, 2.140077821011673, 4.961089494163424, 6.517509727626459, 6.128404669260701, 2.0428015564202333, 6.712062256809339, 6.3229571984435795, 1.0700389105058365, 3.8910505836575875, 1.7509727626459144, 2.821011673151751, 1.0700389105058365, 0.6809338521400778, 2.6264591439688716, 1.6536964980544746, 21.49805447470817, 4.085603112840467, 2.529182879377432, 3.9883268482490273, 3.8910505836575875, 4.571984435797665, 8.268482490272374, 18.67704280155642, 8.171206225680933, 4.766536964980545, 8.852140077821012, 7.490272373540856, 2.9182879377431905, 6.22568093385214, 7.490272373540856, 5.252918287937743, 7.003891050583658, 11.478599221789883, 8.463035019455253, 8.171206225680933, 9.922178988326849, 4.085603112840467, 10.894941634241246, 3.11284046692607, 5.058365758754864, 6.614785992217898, 6.031128404669261, 6.031128404669261, 16.342412451361866, 6.22568093385214, 23.638132295719846, 8.463035019455253, 6.614785992217898, 9.24124513618677, 3.5992217898832686, 7.879377431906615, 10.700389105058365, 5.642023346303502, 3.7937743190661477, 17.412451361867703, 3.404669260700389, 8.949416342412452, 7.392996108949417, 6.22568093385214, 4.085603112840467, 9.14396887159533, 9.53307392996109, 7.003891050583658, 7.392996108949417, 9.04669260700389, 4.571984435797665, 1.3618677042801557, 4.669260700389105, 6.906614785992218, 1.4591439688715953, 17.704280155642024, 22.56809338521401, 20.428015564202333, 6.22568093385214, 3.8910505836575875, 5.836575875486381, 7.879377431906615]
loss_list=[0.5183263178316161, 0.3198090826193126, 0.37444173538198405, 0.28323316346372746, 0.236272864553971, 0.1782259135483627, 0.20279868633833167, 0.15770612058434028, 0.1739873242760511, 0.1619283535502283, 0.17173478509868795, 0.16337058725127554, 0.13928028071773063, 0.14987005044507842, 0.18342797616904788, 0.1586084237056112, 0.17038844062707809, 0.15767905935990678, 0.15399751999759176, 0.14530117677948953, 0.15681131280205657, 0.14984567399636833, 0.1466712365976596, 0.14766238637254872, 0.17029197857220107, 0.11839892183924593, 0.07840268160712296, 0.11432969485790334, 0.12189365861511854, 0.10134786596453836, 0.11918044933848146, 0.08621011849388291, 0.09019980539465894, 0.13320053152581368, 0.157543601545401, 0.1201732332429165, 0.11802260581128127, 0.11391363420720217, 0.09489520300046757, 0.11965573145229519, 0.10865258670096914, 0.10775576597026068, 0.12052421530181097, 0.0882870370911777, 0.09979447598769434, 0.11635228191060282, 0.10274616461982283, 0.09695883882011616, 0.12225895228097414, 0.08401973913344861, 0.1004370817536544, 0.10891280427311516, 0.11883786973998213, 0.08373618126271849, 0.13289126718510916, 0.1258909798240081, 0.09610273789175089, 0.12174364447528406, 0.12767138149496635, 0.09725020471540068, 0.14086682200333112, 0.11686329931716456, 0.07048388413391912, 0.09801426255037758, 0.09878992439057521, 0.10668421219623124, 0.0939389502972123, 0.12182429751661429, 0.09949414506193986, 0.12770524940906605, 0.10150864129528259, 0.12144702764282682, 0.10582130950200562, 0.10950314182740624, 0.11029841342568496, 0.08127048057842408, 0.12969118943375557, 0.10637909996834294, 0.13628004892860418, 0.10184539199816192, 0.12254758151617791, 0.08650441412926092, 0.10778329303577612, 0.1088911060796432, 0.09620477105022436, 0.12701396611227733, 0.12866250103111515, 0.10015011970217394, 0.08158620185983381, 0.06849257238221874, 0.1376593027787997, 0.13718235243226434, 0.09241931531784783, 0.09339814180294265, 0.11337712742445372, 0.12083272388933589, 0.07639975347604253, 0.11053602028878802, 0.06823633325137186, 0.08274287439975056]
BBSR:22.57
ABSR:9.76
max acc:86.3
