======================================
    IID: 0
    Dataset: fashion_mnist
    Model: Mnist_CNN
    Model Init: None
    Aggregation Function: RLR
    Fraction NonIID: 0
    Long attack: 3
    Wide attack: 3
    Wide attack: trust
    Threshold reject: 0.5
    Threshold down: 0.0
    Attack method: dba
    Fraction of malicious agents: 13.0%
    Poison Frac: 0.2
    Backdoor From 7 to 2
    Attack Begin: 0
    Trigger Shape: square
    Type poisoning: 
    Trigger Position X: 0
    Trigger Position Y: 0
    Number of agents: 100
    Fraction of agents each turn: 30(30.0%)
    Local batch size: 50
    Local epoch: 3
    Client_LR: 0.01
    Client_Momentum: 0.9
    Global Rounds: 100
    RobustLR_threshold: 4
======================================
main_task_accuracy=[0, 65.4000015258789, 72.37000274658203, 75.13999938964844, 76.75, 77.62999725341797, 78.41000366210938, 79.06999969482422, 79.4000015258789, 80.38999938964844, 80.61000061035156, 81.48999786376953, 82.06999969482422, 82.36000061035156, 82.29000091552734, 83.19999694824219, 83.29000091552734, 83.30999755859375, 83.6500015258789, 84.01000213623047, 84.62000274658203, 84.54000091552734, 84.93000030517578, 84.87999725341797, 85.16000366210938, 85.30999755859375, 85.31999969482422, 85.6500015258789, 85.7300033569336, 86.0, 86.2699966430664, 86.37999725341797, 86.22000122070312, 86.19999694824219, 86.62999725341797, 86.58999633789062, 86.7699966430664, 86.87000274658203, 86.94000244140625, 86.58999633789062, 87.05999755859375, 87.20999908447266, 87.05000305175781, 87.29000091552734, 87.30000305175781, 87.31999969482422, 87.37000274658203, 87.51000213623047, 87.5999984741211, 87.5, 87.68000030517578, 87.63999938964844, 87.72000122070312, 87.7300033569336, 87.61000061035156, 87.94999694824219, 87.94000244140625, 88.02999877929688, 87.97000122070312, 87.9000015258789, 88.0199966430664, 87.98999786376953, 88.16000366210938, 88.19999694824219, 88.33000183105469, 88.12000274658203, 88.33999633789062, 88.38999938964844, 88.51000213623047, 88.36000061035156, 88.48999786376953, 88.44000244140625, 88.44999694824219, 88.4000015258789, 88.5, 88.7300033569336, 88.69000244140625, 88.66999816894531, 88.7300033569336, 88.72000122070312, 88.87000274658203, 88.9000015258789, 88.76000213623047, 88.86000061035156, 88.88999938964844, 89.01000213623047, 89.02999877929688, 89.04000091552734, 89.01000213623047, 89.08999633789062, 89.12000274658203, 89.29000091552734, 89.20999908447266, 88.97000122070312, 89.1500015258789, 89.12999725341797, 89.2300033569336, 89.36000061035156, 89.2300033569336, 89.33999633789062, 89.38999938964844]
backdoor_accuracy=[0, 0.0, 0.0, 0.0, 0.0, 0.0, 0.0, 0.0, 0.0, 0.0, 1.3, 2.5, 5.0, 21.2, 42.1, 41.6, 73.6, 80.3, 84.9, 86.0, 92.9, 95.1, 97.3, 95.3, 97.0, 98.9, 99.1, 99.4, 99.4, 99.4, 99.5, 99.8, 99.8, 99.8, 99.8, 99.8, 99.8, 99.8, 99.8, 99.8, 99.8, 99.8, 99.8, 99.8, 99.8, 99.8, 99.8, 99.8, 99.8, 99.8, 99.8, 99.8, 99.8, 99.8, 99.8, 99.8, 99.8, 99.8, 99.8, 99.8, 99.8, 99.8, 99.8, 99.8, 99.8, 99.8, 99.8, 99.8, 99.8, 99.8, 99.8, 99.8, 99.8, 99.8, 99.9, 99.8, 99.9, 99.9, 99.8, 99.8, 99.8, 99.8, 99.9, 99.9, 99.9, 99.8, 99.9, 99.8, 99.8, 99.8, 99.8, 99.9, 99.8, 100.0, 99.9, 100.0, 100.0, 99.9, 100.0, 100.0, 99.9]
loss_list=[1.475789433993675, 0.8866697097818057, 0.6573799366752308, 0.5724593514093647, 0.5211102548158831, 0.48548340967131975, 0.4522039732447378, 0.4572948822268733, 0.461499631115132, 0.40609044865187677, 0.4210622454889947, 0.4211177383446031, 0.41656081417092566, 0.3845849715725141, 0.3892612473625276, 0.3885856964970351, 0.36360788531601423, 0.36462271445327327, 0.3807531477745485, 0.3624632485210896, 0.33644235657045135, 0.3417994580128126, 0.32076412291024575, 0.34157166361670804, 0.35046808276049524, 0.31324619734314857, 0.31572072676348467, 0.3032150110229849, 0.3288629069803628, 0.32980064719363494, 0.30066682619422125, 0.29013228625817983, 0.2901473956837975, 0.31067245383574466, 0.28906686928951075, 0.2873465320129914, 0.29841389640544846, 0.2990010505956081, 0.2789660034597748, 0.2511032777527968, 0.2896373759799947, 0.2916615581157169, 0.27573461690917606, 0.2680697498049725, 0.2771343818572522, 0.27246949449181557, 0.26846445215245096, 0.25860875293405516, 0.27596025204079017, 0.2790121005089194, 0.26911804269378387, 0.267192460913901, 0.25830107610327785, 0.26580742803160795, 0.24929397752577495, 0.25460799260720335, 0.25015888259470187, 0.2622481250066172, 0.25940423858593464, 0.2503694508259219, 0.24339273013347007, 0.24150930669124207, 0.23948108560785095, 0.2472893061116338, 0.25073067364800306, 0.21998629933912997, 0.24248007332768154, 0.23261653688494807, 0.2644948312771265, 0.24701212624743307, 0.23047958294585075, 0.22786943775222257, 0.22736227706730086, 0.22873262613666834, 0.21750520223372238, 0.22106961023010724, 0.23261947513868408, 0.2469618056969786, 0.2249510828060684, 0.2335168637861326, 0.23438244704157113, 0.24246507128700615, 0.2319673478603363, 0.23056605784912357, 0.2235743110913231, 0.21795781850124948, 0.21694781851126915, 0.21588188268554698, 0.20673354696827365, 0.21853672177358355, 0.23447473128498703, 0.21780700911940254, 0.20605280490730093, 0.21054699218280062, 0.21013257532828938, 0.21453704815012992, 0.22637754125710302, 0.20338846222600998, 0.2259637944486544, 0.21890443862260625]
BBSR:100.0
ABSR:99.94
max acc:89.39
