======================================
    IID: 1
    Dataset: cifar
    Model: resnet
    Model Init: None
    Aggregation Function: RLR
    Fraction NonIID: 0
    Long attack: 3
    Wide attack: 3
    Wide attack: trust
    Threshold reject: 0.5
    Threshold down: 0.0
    Attack method: dba
    Fraction of malicious agents: 13.0%
    Poison Frac: 0.2
    Backdoor From 7 to 2
    Attack Begin: 0
    Trigger Shape: square
    Type poisoning: 
    Trigger Position X: 0
    Trigger Position Y: 0
    Number of agents: 100
    Fraction of agents each turn: 30(30.0%)
    Local batch size: 50
    Local epoch: 3
    Client_LR: 0.01
    Client_Momentum: 0.9
    Global Rounds: 100
    RobustLR_threshold: 4
======================================
main_task_accuracy=[0, 10.0, 17.850000381469727, 38.060001373291016, 39.66999816894531, 42.619998931884766, 50.68000030517578, 51.59000015258789, 55.0099983215332, 54.970001220703125, 56.54999923706055, 58.33000183105469, 60.880001068115234, 60.0, 60.400001525878906, 63.0, 62.79999923706055, 62.939998626708984, 64.06999969482422, 64.7699966430664, 63.84000015258789, 63.7599983215332, 64.58000183105469, 65.56999969482422, 65.33000183105469, 64.69999694824219, 66.23999786376953, 67.25, 67.62999725341797, 67.88999938964844, 68.06999969482422, 68.51000213623047, 68.44000244140625, 66.94000244140625, 68.66000366210938, 68.86000061035156, 69.63999938964844, 69.36000061035156, 69.38999938964844, 68.80999755859375, 71.08999633789062, 69.69000244140625, 70.4000015258789, 70.93000030517578, 71.05999755859375, 70.91999816894531, 70.18000030517578, 68.81999969482422, 70.76000213623047, 71.94000244140625, 71.62999725341797, 70.58999633789062, 71.27999877929688, 71.86000061035156, 71.73999786376953, 71.12999725341797, 71.47000122070312, 71.38999938964844, 72.05999755859375, 70.75, 71.30999755859375, 71.8499984741211, 72.01000213623047, 71.94000244140625, 72.16000366210938, 71.87999725341797, 71.29000091552734, 71.63999938964844, 71.61000061035156, 72.29000091552734, 72.04000091552734, 71.9000015258789, 72.0, 72.16000366210938, 72.2300033569336, 72.30999755859375, 72.2699966430664, 71.87999725341797, 72.05000305175781, 71.97000122070312, 72.29000091552734, 72.01000213623047, 71.93000030517578, 71.94999694824219, 71.62999725341797, 71.87999725341797, 71.9000015258789, 71.98999786376953, 71.76000213623047, 71.91000366210938, 71.97000122070312, 71.70999908447266, 71.81999969482422, 71.87000274658203, 71.9000015258789, 71.97000122070312, 71.91000366210938, 71.91000366210938, 71.88999938964844, 71.9800033569336, 71.94999694824219]
backdoor_accuracy=[0, 0.0, 10.2, 6.1, 7.4, 4.9, 2.0, 3.0, 3.0, 2.8, 1.1, 1.2, 1.7, 1.9, 1.5, 2.3, 2.4, 1.2, 1.1, 0.8, 1.0, 0.9, 1.3, 1.7, 2.4, 1.8, 1.8, 2.1, 1.2, 1.3, 1.5, 1.5, 2.0, 1.3, 1.4, 1.7, 2.2, 1.4, 2.5, 1.8, 1.7, 1.9, 2.2, 1.9, 2.9, 2.7, 2.4, 1.8, 1.9, 1.7, 2.3, 1.7, 2.5, 2.1, 1.8, 3.9, 2.0, 3.6, 3.1, 4.1, 3.4, 4.2, 4.1, 4.8, 3.1, 3.4, 4.6, 3.5, 2.9, 3.7, 2.9, 4.0, 3.6, 3.6, 4.3, 3.9, 3.4, 3.2, 4.6, 3.3, 3.6, 3.4, 4.0, 4.5, 2.5, 2.5, 3.2, 3.2, 4.0, 3.6, 3.4, 4.7, 3.8, 3.5, 3.0, 3.7, 4.0, 3.8, 3.4, 3.8, 4.0]
loss_list=[1.973321428961224, 1.5850559160444466, 1.1946006391114656, 0.9708289572430983, 0.8359958423342969, 0.7347439981417524, 0.6546782599265377, 0.608393165299462, 0.5523252495543823, 0.5417452585655782, 0.4892994813124339, 0.47193231155888904, 0.4398092463571164, 0.4448142488342192, 0.40353119189333586, 0.4325882769934834, 0.3936020751069817, 0.3635545495245606, 0.3560183181241154, 0.34056578764640216, 0.3276205315156323, 0.2919491785588778, 0.36375697547466396, 0.29532179460550356, 0.33830852419008617, 0.28337717808006946, 0.2816995929717087, 0.24162265788220488, 0.25234617488613964, 0.23243952703972656, 0.21192464155015636, 0.255576739853455, 0.23282990726306005, 0.21590730419990406, 0.1684931592629679, 0.2199986721655458, 0.17380469480969213, 0.21449249392058445, 0.16253601912667767, 0.19280629130591276, 0.17881297362237494, 0.12218280926657218, 0.12995893749977563, 0.11327054262688362, 0.14426556294538181, 0.17845267258306396, 0.18758552706302406, 0.13893141298923484, 0.057554601768174014, 0.08066380885242122, 0.11773021367281516, 0.08571729622490239, 0.050663623372771936, 0.09025455591097446, 0.10026820978900004, 0.08258741608510414, 0.08209414050759128, 0.06241904312595985, 0.07654940342721397, 0.0727544132946059, 0.045681886980310074, 0.02265724699829459, 0.056500426994979445, 0.016275131852695877, 0.026752755656141547, 0.11471422193088479, 0.04537719171418252, 0.034329531805479846, 0.010048933751402523, 0.017536674895567962, 0.018958818206851396, 0.053981507863015095, 0.008019948538470394, 0.015538095295333837, 0.04393277073128654, 0.015409274388964856, 0.02117904765066568, 0.02434811003055883, 0.028123040474149295, 0.011880310104720088, 0.012018557571007274, 0.01345719761355819, 0.0043290449677685205, 0.07798454769482809, 0.00939425589164279, 0.015734489931007074, 0.03644898102655943, 0.033768634571355906, 0.0028478169607680875, 0.0049582978288122415, 0.004063115245399886, 0.04200058510459917, 0.002636158959705628, 0.012434145710038945, 0.004220463311555957, 0.020465397263077553, 0.017389015345009584, 0.009871442557204213, 0.007817771900352254, 0.027373455871885298]
BBSR:4.7
ABSR:3.77
max acc:71.98
