======================================
    IID: 1
    Dataset: cifar
    Model: resnet
    Model Init: None
    Aggregation Function: fltrust
    Fraction NonIID: 0
    Long attack: 3
    Wide attack: 3
    Wide attack: trust
    Threshold reject: 0.5
    Threshold down: 0.0
    Attack method: dba
    Fraction of malicious agents: 30.0%
    Poison Frac: 0.2
    Backdoor From 7 to 2
    Attack Begin: 0
    Trigger Shape: square
    Type poisoning: 
    Trigger Position X: 0
    Trigger Position Y: 0
    Number of agents: 100
    Fraction of agents each turn: 30(30.0%)
    Local batch size: 50
    Local epoch: 3
    Client_LR: 0.01
    Client_Momentum: 0.9
    Global Rounds: 100
    Dataset In Server: 200
======================================
main_task_accuracy=[0, 10.0, 11.84000015258789, 12.369999885559082, 17.3799991607666, 25.170000076293945, 34.36000061035156, 41.689998626708984, 45.5, 47.439998626708984, 45.27000045776367, 46.43000030517578, 49.279998779296875, 51.869998931884766, 54.06999969482422, 53.79999923706055, 55.560001373291016, 54.7400016784668, 53.29999923706055, 57.40999984741211, 57.18000030517578, 57.7400016784668, 57.16999816894531, 57.7400016784668, 59.40999984741211, 55.72999954223633, 60.779998779296875, 61.20000076293945, 60.13999938964844, 62.65999984741211, 61.47999954223633, 64.05999755859375, 64.80999755859375, 64.48999786376953, 64.45999908447266, 64.01000213623047, 66.26000213623047, 66.11000061035156, 66.51000213623047, 66.55000305175781, 65.55000305175781, 66.22000122070312, 67.37000274658203, 68.05999755859375, 67.61000061035156, 66.36000061035156, 64.30000305175781, 67.80999755859375, 67.27999877929688, 66.94000244140625, 68.3499984741211, 67.75, 68.05000305175781, 68.8499984741211, 68.3499984741211, 69.4000015258789, 69.86000061035156, 69.41999816894531, 69.54000091552734, 69.54000091552734, 70.05999755859375, 70.20999908447266, 70.18000030517578, 69.97000122070312, 69.91000366210938, 70.02999877929688, 69.91000366210938, 70.2699966430664, 70.04000091552734, 69.30000305175781, 69.61000061035156, 70.76000213623047, 70.73999786376953, 70.19999694824219, 71.36000061035156, 69.88999938964844, 69.01000213623047, 70.41999816894531, 69.0999984741211, 68.79000091552734, 64.91999816894531, 70.27999877929688, 69.80000305175781, 71.1500015258789, 71.55000305175781, 69.95999908447266, 70.68000030517578, 69.75, 70.30999755859375, 71.26000213623047, 68.54000091552734, 72.12000274658203, 71.5199966430664, 69.5, 71.43000030517578, 70.23999786376953, 71.1500015258789, 71.27999877929688, 70.55000305175781, 71.9800033569336, 68.66000366210938]
backdoor_accuracy=[0, 0.0, 25.6, 39.7, 29.9, 14.0, 9.9, 6.1, 9.8, 12.3, 15.4, 8.0, 7.4, 9.0, 7.8, 2.7, 3.9, 4.0, 5.4, 3.2, 3.6, 4.2, 2.8, 2.9, 3.6, 4.2, 4.3, 2.7, 12.8, 8.4, 2.6, 5.1, 6.7, 3.1, 3.7, 4.9, 4.9, 5.5, 4.1, 2.3, 5.5, 5.5, 7.2, 4.8, 4.3, 7.3, 1.0, 3.9, 4.0, 3.7, 4.3, 4.2, 9.0, 6.1, 5.8, 6.8, 5.5, 4.0, 3.8, 3.9, 3.8, 3.1, 2.4, 2.7, 6.7, 4.2, 5.4, 5.6, 4.4, 7.6, 4.0, 5.2, 2.6, 2.3, 4.0, 2.3, 8.9, 4.8, 3.2, 4.4, 8.2, 5.3, 2.7, 7.2, 7.3, 3.2, 6.3, 5.8, 3.5, 5.4, 7.9, 4.1, 6.0, 4.5, 6.7, 5.0, 2.8, 4.2, 3.5, 4.2, 3.6]
loss_list=[1.949351176950667, 1.5435968987147013, 1.2244549093974966, 1.0347752385007012, 0.934476373742024, 0.8794431266768111, 0.8421355900168419, 0.7666040508614648, 0.9347582161669724, 1.0932013765308595, 0.7965961400419475, 0.7456395488894647, 0.6914794347129968, 0.7827708485073203, 0.6789431867831283, 0.7818685883265507, 0.7159743155207898, 0.6519132015522984, 0.626878591534785, 0.7462913919902511, 0.6186650132429269, 0.6571799692884087, 0.5484257735787993, 0.6739957348492721, 0.6053389623807743, 0.7110159732411719, 0.5819074675896102, 0.5510954988630127, 0.5912456909336874, 0.4860944233383311, 0.5761120208267432, 0.5157770465137178, 0.4513900923807846, 0.5082875899565665, 0.47719874095973663, 0.46417319866666945, 0.44768646037490634, 0.406891378786984, 0.4335507075982686, 0.39443487214454875, 0.4515553012460522, 0.3956654559604875, 0.3385450890884062, 0.4204339640652244, 0.38903563096498445, 0.39781613300108204, 0.42647211973542465, 0.37609739511610124, 0.3707571458781603, 0.3351130067143822, 0.3681304401218786, 0.3307013782873077, 0.23918820231396243, 0.31868349301357135, 0.4071512686428225, 0.30293025618367314, 0.3112944686301569, 0.3541569558846661, 0.26486894404748457, 0.27076887611978845, 0.2753132176483309, 0.2354281774244737, 0.21862765681017968, 0.2514829099132395, 0.3353559036431964, 0.15966690225591365, 0.2457701664083611, 0.25889118498773317, 0.19231515595676482, 0.22554295281899003, 0.2345155369178004, 0.17771134705923033, 0.17191927791582806, 0.19548872580570686, 0.24101200178614815, 0.17582625148300493, 0.17985633604736198, 0.1552394780331977, 0.1889785207797993, 0.11949482217817502, 0.22881406246678024, 0.2045017814564117, 0.1292916140614155, 0.09995796747981028, 0.1638840676568604, 0.133971012353011, 0.12340349950248815, 0.14805612074845056, 0.09700959370895161, 0.102095203043492, 0.12123939178398965, 0.04880097900970011, 0.13187957874513814, 0.1392763731165582, 0.10017675739619235, 0.08279581300306342, 0.0770146895771096, 0.07081052468234297, 0.16869708408084177, 0.10564204027523778]
BBSR:22.43017553712519
ABSR:26.371985798750046
max acc:72.12
