======================================
    IID: 0
    Dataset: fashion_mnist
    Model: Mnist_CNN
    Model Init: None
    Aggregation Function: DABA
    Fraction NonIID: 0
    Long attack: 3
    Wide attack: 3
    Wide attack: trust
    Threshold reject: 0.5
    Threshold down: 0.0
    Attack method: dba
    Fraction of malicious agents: 30.0%
    Poison Frac: 0.2
    Backdoor From 7 to 2
    Attack Begin: 0
    Trigger Shape: square
    Type poisoning: 
    Trigger Position X: 0
    Trigger Position Y: 0
    Number of agents: 100
    Fraction of agents each turn: 30(30.0%)
    Local batch size: 50
    Local epoch: 3
    Client_LR: 0.01
    Client_Momentum: 0.9
    Global Rounds: 100
======================================
main_task_accuracy=[0, 63.380001068115234, 70.5199966430664, 74.2300033569336, 72.88999938964844, 74.93000030517578, 77.98999786376953, 76.30999755859375, 78.62000274658203, 79.30999755859375, 79.41000366210938, 76.08000183105469, 80.66999816894531, 80.72000122070312, 79.95999908447266, 78.4000015258789, 82.5, 74.5, 80.51000213623047, 83.08000183105469, 81.62000274658203, 82.51000213623047, 83.38999938964844, 83.37000274658203, 82.83999633789062, 77.2699966430664, 83.47000122070312, 82.9800033569336, 82.9800033569336, 84.4000015258789, 84.63999938964844, 83.86000061035156, 84.43000030517578, 82.94000244140625, 85.37999725341797, 85.19999694824219, 82.23999786376953, 84.77999877929688, 84.20999908447266, 85.54000091552734, 85.4000015258789, 86.51000213623047, 86.51000213623047, 85.91000366210938, 82.9800033569336, 85.80000305175781, 85.94999694824219, 81.33000183105469, 85.72000122070312, 87.05999755859375, 85.77999877929688, 85.95999908447266, 83.6500015258789, 87.16000366210938, 84.4000015258789, 84.37000274658203, 87.01000213623047, 84.2699966430664, 85.70999908447266, 83.9800033569336, 85.66999816894531, 83.58000183105469, 87.58000183105469, 87.0199966430664, 87.70999908447266, 85.0, 87.75, 83.25, 85.83000183105469, 88.06999969482422, 86.4800033569336, 87.2699966430664, 86.80999755859375, 86.6500015258789, 88.22000122070312, 82.86000061035156, 88.16000366210938, 85.94000244140625, 87.05000305175781, 88.11000061035156, 88.12000274658203, 88.83999633789062, 85.5, 88.31999969482422, 87.9800033569336, 83.26000213623047, 88.51000213623047, 85.3499984741211, 87.08999633789062, 88.76000213623047, 85.12000274658203, 88.68000030517578, 88.51000213623047, 87.36000061035156, 88.44999694824219, 87.41000366210938, 88.48999786376953, 87.9800033569336, 84.16000366210938, 88.19999694824219, 88.73999786376953]
backdoor_accuracy=[0, 0.0, 0.3, 34.8, 89.8, 99.9, 100.0, 100.0, 100.0, 100.0, 99.9, 100.0, 100.0, 100.0, 100.0, 100.0, 100.0, 100.0, 100.0, 100.0, 100.0, 100.0, 100.0, 100.0, 100.0, 100.0, 100.0, 100.0, 100.0, 100.0, 100.0, 100.0, 100.0, 100.0, 100.0, 100.0, 100.0, 100.0, 100.0, 100.0, 100.0, 100.0, 100.0, 100.0, 100.0, 100.0, 100.0, 100.0, 100.0, 100.0, 100.0, 100.0, 100.0, 100.0, 100.0, 100.0, 100.0, 100.0, 100.0, 100.0, 100.0, 100.0, 100.0, 100.0, 100.0, 100.0, 100.0, 100.0, 100.0, 100.0, 100.0, 100.0, 100.0, 100.0, 100.0, 100.0, 100.0, 100.0, 100.0, 100.0, 100.0, 100.0, 100.0, 100.0, 100.0, 100.0, 100.0, 100.0, 100.0, 100.0, 100.0, 100.0, 100.0, 100.0, 100.0, 100.0, 100.0, 100.0, 100.0, 100.0, 100.0]
loss_list=[1.3945339774092036, 0.8528996003170809, 0.6392944202378944, 0.6081102279325327, 0.5312562160055947, 0.5109205437341221, 0.48904486023993404, 0.48423979356884955, 0.43469580445714573, 0.40458443333843236, 0.4425631982722768, 0.43421597317275074, 0.40192556984860583, 0.41447889909700103, 0.3794750018252266, 0.3902618012011604, 0.36451994748441147, 0.4151045974619963, 0.3897214643381261, 0.33780657914294676, 0.3849620917536043, 0.3574393692409137, 0.34236508693408096, 0.3595375415144696, 0.36928883094202597, 0.3159645476240526, 0.3425924624730316, 0.3218064940707, 0.3467141551551996, 0.3179103534358243, 0.32132184652404655, 0.3334887508475395, 0.28835633181863357, 0.3478846517081062, 0.3192529897860906, 0.29131439709690987, 0.35899026542557066, 0.3349606447335746, 0.29940196115661544, 0.28869211517826276, 0.30566416801884777, 0.29805963883107456, 0.2518754730346026, 0.2976438953920647, 0.31550918666438915, 0.28528779597297593, 0.29502362700834595, 0.3306077715078438, 0.2829759342251001, 0.2544466543537392, 0.2943425004818926, 0.29557366068647417, 0.2617231181270822, 0.2694070398911006, 0.30054579093983325, 0.25243925273901335, 0.2911554497304476, 0.2884782692365762, 0.27378058881602363, 0.2577118002947557, 0.2842653155637284, 0.2672708235370616, 0.25650333910490625, 0.25892542557169995, 0.2726270511384226, 0.25813683653767744, 0.24001106226954744, 0.26530831990142667, 0.2605277390012311, 0.2340816473674581, 0.27486692772902277, 0.2571787485921824, 0.236844173449747, 0.2556188703894063, 0.2326518258381704, 0.26626548293839997, 0.23567014440066283, 0.26788247562427486, 0.23447823565177345, 0.21514914371590646, 0.23724940757577617, 0.238112385460624, 0.23020397788603547, 0.2287717126068418, 0.21899664286800002, 0.22916694677745303, 0.23630108183629256, 0.2536187788919994, 0.21656299734453635, 0.1972189832444268, 0.24547572264413317, 0.22740803706045773, 0.22120598490625895, 0.23578147601370736, 0.2511414853493787, 0.20744961932974143, 0.19545105082258862, 0.23164624268258058, 0.22562588744072457, 0.19757676450535655]
BBSR:100.0
ABSR:100.0
max acc:88.74
