======================================
    IID: 0
    Dataset: fashion_mnist
    Model: Mnist_CNN
    Model Init: None
    Aggregation Function: DABA
    Fraction NonIID: 0
    Long attack: 3
    Wide attack: 3
    Wide attack: trust
    Threshold reject: 0.5
    Threshold down: 0.0
    Attack method: badnet
    Fraction of malicious agents: 20.0%
    Poison Frac: 0.2
    Backdoor From 7 to 2
    Attack Begin: 0
    Trigger Shape: square
    Type poisoning: cs
    Trigger Position X: 0
    Trigger Position Y: 0
    Number of agents: 100
    Fraction of agents each turn: 30(30.0%)
    Local batch size: 50
    Local epoch: 3
    Client_LR: 0.01
    Client_Momentum: 0.9
    Global Rounds: 100
======================================
main_task_accuracy=[0, 61.279998779296875, 73.38999938964844, 74.1500015258789, 77.44999694824219, 76.22000122070312, 79.2300033569336, 78.76000213623047, 70.94000244140625, 77.76000213623047, 81.0199966430664, 81.30999755859375, 80.18000030517578, 81.94000244140625, 81.87999725341797, 82.29000091552734, 79.95999908447266, 78.43000030517578, 76.44000244140625, 82.01000213623047, 83.20999908447266, 83.05000305175781, 80.37000274658203, 84.1500015258789, 82.52999877929688, 80.12999725341797, 82.7699966430664, 85.33000183105469, 83.91000366210938, 81.05000305175781, 84.79000091552734, 85.19000244140625, 84.58000183105469, 84.2300033569336, 86.25, 79.23999786376953, 85.05999755859375, 82.93000030517578, 85.08000183105469, 85.91999816894531, 85.18000030517578, 85.02999877929688, 86.44000244140625, 85.95999908447266, 86.08000183105469, 85.2699966430664, 86.16999816894531, 86.75, 86.12999725341797, 85.63999938964844, 85.75, 84.97000122070312, 86.36000061035156, 84.51000213623047, 87.4800033569336, 86.7699966430664, 87.66999816894531, 83.72000122070312, 86.31999969482422, 87.56999969482422, 87.25, 82.55999755859375, 87.5199966430664, 86.16999816894531, 86.61000061035156, 86.61000061035156, 86.9800033569336, 87.37999725341797, 86.62000274658203, 87.37000274658203, 86.22000122070312, 86.91000366210938, 85.4000015258789, 88.1500015258789, 88.02999877929688, 86.79000091552734, 87.7300033569336, 86.9800033569336, 87.80999755859375, 87.16999816894531, 88.58000183105469, 86.7699966430664, 87.76000213623047, 87.30999755859375, 88.23999786376953, 86.1500015258789, 88.05999755859375, 83.73999786376953, 87.4000015258789, 86.91999816894531, 87.55000305175781, 88.47000122070312, 88.68000030517578, 88.43000030517578, 88.08999633789062, 86.66999816894531, 88.66000366210938, 84.16000366210938, 87.86000061035156, 88.33999633789062, 87.91000366210938]
backdoor_accuracy=[0, 0.2, 0.0, 0.0, 8.1, 18.3, 65.9, 50.7, 0.2, 96.8, 99.8, 99.8, 100.0, 100.0, 100.0, 100.0, 100.0, 100.0, 100.0, 100.0, 100.0, 100.0, 100.0, 100.0, 100.0, 100.0, 100.0, 100.0, 100.0, 100.0, 100.0, 100.0, 100.0, 100.0, 100.0, 100.0, 100.0, 100.0, 100.0, 100.0, 100.0, 100.0, 100.0, 100.0, 100.0, 100.0, 100.0, 100.0, 100.0, 100.0, 100.0, 100.0, 100.0, 100.0, 100.0, 100.0, 100.0, 100.0, 100.0, 100.0, 100.0, 100.0, 100.0, 100.0, 100.0, 100.0, 100.0, 100.0, 100.0, 100.0, 100.0, 100.0, 100.0, 100.0, 100.0, 100.0, 100.0, 100.0, 100.0, 100.0, 100.0, 100.0, 100.0, 100.0, 100.0, 100.0, 100.0, 100.0, 100.0, 100.0, 100.0, 100.0, 100.0, 100.0, 100.0, 100.0, 100.0, 100.0, 100.0, 100.0, 100.0]
loss_list=[1.4525660586025981, 0.8191794450222342, 0.6367163390335109, 0.5204559992033022, 0.49161216288942977, 0.44379931732805245, 0.4676295288459019, 0.47004541232492086, 0.4598801439559018, 0.41923514756339564, 0.4061150997601174, 0.3870341995179102, 0.37044521136968217, 0.3965085363532935, 0.38942895079790446, 0.3869635729257155, 0.3701827706493161, 0.38257554785382974, 0.3811384500176819, 0.36345103326150124, 0.35638697644074757, 0.36828881868126767, 0.3407408974788808, 0.3261630941423829, 0.3417311219084594, 0.33677196021157274, 0.3340498483843274, 0.3248824846551373, 0.3591394849776945, 0.30120880582059417, 0.3171923260238988, 0.3156532806861732, 0.3073588848562428, 0.3120505014296483, 0.30955717682286543, 0.3358348108897054, 0.31214292244295827, 0.32107413741242563, 0.2951478245564634, 0.28914013839913183, 0.3044766369551696, 0.27072097061167427, 0.2849693195238985, 0.28893141227049957, 0.281152807003646, 0.2860901784324259, 0.2721999786587225, 0.28290503931197303, 0.30511375837269483, 0.2783384706894004, 0.2806205434552222, 0.26644236905224344, 0.28504623741911794, 0.2600123151619401, 0.2518031852388824, 0.25608956596158716, 0.27609662667813684, 0.26920475969091057, 0.24398719189792045, 0.23209608986421865, 0.276314274587289, 0.27676966369014094, 0.25074443101400024, 0.2599975438167652, 0.2415110363021355, 0.23841108158230784, 0.2365003222444405, 0.2378218401568355, 0.2306868911030944, 0.23651466738363655, 0.23743513386041207, 0.2593957514213226, 0.2338314483925286, 0.23247185452772232, 0.23473140967802866, 0.24681060126361745, 0.2531023337316044, 0.24350990153228244, 0.2317442033284655, 0.23641435686257423, 0.2384144476701126, 0.23912166939461954, 0.213035006971202, 0.23867468276337067, 0.22576036067782998, 0.22441129831217782, 0.24797289298019473, 0.24167360751889652, 0.2428032402587295, 0.20176215728882838, 0.20621331707419205, 0.1901555249174298, 0.2082261580680669, 0.2143010622623411, 0.20254008883644867, 0.22389898147192538, 0.2270038889686542, 0.24132985872802915, 0.20808816961599172, 0.22536153049139235]
BBSR:100.0
ABSR:100.0
max acc:88.68
