======================================
    IID: 1
    Dataset: cifar
    Model: resnet
    Model Init: None
    Aggregation Function: fltrust
    Fraction NonIID: 0
    Long attack: 3
    Wide attack: 3
    Wide attack: trust
    Threshold reject: 0.5
    Threshold down: 0.0
    Attack method: badnet
    Fraction of malicious agents: 30.0%
    Poison Frac: 0.2
    Backdoor From 7 to 2
    Attack Begin: 0
    Trigger Shape: square
    Type poisoning: 
    Trigger Position X: 0
    Trigger Position Y: 0
    Number of agents: 100
    Fraction of agents each turn: 30(30.0%)
    Local batch size: 50
    Local epoch: 3
    Client_LR: 0.01
    Client_Momentum: 0.9
    Global Rounds: 100
    Dataset In Server: 200
======================================
main_task_accuracy=[0, 10.0, 11.710000038146973, 12.1899995803833, 16.40999984741211, 22.899999618530273, 29.559999465942383, 35.619998931884766, 41.310001373291016, 46.119998931884766, 47.88999938964844, 51.189998626708984, 50.650001525878906, 52.81999969482422, 56.290000915527344, 56.97999954223633, 58.779998779296875, 58.91999816894531, 59.97999954223633, 61.099998474121094, 61.81999969482422, 60.119998931884766, 61.4900016784668, 61.16999816894531, 61.970001220703125, 62.900001525878906, 62.41999816894531, 64.23999786376953, 64.66000366210938, 65.0199966430664, 64.87999725341797, 65.91999816894531, 65.30999755859375, 66.5199966430664, 66.30999755859375, 66.27999877929688, 66.86000061035156, 67.45999908447266, 67.69999694824219, 68.25, 67.94999694824219, 68.0199966430664, 68.48999786376953, 68.08000183105469, 68.26000213623047, 69.16999816894531, 68.87000274658203, 69.16000366210938, 69.33999633789062, 69.20999908447266, 69.66999816894531, 69.62000274658203, 68.37000274658203, 69.06999969482422, 70.01000213623047, 69.7699966430664, 69.69000244140625, 70.54000091552734, 70.16999816894531, 70.69000244140625, 70.4000015258789, 70.13999938964844, 70.6500015258789, 70.62999725341797, 70.63999938964844, 70.58000183105469, 70.05999755859375, 70.97000122070312, 71.05000305175781, 70.62000274658203, 71.1500015258789, 72.36000061035156, 71.44999694824219, 72.22000122070312, 72.12000274658203, 70.3499984741211, 71.83999633789062, 71.55000305175781, 70.6500015258789, 72.37999725341797, 72.58999633789062, 71.73999786376953, 72.8499984741211, 72.7699966430664, 71.4000015258789, 72.26000213623047, 72.33000183105469, 70.83000183105469, 72.12000274658203, 72.66999816894531, 71.54000091552734, 71.93000030517578, 72.0999984741211, 71.36000061035156, 70.02999877929688, 72.95999908447266, 71.11000061035156, 72.56999969482422, 71.29000091552734, 73.2300033569336, 72.52999877929688]
backdoor_accuracy=[0, 0.0, 18.2, 32.6, 16.9, 16.3, 13.2, 12.3, 10.6, 8.0, 3.5, 4.7, 9.5, 10.8, 6.1, 7.7, 6.9, 4.2, 6.7, 7.3, 4.8, 9.0, 8.8, 4.0, 10.0, 10.8, 2.1, 5.7, 5.5, 8.1, 5.0, 7.7, 11.5, 7.2, 6.5, 5.6, 7.8, 6.7, 4.0, 4.9, 5.0, 3.7, 6.2, 5.5, 2.0, 3.6, 3.7, 4.2, 3.5, 4.1, 5.4, 5.3, 5.4, 5.4, 4.4, 4.1, 1.9, 3.8, 3.5, 3.6, 2.8, 6.4, 3.7, 2.8, 3.2, 2.9, 1.2, 2.2, 3.6, 2.6, 4.7, 3.4, 2.8, 2.3, 3.0, 3.5, 2.1, 1.9, 2.6, 1.6, 2.9, 2.6, 2.0, 2.2, 2.9, 1.7, 3.3, 5.2, 3.4, 2.0, 2.5, 1.7, 1.3, 3.9, 1.4, 3.0, 4.3, 5.2, 2.3, 4.2, 3.3]
loss_list=[1.9962999746534558, 1.6075197960270777, 1.2555423469675913, 1.0687176065974764, 0.9749202014837002, 0.8925196948150795, 0.8208310665852494, 0.7704208663271532, 0.7417701250894203, 0.7413928959228926, 0.6841521584118401, 0.7645409342894953, 0.8196606757160688, 0.6385715893537012, 0.7084310214221479, 0.5828095370282731, 0.5800376507308748, 0.6789049409578245, 0.6185389344518382, 0.512281729625538, 0.6198818437532626, 0.6632183377113606, 0.5292931636469438, 0.5528196667652164, 0.6186328549191562, 0.45287112415548325, 0.6528491597829594, 0.4673575060901284, 0.48718151138655635, 0.4432299736926021, 0.5501989004616109, 0.4697148766355692, 0.45169406843824417, 0.4210780246545457, 0.36361106606316757, 0.49139923185213574, 0.4723622605709048, 0.37395729292934354, 0.45204876950612133, 0.41886581218516866, 0.3981440205692261, 0.3466094906403062, 0.36058051196741875, 0.32788982494009866, 0.3705242438011596, 0.36841686716212674, 0.28722084521574687, 0.3223325554289881, 0.26742039129137996, 0.308375148780825, 0.3657192079358438, 0.30071919299726796, 0.3176679743980316, 0.3672918615443633, 0.2914042025836857, 0.278909149080282, 0.2939033227644136, 0.23405239826074756, 0.24520769458749173, 0.28744319597770096, 0.2074131423917909, 0.28991161500106993, 0.24575803595239346, 0.28837740053067035, 0.25829022436739046, 0.2250744558919946, 0.22387567791880833, 0.2371375528869814, 0.20958095069664223, 0.19626671763887213, 0.24507592364004172, 0.22051587716676294, 0.15630762445436427, 0.1891829032632005, 0.13822967781284307, 0.19232835526649267, 0.127562894043836, 0.21074689307075464, 0.14609460935973198, 0.20561198252563676, 0.164815235096515, 0.13935612102517755, 0.15863370773560342, 0.144379320942648, 0.13031917243652666, 0.13749861864929294, 0.13142226585668848, 0.1132549515459363, 0.09672258376373467, 0.1023537736450736, 0.10954666972787688, 0.11505090049377435, 0.10902225071674265, 0.10211260956307847, 0.09783808397737127, 0.06804959983509938, 0.12095466975976406, 0.1146727695533385, 0.11151757511588385, 0.09134696875582451]
BBSR:31.779126020980602
ABSR:34.06949901987562
max acc:73.23
