======================================
    IID: 1
    Dataset: cifar
    Model: resnet
    Model Init: None
    Aggregation Function: avg
    Fraction NonIID: 0
    Long attack: 3
    Wide attack: 3
    Wide attack: trust
    Threshold reject: 0.5
    Threshold down: 0.0
    Attack method: dba
    Fraction of malicious agents: 20.0%
    Poison Frac: 0.2
    Backdoor From 7 to 2
    Attack Begin: 0
    Trigger Shape: square
    Type poisoning: 
    Trigger Position X: 0
    Trigger Position Y: 0
    Number of agents: 100
    Fraction of agents each turn: 30(30.0%)
    Local batch size: 50
    Local epoch: 3
    Client_LR: 0.01
    Client_Momentum: 0.9
    Global Rounds: 100
======================================
main_task_accuracy=[0, 10.09000015258789, 20.649999618530273, 43.83000183105469, 44.779998779296875, 51.290000915527344, 53.43000030517578, 58.040000915527344, 58.970001220703125, 60.790000915527344, 61.91999816894531, 62.470001220703125, 64.04000091552734, 64.37000274658203, 65.13999938964844, 65.55999755859375, 66.12999725341797, 67.01000213623047, 66.72000122070312, 66.68000030517578, 68.6500015258789, 67.55000305175781, 68.6500015258789, 68.81999969482422, 69.11000061035156, 70.1500015258789, 69.41999816894531, 70.02999877929688, 70.44000244140625, 70.54000091552734, 71.0199966430664, 71.66000366210938, 71.80999755859375, 71.87999725341797, 71.95999908447266, 72.19999694824219, 73.22000122070312, 72.41999816894531, 72.72000122070312, 72.5199966430664, 73.05999755859375, 72.29000091552734, 72.86000061035156, 72.97000122070312, 72.70999908447266, 73.44999694824219, 73.31999969482422, 73.55999755859375, 73.5999984741211, 73.72000122070312, 73.55000305175781, 73.5199966430664, 73.62000274658203, 73.26000213623047, 73.31999969482422, 73.12000274658203, 73.16999816894531, 73.19000244140625, 73.12000274658203, 73.16999816894531, 73.19000244140625, 73.19999694824219, 73.30999755859375, 73.04000091552734, 73.02999877929688, 72.88999938964844, 73.12999725341797, 73.11000061035156, 73.08000183105469, 72.94999694824219, 72.94999694824219, 73.0199966430664, 72.98999786376953, 72.93000030517578, 72.9800033569336, 72.7699966430664, 72.94999694824219, 73.05000305175781, 72.94999694824219, 72.9000015258789, 72.94000244140625, 72.91999816894531, 72.8499984741211, 72.79000091552734, 72.83999633789062, 72.73999786376953, 72.66999816894531, 72.62999725341797, 72.76000213623047, 72.66999816894531, 72.6500015258789, 72.56999969482422, 72.61000061035156, 72.62000274658203, 72.5999984741211, 72.81999969482422, 72.7699966430664, 72.79000091552734, 72.91000366210938, 72.83000183105469, 72.76000213623047]
backdoor_accuracy=[0, 0.0, 23.5, 6.4, 4.5, 7.0, 8.2, 5.7, 3.6, 5.2, 5.1, 4.1, 2.2, 3.9, 1.9, 2.3, 2.3, 1.9, 2.0, 2.0, 1.7, 1.8, 3.7, 2.1, 2.1, 1.9, 3.5, 1.8, 2.7, 2.3, 2.1, 2.9, 2.5, 1.5, 3.2, 3.4, 4.4, 2.9, 3.1, 3.4, 4.1, 2.7, 4.8, 3.3, 4.0, 3.5, 5.4, 2.6, 3.9, 3.5, 2.8, 3.9, 3.9, 3.0, 3.9, 3.6, 3.3, 3.5, 3.5, 4.2, 3.7, 3.8, 3.3, 3.5, 3.6, 3.7, 3.7, 4.0, 4.6, 4.0, 3.9, 3.3, 3.8, 3.2, 4.2, 4.3, 3.5, 3.9, 3.6, 4.2, 4.3, 4.1, 4.2, 4.0, 4.1, 4.4, 4.3, 4.5, 4.5, 4.4, 4.2, 4.3, 4.4, 4.2, 4.4, 4.4, 4.4, 4.3, 4.5, 4.5, 4.3]
loss_list=[1.9774028481377497, 1.5618364965915676, 1.1386611479189663, 0.9593301260140207, 0.773144244460596, 0.6925619780023894, 0.6160028985473843, 0.5548326078347035, 0.511093831025064, 0.5068191011726026, 0.4422161490408082, 0.41140739317983394, 0.383832495438142, 0.38289746173967915, 0.34463718338869515, 0.39289796191578114, 0.2776720096264034, 0.3277311548611357, 0.2963440447352413, 0.2771530167629115, 0.2631054442950214, 0.2173088223849319, 0.2001431847632759, 0.22054465351962593, 0.19821585273137313, 0.19904960120109733, 0.20219675364024522, 0.21108447680146333, 0.16890031119420507, 0.1409644941312985, 0.1595099607247135, 0.16593160065214352, 0.1546898407323493, 0.13459826357429844, 0.07633462590721643, 0.0906401801754772, 0.05341988359836656, 0.08750549673439108, 0.08460571678070768, 0.0674304539651429, 0.07670348995125906, 0.08666384174643707, 0.03293763325297429, 0.04730303798734289, 0.04135742169099911, 0.027997661387360286, 0.04337073166738264, 0.04407076901710954, 0.02875979704015966, 0.03259505319173008, 0.008875925792930906, 0.018985986904655066, 0.018689654767189902, 0.00711275651863414, 0.010312278992431756, 0.011965384116532123, 0.012723291125407238, 0.004669482040400098, 0.004739506393994412, 0.011188062820438065, 0.009658506607358706, 0.00620213631847744, 0.0032060440434725024, 0.002212124839635281, 0.002455850504096209, 0.002234110576003635, 0.0037810331000784777, 0.0026834986493081995, 0.0016938308591973811, 0.0020268071695884126, 0.005931838335867118, 0.0019593580872363714, 0.003687948329186637, 0.0019204930030779603, 0.0023257229135843866, 0.003266443264276151, 0.0016235660402162462, 0.0015359057995212627, 0.0012630875649564488, 0.001963120879615114, 0.002070491966943438, 0.001059301924582946, 0.0027922123189556367, 0.0010074890552803281, 0.0008307081693136652, 0.0009239914183934969, 0.0026085467555256206, 0.0009558619893747772, 0.0007531952658286577, 0.002325906763330244, 0.000800007704512811, 0.0007999394139025956, 0.0008584799962894369, 0.0007878056840531323, 0.0009967814592770688, 0.0006801602269842987, 0.001416128717820457, 0.004481723867647816, 0.0008446018587144661, 0.0007369624909996572]
BBSR:4.5
ABSR:4.37
max acc:72.91
