======================================
    IID: 0
    Dataset: fashion_mnist
    Model: Mnist_CNN
    Model Init: None
    Aggregation Function: flame
    Fraction NonIID: 0
    Long attack: 3
    Wide attack: 3
    Wide attack: trust
    Threshold reject: 0.5
    Threshold down: 0.0
    Attack method: dba
    Fraction of malicious agents: 20.0%
    Poison Frac: 0.2
    Backdoor From 7 to 2
    Attack Begin: 0
    Trigger Shape: square
    Type poisoning: 
    Trigger Position X: 0
    Trigger Position Y: 0
    Number of agents: 100
    Fraction of agents each turn: 30(30.0%)
    Local batch size: 50
    Local epoch: 3
    Client_LR: 0.01
    Client_Momentum: 0.9
    Global Rounds: 100
    Noise in FLAME: 0.001
proportion of malicious are selected:0.7333333333333333
proportion of benign are selected:0.4895833333333333
======================================
main_task_accuracy=[0, 57.65999984741211, 72.29000091552734, 75.0199966430664, 77.5199966430664, 78.19000244140625, 79.05999755859375, 80.30999755859375, 81.41000366210938, 80.93000030517578, 81.7699966430664, 82.55999755859375, 82.5, 83.31999969482422, 83.70999908447266, 83.72000122070312, 83.98999786376953, 84.61000061035156, 84.68000030517578, 84.83000183105469, 84.88999938964844, 85.08999633789062, 85.06999969482422, 85.37000274658203, 85.7300033569336, 85.66999816894531, 85.58999633789062, 85.87000274658203, 85.94999694824219, 85.5, 86.05000305175781, 86.4000015258789, 86.33000183105469, 86.2699966430664, 87.05999755859375, 86.5199966430664, 86.33000183105469, 87.0, 87.0999984741211, 86.36000061035156, 87.01000213623047, 87.3499984741211, 87.12999725341797, 87.30999755859375, 87.51000213623047, 87.2300033569336, 87.29000091552734, 87.44999694824219, 87.72000122070312, 86.83999633789062, 87.94000244140625, 87.94999694824219, 87.44999694824219, 87.94999694824219, 88.12000274658203, 87.72000122070312, 87.52999877929688, 88.30999755859375, 88.44999694824219, 87.62999725341797, 88.47000122070312, 88.22000122070312, 88.16999816894531, 88.22000122070312, 88.33999633789062, 88.13999938964844, 88.5, 88.55999755859375, 88.70999908447266, 87.69000244140625, 88.61000061035156, 88.9000015258789, 88.31999969482422, 88.44000244140625, 88.94999694824219, 88.80000305175781, 88.55000305175781, 88.68000030517578, 88.69999694824219, 88.3499984741211, 89.0199966430664, 88.9800033569336, 88.68000030517578, 88.81999969482422, 89.05999755859375, 88.91000366210938, 88.55000305175781, 88.97000122070312, 89.04000091552734, 88.93000030517578, 89.08000183105469, 89.30000305175781, 88.69000244140625, 89.1500015258789, 89.16999816894531, 89.04000091552734, 88.9800033569336, 89.30999755859375, 89.38999938964844, 89.12000274658203, 89.26000213623047]
backdoor_accuracy=[0, 0.0, 0.0, 0.0, 0.1, 0.0, 0.1, 49.0, 68.6, 90.8, 96.5, 99.7, 99.4, 99.7, 99.8, 99.8, 99.8, 99.8, 99.8, 99.8, 99.9, 100.0, 100.0, 100.0, 100.0, 100.0, 100.0, 100.0, 100.0, 100.0, 100.0, 100.0, 100.0, 100.0, 100.0, 100.0, 100.0, 100.0, 100.0, 100.0, 100.0, 100.0, 100.0, 100.0, 100.0, 100.0, 100.0, 100.0, 100.0, 100.0, 100.0, 100.0, 100.0, 100.0, 100.0, 100.0, 100.0, 100.0, 100.0, 100.0, 100.0, 100.0, 100.0, 100.0, 100.0, 100.0, 100.0, 100.0, 100.0, 100.0, 100.0, 100.0, 100.0, 100.0, 100.0, 100.0, 100.0, 100.0, 100.0, 100.0, 100.0, 100.0, 100.0, 100.0, 100.0, 100.0, 100.0, 100.0, 100.0, 100.0, 100.0, 100.0, 100.0, 100.0, 100.0, 100.0, 100.0, 100.0, 100.0, 100.0, 100.0]
loss_list=[1.3990767402505435, 0.8754057028503328, 0.6218872603580906, 0.5156558754957384, 0.51919197830613, 0.49816392729817716, 0.4408481953596627, 0.45120889352703525, 0.43656674117125854, 0.4100484036323096, 0.3992653839497103, 0.40915914957446053, 0.4036751112935168, 0.3761702461651078, 0.387858172547486, 0.3970213498989189, 0.32918084778098605, 0.3315155805571487, 0.3436357701335239, 0.3133148923861208, 0.33516373895798574, 0.3574721579577912, 0.348346424513255, 0.30975942196048517, 0.3120605972802474, 0.334686932598965, 0.3013312649671678, 0.29437275616866015, 0.3424856978572076, 0.32080664531224307, 0.3271403488254658, 0.31429880349034517, 0.3322077857675376, 0.29958884375411315, 0.3217010630329174, 0.3148140436452296, 0.2929336051077201, 0.2857174391720306, 0.3074427027703713, 0.3119102856592723, 0.29257248762512095, 0.2945000166832298, 0.2872752849667988, 0.26133761004182615, 0.27758344069675167, 0.2969460195620303, 0.25688686129050675, 0.2648588246251974, 0.2961701099174442, 0.2727978752822512, 0.2654139630410268, 0.28075593073886856, 0.2699742589180392, 0.2454107650486683, 0.2828696215214828, 0.271970976461415, 0.26475205112731576, 0.27060583045499187, 0.2641715860304733, 0.2516769991687465, 0.2554322204983759, 0.285316367616394, 0.254105348267627, 0.26620492074742086, 0.26058682025306756, 0.23907551604357588, 0.2273603240097011, 0.2588615003076416, 0.2691219216247124, 0.27129387034758656, 0.23787607949710005, 0.22500500233016077, 0.26174045217878844, 0.237052682558661, 0.2301164264221572, 0.2498030506505597, 0.22037089237839816, 0.24036076768404904, 0.2541558521109874, 0.22701583109339016, 0.2350161873097359, 0.25508520223321046, 0.22810820609037935, 0.2175665687907625, 0.2424074026738742, 0.26518839004932454, 0.23642917537923766, 0.23307188160424291, 0.25123479871113824, 0.21541040948143717, 0.2201215708654167, 0.24546975949779154, 0.25391103370391105, 0.24050964860211096, 0.23105479256870845, 0.23117226807883492, 0.19760131931656763, 0.22857612756563836, 0.20815998741460068, 0.2237431598585789]
BBSR:100.0
ABSR:100.0
max acc:89.39
