======================================
    IID: 0
    Dataset: mnist
    Model: Mnist_CNN
    Model Init: None
    Aggregation Function: RLR
    Fraction NonIID: 0
    Long attack: 3
    Wide attack: 3
    Wide attack: trust
    Threshold reject: 0.5
    Threshold down: 0.0
    Attack method: badnet
    Fraction of malicious agents: 20.0%
    Poison Frac: 0.2
    Backdoor From 7 to 2
    Attack Begin: 0
    Trigger Shape: square
    Type poisoning: 
    Trigger Position X: 0
    Trigger Position Y: 0
    Number of agents: 100
    Fraction of agents each turn: 30(30.0%)
    Local batch size: 50
    Local epoch: 3
    Client_LR: 0.01
    Client_Momentum: 0.9
    Global Rounds: 100
    RobustLR_threshold: 4
======================================
main_task_accuracy=[0, 38.0, 44.83000183105469, 43.869998931884766, 58.84000015258789, 72.06999969482422, 68.48999786376953, 74.87000274658203, 80.30999755859375, 86.62999725341797, 91.06999969482422, 81.01000213623047, 81.68000030517578, 83.1500015258789, 81.41000366210938, 90.2300033569336, 88.33999633789062, 93.86000061035156, 94.54000091552734, 93.94999694824219, 92.79000091552734, 94.58000183105469, 93.31999969482422, 93.01000213623047, 92.05000305175781, 93.41000366210938, 94.29000091552734, 91.69999694824219, 95.63999938964844, 96.11000061035156, 94.2300033569336, 95.86000061035156, 96.06999969482422, 96.02999877929688, 93.4000015258789, 95.98999786376953, 93.5999984741211, 96.5, 94.80999755859375, 95.70999908447266, 94.22000122070312, 95.58999633789062, 95.2300033569336, 94.7699966430664, 96.26000213623047, 96.16000366210938, 95.81999969482422, 94.95999908447266, 95.94999694824219, 97.04000091552734, 97.0199966430664, 97.01000213623047, 96.6500015258789, 96.26000213623047, 96.83999633789062, 97.12000274658203, 96.87999725341797, 96.63999938964844, 97.08000183105469, 96.37000274658203, 96.04000091552734, 97.2699966430664, 96.56999969482422, 96.79000091552734, 96.9000015258789, 96.66000366210938, 96.33000183105469, 96.4000015258789, 96.66000366210938, 96.5999984741211, 97.48999786376953, 97.08000183105469, 95.83999633789062, 96.97000122070312, 97.30999755859375, 97.1500015258789, 97.4000015258789, 97.08999633789062, 96.76000213623047, 95.19999694824219, 96.08999633789062, 96.7699966430664, 96.19000244140625, 96.66000366210938, 97.4800033569336, 97.41000366210938, 97.41999816894531, 96.66000366210938, 97.22000122070312, 97.20999908447266, 97.30000305175781, 97.45999908447266, 97.69000244140625, 97.0999984741211, 97.05000305175781, 96.27999877929688, 97.5199966430664, 97.25, 96.98999786376953, 96.87000274658203, 96.12999725341797]
backdoor_accuracy=[0, 2.9182879377431905, 39.007782101167315, 0.0, 22.373540856031127, 5.933852140077821, 1.8482490272373542, 5.252918287937743, 7.003891050583658, 1.4591439688715953, 4.474708171206226, 0.6809338521400778, 11.284046692607005, 16.05058365758755, 4.474708171206226, 2.3346303501945527, 22.762645914396888, 3.7937743190661477, 3.404669260700389, 3.307392996108949, 6.906614785992218, 4.863813229571984, 3.9883268482490273, 3.404669260700389, 14.688715953307392, 5.447470817120623, 3.307392996108949, 1.4591439688715953, 6.614785992217898, 9.82490272373541, 7.198443579766537, 18.3852140077821, 17.607003891050585, 14.202334630350194, 6.22568093385214, 15.077821011673151, 2.7237354085603114, 13.618677042801556, 3.9883268482490273, 4.863813229571984, 16.439688715953306, 46.49805447470817, 46.69260700389105, 5.447470817120623, 5.642023346303502, 3.404669260700389, 36.38132295719844, 10.214007782101167, 54.961089494163424, 13.813229571984436, 30.058365758754864, 49.80544747081712, 42.31517509727627, 76.4591439688716, 76.84824902723736, 50.38910505836576, 48.44357976653696, 17.898832684824903, 19.357976653696497, 8.754863813229573, 74.22178988326849, 65.6614785992218, 72.47081712062257, 29.766536964980546, 28.988326848249027, 57.19844357976654, 15.17509727626459, 39.98054474708171, 93.3852140077821, 33.36575875486381, 56.42023346303502, 30.739299610894943, 71.78988326848248, 86.57587548638132, 90.36964980544747, 91.92607003891051, 91.34241245136187, 32.39299610894942, 79.37743190661479, 22.957198443579767, 33.85214007782101, 40.95330739299611, 95.52529182879377, 94.06614785992218, 90.07782101167315, 84.8249027237354, 95.52529182879377, 45.81712062256809, 95.8171206225681, 86.08949416342412, 92.21789883268482, 92.21789883268482, 86.86770428015564, 64.2023346303502, 57.87937743190661, 97.56809338521401, 89.88326848249027, 95.71984435797665, 84.53307392996109, 96.88715953307393, 70.62256809338521]
loss_list=[0.5063300500083842, 0.36128598971550413, 0.27430213052685964, 0.24832548623023834, 0.19798349340715798, 0.14611472593011068, 0.10581389768815064, 0.11462605294255811, 0.09383339519237519, 0.09667179510400592, 0.0968766288559568, 0.08667735243248584, 0.11738351480480104, 0.07908710752102607, 0.07861783535935571, 0.08075991461961954, 0.07866884165832218, 0.07496295122272019, 0.06402877706742022, 0.07045710175128764, 0.06351441312072317, 0.04953899287880123, 0.06962188953001959, 0.062119808081503795, 0.06305412601420118, 0.06328235949202536, 0.05191523196083658, 0.06045621356100875, 0.058637275845480494, 0.05615475435257135, 0.06963401444083701, 0.05608501908954137, 0.05102039611533734, 0.052024623977627776, 0.05447464896840911, 0.041233219227066215, 0.04818833341050517, 0.060211935711729295, 0.04911464800552402, 0.0492018113752857, 0.05296959929435876, 0.03686994018975993, 0.04269243234572347, 0.05600040472853636, 0.05043564704910231, 0.04400600272213427, 0.05465431966913852, 0.0497860439104347, 0.0499632446845457, 0.04285286605398523, 0.04649875109513649, 0.046783937725074956, 0.05677546713660598, 0.04365739866637323, 0.038616241324649817, 0.04082986603648462, 0.0459972187906051, 0.04650852837910283, 0.031699829669404815, 0.048383414677586715, 0.05172520244249524, 0.036111231621185666, 0.04005401522972426, 0.04635962883259266, 0.04975670561998716, 0.03554634141882935, 0.03322049925574832, 0.04059730764645428, 0.039343515760910656, 0.04343775144434194, 0.034458925926157444, 0.03531246285791168, 0.04564012083201171, 0.0375121595383816, 0.042067918781750493, 0.04037522224623095, 0.03558314051248426, 0.03425140322001085, 0.03585121684906636, 0.03871350537267473, 0.03914702396873085, 0.03618350115285234, 0.038312465047873334, 0.03682575615165385, 0.033665013943935146, 0.040867165375460715, 0.034040235204615306, 0.03465069019372655, 0.028198056697308828, 0.03061853497306077, 0.04385847477532956, 0.033446032487500374, 0.04576535704901145, 0.03602888415920009, 0.035923968632265775, 0.03613755162003904, 0.038210485588205306, 0.028661810231599024, 0.03480220830072821, 0.03190667241568583]
BBSR:97.57
ABSR:83.64
max acc:97.69
