======================================
    IID: 0
    Dataset: mnist
    Model: Mnist_CNN
    Model Init: None
    Aggregation Function: krum
    Fraction NonIID: 0
    Long attack: 3
    Wide attack: 3
    Wide attack: trust
    Threshold reject: 0.5
    Threshold down: 0.0
    Attack method: badnet
    Fraction of malicious agents: 13.0%
    Poison Frac: 0.2
    Backdoor From 7 to 2
    Attack Begin: 0
    Trigger Shape: square
    Type poisoning: pgd
    Trigger Position X: 0
    Trigger Position Y: 0
    Number of agents: 100
    Fraction of agents each turn: 30(30.0%)
    Local batch size: 50
    Local epoch: 3
    Client_LR: 0.01
    Client_Momentum: 0.9
    Global Rounds: 100
    Proportion of malicious are selected: 0.58
    Average score of malicious clients: 479.5282897949219
    Average score of benign clients: 613.0247802734375
======================================
main_task_accuracy=[0, 29.489999771118164, 34.22999954223633, 36.22999954223633, 48.33000183105469, 48.79999923706055, 55.900001525878906, 56.13999938964844, 56.63999938964844, 49.279998779296875, 24.15999984741211, 42.5099983215332, 59.040000915527344, 57.33000183105469, 53.869998931884766, 61.939998626708984, 21.299999237060547, 21.139999389648438, 31.709999084472656, 35.84000015258789, 21.1299991607666, 31.549999237060547, 41.779998779296875, 48.09000015258789, 21.139999389648438, 33.4900016784668, 43.54999923706055, 21.200000762939453, 35.130001068115234, 54.70000076293945, 66.13999938964844, 20.959999084472656, 48.7400016784668, 61.11000061035156, 15.4399995803833, 21.469999313354492, 30.8799991607666, 36.400001525878906, 39.119998931884766, 21.149999618530273, 32.38999938964844, 37.279998779296875, 32.880001068115234, 37.93000030517578, 23.040000915527344, 35.2400016784668, 34.439998626708984, 50.439998626708984, 45.849998474121094, 57.0099983215332, 59.099998474121094, 52.56999969482422, 51.45000076293945, 29.270000457763672, 45.41999816894531, 61.02000045776367, 55.54999923706055, 53.77000045776367, 63.72999954223633, 61.810001373291016, 46.869998931884766, 65.16000366210938, 70.33999633789062, 63.95000076293945, 62.880001068115234, 48.439998626708984, 59.7400016784668, 56.09000015258789, 48.369998931884766, 69.20999908447266, 67.70999908447266, 66.98999786376953, 69.16000366210938, 65.55000305175781, 64.43000030517578, 75.88999938964844, 48.77000045776367, 60.72999954223633, 69.63999938964844, 43.63999938964844, 61.2599983215332, 75.20999908447266, 62.56999969482422, 59.040000915527344, 76.45999908447266, 61.619998931884766, 74.02999877929688, 74.79000091552734, 71.37000274658203, 69.01000213623047, 74.55999755859375, 70.81999969482422, 69.69000244140625, 81.66999816894531, 73.08000183105469, 71.20999908447266, 78.3499984741211, 72.5999984741211, 73.4000015258789, 72.0199966430664, 69.5]
backdoor_accuracy=[0, 0.0, 0.0, 0.0, 3.9883268482490273, 0.09727626459143969, 82.58754863813229, 56.1284046692607, 24.31906614785992, 0.09727626459143969, 0.0, 0.0, 3.8910505836575875, 0.38910505836575876, 0.09727626459143969, 21.78988326848249, 0.0, 0.0, 0.0, 0.0, 0.0, 0.0, 0.0, 1.7509727626459144, 0.0, 32.490272373540854, 81.42023346303502, 5.739299610894942, 17.509727626459146, 63.81322957198444, 41.9260700389105, 2.529182879377432, 74.12451361867704, 65.85603112840467, 32.19844357976654, 0.0, 0.0, 0.0, 1.264591439688716, 0.0, 0.0, 2.3346303501945527, 1.0700389105058365, 7.392996108949417, 4.669260700389105, 0.09727626459143969, 0.0, 0.0, 0.0, 0.8754863813229572, 8.657587548638132, 6.517509727626459, 6.031128404669261, 5.3501945525291825, 10.700389105058365, 36.673151750972764, 23.832684824902724, 22.762645914396888, 35.40856031128405, 29.863813229571985, 23.346303501945524, 55.1556420233463, 50.09727626459144, 31.71206225680934, 31.1284046692607, 28.01556420233463, 61.18677042801556, 48.83268482490272, 43.09338521400778, 44.06614785992218, 41.63424124513619, 40.66147859922179, 61.08949416342413, 51.16731517509728, 49.5136186770428, 50.19455252918288, 0.0, 0.5836575875486382, 17.217898832684824, 6.22568093385214, 10.116731517509727, 15.85603112840467, 12.54863813229572, 11.381322957198444, 71.40077821011673, 43.3852140077821, 47.37354085603113, 47.27626459143969, 26.459143968871594, 22.17898832684825, 79.28015564202335, 65.1750972762646, 78.40466926070039, 74.5136186770428, 76.16731517509727, 75.4863813229572, 69.45525291828794, 70.03891050583658, 45.42801556420233, 50.4863813229572, 39.88326848249027]
loss_list=[0.5226895693624579, 0.751638660227694, 0.46191031984259906, 0.4397372464162592, 0.3636990833261914, 0.3898261127009858, 0.3718298738835412, 0.36902719584902316, 0.3391635595418788, 0.31931100584403893, 0.2992778181880239, 0.2601305378431874, 0.24031739951728043, 0.25145859748031224, 0.26819128331442343, 0.28030011406107824, 0.8355464665526319, 0.9362081341131029, 0.4138541693020718, 0.41260049410968397, 1.0571596484985737, 0.38241717073027254, 0.4258239628118384, 0.3937767689621914, 0.6406579615832185, 0.33626349069485595, 0.28012587212267487, 0.473904179777682, 0.3000206904677444, 0.26136690925979145, 0.1984463783241291, 0.4317130243128024, 0.2388207291160927, 0.21550947600563472, 0.5906877235256708, 1.0367913445063295, 0.5989635705145038, 0.4781097236663746, 0.3973050725920583, 0.7672085565880225, 0.49654408329092176, 0.4257432383704095, 0.44454023306956014, 0.3733533473533584, 0.47466034345422353, 0.37466828647599437, 0.4388336492927968, 0.2557853924839482, 0.41521733313593195, 0.30063118580380693, 0.2570917296214847, 0.2832659745669235, 0.3030958186322625, 0.4395478605457085, 0.25996595699366715, 0.21015432478146465, 0.21165122338027245, 0.23135249358788668, 0.2133757544761747, 0.22950673220413445, 0.2922924852809602, 0.2171910646549767, 0.16407148347442657, 0.20415640637469648, 0.20812346264828357, 0.25590024153987534, 0.17864373133413547, 0.1967545013954831, 0.23843104012358182, 0.18377575857915243, 0.18907428607591623, 0.21020017504844513, 0.1781580352191973, 0.192867466140218, 0.20533802733944787, 0.1667300111010288, 0.3072087343948092, 0.17601731788848163, 0.15831558481958713, 0.28699391880671415, 0.21401405369651177, 0.16929572323706119, 0.19716143826095547, 0.20401084635218758, 0.1591061874332761, 0.18703968449147484, 0.15408830005327603, 0.14565572116907152, 0.1686802334364157, 0.20715107109171244, 0.15385202652924748, 0.18628733315121046, 0.17439983879719248, 0.13700703636079156, 0.17603905271201714, 0.1724506022074628, 0.12539567905218402, 0.1597794929201928, 0.17401566746306282, 0.17188262343313074]
BBSR:78.4
ABSR:64.5
max acc:81.67
