======================================
    IID: 0
    Dataset: fashion_mnist
    Model: Mnist_CNN
    Model Init: None
    Aggregation Function: krum
    Fraction NonIID: 0
    Long attack: 3
    Wide attack: 3
    Wide attack: trust
    Threshold reject: 0.5
    Threshold down: 0.0
    Attack method: badnet
    Fraction of malicious agents: 13.0%
    Poison Frac: 0.2
    Backdoor From 7 to 2
    Attack Begin: 0
    Trigger Shape: square
    Type poisoning: pgd
    Trigger Position X: 0
    Trigger Position Y: 0
    Number of agents: 100
    Fraction of agents each turn: 30(30.0%)
    Local batch size: 50
    Local epoch: 3
    Client_LR: 0.01
    Client_Momentum: 0.9
    Global Rounds: 100
    Proportion of malicious are selected: 0.15
    Average score of malicious clients: 327.5068359375
    Average score of benign clients: 337.1619567871094
======================================
main_task_accuracy=[0, 56.189998626708984, 64.25, 66.01000213623047, 70.93000030517578, 74.6500015258789, 74.55000305175781, 73.12999725341797, 75.69000244140625, 76.66000366210938, 77.16999816894531, 77.7699966430664, 76.75, 79.36000061035156, 77.19999694824219, 75.9000015258789, 79.76000213623047, 79.55999755859375, 80.23999786376953, 78.6500015258789, 80.9000015258789, 81.33999633789062, 81.1500015258789, 79.75, 77.61000061035156, 80.47000122070312, 80.88999938964844, 81.27999877929688, 80.95999908447266, 82.04000091552734, 82.83999633789062, 79.36000061035156, 81.33000183105469, 82.05000305175781, 83.0999984741211, 81.7300033569336, 81.25, 81.2300033569336, 82.56999969482422, 82.33999633789062, 82.95999908447266, 82.70999908447266, 83.31999969482422, 82.47000122070312, 83.44000244140625, 83.77999877929688, 83.58999633789062, 83.77999877929688, 82.55999755859375, 84.0999984741211, 82.25, 81.08999633789062, 83.4800033569336, 83.62999725341797, 82.62000274658203, 83.48999786376953, 83.69999694824219, 84.5, 82.62000274658203, 84.56999969482422, 84.44999694824219, 83.12999725341797, 84.12000274658203, 83.02999877929688, 83.8499984741211, 83.47000122070312, 83.08000183105469, 84.19999694824219, 83.75, 83.4800033569336, 84.3499984741211, 83.04000091552734, 84.37999725341797, 84.23999786376953, 84.18000030517578, 83.61000061035156, 84.22000122070312, 84.88999938964844, 83.79000091552734, 84.08000183105469, 84.66999816894531, 84.20999908447266, 84.38999938964844, 84.75, 85.05000305175781, 83.7300033569336, 84.9000015258789, 85.18000030517578, 84.58000183105469, 84.56999969482422, 85.05000305175781, 85.08000183105469, 84.43000030517578, 83.5999984741211, 84.25, 85.29000091552734, 84.9000015258789, 83.55000305175781, 83.81999969482422, 84.58999633789062, 85.12000274658203]
backdoor_accuracy=[0, 0.0, 0.0, 0.0, 0.1, 99.1, 42.2, 71.7, 97.3, 15.8, 82.4, 42.1, 100.0, 99.6, 99.6, 99.3, 99.5, 99.9, 99.6, 97.0, 99.2, 99.8, 99.8, 99.7, 99.4, 98.4, 99.7, 95.9, 96.3, 99.0, 99.4, 99.8, 98.5, 98.9, 99.8, 93.7, 95.6, 91.4, 78.2, 85.4, 85.1, 79.1, 94.7, 88.2, 88.1, 99.9, 99.4, 99.4, 94.1, 98.8, 100.0, 100.0, 100.0, 100.0, 99.9, 99.9, 99.5, 99.9, 99.9, 99.9, 99.9, 99.9, 99.7, 99.9, 99.4, 99.4, 99.9, 99.8, 99.7, 99.9, 99.9, 99.9, 99.6, 99.8, 99.3, 98.6, 97.5, 100.0, 100.0, 100.0, 100.0, 100.0, 100.0, 99.9, 99.9, 100.0, 100.0, 100.0, 99.9, 100.0, 100.0, 100.0, 100.0, 100.0, 100.0, 100.0, 100.0, 100.0, 100.0, 100.0, 100.0]
loss_list=[1.3435500825720803, 0.9195871838540944, 0.817847988754511, 0.722828277807545, 0.6790284861845002, 0.6289037232045772, 0.5612510314970105, 0.5504240493117659, 0.5254732530977991, 0.5124420691281556, 0.510424220851726, 0.5290001365597601, 0.47058324051538, 0.4911435994423099, 0.45824830689363993, 0.4898128886741621, 0.41636164953449273, 0.4498955034478396, 0.4356215744244831, 0.46000766213293426, 0.4183759046787465, 0.4325315901319738, 0.42813464363140086, 0.48013745277292197, 0.4527252352830989, 0.42365838472076034, 0.42695749759743057, 0.43475770273901243, 0.4361264107783358, 0.43735387402552145, 0.42911135227315966, 0.4228040523689101, 0.4321458610878499, 0.41629142481919923, 0.40986058167354383, 0.41356216179275945, 0.4067522085858164, 0.3845990247817504, 0.40054853165315246, 0.40047382236527346, 0.4139238829207089, 0.4385211182551252, 0.3839147648981048, 0.3872918323648197, 0.3870211092099824, 0.39611329052045396, 0.39979570741523746, 0.39814286601764187, 0.40270508225075907, 0.39441705672070404, 0.43946714049757074, 0.3873859228324834, 0.3966385207345916, 0.38851451651296676, 0.42576761613427494, 0.3888520530304286, 0.4031933805491361, 0.42351236751785976, 0.3816407000766722, 0.4120389645656191, 0.39651213546318037, 0.3832248226998167, 0.4049096497534601, 0.41694804735964636, 0.40907442760653795, 0.39026737794780214, 0.38465446456059554, 0.41016112026085866, 0.37440644850850924, 0.3963524707627517, 0.3806475551298785, 0.3929003436273585, 0.37648694482459516, 0.3947080223502039, 0.3844363817143151, 0.42864636234826986, 0.42325064191870676, 0.3643790718202514, 0.37751294027806986, 0.40514774716252255, 0.3836204874346516, 0.40080774295816396, 0.41587299670748135, 0.4014819496492337, 0.39825215772553185, 0.37860749047594494, 0.39583710749693973, 0.39202106434429346, 0.418562063705866, 0.3300989887039005, 0.4065228367603763, 0.3521967093167068, 0.3866052036380603, 0.38245826168330743, 0.3648187646142172, 0.35781702063675896, 0.37957115856827134, 0.35248645203257045, 0.4118500574215969, 0.35927050341679545]
BBSR:100.0
ABSR:100.0
max acc:85.29
