======================================
    IID: 0
    Dataset: mnist
    Model: Mnist_CNN
    Model Init: None
    Aggregation Function: DABA
    Fraction NonIID: 0
    Long attack: 3
    Wide attack: 3
    Wide attack: trust
    Threshold reject: 0.5
    Threshold down: 0.0
    Attack method: badnet
    Fraction of malicious agents: 13.0%
    Poison Frac: 0.2
    Backdoor From 7 to 2
    Attack Begin: 0
    Trigger Shape: square
    Type poisoning: cs
    Trigger Position X: 0
    Trigger Position Y: 0
    Number of agents: 100
    Fraction of agents each turn: 30(30.0%)
    Local batch size: 50
    Local epoch: 3
    Client_LR: 0.01
    Client_Momentum: 0.9
    Global Rounds: 100
======================================
main_task_accuracy=[0, 28.149999618530273, 21.59000015258789, 36.150001525878906, 68.05000305175781, 75.7699966430664, 53.61000061035156, 73.79000091552734, 65.88999938964844, 35.68000030517578, 74.22000122070312, 67.31999969482422, 77.62999725341797, 78.12000274658203, 86.41000366210938, 83.27999877929688, 79.16999816894531, 84.11000061035156, 86.01000213623047, 91.38999938964844, 90.54000091552734, 83.54000091552734, 92.48999786376953, 84.75, 82.05999755859375, 92.44000244140625, 92.08000183105469, 89.08999633789062, 92.7699966430664, 90.83999633789062, 92.73999786376953, 95.87000274658203, 86.66000366210938, 91.05000305175781, 95.4800033569336, 94.93000030517578, 93.05000305175781, 91.3499984741211, 94.58999633789062, 90.5999984741211, 89.5, 91.80999755859375, 93.52999877929688, 93.87999725341797, 96.45999908447266, 93.69999694824219, 96.93000030517578, 96.7300033569336, 93.47000122070312, 96.0999984741211, 96.58000183105469, 92.19000244140625, 96.70999908447266, 94.33000183105469, 96.44999694824219, 97.08999633789062, 96.58999633789062, 94.6500015258789, 96.58000183105469, 97.48999786376953, 97.37999725341797, 97.0199966430664, 97.12999725341797, 95.13999938964844, 97.27999877929688, 96.66999816894531, 97.80000305175781, 97.3499984741211, 96.26000213623047, 97.54000091552734, 91.48999786376953, 93.88999938964844, 96.80000305175781, 95.58999633789062, 98.12999725341797, 97.91999816894531, 97.87000274658203, 94.80999755859375, 97.26000213623047, 97.02999877929688, 87.04000091552734, 90.31999969482422, 92.9000015258789, 96.33000183105469, 97.08000183105469, 96.94999694824219, 97.7300033569336, 97.72000122070312, 96.87999725341797, 94.36000061035156, 97.91999816894531, 96.77999877929688, 97.06999969482422, 97.08000183105469, 97.54000091552734, 98.43000030517578, 97.55000305175781, 97.7699966430664, 98.16999816894531, 98.30000305175781, 97.45999908447266]
backdoor_accuracy=[0, 3.307392996108949, 0.0, 84.72762645914396, 0.0, 5.836575875486381, 0.48638132295719844, 22.17898832684825, 1.264591439688716, 2.6264591439688716, 8.852140077821012, 0.19455252918287938, 6.517509727626459, 0.6809338521400778, 1.0700389105058365, 9.53307392996109, 2.529182879377432, 2.3346303501945527, 1.4591439688715953, 6.614785992217898, 2.431906614785992, 7.587548638132295, 6.614785992217898, 0.48638132295719844, 0.48638132295719844, 8.560311284046692, 0.19455252918287938, 0.9727626459143969, 11.186770428015564, 1.9455252918287937, 1.9455252918287937, 4.377431906614786, 2.431906614785992, 1.264591439688716, 1.8482490272373542, 1.8482490272373542, 1.6536964980544746, 1.6536964980544746, 7.101167315175097, 0.38910505836575876, 28.01556420233463, 0.38910505836575876, 1.4591439688715953, 23.540856031128406, 3.5992217898832686, 33.94941634241245, 0.6809338521400778, 16.245136186770427, 0.09727626459143969, 1.9455252918287937, 1.1673151750972763, 12.84046692607004, 6.22568093385214, 0.2918287937743191, 3.404669260700389, 3.7937743190661477, 24.513618677042803, 8.268482490272374, 8.852140077821012, 2.6264591439688716, 3.404669260700389, 6.128404669260701, 7.879377431906615, 18.28793774319066, 2.237354085603113, 8.560311284046692, 20.330739299610894, 25.291828793774318, 67.50972762645914, 9.43579766536965, 5.739299610894942, 60.505836575875485, 4.961089494163424, 94.16342412451363, 8.171206225680933, 62.2568093385214, 22.470817120622566, 53.69649805447471, 36.18677042801556, 15.66147859922179, 25.68093385214008, 19.455252918287936, 18.48249027237354, 13.618677042801556, 7.2957198443579765, 89.59143968871595, 53.30739299610895, 84.72762645914396, 12.84046692607004, 53.30739299610895, 95.52529182879377, 27.43190661478599, 98.83268482490273, 10.894941634241246, 60.01945525291829, 63.2295719844358, 63.03501945525292, 19.06614785992218, 96.20622568093385, 70.13618677042801, 59.33852140077821]
loss_list=[0.4863698906139369, 0.3962260327860374, 0.29891922874202703, 0.24862648927658215, 0.14689066500446807, 0.12426379965628723, 0.12816132467932878, 0.1474340245800028, 0.1400266385843005, 0.20174106852576307, 0.1463270106829877, 0.11252643157478705, 0.1272359173836045, 0.10375119839487748, 0.10234427307577203, 0.09331175767786207, 0.10567608245053753, 0.10561306259636612, 0.0784984996714707, 0.05971675136430397, 0.06968836622164182, 0.07255711208425192, 0.060545282951271664, 0.08307439498541175, 0.07599314545229036, 0.08063293042026164, 0.056001074864803144, 0.06586382529974863, 0.04683872096650864, 0.0646496171343301, 0.06430869844903046, 0.04523295524762535, 0.06319014675178336, 0.05869442101362527, 0.047636859495056694, 0.0612110934151363, 0.0540754793929479, 0.05287808405903653, 0.044384108926786854, 0.048127656013763474, 0.06857859221619995, 0.05646756928681119, 0.0511722981228307, 0.0537239273620982, 0.03978495860435872, 0.052255066354272586, 0.04378772359492376, 0.038189280551806176, 0.04296036408591153, 0.041313389950003006, 0.03853618834697619, 0.04359012721210412, 0.039671209348263674, 0.04503131877078846, 0.04161661284270777, 0.035123709730676834, 0.034542445803481446, 0.03511745128995115, 0.03319328780450085, 0.032597906486014426, 0.03669170183059643, 0.03490132626465496, 0.03750293815134109, 0.04382457788647436, 0.04193507139403696, 0.03287541805225777, 0.03491853425064922, 0.03444754057112391, 0.03248707383774218, 0.02922310440318208, 0.044559436049790166, 0.04034156723143796, 0.04085646484317625, 0.03177919256258568, 0.027617049191384323, 0.03114589709076602, 0.02968743759428165, 0.04094172662833651, 0.028793669494907057, 0.026858432488088245, 0.0494370745930009, 0.04832023943387395, 0.04109950451257724, 0.030828600942809363, 0.03776556336970179, 0.0296708830606275, 0.029537681442766448, 0.027908468950107942, 0.03318722820863769, 0.03249908755922471, 0.02741589734507442, 0.03454399836218018, 0.02793101885481506, 0.03210976581876028, 0.027248558218255527, 0.024943597924650538, 0.03208033052443752, 0.029123370833108224, 0.02576737673922396, 0.026553377602104536]
BBSR:11.82147796388235
ABSR:15.676080657350209
max acc:98.43
