======================================
    IID: 0
    Dataset: mnist
    Model: Mnist_CNN
    Model Init: None
    Aggregation Function: RLR
    Fraction NonIID: 0
    Long attack: 3
    Wide attack: 3
    Wide attack: trust
    Threshold reject: 0.5
    Threshold down: 0.0
    Attack method: badnet
    Fraction of malicious agents: 13.0%
    Poison Frac: 0.2
    Backdoor From 7 to 2
    Attack Begin: 0
    Trigger Shape: square
    Type poisoning: pgd
    Trigger Position X: 0
    Trigger Position Y: 0
    Number of agents: 100
    Fraction of agents each turn: 30(30.0%)
    Local batch size: 50
    Local epoch: 3
    Client_LR: 0.01
    Client_Momentum: 0.9
    Global Rounds: 100
    RobustLR_threshold: 4
======================================
main_task_accuracy=[0, 28.639999389648438, 47.36000061035156, 42.54999923706055, 51.20000076293945, 68.22000122070312, 77.19999694824219, 72.2300033569336, 89.4800033569336, 89.31999969482422, 90.16000366210938, 85.23999786376953, 90.36000061035156, 84.66999816894531, 93.7699966430664, 92.86000061035156, 94.94000244140625, 92.4800033569336, 90.6500015258789, 94.48999786376953, 93.37999725341797, 91.83999633789062, 92.52999877929688, 92.44999694824219, 93.86000061035156, 95.68000030517578, 95.23999786376953, 94.87000274658203, 94.43000030517578, 96.1500015258789, 96.12000274658203, 95.75, 94.33999633789062, 96.0999984741211, 96.41999816894531, 95.6500015258789, 96.0, 96.25, 95.68000030517578, 95.04000091552734, 96.31999969482422, 97.08000183105469, 96.61000061035156, 96.12000274658203, 96.62000274658203, 96.6500015258789, 96.69000244140625, 97.02999877929688, 95.8499984741211, 97.25, 96.76000213623047, 96.56999969482422, 96.9000015258789, 97.04000091552734, 96.70999908447266, 96.62999725341797, 96.44000244140625, 97.19999694824219, 96.9000015258789, 95.86000061035156, 96.30999755859375, 97.47000122070312, 97.44000244140625, 97.37000274658203, 96.72000122070312, 96.88999938964844, 97.4800033569336, 97.41000366210938, 97.5999984741211, 97.58999633789062, 97.41000366210938, 97.54000091552734, 97.25, 97.43000030517578, 96.80999755859375, 96.26000213623047, 96.5, 97.69999694824219, 97.63999938964844, 96.83000183105469, 97.30000305175781, 97.63999938964844, 96.62999725341797, 97.25, 97.12000274658203, 97.2699966430664, 97.72000122070312, 97.38999938964844, 97.62999725341797, 97.37999725341797, 97.4800033569336, 97.76000213623047, 97.77999877929688, 97.56999969482422, 97.77999877929688, 97.5, 97.41000366210938, 97.77999877929688, 97.95999908447266, 97.70999908447266, 97.70999908447266]
backdoor_accuracy=[0, 0.0, 11.381322957198444, 0.0, 0.19455252918287938, 0.2918287937743191, 4.863813229571984, 0.0, 2.237354085603113, 2.9182879377431905, 1.7509727626459144, 2.529182879377432, 7.976653696498055, 0.38910505836575876, 3.307392996108949, 7.101167315175097, 5.058365758754864, 1.3618677042801557, 1.556420233463035, 3.404669260700389, 3.6964980544747084, 0.7782101167315175, 0.5836575875486382, 12.743190661478598, 1.6536964980544746, 5.836575875486381, 2.237354085603113, 2.529182879377432, 3.501945525291829, 5.155642023346304, 3.11284046692607, 3.7937743190661477, 0.8754863813229572, 4.182879377431907, 2.7237354085603114, 1.4591439688715953, 3.8910505836575875, 3.0155642023346303, 13.910505836575876, 2.3346303501945527, 4.571984435797665, 1.9455252918287937, 4.474708171206226, 11.186770428015564, 7.101167315175097, 4.474708171206226, 2.529182879377432, 5.447470817120623, 2.3346303501945527, 2.529182879377432, 4.182879377431907, 1.556420233463035, 1.8482490272373542, 5.544747081712062, 1.1673151750972763, 5.252918287937743, 3.404669260700389, 3.11284046692607, 14.202334630350194, 2.0428015564202333, 2.237354085603113, 7.976653696498055, 6.906614785992218, 9.53307392996109, 1.264591439688716, 11.867704280155642, 4.961089494163424, 11.284046692607005, 6.128404669260701, 4.863813229571984, 2.821011673151751, 5.3501945525291825, 2.3346303501945527, 3.8910505836575875, 5.3501945525291825, 5.642023346303502, 2.237354085603113, 3.0155642023346303, 4.961089494163424, 1.3618677042801557, 2.140077821011673, 3.5992217898832686, 4.474708171206226, 7.976653696498055, 18.579766536964982, 18.67704280155642, 5.252918287937743, 3.0155642023346303, 3.5992217898832686, 4.571984435797665, 6.031128404669261, 8.463035019455253, 4.571984435797665, 2.7237354085603114, 5.447470817120623, 5.447470817120623, 2.0428015564202333, 6.42023346303502, 9.630350194552529, 7.490272373540856, 3.21011673151751]
loss_list=[0.4946755595669841, 0.40469615388673497, 0.27889290987659304, 0.1990649695175155, 0.17889182723301644, 0.15973563154567205, 0.16014407072879105, 0.12393449823490758, 0.11093175251868254, 0.10439972751068388, 0.09539019499099372, 0.08480695678466654, 0.08372665668997095, 0.09749193037759386, 0.07282129806794642, 0.0731418873385225, 0.07371493909055364, 0.06016416870690231, 0.06189522120749805, 0.055904761555763474, 0.07080918122258005, 0.06257948774565127, 0.06426803427563668, 0.07685304627969929, 0.057346386903075246, 0.0584793217674862, 0.05568291934290944, 0.06377606000441857, 0.06109758623810955, 0.04967472629517111, 0.03954770732202716, 0.06238510326388837, 0.05174055880249042, 0.048364151169806614, 0.04587500497736366, 0.046084534458202965, 0.0493737896018457, 0.047623406234850556, 0.053180619867583906, 0.044989606354366586, 0.04709418326975696, 0.03585850478950981, 0.04003595057645766, 0.03959556724527662, 0.03145712477682917, 0.03906171054703027, 0.04595028010891812, 0.0313743479932131, 0.047384717817189184, 0.030762606015837062, 0.04784492848535441, 0.03629982582637785, 0.03898649341320534, 0.04430122745385788, 0.036081137948026476, 0.04017472314150929, 0.03517118150118321, 0.034012004967836205, 0.04631085854628635, 0.0400088676115909, 0.04486459417748486, 0.04270465327338262, 0.04587630349954572, 0.04488241910942482, 0.03559771445747994, 0.03474093358883899, 0.038518359531419445, 0.04086970180642358, 0.03276503296479264, 0.039190015671790576, 0.037056653759187506, 0.0320263273748511, 0.038413205115439726, 0.03317379382510966, 0.0376486383227467, 0.03594505782977838, 0.036256018760671124, 0.03032638451730488, 0.03602046291308617, 0.037380901352560204, 0.03487925402889702, 0.03642533391471192, 0.04267873076799555, 0.035999472959239824, 0.03581599128794354, 0.03720553228951261, 0.03266841570251214, 0.03753932133928864, 0.036310593709716385, 0.03475390735545773, 0.03892326218414678, 0.03374347705535743, 0.04375801544861861, 0.03447518312931607, 0.03199762585177504, 0.03797314320311451, 0.03644596903829154, 0.03417990756322788, 0.03518816439835678, 0.03361167606231945]
BBSR:9.63
ABSR:5.54
max acc:97.96
