======================================
    IID: 0
    Dataset: mnist
    Model: Mnist_CNN
    Model Init: None
    Aggregation Function: DABA
    Fraction NonIID: 0
    Long attack: 5
    Wide attack: 5
    Wide attack: trust
    Threshold reject: 0.5
    Threshold down: 0.0
    Attack method: dba
    Fraction of malicious agents: 13.0%
    Poison Frac: 0.2
    Backdoor From 7 to 2
    Attack Begin: 0
    Trigger Shape: square
    Type poisoning: 
    Trigger Position X: 0
    Trigger Position Y: 0
    Number of agents: 100
    Fraction of agents each turn: 30(30.0%)
    Local batch size: 50
    Local epoch: 3
    Client_LR: 0.01
    Client_Momentum: 0.9
    Global Rounds: 100
======================================
main_task_accuracy=[0, 9.739999771118164, 20.799999237060547, 37.02000045776367, 62.7400016784668, 63.400001525878906, 67.29000091552734, 72.11000061035156, 66.69999694824219, 67.91999816894531, 85.08000183105469, 75.3499984741211, 73.72000122070312, 80.16999816894531, 83.12999725341797, 91.72000122070312, 87.69999694824219, 92.08999633789062, 84.0199966430664, 82.04000091552734, 64.13999938964844, 88.48999786376953, 91.58999633789062, 92.72000122070312, 89.23999786376953, 83.94000244140625, 92.8499984741211, 79.80000305175781, 92.6500015258789, 95.01000213623047, 90.05000305175781, 89.5, 82.62000274658203, 82.13999938964844, 86.81999969482422, 94.94000244140625, 94.5199966430664, 93.68000030517578, 96.38999938964844, 94.06999969482422, 96.02999877929688, 95.83999633789062, 92.91999816894531, 95.88999938964844, 95.16000366210938, 96.08000183105469, 95.86000061035156, 93.66999816894531, 96.36000061035156, 96.05000305175781, 97.18000030517578, 94.30999755859375, 96.87999725341797, 93.81999969482422, 97.06999969482422, 96.91000366210938, 96.43000030517578, 95.69000244140625, 97.2300033569336, 96.6500015258789, 96.5999984741211, 96.2300033569336, 96.69999694824219, 97.08999633789062, 95.9800033569336, 95.80999755859375, 92.56999969482422, 96.1500015258789, 97.13999938964844, 95.06999969482422, 97.5999984741211, 96.62000274658203, 97.05999755859375, 96.94000244140625, 96.66999816894531, 94.31999969482422, 93.80000305175781, 94.33999633789062, 97.36000061035156, 98.0, 96.58999633789062, 96.98999786376953, 96.97000122070312, 97.30999755859375, 97.9000015258789, 96.79000091552734, 97.16999816894531, 94.27999877929688, 96.30000305175781, 94.12000274658203, 97.25, 97.68000030517578, 95.44999694824219, 95.44000244140625, 97.16999816894531, 97.5199966430664, 95.44000244140625, 97.98999786376953, 97.91999816894531, 97.29000091552734, 98.27999877929688]
backdoor_accuracy=[0, 0.0, 0.0, 1.0700389105058365, 6.128404669260701, 0.0, 2.3346303501945527, 1.0700389105058365, 23.929961089494164, 0.0, 0.09727626459143969, 4.961089494163424, 0.09727626459143969, 14.494163424124514, 0.6809338521400778, 11.186770428015564, 0.38910505836575876, 12.937743190661479, 0.48638132295719844, 2.821011673151751, 0.2918287937743191, 14.105058365758754, 0.38910505836575876, 1.556420233463035, 0.6809338521400778, 24.22178988326848, 0.09727626459143969, 2.7237354085603114, 2.431906614785992, 0.9727626459143969, 0.38910505836575876, 4.085603112840467, 0.2918287937743191, 0.5836575875486382, 11.381322957198444, 0.2918287937743191, 6.22568093385214, 0.2918287937743191, 3.6964980544747084, 1.264591439688716, 1.0700389105058365, 3.7937743190661477, 1.1673151750972763, 8.754863813229573, 2.237354085603113, 3.0155642023346303, 6.712062256809339, 1.3618677042801557, 3.307392996108949, 0.48638132295719844, 2.0428015564202333, 59.43579766536965, 0.38910505836575876, 49.61089494163424, 0.38910505836575876, 3.6964980544747084, 14.105058365758754, 0.5836575875486382, 5.739299610894942, 2.431906614785992, 75.0, 0.2918287937743191, 7.101167315175097, 6.517509727626459, 17.217898832684824, 6.712062256809339, 18.67704280155642, 2.821011673151751, 72.56809338521401, 75.58365758754864, 1.3618677042801557, 5.252918287937743, 2.431906614785992, 75.87548638132296, 2.237354085603113, 5.836575875486381, 4.669260700389105, 8.365758754863814, 29.085603112840467, 14.494163424124514, 15.46692607003891, 99.0272373540856, 1.4591439688715953, 6.22568093385214, 13.715953307392995, 60.60311284046693, 84.14396887159533, 82.19844357976653, 35.797665369649806, 99.22178988326849, 4.182879377431907, 79.08560311284047, 8.073929961089494, 73.15175097276264, 10.019455252918288, 59.72762645914397, 75.58365758754864, 10.894941634241246, 96.69260700389106, 15.369649805447471, 79.96108949416342]
loss_list=[0.4481615643330326, 0.8090999382209059, 0.3242199827298603, 0.23343042765998775, 0.17427765240743284, 0.16539376118389273, 0.20478922026476515, 0.15164476416751146, 0.13593099584652446, 0.1684710043157146, 0.11913675539568322, 0.11763240951879704, 0.12620379005297336, 0.11553986910692107, 0.10942010127602833, 0.07242315620582421, 0.08192325780515305, 0.06740516456031269, 0.0953187854693938, 0.16783425944039834, 0.13057295117947385, 0.09413420401279746, 0.07977810920382454, 0.07408855686355516, 0.07798096498833838, 0.09055109430909028, 0.0803921626145273, 0.0953721247221354, 0.06327294250293221, 0.061513436511843565, 0.07502673281553587, 0.07293548518736248, 0.13030817681526047, 0.09649753045069569, 0.07899543652838385, 0.07575925024203628, 0.06933189802798356, 0.06251318174386113, 0.05332655041461736, 0.05601507170963482, 0.056971040685960136, 0.05081328880555724, 0.06120726969182781, 0.05666562979109986, 0.05150842574770762, 0.05774136487727563, 0.04725835833581763, 0.057001143046411545, 0.05444668907911668, 0.045950772784219655, 0.04156310111016668, 0.04458470458736587, 0.04766372872972021, 0.06627783777136924, 0.04240888012949721, 0.03802822512858063, 0.045013354912852216, 0.047341767063279055, 0.045044221811752834, 0.03849144330523407, 0.03424518640011995, 0.04883785309516629, 0.04324294183914554, 0.037345649167588243, 0.03685687465257966, 0.05127806571867975, 0.047533625903755684, 0.03929700943618085, 0.03643712201911299, 0.04512856514519722, 0.04362816352258161, 0.03787980725415961, 0.04484625965888907, 0.03358000082055425, 0.035382548590961106, 0.04869570766138305, 0.04480724773500031, 0.04193069883417088, 0.03210025517836652, 0.035773300887523056, 0.03234716557414244, 0.04037989474374208, 0.03361246689611345, 0.03351538167405064, 0.0355238030286652, 0.0312631361169301, 0.03348139867553684, 0.043678695553654175, 0.04374900829585622, 0.043467450243970474, 0.03963183685698621, 0.03480266440179588, 0.04228709553864855, 0.034878245558889104, 0.0359784769712981, 0.031574040202297544, 0.04417449894075895, 0.029970937164519762, 0.030758217050077436, 0.030261609185352565]
BBSR:5.523464270336548
ABSR:7.839248007456083
max acc:98.28
