======================================
    IID: 0
    Dataset: fashion_mnist
    Model: Mnist_CNN
    Model Init: None
    Aggregation Function: flame
    Fraction NonIID: 0
    Long attack: 3
    Wide attack: 3
    Wide attack: trust
    Threshold reject: 0.5
    Threshold down: 0.0
    Attack method: badnet
    Fraction of malicious agents: 30.0%
    Poison Frac: 0.2
    Backdoor From 7 to 2
    Attack Begin: 0
    Trigger Shape: square
    Type poisoning: 
    Trigger Position X: 0
    Trigger Position Y: 0
    Number of agents: 100
    Fraction of agents each turn: 30(30.0%)
    Local batch size: 50
    Local epoch: 3
    Client_LR: 0.01
    Client_Momentum: 0.9
    Global Rounds: 100
    Noise in FLAME: 0.001
proportion of malicious are selected:0.5655555555555556
proportion of benign are selected:0.5290476190476191
======================================
main_task_accuracy=[0, 66.0199966430664, 72.36000061035156, 74.41000366210938, 75.80999755859375, 77.23999786376953, 77.75, 78.72000122070312, 80.18000030517578, 80.11000061035156, 81.31999969482422, 82.23999786376953, 81.88999938964844, 82.54000091552734, 83.22000122070312, 83.43000030517578, 84.16999816894531, 84.43000030517578, 84.47000122070312, 84.66999816894531, 85.12000274658203, 84.95999908447266, 85.0999984741211, 85.43000030517578, 85.88999938964844, 85.7300033569336, 85.58999633789062, 86.30999755859375, 86.36000061035156, 86.01000213623047, 86.33000183105469, 86.37000274658203, 86.26000213623047, 86.69999694824219, 86.80000305175781, 86.7699966430664, 86.72000122070312, 87.0199966430664, 86.94999694824219, 87.16000366210938, 86.7300033569336, 87.2300033569336, 87.16000366210938, 87.37000274658203, 87.26000213623047, 87.45999908447266, 87.44999694824219, 87.41000366210938, 87.58000183105469, 87.9000015258789, 87.62000274658203, 87.58000183105469, 87.37000274658203, 87.77999877929688, 87.63999938964844, 87.86000061035156, 87.55999755859375, 87.95999908447266, 88.0199966430664, 88.08999633789062, 87.77999877929688, 88.12000274658203, 88.22000122070312, 88.12999725341797, 88.25, 88.31999969482422, 88.37999725341797, 88.05000305175781, 88.30000305175781, 88.0999984741211, 88.52999877929688, 88.33999633789062, 88.37999725341797, 88.56999969482422, 88.77999877929688, 88.54000091552734, 88.58000183105469, 88.51000213623047, 88.7300033569336, 88.88999938964844, 88.16999816894531, 88.9800033569336, 88.47000122070312, 88.80000305175781, 88.62999725341797, 88.77999877929688, 88.55000305175781, 88.80000305175781, 88.63999938964844, 88.94000244140625, 88.88999938964844, 89.08000183105469, 88.72000122070312, 88.9800033569336, 89.11000061035156, 88.91999816894531, 88.75, 88.97000122070312, 89.1500015258789, 88.97000122070312, 89.18000030517578]
backdoor_accuracy=[0, 0.3, 2.3, 21.4, 77.9, 92.5, 97.4, 99.5, 99.8, 99.8, 99.8, 99.9, 100.0, 100.0, 100.0, 100.0, 100.0, 100.0, 100.0, 100.0, 100.0, 100.0, 100.0, 100.0, 100.0, 100.0, 100.0, 100.0, 100.0, 100.0, 100.0, 100.0, 100.0, 100.0, 100.0, 100.0, 100.0, 100.0, 100.0, 100.0, 100.0, 100.0, 100.0, 100.0, 100.0, 100.0, 100.0, 100.0, 100.0, 100.0, 100.0, 100.0, 100.0, 100.0, 100.0, 100.0, 100.0, 100.0, 100.0, 100.0, 100.0, 100.0, 100.0, 100.0, 100.0, 100.0, 100.0, 100.0, 100.0, 100.0, 100.0, 100.0, 100.0, 100.0, 100.0, 100.0, 100.0, 100.0, 100.0, 100.0, 100.0, 100.0, 100.0, 100.0, 100.0, 100.0, 100.0, 100.0, 100.0, 100.0, 100.0, 100.0, 100.0, 100.0, 100.0, 100.0, 100.0, 100.0, 100.0, 100.0, 100.0]
loss_list=[1.4060550291781069, 0.83320847970468, 0.6224192315229663, 0.5810073525679333, 0.5162458608133924, 0.4954042860893188, 0.47050676066428426, 0.4678777706843835, 0.4318833181841507, 0.3992744358532407, 0.4029403204098344, 0.3974630178607723, 0.38065214786264634, 0.3752814405563253, 0.3950634202333512, 0.3782094260263774, 0.3568540019500587, 0.36081522493450735, 0.3423867513736089, 0.35336363541169297, 0.3636237460843944, 0.36158006563782696, 0.33237571230296176, 0.3534423966167701, 0.3442772286357703, 0.3642428381506491, 0.33652188927280124, 0.3145759790583893, 0.32891292270031514, 0.3098677176085335, 0.33217675249885636, 0.3171805704426435, 0.3112872163627158, 0.280367230658454, 0.3259631582432323, 0.32046797986107833, 0.2824946535130342, 0.32262962702661757, 0.29025064250109367, 0.313399724551925, 0.2838723629333631, 0.27159098891058453, 0.2809007092827448, 0.29417520731825525, 0.290803076668332, 0.29377412536629927, 0.281687974481395, 0.27558247237811206, 0.2762627457027082, 0.2822398336586991, 0.2931523464723593, 0.2931451435243987, 0.25333805400533255, 0.26924198546826283, 0.26256159089022774, 0.250658581390356, 0.28509180568917486, 0.26932293267023777, 0.2691352747777408, 0.2734463107892899, 0.2761879031787868, 0.25958106975519546, 0.27247195232107685, 0.2662436969440292, 0.26009727383066933, 0.2775223474828872, 0.27855551466000855, 0.25058552767150105, 0.27052804953936077, 0.25603171924853485, 0.267376775170366, 0.26134501225832435, 0.23129901627285618, 0.2440250271655343, 0.2540151252963202, 0.2517284394845504, 0.24374416536410098, 0.25082568313788484, 0.2090320201564787, 0.25116205212522164, 0.23309319468422068, 0.2647326164809917, 0.2428741223290907, 0.2483188245255776, 0.24844824749700445, 0.2463565041518046, 0.23080531897161297, 0.23992029375534643, 0.24199276545119508, 0.22645393572402772, 0.23668864447347543, 0.2458451420124793, 0.26689785437796404, 0.240699627733341, 0.24143711461133696, 0.23032649334571842, 0.23206400088965892, 0.23605991713357746, 0.23233735595001942, 0.23878805990227392]
BBSR:100.0
ABSR:100.0
max acc:89.18
