======================================
    IID: 0
    Dataset: mnist
    Model: Mnist_CNN
    Model Init: None
    Aggregation Function: flame
    Fraction NonIID: 0
    Long attack: 3
    Wide attack: 3
    Wide attack: trust
    Threshold reject: 0.5
    Threshold down: 0.0
    Attack method: badnet
    Fraction of malicious agents: 13.0%
    Poison Frac: 0.2
    Backdoor From 7 to 2
    Attack Begin: 0
    Trigger Shape: square
    Type poisoning: 
    Trigger Position X: 0
    Trigger Position Y: 0
    Number of agents: 100
    Fraction of agents each turn: 30(30.0%)
    Local batch size: 50
    Local epoch: 3
    Client_LR: 0.01
    Client_Momentum: 0.9
    Global Rounds: 100
    Noise in FLAME: 0.001
proportion of malicious are selected:0.44333333333333336
proportion of benign are selected:0.5807407407407408
======================================
main_task_accuracy=[0, 26.0, 25.739999771118164, 21.540000915527344, 44.20000076293945, 46.650001525878906, 65.16999816894531, 59.86000061035156, 68.18000030517578, 69.7699966430664, 72.55000305175781, 71.08000183105469, 74.12000274658203, 74.22000122070312, 74.30999755859375, 72.30000305175781, 63.970001220703125, 77.8499984741211, 80.19000244140625, 80.0999984741211, 78.87999725341797, 78.98999786376953, 77.52999877929688, 76.04000091552734, 82.19999694824219, 82.13999938964844, 82.29000091552734, 82.62999725341797, 81.63999938964844, 81.05000305175781, 80.69000244140625, 82.12999725341797, 80.76000213623047, 82.30999755859375, 81.66999816894531, 80.30999755859375, 79.30999755859375, 81.95999908447266, 80.97000122070312, 82.30000305175781, 82.25, 79.88999938964844, 81.77999877929688, 81.5999984741211, 86.5199966430664, 86.12999725341797, 87.04000091552734, 85.97000122070312, 85.80000305175781, 85.77999877929688, 84.88999938964844, 84.43000030517578, 84.16000366210938, 84.02999877929688, 84.16000366210938, 83.37999725341797, 84.73999786376953, 88.0199966430664, 86.8499984741211, 86.2699966430664, 86.29000091552734, 85.51000213623047, 86.69999694824219, 85.44999694824219, 85.88999938964844, 86.16000366210938, 85.66999816894531, 85.1500015258789, 83.37999725341797, 84.4800033569336, 84.94999694824219, 84.94999694824219, 84.73999786376953, 82.83999633789062, 82.70999908447266, 84.2699966430664, 84.06999969482422, 84.5199966430664, 84.38999938964844, 84.62000274658203, 83.80999755859375, 88.22000122070312, 87.52999877929688, 87.05999755859375, 86.62999725341797, 86.05000305175781, 85.62999725341797, 85.30999755859375, 85.0, 84.97000122070312, 85.37000274658203, 84.33000183105469, 85.44000244140625, 85.18000030517578, 85.26000213623047, 84.91000366210938, 84.33999633789062, 84.72000122070312, 84.0999984741211, 84.55000305175781, 84.93000030517578]
backdoor_accuracy=[0, 0.0, 0.0, 0.0, 0.0, 12.354085603112841, 0.0, 0.0, 0.0, 0.0, 0.0, 0.0, 0.0, 0.0, 0.0, 0.0, 27.82101167315175, 0.38910505836575876, 2.529182879377432, 2.237354085603113, 1.4591439688715953, 3.8910505836575875, 3.21011673151751, 4.571984435797665, 1.3618677042801557, 2.6264591439688716, 1.6536964980544746, 3.404669260700389, 1.3618677042801557, 3.7937743190661477, 3.8910505836575875, 1.4591439688715953, 2.529182879377432, 2.821011673151751, 1.0700389105058365, 0.7782101167315175, 0.2918287937743191, 2.529182879377432, 3.11284046692607, 4.571984435797665, 2.237354085603113, 1.264591439688716, 3.6964980544747084, 5.739299610894942, 4.280155642023346, 1.264591439688716, 2.431906614785992, 0.48638132295719844, 3.21011673151751, 3.307392996108949, 1.8482490272373542, 2.529182879377432, 2.821011673151751, 2.6264591439688716, 2.529182879377432, 0.5836575875486382, 29.474708171206224, 2.140077821011673, 1.1673151750972763, 0.38910505836575876, 0.38910505836575876, 0.48638132295719844, 2.140077821011673, 1.264591439688716, 2.6264591439688716, 2.9182879377431905, 7.490272373540856, 2.140077821011673, 2.529182879377432, 2.6264591439688716, 3.11284046692607, 2.237354085603113, 6.809338521400778, 7.490272373540856, 0.9727626459143969, 7.490272373540856, 21.30350194552529, 7.392996108949417, 8.657587548638132, 4.182879377431907, 2.431906614785992, 5.642023346303502, 4.280155642023346, 3.11284046692607, 5.739299610894942, 7.003891050583658, 1.7509727626459144, 1.1673151750972763, 0.8754863813229572, 2.7237354085603114, 4.085603112840467, 1.4591439688715953, 5.836575875486381, 7.101167315175097, 9.24124513618677, 38.42412451361868, 15.66147859922179, 17.801556420233464, 5.3501945525291825, 13.813229571984436, 7.684824902723736]
loss_list=[0.4753658449712332, 0.2868559007749412, 0.3048901521224548, 0.39918865855392843, 0.2926780868421482, 0.23040075706538785, 0.15261849993680032, 0.1646902862276021, 0.13009318638758824, 0.145772274463138, 0.13585574536480466, 0.16529184674390873, 0.1375685540434035, 0.14492194293416505, 0.1271244736164617, 0.1641962825710727, 0.1621230404859095, 0.1288586088793215, 0.12928065662671265, 0.08902088322760433, 0.12816018434881102, 0.13702875909174744, 0.11757308349458896, 0.11572158376429321, 0.09913857433399516, 0.09983484356551477, 0.10790749150788968, 0.1427182131916001, 0.08787912654959402, 0.1143776330998634, 0.08896149405776259, 0.11289715924948623, 0.1070599659517761, 0.11409560276468682, 0.09304681053565074, 0.07234990964409883, 0.11906126489213063, 0.10587847533489676, 0.09756479070580314, 0.10212667286095796, 0.09346626384906943, 0.11136157488729963, 0.13751736018746144, 0.12730958533468295, 0.1116127458529864, 0.06493750882869138, 0.08762762813589535, 0.07004501862058561, 0.10785686362030707, 0.09566888192989524, 0.07331977940887158, 0.06919066444879586, 0.11233909035723015, 0.0828586952819069, 0.10668703954665083, 0.1311736760820508, 0.10857641686014173, 0.08760764998628899, 0.07437033017081111, 0.047407586840376444, 0.07044595002649251, 0.09238238442157236, 0.08828502323385169, 0.08400084913284059, 0.10231137340391054, 0.06563555052421319, 0.06035251953898215, 0.08310484413518404, 0.08415474613010598, 0.08742347121326308, 0.09513106701727118, 0.1292469757355275, 0.06044373340726683, 0.1229164824885621, 0.09101797903571529, 0.11086296647916916, 0.07533512389020418, 0.09361058137786397, 0.1026981269602639, 0.09470745537652554, 0.14278574880504794, 0.04934170885288877, 0.07502236468930963, 0.04618372202717211, 0.06687619845981146, 0.10316922546753754, 0.061878560362493756, 0.10593075108097327, 0.09058976685886387, 0.08950795392759635, 0.11016906915896824, 0.08374491728741845, 0.11303580735077644, 0.0793428865875058, 0.08776038279700547, 0.11662768697383785, 0.06702257533163888, 0.07938316329704047, 0.0593203192262312, 0.12141108830061415]
BBSR:38.42
ABSR:12.24
max acc:85.44
