======================================
    IID: 0
    Dataset: mnist
    Model: Mnist_CNN
    Model Init: None
    Aggregation Function: flame
    Fraction NonIID: 0
    Long attack: 4
    Wide attack: 4
    Wide attack: trust
    Threshold reject: 0.5
    Threshold down: 0.0
    Attack method: badnet
    Fraction of malicious agents: 13.0%
    Poison Frac: 0.2
    Backdoor From 7 to 2
    Attack Begin: 0
    Trigger Shape: square
    Type poisoning: 
    Trigger Position X: 0
    Trigger Position Y: 0
    Number of agents: 100
    Fraction of agents each turn: 30(30.0%)
    Local batch size: 50
    Local epoch: 3
    Client_LR: 0.01
    Client_Momentum: 0.9
    Global Rounds: 100
    Noise in FLAME: 0.001
proportion of malicious are selected:0.5933333333333334
proportion of benign are selected:0.5518518518518518
======================================
main_task_accuracy=[0, 37.72999954223633, 44.2400016784668, 48.900001525878906, 56.27000045776367, 54.40999984741211, 43.41999816894531, 60.11000061035156, 70.13999938964844, 69.0, 64.81999969482422, 66.8499984741211, 75.3499984741211, 71.38999938964844, 72.7699966430664, 73.63999938964844, 75.93000030517578, 75.70999908447266, 73.83000183105469, 77.55999755859375, 77.30999755859375, 76.79000091552734, 77.25, 77.70999908447266, 77.62999725341797, 77.94999694824219, 77.73999786376953, 77.38999938964844, 76.33000183105469, 77.20999908447266, 76.54000091552734, 75.69000244140625, 78.05999755859375, 78.23999786376953, 77.04000091552734, 77.77999877929688, 78.04000091552734, 77.91999816894531, 78.23999786376953, 77.75, 77.68000030517578, 78.27999877929688, 78.37000274658203, 78.19000244140625, 78.41000366210938, 78.61000061035156, 78.51000213623047, 78.4800033569336, 78.4000015258789, 77.81999969482422, 78.12000274658203, 79.69999694824219, 76.83000183105469, 85.98999786376953, 84.1500015258789, 82.97000122070312, 82.31999969482422, 82.13999938964844, 81.69999694824219, 81.16000366210938, 81.19000244140625, 80.91000366210938, 80.33999633789062, 80.41000366210938, 80.22000122070312, 80.16999816894531, 80.08999633789062, 79.9000015258789, 79.4000015258789, 79.55999755859375, 79.73999786376953, 79.56999969482422, 79.19999694824219, 79.23999786376953, 78.95999908447266, 79.5, 79.5199966430664, 79.29000091552734, 79.5, 79.33000183105469, 79.2300033569336, 87.58999633789062, 86.43000030517578, 87.08000183105469, 86.16000366210938, 85.5, 84.80000305175781, 84.5, 83.73999786376953, 83.4000015258789, 83.19999694824219, 82.87999725341797, 83.11000061035156, 82.97000122070312, 82.06999969482422, 82.16000366210938, 81.80000305175781, 81.44999694824219, 82.16999816894531, 82.12000274658203, 81.55000305175781]
backdoor_accuracy=[0, 2.237354085603113, 17.607003891050585, 2.3346303501945527, 15.56420233463035, 6.809338521400778, 26.459143968871594, 2.0428015564202333, 9.33852140077821, 9.630350194552529, 10.408560311284047, 6.809338521400778, 11.284046692607005, 14.202334630350194, 21.011673151750973, 21.88715953307393, 8.754863813229573, 19.455252918287936, 24.610894941634243, 17.801556420233464, 19.844357976653697, 19.747081712062258, 21.20622568093385, 8.754863813229573, 17.217898832684824, 14.202334630350194, 13.132295719844358, 11.964980544747082, 13.132295719844358, 19.941634241245136, 11.964980544747082, 11.770428015564203, 17.996108949416342, 17.412451361867703, 42.99610894941634, 29.085603112840467, 11.089494163424124, 5.058365758754864, 22.470817120622566, 20.428015564202333, 19.55252918287938, 14.883268482490273, 26.167315175097276, 32.68482490272373, 14.591439688715953, 19.55252918287938, 14.591439688715953, 16.147859922178988, 11.867704280155642, 33.94941634241245, 38.81322957198444, 2.431906614785992, 2.529182879377432, 46.69260700389105, 32.39299610894942, 40.95330739299611, 38.03501945525292, 39.007782101167315, 38.326848249027236, 16.05058365758755, 21.69260700389105, 28.30739299610895, 38.81322957198444, 16.634241245136188, 21.49805447470817, 26.848249027237355, 26.848249027237355, 18.3852140077821, 16.634241245136188, 24.90272373540856, 18.8715953307393, 21.595330739299612, 18.67704280155642, 22.762645914396888, 26.459143968871594, 14.202334630350194, 19.357976653696497, 25.58365758754864, 20.719844357976655, 20.817120622568094, 26.848249027237355, 20.038910505836576, 26.167315175097276, 16.245136186770427, 21.69260700389105, 28.11284046692607, 20.914396887159533, 17.315175097276263, 16.926070038910506, 22.08171206225681, 21.20622568093385, 22.859922178988327, 24.513618677042803, 25.58365758754864, 18.09338521400778, 21.88715953307393, 16.147859922178988, 23.735408560311285, 18.19066147859922, 18.28793774319066, 20.719844357976655]
loss_list=[0.47241689888389105, 0.27613137984678954, 0.24828323650267173, 0.25858091241973546, 0.1895334237062808, 0.2355979626854117, 0.22170687508561293, 0.20096768290098652, 0.146669358462925, 0.12042944822998312, 0.18392130463137626, 0.16835856913164474, 0.18427402622726224, 0.13249376353667264, 0.15702398455432848, 0.14101524004413213, 0.17433425738662692, 0.13378587648262405, 0.14984923912349213, 0.16844469954916744, 0.16809250794410505, 0.16722227039036172, 0.12053627491586773, 0.16213451691555553, 0.14718089655634473, 0.19440201234398896, 0.14401701779263087, 0.1293036369976054, 0.15381731641023647, 0.12061780644179405, 0.10982578883119334, 0.1750838318651608, 0.1557644155727705, 0.14792054306664384, 0.14943174680999188, 0.14211433790912145, 0.1841931550944029, 0.15426493919990067, 0.1052005315698087, 0.14633346338731337, 0.19027810255753666, 0.1419226117710071, 0.16659778825939667, 0.1289354030018757, 0.16364587581120527, 0.13364313199526248, 0.1538013300878172, 0.19307460567932516, 0.09335573293265495, 0.13356133526635533, 0.1961968355575427, 0.10450201833888409, 0.19155030015766722, 0.11143297052742299, 0.11385907329849877, 0.10055997754802064, 0.1328963580187844, 0.10166876179613835, 0.11954642171109081, 0.14855131506736363, 0.12703297615893613, 0.08800664965464762, 0.11061798029905826, 0.10276740782341788, 0.07398685399781374, 0.12725514449759373, 0.1180590591327721, 0.13233596050937763, 0.10282426867103495, 0.178503960929211, 0.15909880859636863, 0.13459046598368127, 0.14747980608392358, 0.13328588090396504, 0.15741597888014425, 0.11442136293647134, 0.13099563008363613, 0.10743596195513974, 0.15146424497930694, 0.10385837041995641, 0.1949693383376947, 0.0990762750628134, 0.17839067244865753, 0.11049128229109186, 0.11697161072778389, 0.10081115235115505, 0.09554233609224375, 0.10807959988330842, 0.1200021542066957, 0.083145128472607, 0.09665055296211063, 0.115359857304747, 0.113954106575256, 0.1417668711126185, 0.07077210821450096, 0.11590648406416469, 0.07521631794737636, 0.10448443351893112, 0.1723984244879714, 0.09605352624065096]
BBSR:25.58
ABSR:21.0
max acc:83.11
