======================================
    IID: 0
    Dataset: mnist
    Model: Mnist_CNN
    Model Init: None
    Aggregation Function: RLR
    Fraction NonIID: 0
    Long attack: 3
    Wide attack: 3
    Wide attack: trust
    Threshold reject: 0.5
    Threshold down: 0.0
    Attack method: dba
    Fraction of malicious agents: 20.0%
    Poison Frac: 0.2
    Backdoor From 7 to 2
    Attack Begin: 0
    Trigger Shape: square
    Type poisoning: 
    Trigger Position X: 0
    Trigger Position Y: 0
    Number of agents: 100
    Fraction of agents each turn: 30(30.0%)
    Local batch size: 50
    Local epoch: 3
    Client_LR: 0.01
    Client_Momentum: 0.9
    Global Rounds: 100
    RobustLR_threshold: 4
======================================
main_task_accuracy=[0, 25.829999923706055, 45.970001220703125, 46.380001068115234, 59.97999954223633, 71.44000244140625, 78.05999755859375, 76.0199966430664, 82.22000122070312, 89.22000122070312, 84.02999877929688, 90.98999786376953, 91.30000305175781, 90.62000274658203, 79.80999755859375, 83.87000274658203, 90.51000213623047, 92.66000366210938, 86.44000244140625, 93.22000122070312, 94.23999786376953, 94.91000366210938, 93.47000122070312, 95.1500015258789, 94.55999755859375, 93.9000015258789, 91.66999816894531, 96.12000274658203, 96.33999633789062, 94.37999725341797, 95.56999969482422, 95.62999725341797, 95.81999969482422, 96.22000122070312, 94.0999984741211, 95.37000274658203, 95.91999816894531, 96.12000274658203, 96.5999984741211, 96.08999633789062, 96.4800033569336, 96.08999633789062, 96.7699966430664, 96.4800033569336, 96.19000244140625, 95.0, 96.44000244140625, 96.72000122070312, 95.73999786376953, 95.36000061035156, 95.75, 96.63999938964844, 96.73999786376953, 97.0999984741211, 96.91999816894531, 97.30000305175781, 97.31999969482422, 95.44999694824219, 95.19999694824219, 95.54000091552734, 96.95999908447266, 97.37000274658203, 97.4800033569336, 97.23999786376953, 97.23999786376953, 97.27999877929688, 97.05000305175781, 97.0199966430664, 97.2300033569336, 97.05000305175781, 97.05999755859375, 96.33000183105469, 97.20999908447266, 97.43000030517578, 97.38999938964844, 97.04000091552734, 97.38999938964844, 97.0199966430664, 96.83000183105469, 97.16000366210938, 95.79000091552734, 97.13999938964844, 97.30999755859375, 97.37999725341797, 96.9000015258789, 97.44999694824219, 97.01000213623047, 97.29000091552734, 97.2300033569336, 96.9800033569336, 97.66999816894531, 97.58000183105469, 96.61000061035156, 97.08000183105469, 97.5999984741211, 96.98999786376953, 96.88999938964844, 96.4800033569336, 96.63999938964844, 97.08999633789062, 97.94999694824219]
backdoor_accuracy=[0, 0.0, 10.894941634241246, 0.19455252918287938, 0.09727626459143969, 7.587548638132295, 1.0700389105058365, 2.431906614785992, 5.155642023346304, 7.587548638132295, 3.307392996108949, 1.6536964980544746, 5.252918287937743, 2.140077821011673, 1.8482490272373542, 0.8754863813229572, 16.53696498054475, 1.0700389105058365, 1.6536964980544746, 2.821011673151751, 2.431906614785992, 1.6536964980544746, 2.237354085603113, 4.085603112840467, 4.085603112840467, 6.712062256809339, 26.070038910505836, 2.431906614785992, 6.22568093385214, 4.669260700389105, 1.7509727626459144, 5.447470817120623, 3.0155642023346303, 4.961089494163424, 1.9455252918287937, 6.712062256809339, 8.754863813229573, 1.8482490272373542, 3.7937743190661477, 15.95330739299611, 1.8482490272373542, 2.3346303501945527, 2.431906614785992, 7.587548638132295, 3.21011673151751, 3.0155642023346303, 3.11284046692607, 6.42023346303502, 4.669260700389105, 56.03112840466926, 2.431906614785992, 3.6964980544747084, 7.198443579766537, 3.21011673151751, 5.933852140077821, 7.587548638132295, 9.04669260700389, 5.933852140077821, 4.474708171206226, 6.614785992217898, 7.392996108949417, 7.782101167315175, 27.140077821011673, 22.17898832684825, 7.490272373540856, 11.575875486381323, 52.91828793774319, 3.11284046692607, 3.9883268482490273, 53.599221789883266, 28.30739299610895, 11.770428015564203, 65.85603112840467, 9.53307392996109, 8.463035019455253, 7.587548638132295, 30.44747081712062, 57.87937743190661, 26.653696498054476, 55.447470817120625, 73.83268482490273, 28.50194552529183, 28.69649805447471, 42.8988326848249, 40.175097276264594, 60.992217898832685, 54.08560311284047, 67.99610894941634, 8.463035019455253, 81.6147859922179, 54.57198443579767, 33.268482490272376, 85.7976653696498, 85.7976653696498, 62.7431906614786, 24.124513618677042, 85.3112840466926, 48.249027237354085, 66.92607003891051, 93.09338521400778, 82.87937743190662]
loss_list=[0.45824770944100257, 0.3535169084639315, 0.29423970033005403, 0.2797573017181931, 0.20864977438501464, 0.1384374986894298, 0.13731745183647234, 0.13669517029538097, 0.11573826358075183, 0.09285313330679106, 0.09479162817867749, 0.10309645795572195, 0.07695816509946865, 0.08804507219779463, 0.10222885650729627, 0.0788380783124084, 0.08060271562270307, 0.08233576370008742, 0.07697119346720042, 0.06701029657329285, 0.07869832453154446, 0.06596572933555736, 0.05386944151275399, 0.07210537657528172, 0.051048162500450196, 0.07117484849928499, 0.05718929042458368, 0.06195180853097511, 0.05574579658046453, 0.06146043164531536, 0.06476842530200143, 0.05403360038567268, 0.051763611402894115, 0.05245069702895362, 0.05026317763054881, 0.054809911934988166, 0.05445630181666513, 0.04633677903595384, 0.04658055131207884, 0.04641335984744861, 0.05286237808385334, 0.04797161104354714, 0.04734624103287633, 0.056475816885082256, 0.047271666979280313, 0.0405989687186346, 0.05026394108027759, 0.04339030961953815, 0.04928416867428033, 0.05412111072078916, 0.04737013079103463, 0.039444366646289364, 0.045063288040880264, 0.0409374405472124, 0.04792804665559615, 0.03696832581897554, 0.04759156645142496, 0.04583422651101675, 0.03538698580017172, 0.04364139933560147, 0.0495649796847828, 0.049349283669407516, 0.034233520321649544, 0.04275517151900659, 0.03974871553915799, 0.04187836106580697, 0.04398996871255501, 0.03960332237007561, 0.04188729504692011, 0.03402777603119515, 0.04233773926791879, 0.04421947536472582, 0.035954549692780356, 0.04154166467883651, 0.04264785951326759, 0.0385307481926843, 0.039697092633593715, 0.041364096368306465, 0.03374155120017681, 0.039478858973226914, 0.03612972405796369, 0.03429898005359295, 0.032932526451363145, 0.03503422654364871, 0.038589447676531476, 0.03195785973627993, 0.04284747648518115, 0.03807121814063478, 0.03944774067478158, 0.034280526441486305, 0.03443414290450341, 0.03370217832518983, 0.034842998059463844, 0.042865805338245376, 0.03546965529731181, 0.03629627435840614, 0.033613583482855355, 0.03707451146934692, 0.03756498880066216, 0.03508547191167687]
BBSR:93.09
ABSR:66.82
max acc:97.95
