======================================
    IID: 0
    Dataset: fashion_mnist
    Model: Mnist_CNN
    Model Init: None
    Aggregation Function: avg
    Fraction NonIID: 0
    Long attack: 3
    Wide attack: 3
    Wide attack: trust
    Threshold reject: 0.5
    Threshold down: 0.0
    Attack method: dba
    Fraction of malicious agents: 20.0%
    Poison Frac: 0.2
    Backdoor From 7 to 2
    Attack Begin: 0
    Trigger Shape: square
    Type poisoning: 
    Trigger Position X: 0
    Trigger Position Y: 0
    Number of agents: 100
    Fraction of agents each turn: 30(30.0%)
    Local batch size: 50
    Local epoch: 3
    Client_LR: 0.01
    Client_Momentum: 0.9
    Global Rounds: 100
======================================
main_task_accuracy=[0, 64.81999969482422, 70.95999908447266, 74.31999969482422, 76.11000061035156, 77.68000030517578, 78.66000366210938, 79.31999969482422, 80.9800033569336, 80.76000213623047, 81.44999694824219, 82.1500015258789, 82.8499984741211, 83.55000305175781, 83.5199966430664, 84.16999816894531, 84.0999984741211, 84.87000274658203, 84.83000183105469, 85.06999969482422, 85.45999908447266, 85.6500015258789, 85.83999633789062, 85.94999694824219, 86.30999755859375, 86.37999725341797, 86.11000061035156, 86.54000091552734, 86.63999938964844, 86.79000091552734, 86.77999877929688, 86.80999755859375, 86.91000366210938, 86.94999694824219, 87.22000122070312, 87.30999755859375, 87.22000122070312, 87.5199966430664, 87.6500015258789, 87.62999725341797, 87.63999938964844, 87.9000015258789, 87.69000244140625, 87.9000015258789, 88.0199966430664, 88.12999725341797, 88.06999969482422, 88.30999755859375, 88.36000061035156, 88.47000122070312, 88.58000183105469, 88.66000366210938, 88.3499984741211, 88.27999877929688, 88.79000091552734, 88.7300033569336, 88.79000091552734, 88.83999633789062, 88.83000183105469, 88.54000091552734, 88.88999938964844, 88.80999755859375, 88.52999877929688, 88.80999755859375, 88.95999908447266, 88.87999725341797, 88.69999694824219, 89.27999877929688, 89.05000305175781, 88.69000244140625, 89.0999984741211, 89.43000030517578, 89.08000183105469, 89.2300033569336, 89.43000030517578, 89.37999725341797, 89.05000305175781, 89.4800033569336, 89.33000183105469, 89.2300033569336, 89.43000030517578, 89.87000274658203, 89.30999755859375, 89.7699966430664, 89.88999938964844, 89.68000030517578, 89.91000366210938, 89.88999938964844, 89.75, 89.6500015258789, 89.7699966430664, 90.04000091552734, 89.91999816894531, 89.88999938964844, 89.98999786376953, 90.0199966430664, 89.91999816894531, 90.02999877929688, 90.27999877929688, 89.86000061035156, 90.2300033569336]
backdoor_accuracy=[0, 0.0, 0.0, 0.0, 0.0, 0.2, 9.7, 65.1, 75.0, 91.7, 98.3, 98.8, 99.4, 99.8, 99.8, 99.8, 99.8, 100.0, 99.9, 99.9, 100.0, 100.0, 100.0, 100.0, 100.0, 100.0, 100.0, 100.0, 100.0, 100.0, 100.0, 100.0, 100.0, 100.0, 100.0, 100.0, 100.0, 100.0, 100.0, 100.0, 100.0, 100.0, 100.0, 100.0, 100.0, 100.0, 100.0, 100.0, 100.0, 100.0, 100.0, 100.0, 100.0, 100.0, 100.0, 100.0, 100.0, 100.0, 100.0, 100.0, 100.0, 100.0, 100.0, 100.0, 100.0, 100.0, 100.0, 100.0, 100.0, 100.0, 100.0, 100.0, 100.0, 100.0, 100.0, 100.0, 100.0, 100.0, 100.0, 100.0, 100.0, 100.0, 100.0, 100.0, 100.0, 100.0, 100.0, 100.0, 100.0, 100.0, 100.0, 100.0, 100.0, 100.0, 100.0, 100.0, 100.0, 100.0, 100.0, 100.0, 100.0]
loss_list=[1.4047427007721531, 0.848663145082968, 0.654306710883975, 0.5754403375365117, 0.5350874767811209, 0.506902775030445, 0.43142371496392623, 0.44031197952313533, 0.4181743472055705, 0.40734553706176857, 0.3577964253861595, 0.3967628874229613, 0.37618469144735067, 0.34579223713803064, 0.3646990587658904, 0.35981050513477786, 0.3326630793718827, 0.34412052819367367, 0.3381604681895286, 0.3230756365797586, 0.31274663758015747, 0.3437535118656577, 0.32874615763969434, 0.2922088732632498, 0.2940442581730033, 0.3168767861401041, 0.2819996495351747, 0.3149894889754553, 0.28129947635310665, 0.2821416408202991, 0.2646781900794142, 0.2979727275911029, 0.30107984123406584, 0.24482734222310007, 0.28735938564080876, 0.25471131293861954, 0.2425568371838718, 0.26376375445440686, 0.2697469716650192, 0.25967027187968295, 0.23563009535514365, 0.25374513133946397, 0.24961083485503444, 0.22906164398106438, 0.2559641538394822, 0.2607882622456937, 0.23104144107998792, 0.2525509223065995, 0.25184592738471656, 0.22149442047294648, 0.23726929894786467, 0.23624342961443795, 0.23256054569932594, 0.22162357729652682, 0.24043905409397898, 0.24900180295937588, 0.20634650222750175, 0.21033146692336438, 0.24352904896389826, 0.23290682961405426, 0.22805731581110097, 0.2278330992993519, 0.2003483271381507, 0.20556291782780103, 0.19958705738773222, 0.21687388291487603, 0.20313600955393024, 0.20090031154212298, 0.23704114711015586, 0.1945221120319157, 0.19310938938762298, 0.21616230793685343, 0.19979616870620737, 0.19578866562806066, 0.2158167175069037, 0.20976506641858983, 0.18030311142404873, 0.19678459854244634, 0.1962940056566839, 0.19704161271176954, 0.18534276965936577, 0.20012791603113766, 0.19380380618558438, 0.19956725041071577, 0.20330174407162876, 0.1985953988317676, 0.19256583149889833, 0.18963532248098, 0.20523438477474773, 0.17561352594272683, 0.17627369212676536, 0.21108021030237, 0.19790815495351266, 0.17719233911268897, 0.18949192129549813, 0.19230586437991373, 0.17340630197906173, 0.18458514718287103, 0.17809487638339677, 0.1792160570449024]
BBSR:100.0
ABSR:100.0
max acc:90.28
