======================================
    IID: 1
    Dataset: cifar
    Model: resnet
    Model Init: None
    Aggregation Function: avg
    Fraction NonIID: 0
    Long attack: 3
    Wide attack: 3
    Wide attack: trust
    Threshold reject: 0.5
    Threshold down: 0.0
    Attack method: badnet
    Fraction of malicious agents: 30.0%
    Poison Frac: 0.2
    Backdoor From 7 to 2
    Attack Begin: 0
    Trigger Shape: square
    Type poisoning: pgd
    Trigger Position X: 0
    Trigger Position Y: 0
    Number of agents: 100
    Fraction of agents each turn: 30(30.0%)
    Local batch size: 50
    Local epoch: 3
    Client_LR: 0.01
    Client_Momentum: 0.9
    Global Rounds: 100
======================================
main_task_accuracy=[0, 10.050000190734863, 17.610000610351562, 37.290000915527344, 43.31999969482422, 47.380001068115234, 50.560001373291016, 53.5, 55.90999984741211, 58.400001525878906, 58.099998474121094, 59.84000015258789, 59.959999084472656, 62.7400016784668, 63.459999084472656, 63.279998779296875, 64.48999786376953, 64.5199966430664, 64.87000274658203, 65.30000305175781, 65.61000061035156, 65.91000366210938, 66.26000213623047, 66.5, 67.77999877929688, 67.69000244140625, 67.73999786376953, 68.05999755859375, 68.73999786376953, 68.69999694824219, 68.51000213623047, 69.06999969482422, 69.13999938964844, 69.5, 70.06999969482422, 70.2699966430664, 69.58000183105469, 70.33000183105469, 70.69999694824219, 71.44999694824219, 71.81999969482422, 71.4800033569336, 71.48999786376953, 71.87999725341797, 71.58999633789062, 72.04000091552734, 72.30999755859375, 71.7699966430664, 71.97000122070312, 72.43000030517578, 72.19999694824219, 72.16000366210938, 72.36000061035156, 71.94999694824219, 72.18000030517578, 72.37999725341797, 72.36000061035156, 72.01000213623047, 72.22000122070312, 72.37999725341797, 72.11000061035156, 72.29000091552734, 72.23999786376953, 72.16000366210938, 72.02999877929688, 72.37000274658203, 72.37000274658203, 72.5, 72.2300033569336, 72.22000122070312, 72.26000213623047, 72.22000122070312, 72.1500015258789, 72.16000366210938, 72.19999694824219, 72.25, 72.18000030517578, 72.20999908447266, 71.9800033569336, 72.2699966430664, 72.16000366210938, 72.16999816894531, 72.06999969482422, 72.0199966430664, 72.2300033569336, 72.08999633789062, 72.22000122070312, 72.05000305175781, 72.04000091552734, 71.94000244140625, 72.04000091552734, 72.04000091552734, 71.98999786376953, 71.91999816894531, 71.91000366210938, 71.79000091552734, 71.9000015258789, 71.9000015258789, 71.86000061035156, 71.83000183105469, 71.77999877929688]
backdoor_accuracy=[0, 0.0, 8.7, 2.9, 1.6, 2.4, 3.1, 2.1, 2.6, 3.3, 3.7, 2.1, 2.2, 2.6, 2.8, 3.9, 1.6, 3.5, 2.7, 2.0, 2.1, 1.4, 1.6, 3.0, 1.9, 1.9, 1.7, 1.3, 1.1, 1.1, 1.7, 1.0, 1.3, 1.3, 1.6, 1.9, 0.8, 1.3, 1.9, 2.1, 1.4, 1.7, 1.7, 1.6, 1.8, 2.0, 2.1, 2.3, 2.1, 2.4, 2.1, 2.7, 2.8, 2.4, 2.7, 2.6, 2.8, 2.6, 2.2, 2.1, 1.8, 2.1, 2.7, 2.4, 2.2, 2.3, 3.3, 2.1, 2.2, 2.5, 2.5, 3.0, 2.7, 3.1, 2.9, 3.2, 2.8, 3.0, 3.2, 3.1, 3.2, 3.4, 3.3, 3.4, 3.5, 3.1, 2.9, 3.1, 2.9, 3.1, 3.3, 3.4, 3.1, 3.1, 3.8, 3.5, 3.2, 3.4, 3.3, 3.1, 3.1]
loss_list=[1.9548158980740442, 1.445863644282023, 1.1515996159447566, 0.9689793604446783, 0.8249894172946614, 0.7589292124824392, 0.6900820333345069, 0.6067394295665952, 0.5572518351860345, 0.5419893813133237, 0.50122426531795, 0.46049277860464327, 0.4403132563229237, 0.41855334188789123, 0.4453743198162152, 0.3874417906026873, 0.3793899412556655, 0.3708142862096429, 0.35040671392861344, 0.3246812247940235, 0.32450751209838524, 0.33129652873768156, 0.3181626716494145, 0.27681071917112493, 0.27545709170918503, 0.22922910124218718, 0.2575897801923566, 0.26811578839448186, 0.26846707777327133, 0.2464601731344333, 0.17580239855580862, 0.18031060238174776, 0.21741886178238526, 0.20167527262949278, 0.1284339163188512, 0.16121358887163093, 0.18407609229648697, 0.14580997576044566, 0.12257975267091145, 0.10828039993641948, 0.11171763528435905, 0.11681561374215461, 0.07806066884516945, 0.07990197845734652, 0.07729229949906259, 0.0710313492315537, 0.08568868864314734, 0.0758953845156874, 0.05319708875361054, 0.048252295958777225, 0.042146723952577715, 0.0594975066840157, 0.10147207878601168, 0.02450563438495414, 0.04964213828507733, 0.02792952578676502, 0.033472470874936947, 0.030317906555460974, 0.015346416070824492, 0.041129483507894374, 0.015324445742557542, 0.0120265861394647, 0.00857277296302426, 0.02087301768582418, 0.027915653858783317, 0.010564738656782235, 0.01026155358342092, 0.011148217271337569, 0.016962195604961986, 0.004871160494836255, 0.01260194062213284, 0.014923517878632993, 0.00508446958604812, 0.00543544734601811, 0.004834183532010583, 0.004855760333496922, 0.005711712267964481, 0.004828280846429859, 0.008962071512392466, 0.005236579504578709, 0.008307440837638244, 0.004176114262097851, 0.003007025784301934, 0.005891018143431414, 0.0034069600899884894, 0.008205976321138828, 0.0029373083392824307, 0.0039761491820293786, 0.0033370095193095044, 0.012364968192624578, 0.002032799766473343, 0.0035619646635152292, 0.004038841115365763, 0.005301714306260691, 0.002570815142535139, 0.004316598715118339, 0.001610779906186508, 0.0031842716203957224, 0.0018785105771288119, 0.004675375432109124]
BBSR:62.19053188760924
ABSR:64.10186090983088
max acc:72.04
