======================================
    IID: 0
    Dataset: mnist
    Model: Mnist_CNN
    Model Init: None
    Aggregation Function: flame
    Fraction NonIID: 0
    Long attack: 5
    Wide attack: 5
    Wide attack: trust
    Threshold reject: 0.5
    Threshold down: 0.0
    Attack method: dba
    Fraction of malicious agents: 13.0%
    Poison Frac: 0.2
    Backdoor From 7 to 2
    Attack Begin: 0
    Trigger Shape: square
    Type poisoning: 
    Trigger Position X: 0
    Trigger Position Y: 0
    Number of agents: 100
    Fraction of agents each turn: 30(30.0%)
    Local batch size: 50
    Local epoch: 3
    Client_LR: 0.01
    Client_Momentum: 0.9
    Global Rounds: 100
    Noise in FLAME: 0.001
proportion of malicious are selected:0.3933333333333333
proportion of benign are selected:0.5733333333333334
======================================
main_task_accuracy=[0, 27.190000534057617, 20.309999465942383, 44.34000015258789, 54.43000030517578, 52.459999084472656, 54.79999923706055, 55.470001220703125, 65.61000061035156, 66.33000183105469, 64.4000015258789, 73.55000305175781, 67.2300033569336, 68.18000030517578, 71.51000213623047, 76.16000366210938, 73.4800033569336, 76.51000213623047, 74.62000274658203, 75.11000061035156, 75.8499984741211, 76.47000122070312, 76.33000183105469, 77.31999969482422, 76.1500015258789, 77.8499984741211, 77.69999694824219, 77.47000122070312, 77.1500015258789, 76.8499984741211, 77.47000122070312, 77.93000030517578, 78.41000366210938, 75.62000274658203, 78.02999877929688, 78.33000183105469, 78.48999786376953, 78.12000274658203, 78.37000274658203, 77.31999969482422, 76.3499984741211, 78.29000091552734, 77.7699966430664, 78.19000244140625, 77.9800033569336, 77.66000366210938, 78.41000366210938, 78.12000274658203, 78.38999938964844, 76.7300033569336, 78.5199966430664, 78.56999969482422, 77.23999786376953, 78.61000061035156, 78.54000091552734, 78.38999938964844, 78.29000091552734, 77.69999694824219, 77.87999725341797, 78.19000244140625, 78.88999938964844, 78.30999755859375, 78.69999694824219, 87.0199966430664, 86.05999755859375, 86.9800033569336, 85.80000305175781, 85.80000305175781, 85.23999786376953, 85.04000091552734, 86.1500015258789, 84.22000122070312, 83.20999908447266, 83.05000305175781, 85.0, 85.2300033569336, 85.30000305175781, 83.54000091552734, 85.5, 84.69999694824219, 82.86000061035156, 83.52999877929688, 84.56999969482422, 82.81999969482422, 83.7699966430664, 82.30999755859375, 83.9800033569336, 80.75, 79.97000122070312, 83.16000366210938, 81.87999725341797, 81.79000091552734, 81.73999786376953, 81.55000305175781, 82.83000183105469, 80.0, 79.97000122070312, 80.95999908447266, 80.79000091552734, 79.69999694824219, 81.87999725341797]
backdoor_accuracy=[0, 0.0, 0.48638132295719844, 6.906614785992218, 0.9727626459143969, 14.591439688715953, 0.0, 0.0, 0.0, 0.0, 0.0, 1.1673151750972763, 0.2918287937743191, 0.2918287937743191, 0.19455252918287938, 3.7937743190661477, 0.9727626459143969, 1.9455252918287937, 0.8754863813229572, 9.24124513618677, 1.6536964980544746, 4.280155642023346, 2.140077821011673, 1.556420233463035, 3.9883268482490273, 2.431906614785992, 2.140077821011673, 2.821011673151751, 4.669260700389105, 3.5992217898832686, 3.501945525291829, 3.11284046692607, 2.6264591439688716, 2.237354085603113, 1.1673151750972763, 2.3346303501945527, 2.140077821011673, 2.140077821011673, 2.821011673151751, 4.377431906614786, 4.085603112840467, 2.9182879377431905, 1.4591439688715953, 5.3501945525291825, 2.6264591439688716, 2.6264591439688716, 1.8482490272373542, 3.7937743190661477, 4.961089494163424, 1.3618677042801557, 2.9182879377431905, 2.529182879377432, 1.8482490272373542, 1.556420233463035, 3.11284046692607, 2.140077821011673, 0.8754863813229572, 1.264591439688716, 3.8910505836575875, 3.501945525291829, 1.264591439688716, 4.377431906614786, 2.821011673151751, 1.0700389105058365, 1.3618677042801557, 2.140077821011673, 1.8482490272373542, 2.3346303501945527, 2.237354085603113, 2.237354085603113, 0.8754863813229572, 3.501945525291829, 1.3618677042801557, 1.3618677042801557, 1.3618677042801557, 1.264591439688716, 2.9182879377431905, 1.264591439688716, 1.3618677042801557, 1.4591439688715953, 0.7782101167315175, 2.431906614785992, 1.4591439688715953, 1.0700389105058365, 1.3618677042801557, 0.48638132295719844, 2.140077821011673, 0.9727626459143969, 0.2918287937743191, 0.7782101167315175, 1.7509727626459144, 1.0700389105058365, 0.6809338521400778, 0.48638132295719844, 1.1673151750972763, 0.2918287937743191, 0.2918287937743191, 0.5836575875486382, 0.48638132295719844, 0.38910505836575876, 2.237354085603113]
loss_list=[0.518263113407654, 0.2961444252664942, 0.4181649715940953, 0.3273745081718605, 0.21855831657547042, 0.2648547363991258, 0.2442446629094925, 0.2488575227467394, 0.1530281497853192, 0.20743454547487444, 0.1947990130888478, 0.17942252640868103, 0.1846043145660322, 0.18740591323818073, 0.2183665608286756, 0.16358245071188257, 0.18963401707863262, 0.15322174979219563, 0.13772524767959438, 0.1585315782059055, 0.15673864909448598, 0.18866130687692462, 0.18982496133145146, 0.1869479170588707, 0.18296313806753933, 0.13861378588087087, 0.15550596782797593, 0.13210534467476467, 0.10784393288554418, 0.13102401148331597, 0.15663311702093688, 0.15515772240012796, 0.11877525368866512, 0.14228829606342283, 0.12545821971256738, 0.15352107611008853, 0.1411056817418424, 0.15707371409401844, 0.1730518665709684, 0.13260316064226024, 0.16690404640766546, 0.18489032046039394, 0.1772832160894865, 0.1828147305348774, 0.14530082581646286, 0.1794905851000407, 0.12689591870349137, 0.18454023242752265, 0.144579081033344, 0.1934811896613809, 0.16574524331966745, 0.11168700298705553, 0.21231836678889426, 0.12841094628413746, 0.1000862271725059, 0.14327568740942015, 0.13529171566908318, 0.11757515326538227, 0.10885689548779279, 0.13595932387420992, 0.15203710683560112, 0.12162567821834329, 0.2002135630685094, 0.10274798741235029, 0.09009941675332198, 0.11353949589962412, 0.10261986843287146, 0.08770718140960733, 0.1293091878955901, 0.09530084208623132, 0.10056770621117168, 0.10460062169086125, 0.1146213874546067, 0.08272665460342185, 0.10153207720160623, 0.1229236844961737, 0.11158847940580267, 0.10350099044118416, 0.09287748119842482, 0.07188411661388944, 0.08891258585557285, 0.10147846361709585, 0.08991996611477224, 0.11061702781351218, 0.1385783705808498, 0.11625769840583931, 0.11392959305960068, 0.06012188845161891, 0.11219624459595694, 0.10737552606201253, 0.08981307132452271, 0.09117702696400849, 0.12935091823430103, 0.11516252225375109, 0.09060683213170277, 0.12890673896447327, 0.13441074767312522, 0.12899938773437922, 0.09656536967182, 0.09613359253352137]
BBSR:2.24
ABSR:0.77
max acc:82.83
