======================================
    IID: 0
    Dataset: fashion_mnist
    Model: Mnist_CNN
    Model Init: None
    Aggregation Function: fltrust
    Fraction NonIID: 0
    Long attack: 3
    Wide attack: 3
    Wide attack: trust
    Threshold reject: 0.5
    Threshold down: 0.0
    Attack method: dba
    Fraction of malicious agents: 30.0%
    Poison Frac: 0.2
    Backdoor From 7 to 2
    Attack Begin: 0
    Trigger Shape: square
    Type poisoning: 
    Trigger Position X: 0
    Trigger Position Y: 0
    Number of agents: 100
    Fraction of agents each turn: 30(30.0%)
    Local batch size: 50
    Local epoch: 3
    Client_LR: 0.01
    Client_Momentum: 0.9
    Global Rounds: 100
    Dataset In Server: 200
======================================
main_task_accuracy=[0, 59.380001068115234, 70.75, 72.58000183105469, 73.2699966430664, 74.30000305175781, 75.19000244140625, 75.94999694824219, 76.5999984741211, 77.33999633789062, 77.58999633789062, 77.6500015258789, 78.58999633789062, 78.8499984741211, 78.9000015258789, 79.2300033569336, 79.55000305175781, 80.18000030517578, 80.30999755859375, 80.58999633789062, 80.88999938964844, 80.80999755859375, 81.08999633789062, 81.44999694824219, 81.19999694824219, 81.83999633789062, 82.33000183105469, 81.95999908447266, 82.30000305175781, 82.4800033569336, 83.16000366210938, 83.43000030517578, 83.20999908447266, 83.36000061035156, 83.87000274658203, 83.69000244140625, 83.79000091552734, 84.29000091552734, 83.87000274658203, 84.3499984741211, 84.08999633789062, 84.37999725341797, 84.66000366210938, 84.69999694824219, 84.75, 84.7699966430664, 84.94000244140625, 84.9800033569336, 85.13999938964844, 84.51000213623047, 85.5, 85.54000091552734, 85.61000061035156, 85.55999755859375, 85.75, 85.95999908447266, 86.20999908447266, 86.05999755859375, 86.29000091552734, 86.11000061035156, 86.0999984741211, 86.0, 86.11000061035156, 86.22000122070312, 86.30000305175781, 86.30999755859375, 86.47000122070312, 86.38999938964844, 86.55000305175781, 86.48999786376953, 86.62000274658203, 86.69000244140625, 86.7300033569336, 86.87000274658203, 86.72000122070312, 86.70999908447266, 86.9000015258789, 86.79000091552734, 86.83999633789062, 86.97000122070312, 86.9800033569336, 87.11000061035156, 87.11000061035156, 87.11000061035156, 87.12000274658203, 87.11000061035156, 87.12999725341797, 87.37999725341797, 87.51000213623047, 87.43000030517578, 87.44999694824219, 87.29000091552734, 87.54000091552734, 87.63999938964844, 87.54000091552734, 87.13999938964844, 87.44999694824219, 87.54000091552734, 87.51000213623047, 87.58999633789062, 87.62999725341797]
backdoor_accuracy=[0, 0.0, 0.0, 0.0, 0.2, 0.5, 1.4, 3.7, 8.3, 10.7, 21.3, 41.7, 59.5, 71.9, 84.7, 83.4, 90.3, 91.5, 91.0, 93.9, 96.2, 97.3, 98.5, 99.0, 99.6, 99.4, 99.6, 99.8, 99.6, 99.6, 99.8, 99.8, 99.8, 99.8, 99.8, 99.8, 99.8, 99.8, 99.9, 99.9, 99.9, 99.9, 99.9, 99.9, 99.9, 99.9, 99.9, 99.9, 100.0, 100.0, 100.0, 100.0, 99.9, 100.0, 100.0, 100.0, 100.0, 100.0, 99.9, 99.9, 100.0, 100.0, 100.0, 100.0, 100.0, 100.0, 100.0, 100.0, 100.0, 100.0, 100.0, 100.0, 100.0, 100.0, 100.0, 100.0, 100.0, 100.0, 100.0, 100.0, 100.0, 100.0, 100.0, 100.0, 100.0, 100.0, 100.0, 100.0, 100.0, 100.0, 100.0, 100.0, 100.0, 100.0, 100.0, 100.0, 100.0, 100.0, 100.0, 100.0, 100.0]
loss_list=[1.462633559990812, 1.1196432867259891, 0.8415652151598975, 0.742340853313605, 0.647142075981807, 0.5601255074971252, 0.5824398921043784, 0.546048080659023, 0.5311607276951826, 0.4785273387614224, 0.5335620363277417, 0.50534237941934, 0.4567031142267364, 0.49149738606755394, 0.46838870724594145, 0.43558830117323893, 0.4421378316357733, 0.45399750770518066, 0.43506861670563607, 0.38429416539492417, 0.4375324328119555, 0.4106788194289914, 0.406114050200968, 0.44910987318941836, 0.3877416215147134, 0.4033821776164352, 0.3686398302032439, 0.3986412549943284, 0.3740053545200714, 0.3619245749104906, 0.3736046091825873, 0.39628442758349347, 0.3639539191361378, 0.38943029306828975, 0.38308547968734746, 0.3525286559429434, 0.36280293441894995, 0.3602917420298413, 0.3651876270012171, 0.33519887140503635, 0.3635280252744754, 0.3365353944469934, 0.32454431091469743, 0.3601807102147075, 0.36485174462475156, 0.34173645624821936, 0.3360131277047374, 0.3255944879656589, 0.3694112935068983, 0.304565105828698, 0.34996528907644536, 0.3305699763681601, 0.2813208353705704, 0.35120886137915985, 0.33913149365603373, 0.2965297009761411, 0.30130638077475685, 0.3338780129035177, 0.31017444936075694, 0.313288459216279, 0.3393618012295553, 0.33560630709484773, 0.2835546813422331, 0.3261610842154673, 0.3349289126038827, 0.28538499473145706, 0.29584464155896395, 0.2984574739476321, 0.31420855641847967, 0.2738613947484366, 0.34277513345220567, 0.2956147878637745, 0.2560535154546852, 0.303440854250005, 0.3145728795513235, 0.2752116387020107, 0.29604124220915956, 0.3163903009077466, 0.2926175050678904, 0.278218494043513, 0.29156174210279623, 0.30382288460171336, 0.25458420538860893, 0.2919615457696771, 0.2814032567182073, 0.2776430734226273, 0.2754717690404505, 0.2908464070513016, 0.2870270708558598, 0.24829989188454224, 0.29291347617766367, 0.2825787216735383, 0.23851503200863522, 0.2974434325402534, 0.29191953815795757, 0.2746762512148254, 0.2725589309698316, 0.29176393713353677, 0.2926688716281205, 0.24718671888285487]
BBSR:100.0
ABSR:100.0
max acc:87.64
