======================================
    IID: 0
    Dataset: mnist
    Model: Mnist_CNN
    Model Init: None
    Aggregation Function: flame
    Fraction NonIID: 0
    Long attack: 3
    Wide attack: 3
    Wide attack: trust
    Threshold reject: 0.5
    Threshold down: 0.0
    Attack method: badnet
    Fraction of malicious agents: 13.0%
    Poison Frac: 0.2
    Backdoor From 7 to 2
    Attack Begin: 0
    Trigger Shape: square
    Type poisoning: cs
    Trigger Position X: 0
    Trigger Position Y: 0
    Number of agents: 100
    Fraction of agents each turn: 30(30.0%)
    Local batch size: 50
    Local epoch: 3
    Client_LR: 0.01
    Client_Momentum: 0.9
    Global Rounds: 100
    Noise in FLAME: 0.001
proportion of malicious are selected:0.44666666666666666
proportion of benign are selected:0.5677777777777778
======================================
main_task_accuracy=[0, 19.850000381469727, 42.41999816894531, 45.38999938964844, 42.459999084472656, 69.19999694824219, 71.68000030517578, 68.79000091552734, 57.959999084472656, 66.94999694824219, 70.76000213623047, 66.81999969482422, 73.4800033569336, 76.29000091552734, 72.93000030517578, 76.54000091552734, 76.47000122070312, 74.12000274658203, 74.7699966430664, 77.4800033569336, 77.19999694824219, 76.8499984741211, 70.94000244140625, 72.01000213623047, 76.08999633789062, 77.69000244140625, 74.87999725341797, 77.52999877929688, 77.87999725341797, 77.7699966430664, 77.12000274658203, 77.91000366210938, 78.1500015258789, 77.01000213623047, 74.8499984741211, 78.48999786376953, 78.06999969482422, 77.19000244140625, 77.62999725341797, 78.45999908447266, 77.58000183105469, 77.48999786376953, 78.79000091552734, 78.51000213623047, 85.38999938964844, 80.0199966430664, 79.51000213623047, 81.80999755859375, 81.70999908447266, 80.02999877929688, 82.19999694824219, 80.88999938964844, 80.43000030517578, 80.0999984741211, 80.05000305175781, 79.91000366210938, 79.52999877929688, 79.30000305175781, 79.7300033569336, 80.1500015258789, 79.81999969482422, 79.48999786376953, 79.76000213623047, 80.16000366210938, 79.30000305175781, 79.38999938964844, 79.11000061035156, 79.06999969482422, 79.47000122070312, 79.38999938964844, 79.0199966430664, 78.91999816894531, 86.2699966430664, 85.12000274658203, 84.12999725341797, 83.02999877929688, 82.7699966430664, 82.2300033569336, 82.45999908447266, 86.87999725341797, 85.20999908447266, 83.33999633789062, 82.86000061035156, 83.79000091552734, 87.58000183105469, 87.83999633789062, 86.01000213623047, 85.58999633789062, 85.41000366210938, 88.12999725341797, 87.20999908447266, 86.88999938964844, 86.41999816894531, 85.80999755859375, 85.29000091552734, 84.5999984741211, 85.16999816894531, 84.7699966430664, 84.80000305175781, 83.66000366210938, 85.30000305175781]
backdoor_accuracy=[0, 0.0, 43.67704280155642, 0.0, 0.19455252918287938, 2.237354085603113, 7.003891050583658, 3.7937743190661477, 7.587548638132295, 3.404669260700389, 3.11284046692607, 7.2957198443579765, 2.821011673151751, 3.0155642023346303, 2.821011673151751, 8.268482490272374, 12.062256809338521, 10.019455252918288, 2.0428015564202333, 6.42023346303502, 4.377431906614786, 4.474708171206226, 3.307392996108949, 3.404669260700389, 9.33852140077821, 3.6964980544747084, 16.53696498054475, 1.8482490272373542, 1.8482490272373542, 13.424124513618677, 3.21011673151751, 3.404669260700389, 2.140077821011673, 10.603112840466926, 10.311284046692608, 3.0155642023346303, 3.8910505836575875, 3.11284046692607, 4.085603112840467, 3.9883268482490273, 0.9727626459143969, 0.5836575875486382, 3.9883268482490273, 5.155642023346304, 5.252918287937743, 0.8754863813229572, 2.0428015564202333, 3.404669260700389, 5.739299610894942, 12.15953307392996, 2.7237354085603114, 5.447470817120623, 3.9883268482490273, 4.377431906614786, 8.657587548638132, 1.0700389105058365, 0.7782101167315175, 10.408560311284047, 2.529182879377432, 1.9455252918287937, 2.0428015564202333, 1.6536964980544746, 2.431906614785992, 2.529182879377432, 1.6536964980544746, 1.6536964980544746, 1.7509727626459144, 2.0428015564202333, 2.237354085603113, 5.642023346303502, 12.54863813229572, 1.6536964980544746, 4.182879377431907, 3.11284046692607, 7.392996108949417, 3.8910505836575875, 4.474708171206226, 5.155642023346304, 2.7237354085603114, 5.642023346303502, 2.140077821011673, 4.961089494163424, 4.085603112840467, 6.614785992217898, 5.447470817120623, 3.5992217898832686, 2.140077821011673, 5.836575875486381, 4.377431906614786, 4.085603112840467, 3.0155642023346303, 5.058365758754864, 1.9455252918287937, 1.7509727626459144, 7.879377431906615, 1.556420233463035, 2.140077821011673, 2.431906614785992, 2.529182879377432, 5.933852140077821, 1.6536964980544746]
loss_list=[0.46500769279001203, 0.3401962594229595, 0.40098526939721796, 0.2897192323211803, 0.2686652954015784, 0.2182009285231207, 0.18543902110324856, 0.22135322333538082, 0.225161036772644, 0.2026515951494915, 0.1335570512493285, 0.1989205382937745, 0.19992820257267888, 0.18947797303517389, 0.23138717717945737, 0.1191144359025704, 0.13224546250580796, 0.11516877107733772, 0.14242215409645187, 0.15078484038407405, 0.16199691580884681, 0.08858829861384637, 0.14014561843065382, 0.15437096823751684, 0.13660625630626608, 0.1475562175333172, 0.1482744071304539, 0.13526851888235686, 0.17254429641271565, 0.12698882364928002, 0.12212202024591727, 0.14469786583016686, 0.15883840374337507, 0.13359256802491173, 0.16242195383060024, 0.1389282495910071, 0.11190364212627243, 0.16212428815754457, 0.11373723547089926, 0.15281465368093883, 0.148680511645391, 0.13822783566135455, 0.1298513292062661, 0.18598280601111444, 0.0807712641201897, 0.10028628003974814, 0.1251384375094495, 0.12744916584328272, 0.1354651735620562, 0.13556761913966703, 0.11409622769377664, 0.08446367461245714, 0.11728822046016422, 0.1107763020867055, 0.09248782299154316, 0.08972530417918595, 0.12363938170985943, 0.11558443106668785, 0.12707012410411625, 0.14208430321567198, 0.10549893756359745, 0.10634775899830304, 0.11584688798969192, 0.10958851933346611, 0.12416848430846636, 0.1058600418227357, 0.09266812989902087, 0.09981787471955199, 0.1120513660433609, 0.09478840638819541, 0.10257759578625213, 0.15302854758304005, 0.08982310619998114, 0.07349162439036769, 0.07713120358426805, 0.08627281276882255, 0.12107447467185102, 0.09128660162517713, 0.13584270408495622, 0.07816515303641522, 0.1058122358629773, 0.07608071780069088, 0.12313813005067262, 0.13333577285470474, 0.1322085974783531, 0.08413097939218311, 0.10354670774892641, 0.05883672714157239, 0.138564141846025, 0.0851547053971103, 0.08273134712521002, 0.08229061808358791, 0.0991044558702928, 0.08239879216680465, 0.09943299101331189, 0.10147081390208548, 0.09074218018121696, 0.08833385327270854, 0.09873823112440053, 0.12385884439569926]
BBSR:7.88
ABSR:3.29
max acc:86.89
