======================================
    IID: 0
    Dataset: mnist
    Model: Mnist_CNN
    Model Init: None
    Aggregation Function: DABA
    Fraction NonIID: 0
    Long attack: 3
    Wide attack: 3
    Wide attack: trust
    Threshold reject: 0.5
    Threshold down: 0.0
    Attack method: badnet
    Fraction of malicious agents: 20.0%
    Poison Frac: 0.2
    Backdoor From 7 to 2
    Attack Begin: 0
    Trigger Shape: square
    Type poisoning: 
    Trigger Position X: 0
    Trigger Position Y: 0
    Number of agents: 100
    Fraction of agents each turn: 30(30.0%)
    Local batch size: 50
    Local epoch: 3
    Client_LR: 0.01
    Client_Momentum: 0.9
    Global Rounds: 100
======================================
main_task_accuracy=[0, 15.520000457763672, 48.22999954223633, 36.029998779296875, 41.779998779296875, 38.54999923706055, 55.13999938964844, 50.84000015258789, 69.48999786376953, 78.77999877929688, 59.20000076293945, 82.88999938964844, 81.91999816894531, 55.09000015258789, 73.1500015258789, 85.55999755859375, 90.79000091552734, 90.63999938964844, 83.41999816894531, 69.66999816894531, 85.97000122070312, 82.19000244140625, 85.70999908447266, 89.58000183105469, 92.3499984741211, 92.86000061035156, 89.30000305175781, 90.16000366210938, 94.2300033569336, 90.94999694824219, 84.93000030517578, 83.87000274658203, 90.44000244140625, 89.30000305175781, 88.75, 96.01000213623047, 95.25, 88.61000061035156, 88.06999969482422, 94.0199966430664, 94.38999938964844, 94.5199966430664, 95.62000274658203, 95.26000213623047, 96.20999908447266, 96.77999877929688, 96.25, 96.41999816894531, 95.81999969482422, 96.38999938964844, 96.45999908447266, 96.30000305175781, 94.91999816894531, 93.08000183105469, 96.25, 94.76000213623047, 96.44999694824219, 97.69000244140625, 95.7300033569336, 96.5199966430664, 97.18000030517578, 97.66999816894531, 96.06999969482422, 95.87000274658203, 96.44999694824219, 97.83999633789062, 97.69000244140625, 97.51000213623047, 95.5999984741211, 96.63999938964844, 97.0999984741211, 97.93000030517578, 97.04000091552734, 97.5199966430664, 96.11000061035156, 97.69999694824219, 95.58999633789062, 95.06999969482422, 91.91999816894531, 96.33999633789062, 97.41999816894531, 97.73999786376953, 97.43000030517578, 96.37000274658203, 94.7699966430664, 96.4800033569336, 97.86000061035156, 97.5, 97.2300033569336, 97.29000091552734, 87.9000015258789, 95.81999969482422, 98.0999984741211, 96.98999786376953, 97.36000061035156, 97.79000091552734, 97.69999694824219, 96.31999969482422, 95.5, 96.06999969482422, 98.27999877929688]
backdoor_accuracy=[0, 0.0, 31.51750972762646, 0.0, 0.38910505836575876, 0.0, 5.642023346303502, 5.3501945525291825, 0.6809338521400778, 3.501945525291829, 0.0, 2.6264591439688716, 1.9455252918287937, 0.09727626459143969, 2.821011673151751, 5.3501945525291825, 1.556420233463035, 7.198443579766537, 0.38910505836575876, 0.48638132295719844, 8.365758754863814, 0.48638132295719844, 16.926070038910506, 2.529182879377432, 11.575875486381323, 5.544747081712062, 97.76264591439688, 1.7509727626459144, 39.98054474708171, 7.392996108949417, 2.0428015564202333, 29.085603112840467, 6.128404669260701, 6.3229571984435795, 55.54474708171206, 7.684824902723736, 7.684824902723736, 4.669260700389105, 76.26459143968872, 2.140077821011673, 1.1673151750972763, 16.53696498054475, 29.377431906614785, 14.591439688715953, 38.03501945525292, 87.93774319066148, 4.377431906614786, 37.06225680933852, 23.638132295719846, 16.439688715953306, 77.52918287937743, 95.52529182879377, 86.57587548638132, 59.824902723735406, 99.22178988326849, 73.24902723735408, 51.945525291828794, 98.73540856031128, 74.5136186770428, 94.94163424124514, 99.90272373540856, 99.80544747081711, 91.05058365758755, 100.0, 100.0, 100.0, 99.90272373540856, 100.0, 99.90272373540856, 99.90272373540856, 100.0, 100.0, 100.0, 100.0, 99.80544747081711, 100.0, 99.22178988326849, 98.34630350194553, 100.0, 92.99610894941634, 100.0, 100.0, 100.0, 99.5136186770428, 100.0, 100.0, 100.0, 100.0, 100.0, 100.0, 99.90272373540856, 100.0, 100.0, 100.0, 100.0, 100.0, 100.0, 100.0, 100.0, 100.0, 100.0]
loss_list=[0.4195385015609566, 0.47452041297794306, 0.2932265183521474, 0.23470597680014968, 0.308722588113295, 0.3023497649948562, 0.1958373935959921, 0.19384202319951457, 0.17269662162054908, 0.13786420636140753, 0.18311644831222787, 0.13512650938840826, 0.12022208921110754, 0.1972650213793949, 0.1397877804860534, 0.10559898028791395, 0.1018162483634171, 0.10013587506724408, 0.1023660985052818, 0.12243931796253192, 0.1134592868145301, 0.10167768213553766, 0.10044626877397582, 0.09276610012776544, 0.08724138045206184, 0.07124523281157759, 0.07392288816683007, 0.0801996336842489, 0.07708762469272187, 0.062259131977290896, 0.09445998825126953, 0.08702360979354862, 0.06128775018074514, 0.07095621514921042, 0.07123858529838237, 0.06451295241678019, 0.0448778013690549, 0.06305216892552824, 0.07427224610318105, 0.06350175736341747, 0.05785851345436499, 0.059072699074874384, 0.057630499163186834, 0.05000059342836748, 0.04475891858276142, 0.04866693357649001, 0.048257167292192454, 0.047013046183520105, 0.05554948008047666, 0.05094596885135667, 0.04400983764352059, 0.04677783994480711, 0.057145829586133345, 0.04932871802791402, 0.05324377396916593, 0.05239757373841185, 0.04121334882301633, 0.04101537375914826, 0.040075901318333024, 0.03988548347065264, 0.042765579664650326, 0.037201221263286545, 0.046372225400954724, 0.04750242059460773, 0.0424958505833586, 0.03521739027259409, 0.036256905921842865, 0.035985634236535204, 0.03976825512279067, 0.03732903909577691, 0.03487646610370086, 0.0382374303395793, 0.03270068244494189, 0.0395409380273817, 0.03993469067705414, 0.03480772877830734, 0.04097107069805375, 0.0443449298115255, 0.04413339165028315, 0.04367455773533577, 0.034652679338057095, 0.03179760731679639, 0.030864626921903657, 0.04428613308901463, 0.039610256183520584, 0.03884730006651903, 0.03345302479884274, 0.03187760490861106, 0.027328591680878946, 0.03298813496529152, 0.05876549825199238, 0.04020970626268745, 0.029481585173924265, 0.04116019664621211, 0.03721125268106886, 0.030562693266795837, 0.027021647979472378, 0.0343768541198878, 0.03796936749694711, 0.03897277498647918]
BBSR:100.0
ABSR:100.0
max acc:98.28
