======================================
    IID: 0
    Dataset: mnist
    Model: Mnist_CNN
    Model Init: None
    Aggregation Function: DABA
    Fraction NonIID: 0
    Long attack: 3
    Wide attack: 3
    Wide attack: trust
    Threshold reject: 0.5
    Threshold down: 0.0
    Attack method: dba
    Fraction of malicious agents: 30.0%
    Poison Frac: 0.2
    Backdoor From 7 to 2
    Attack Begin: 0
    Trigger Shape: square
    Type poisoning: 
    Trigger Position X: 0
    Trigger Position Y: 0
    Number of agents: 100
    Fraction of agents each turn: 30(30.0%)
    Local batch size: 50
    Local epoch: 3
    Client_LR: 0.01
    Client_Momentum: 0.9
    Global Rounds: 100
======================================
main_task_accuracy=[0, 16.8799991607666, 24.31999969482422, 9.850000381469727, 43.650001525878906, 40.459999084472656, 57.40999984741211, 51.349998474121094, 66.5199966430664, 77.30000305175781, 66.51000213623047, 79.62999725341797, 79.69000244140625, 85.23999786376953, 81.18000030517578, 79.11000061035156, 87.88999938964844, 82.8499984741211, 81.95999908447266, 80.73999786376953, 84.79000091552734, 90.4800033569336, 89.08999633789062, 90.77999877929688, 94.12000274658203, 91.95999908447266, 90.69999694824219, 63.06999969482422, 87.63999938964844, 89.01000213623047, 90.87000274658203, 93.16999816894531, 93.98999786376953, 93.1500015258789, 93.12999725341797, 95.02999877929688, 82.44999694824219, 90.9800033569336, 94.69999694824219, 95.80000305175781, 95.51000213623047, 96.1500015258789, 95.4000015258789, 94.4000015258789, 93.41999816894531, 96.18000030517578, 96.79000091552734, 95.23999786376953, 94.4000015258789, 95.5999984741211, 90.76000213623047, 96.01000213623047, 97.30000305175781, 96.5199966430664, 94.58999633789062, 97.16999816894531, 93.0999984741211, 96.29000091552734, 96.91000366210938, 93.41999816894531, 96.88999938964844, 96.37000274658203, 96.69999694824219, 96.26000213623047, 96.55999755859375, 96.55000305175781, 96.7300033569336, 97.27999877929688, 96.52999877929688, 97.25, 90.12000274658203, 96.30000305175781, 96.94999694824219, 96.91000366210938, 97.68000030517578, 97.33999633789062, 97.80999755859375, 98.19000244140625, 95.73999786376953, 96.41999816894531, 91.48999786376953, 94.05999755859375, 95.51000213623047, 96.13999938964844, 97.98999786376953, 97.19999694824219, 97.45999908447266, 97.7699966430664, 97.13999938964844, 97.43000030517578, 98.01000213623047, 97.61000061035156, 98.05000305175781, 97.69999694824219, 98.36000061035156, 97.55000305175781, 96.44999694824219, 97.80000305175781, 96.98999786376953, 97.62999725341797, 98.37999725341797]
backdoor_accuracy=[0, 0.0, 76.36186770428016, 0.0, 0.0, 0.0, 4.571984435797665, 48.929961089494164, 0.0, 11.770428015564203, 1.0700389105058365, 29.280155642023345, 3.8910505836575875, 3.7937743190661477, 10.505836575875486, 82.1011673151751, 2.431906614785992, 6.809338521400778, 5.739299610894942, 13.618677042801556, 2.6264591439688716, 17.023346303501945, 97.95719844357977, 82.1011673151751, 97.27626459143968, 24.31906614785992, 99.5136186770428, 25.68093385214008, 94.94163424124514, 89.59143968871595, 99.31906614785993, 99.61089494163424, 99.41634241245136, 99.5136186770428, 99.70817120622569, 100.0, 99.41634241245136, 99.90272373540856, 99.61089494163424, 99.90272373540856, 99.22178988326849, 99.61089494163424, 100.0, 98.92996108949416, 99.61089494163424, 99.90272373540856, 99.90272373540856, 98.15175097276264, 99.90272373540856, 99.90272373540856, 99.61089494163424, 100.0, 100.0, 100.0, 99.61089494163424, 100.0, 100.0, 100.0, 100.0, 100.0, 100.0, 100.0, 100.0, 99.90272373540856, 100.0, 100.0, 100.0, 100.0, 100.0, 100.0, 99.90272373540856, 100.0, 100.0, 100.0, 100.0, 100.0, 100.0, 100.0, 100.0, 100.0, 99.90272373540856, 100.0, 100.0, 100.0, 100.0, 100.0, 100.0, 100.0, 100.0, 100.0, 100.0, 100.0, 100.0, 100.0, 100.0, 100.0, 100.0, 100.0, 100.0, 100.0, 100.0]
loss_list=[0.4504362665967643, 0.3632747051314956, 0.3943951075634702, 0.3594650351024468, 0.24120180486619278, 0.1810139165178398, 0.1856726395843048, 0.15999071621026223, 0.1449640667140824, 0.14334822248155868, 0.11598455838369366, 0.11636184136804273, 0.1202395475912431, 0.09721551547914833, 0.0892388067511088, 0.08792859358200164, 0.09052224058890851, 0.07613755466328938, 0.07888864465193843, 0.07246772423272671, 0.07623647644890631, 0.066764439443551, 0.06795279338010267, 0.06588679160076664, 0.05675604518555055, 0.05706421506969075, 0.06444744725686978, 0.1045873205992269, 0.061513169356335516, 0.0803024155143289, 0.0684538810976739, 0.05447055292631442, 0.05720190046776842, 0.05233930812101091, 0.04850055651842934, 0.046029643329148114, 0.07916861888257716, 0.05257459063492108, 0.053655648036237, 0.04325967715069048, 0.04122746974240301, 0.038020453739565065, 0.04589080060827563, 0.04362514947903858, 0.045797118651922854, 0.04321161190146524, 0.04236596170781734, 0.043709186733790865, 0.04117606934869495, 0.043037291206983415, 0.04910969122495308, 0.03891331737920254, 0.0370098537721355, 0.034380582988300885, 0.045549562783437074, 0.03221795637578072, 0.04872438113160511, 0.03614080704876494, 0.03338515598463794, 0.04504529796122199, 0.03625525439253655, 0.032676270036829234, 0.038303851108535694, 0.03269703936395053, 0.03525778134015035, 0.033820031749661514, 0.03540333231528473, 0.03042965002528529, 0.03343006500701451, 0.031478984691889124, 0.04601032737400891, 0.03200024252674968, 0.0338582944190188, 0.034258223008170906, 0.026625795674346753, 0.029345870495452286, 0.029049037466886213, 0.0229239258928902, 0.030441756045091466, 0.03389485888083464, 0.046538889124125, 0.03215406099853982, 0.03293132856608923, 0.03481584588404176, 0.027327652619634022, 0.03215349132847563, 0.034440341974678074, 0.024085809664034983, 0.03215357728477616, 0.03178744766790836, 0.026228588040514943, 0.0250093668619397, 0.030606411327788782, 0.029925121496708274, 0.0231424707802886, 0.02837737536145876, 0.0335700695203898, 0.026663801404976508, 0.027648033261435667, 0.026783672624269752]
BBSR:100.0
ABSR:100.0
max acc:98.38
