======================================
    IID: 1
    Dataset: cifar
    Model: resnet
    Model Init: None
    Aggregation Function: fltrust
    Fraction NonIID: 0
    Long attack: 3
    Wide attack: 3
    Wide attack: trust
    Threshold reject: 0.5
    Threshold down: 0.0
    Attack method: dba
    Fraction of malicious agents: 20.0%
    Poison Frac: 0.2
    Backdoor From 7 to 2
    Attack Begin: 0
    Trigger Shape: square
    Type poisoning: 
    Trigger Position X: 0
    Trigger Position Y: 0
    Number of agents: 100
    Fraction of agents each turn: 30(30.0%)
    Local batch size: 50
    Local epoch: 3
    Client_LR: 0.01
    Client_Momentum: 0.9
    Global Rounds: 100
    Dataset In Server: 200
======================================
main_task_accuracy=[0, 10.59000015258789, 11.539999961853027, 14.1899995803833, 22.690000534057617, 30.149999618530273, 36.7400016784668, 42.15999984741211, 47.189998626708984, 50.43000030517578, 51.290000915527344, 53.81999969482422, 42.38999938964844, 53.040000915527344, 53.90999984741211, 55.38999938964844, 56.34000015258789, 54.88999938964844, 57.849998474121094, 58.650001525878906, 59.29999923706055, 59.5, 59.36000061035156, 60.56999969482422, 60.709999084472656, 63.04999923706055, 59.369998931884766, 62.83000183105469, 56.189998626708984, 64.01000213623047, 64.0999984741211, 64.37000274658203, 64.72000122070312, 62.15999984741211, 65.48999786376953, 65.30000305175781, 64.93000030517578, 66.9000015258789, 66.95999908447266, 67.5, 66.72000122070312, 66.0199966430664, 68.02999877929688, 67.4800033569336, 67.69999694824219, 68.54000091552734, 67.73999786376953, 68.73999786376953, 67.95999908447266, 68.76000213623047, 68.30999755859375, 68.41999816894531, 69.30999755859375, 68.94999694824219, 69.19999694824219, 68.88999938964844, 69.41000366210938, 69.0999984741211, 69.97000122070312, 69.69000244140625, 69.43000030517578, 69.01000213623047, 69.63999938964844, 68.9000015258789, 69.44999694824219, 70.55000305175781, 69.3499984741211, 69.91999816894531, 70.51000213623047, 69.87000274658203, 69.8499984741211, 70.9000015258789, 70.33000183105469, 69.33000183105469, 71.08000183105469, 70.87000274658203, 70.77999877929688, 71.22000122070312, 70.8499984741211, 70.37999725341797, 71.44999694824219, 71.11000061035156, 70.1500015258789, 70.2699966430664, 71.30000305175781, 70.26000213623047, 72.1500015258789, 71.4800033569336, 72.41999816894531, 70.52999877929688, 72.20999908447266, 71.9000015258789, 72.8499984741211, 71.4000015258789, 72.12999725341797, 72.4000015258789, 70.9800033569336, 73.16999816894531, 72.3499984741211, 71.55999755859375, 72.7300033569336]
backdoor_accuracy=[0, 2.0, 20.3, 15.8, 16.1, 9.8, 8.5, 7.7, 5.0, 5.1, 4.5, 2.6, 1.1, 2.2, 3.1, 4.3, 1.6, 6.3, 4.8, 3.4, 1.9, 3.5, 4.9, 5.5, 2.1, 4.9, 1.9, 4.4, 0.3, 3.8, 8.7, 2.0, 3.6, 11.7, 6.8, 5.4, 4.0, 5.6, 4.5, 5.0, 5.0, 3.1, 4.7, 4.4, 4.1, 4.6, 3.7, 3.6, 3.3, 5.8, 3.5, 2.7, 5.9, 5.1, 3.1, 3.0, 4.8, 3.8, 3.1, 2.6, 3.5, 3.6, 4.9, 2.8, 2.1, 3.0, 3.7, 3.3, 2.6, 2.2, 4.0, 5.8, 4.7, 3.5, 4.0, 3.3, 3.9, 4.0, 8.1, 7.4, 3.2, 7.8, 5.5, 2.0, 8.7, 6.1, 3.2, 2.8, 2.9, 5.0, 2.8, 4.2, 3.7, 4.3, 1.9, 6.4, 5.1, 4.1, 3.9, 3.1, 3.6]
loss_list=[1.9839897198147243, 1.597794239918391, 1.2718698637021915, 1.0861037073532742, 0.9897035794953506, 0.8809745117690828, 0.8280626549323402, 0.7931203497283988, 0.7341344757460888, 0.7135478997313315, 0.674947495766812, 0.7404923189327948, 1.0748467981649767, 0.7632417794813713, 0.7740629231184724, 0.65148069911119, 0.6583384218617963, 0.8298116030585435, 0.6520005718121925, 0.5900295468233525, 0.6989434388114346, 0.6308881008469809, 0.727552413654048, 0.5735761258604989, 0.7051550215755641, 0.578468514433027, 0.7224377388800755, 0.5792594479218436, 0.6136500172763287, 0.5219065595762287, 0.5112454813092739, 0.5800274704293245, 0.48751073704618536, 0.5607805108516994, 0.5013909038583128, 0.4484415292787727, 0.5246962396768181, 0.43469546263358405, 0.4395533031405001, 0.4633663974682956, 0.39942648705651257, 0.46896152337948377, 0.38934223381711897, 0.3759149781759414, 0.364133275218515, 0.3631155184422257, 0.34245250424784085, 0.38581285285375383, 0.3612181819280764, 0.28831001061454614, 0.3342320309078786, 0.35083009556511463, 0.28188868402192996, 0.27167993067065255, 0.386336333598269, 0.3408106820140448, 0.35557530010959854, 0.27812377552825235, 0.32135177005315196, 0.22672050704060692, 0.2602881139216415, 0.260095293069931, 0.249151171983944, 0.20744453052854323, 0.31821327676556793, 0.24933019059968894, 0.2506285342312832, 0.2476642131246626, 0.23276138464609777, 0.23794724275506773, 0.20806077999425016, 0.22141589340928475, 0.22002101468032279, 0.20436774891639498, 0.22333845459674995, 0.19460465238177377, 0.17803973731720665, 0.1517638040233093, 0.2129603682112389, 0.1663172937136066, 0.1967106429130137, 0.14560534439845169, 0.14509791798637403, 0.1976162841859494, 0.11387947058421559, 0.1288021269082997, 0.0907174639562274, 0.09506458976639097, 0.1477983680716069, 0.16028356269079572, 0.10662819413112529, 0.11713941399295841, 0.1521145093383449, 0.12253536671102563, 0.11034889846645658, 0.11361943516476054, 0.09394706030085218, 0.08380878731728039, 0.12644915721773736, 0.0896395328948145]
BBSR:28.819426740297992
ABSR:31.965255219121357
max acc:73.17
