======================================
    IID: 1
    Dataset: cifar
    Model: resnet
    Model Init: None
    Aggregation Function: DABA
    Fraction NonIID: 0
    Long attack: 3
    Wide attack: 3
    Wide attack: trust
    Threshold reject: 0.5
    Threshold down: 0.0
    Attack method: badnet
    Fraction of malicious agents: 13.0%
    Poison Frac: 0.2
    Backdoor From 7 to 2
    Attack Begin: 0
    Trigger Shape: square
    Type poisoning: cs
    Trigger Position X: 0
    Trigger Position Y: 0
    Number of agents: 100
    Fraction of agents each turn: 30(30.0%)
    Local batch size: 50
    Local epoch: 3
    Client_LR: 0.01
    Client_Momentum: 0.9
    Global Rounds: 100
======================================
main_task_accuracy=[0, 11.800000190734863, 21.1299991607666, 38.650001525878906, 42.560001373291016, 48.79999923706055, 53.79999923706055, 55.220001220703125, 59.15999984741211, 58.29999923706055, 60.560001373291016, 63.380001068115234, 62.41999816894531, 65.16999816894531, 64.70999908447266, 65.47000122070312, 66.93000030517578, 67.41999816894531, 66.81999969482422, 67.94999694824219, 68.05000305175781, 68.31999969482422, 67.95999908447266, 68.55999755859375, 67.7699966430664, 69.02999877929688, 68.98999786376953, 69.66999816894531, 69.12999725341797, 69.83000183105469, 69.98999786376953, 70.66000366210938, 71.6500015258789, 70.68000030517578, 71.5, 71.79000091552734, 72.5, 71.51000213623047, 71.68000030517578, 72.9800033569336, 73.12000274658203, 72.66999816894531, 71.95999908447266, 73.0999984741211, 72.48999786376953, 72.9000015258789, 72.87000274658203, 72.81999969482422, 73.18000030517578, 73.05999755859375, 73.05999755859375, 73.20999908447266, 73.30000305175781, 73.05000305175781, 73.0999984741211, 73.25, 73.06999969482422, 73.23999786376953, 73.08999633789062, 73.01000213623047, 72.98999786376953, 72.93000030517578, 73.0, 72.91999816894531, 73.05000305175781, 72.94000244140625, 72.7699966430664, 72.88999938964844, 72.87000274658203, 72.9000015258789, 72.83000183105469, 72.80000305175781, 72.69999694824219, 72.77999877929688, 72.77999877929688, 72.66999816894531, 72.7300033569336, 72.73999786376953, 72.76000213623047, 72.87000274658203, 72.75, 72.81999969482422, 72.69999694824219, 72.80000305175781, 72.69999694824219, 72.61000061035156, 72.70999908447266, 72.69999694824219, 72.76000213623047, 72.66999816894531, 72.66999816894531, 72.77999877929688, 72.7300033569336, 72.69999694824219, 72.69000244140625, 72.6500015258789, 72.68000030517578, 72.66999816894531, 72.70999908447266, 72.69999694824219, 72.70999908447266]
backdoor_accuracy=[0, 0.0, 9.4, 3.2, 2.4, 0.6, 2.8, 4.0, 0.8, 0.6, 2.8, 2.4, 2.1, 1.3, 1.2, 0.9, 0.7, 1.3, 0.4, 0.9, 1.0, 0.9, 0.9, 0.7, 0.7, 1.3, 0.5, 1.2, 0.7, 1.3, 0.9, 0.6, 1.2, 1.2, 1.1, 0.6, 1.2, 1.3, 1.6, 1.5, 1.8, 1.3, 1.1, 2.2, 2.0, 1.6, 2.9, 1.3, 1.6, 2.3, 1.9, 2.6, 2.6, 2.4, 2.1, 2.3, 1.5, 2.6, 3.4, 2.8, 3.2, 3.0, 2.9, 2.7, 2.8, 2.7, 3.1, 3.0, 2.6, 2.6, 2.6, 2.5, 2.8, 2.8, 2.9, 2.8, 2.7, 2.6, 2.5, 2.7, 2.9, 3.0, 2.6, 3.0, 3.0, 2.9, 2.7, 2.8, 2.6, 2.5, 2.6, 2.5, 2.6, 2.6, 2.7, 2.6, 2.7, 2.7, 2.5, 2.6, 2.6]
loss_list=[1.9934515285491943, 1.554765610496203, 1.156328964928786, 0.9969599913391802, 0.8006942673275869, 0.7004895742485922, 0.6514692760921188, 0.5595164792943331, 0.5386993674354419, 0.4957147771699562, 0.4696304676288532, 0.4553044215155145, 0.41755678445100775, 0.4050586838689116, 0.4030395335228079, 0.3564915684072509, 0.3615666536634995, 0.3199816309474409, 0.31637391766326295, 0.28982225460414246, 0.34321530015621743, 0.27531009004037416, 0.27238801824653314, 0.21886001880280673, 0.26772204733971094, 0.25595602334321793, 0.23359257265356267, 0.1932837716417594, 0.19374817674565648, 0.17302662378409878, 0.20092226488864978, 0.14252866073666765, 0.16882611152509022, 0.14852118929718724, 0.1591776486174462, 0.12362460746494536, 0.11264913291799729, 0.09940303915684731, 0.08091543627450141, 0.0683830648120622, 0.09110316113077312, 0.13033975460075048, 0.08351278521010598, 0.09174480156061084, 0.07689014737203252, 0.07063143349259109, 0.09540236897084267, 0.07379643115460768, 0.060445156686376615, 0.0727793681925848, 0.04957877435381912, 0.05269216750806665, 0.056277429021946664, 0.07902559093497176, 0.06285389044212125, 0.07293583425285761, 0.04933190909515057, 0.05177547146022941, 0.05995332865699311, 0.053317198305287285, 0.05544075746011611, 0.05582331427824102, 0.055321996111516544, 0.06040851084303642, 0.06988883744157244, 0.0642482840482262, 0.059982625879864734, 0.06765606273717518, 0.058381602223493645, 0.06528697538765198, 0.06811779378030527, 0.06444154389016653, 0.06819331983059079, 0.06378202010660768, 0.07669997730806549, 0.059165495563906406, 0.0748832186820315, 0.06975593714583535, 0.06810903425317111, 0.0736697788921366, 0.06808825142862689, 0.07595214272113582, 0.07596609682299059, 0.06564090334931581, 0.0723568392730279, 0.07409451174410707, 0.07571675058793817, 0.06843225623985441, 0.07050928615542133, 0.08896740815254614, 0.06667075759488701, 0.07546023727912043, 0.07986039673573235, 0.07781475955543607, 0.07030251868045725, 0.08499224242666972, 0.08094704598270051, 0.08022448665475371, 0.07824011167998024, 0.07941258759989675]
BBSR:2.7
ABSR:2.61
max acc:72.78
