======================================
    IID: 0
    Dataset: fashion_mnist
    Model: Mnist_CNN
    Model Init: None
    Aggregation Function: RLR
    Fraction NonIID: 0
    Long attack: 3
    Wide attack: 3
    Wide attack: trust
    Threshold reject: 0.5
    Threshold down: 0.0
    Attack method: badnet
    Fraction of malicious agents: 30.0%
    Poison Frac: 0.2
    Backdoor From 7 to 2
    Attack Begin: 0
    Trigger Shape: square
    Type poisoning: cs
    Trigger Position X: 0
    Trigger Position Y: 0
    Number of agents: 100
    Fraction of agents each turn: 30(30.0%)
    Local batch size: 50
    Local epoch: 3
    Client_LR: 0.01
    Client_Momentum: 0.9
    Global Rounds: 100
    RobustLR_threshold: 4
======================================
main_task_accuracy=[0, 56.150001525878906, 70.30999755859375, 74.37000274658203, 75.51000213623047, 77.36000061035156, 78.36000061035156, 78.94999694824219, 79.70999908447266, 80.19999694824219, 80.45999908447266, 80.58999633789062, 82.25, 81.68000030517578, 82.7300033569336, 83.37000274658203, 83.37999725341797, 83.69000244140625, 83.83999633789062, 84.33999633789062, 84.33999633789062, 84.72000122070312, 84.5, 84.54000091552734, 84.83000183105469, 85.04000091552734, 85.19000244140625, 85.66000366210938, 85.55999755859375, 85.7699966430664, 85.9800033569336, 86.01000213623047, 86.16000366210938, 86.12000274658203, 86.33999633789062, 86.5199966430664, 86.55999755859375, 86.6500015258789, 86.5999984741211, 86.44999694824219, 86.70999908447266, 86.62999725341797, 86.83000183105469, 86.91000366210938, 87.11000061035156, 87.0199966430664, 87.22000122070312, 87.05999755859375, 87.16999816894531, 87.41000366210938, 87.43000030517578, 87.55999755859375, 87.31999969482422, 87.66000366210938, 87.5999984741211, 87.51000213623047, 87.68000030517578, 87.83000183105469, 87.75, 87.87000274658203, 87.79000091552734, 87.7699966430664, 87.9800033569336, 88.02999877929688, 88.12999725341797, 88.37999725341797, 88.2300033569336, 88.2300033569336, 88.13999938964844, 88.30999755859375, 88.47000122070312, 88.1500015258789, 88.33999633789062, 88.5199966430664, 88.43000030517578, 88.37999725341797, 88.6500015258789, 88.62000274658203, 88.54000091552734, 88.5999984741211, 88.68000030517578, 88.62999725341797, 88.83999633789062, 88.81999969482422, 88.87999725341797, 88.93000030517578, 88.95999908447266, 88.9800033569336, 88.88999938964844, 88.95999908447266, 89.11000061035156, 89.05999755859375, 89.2300033569336, 89.12999725341797, 89.19999694824219, 89.26000213623047, 89.06999969482422, 89.22000122070312, 89.18000030517578, 89.29000091552734, 89.13999938964844]
backdoor_accuracy=[0, 0.0, 0.0, 0.2, 3.1, 45.7, 78.2, 96.7, 99.4, 99.8, 99.8, 99.8, 99.9, 99.9, 99.9, 99.9, 100.0, 100.0, 99.9, 100.0, 100.0, 100.0, 100.0, 100.0, 100.0, 100.0, 100.0, 100.0, 100.0, 100.0, 100.0, 100.0, 100.0, 100.0, 100.0, 100.0, 100.0, 100.0, 100.0, 100.0, 100.0, 100.0, 100.0, 100.0, 100.0, 100.0, 100.0, 100.0, 100.0, 100.0, 100.0, 100.0, 100.0, 100.0, 100.0, 100.0, 100.0, 100.0, 100.0, 100.0, 100.0, 100.0, 100.0, 100.0, 100.0, 100.0, 100.0, 100.0, 100.0, 100.0, 100.0, 100.0, 100.0, 100.0, 100.0, 100.0, 100.0, 100.0, 100.0, 100.0, 100.0, 100.0, 100.0, 100.0, 100.0, 100.0, 100.0, 100.0, 100.0, 100.0, 100.0, 100.0, 100.0, 100.0, 100.0, 100.0, 100.0, 100.0, 100.0, 100.0, 100.0]
loss_list=[1.3932028451451548, 0.8998063744770157, 0.6423976042480379, 0.5863038956567093, 0.49851261240740624, 0.4859306567107086, 0.5000844715921967, 0.46360361856166954, 0.4313489171365897, 0.3883592494935901, 0.41813011237730585, 0.41897350288927554, 0.3830932368351905, 0.39370126842900555, 0.38561687034175346, 0.35399080378313863, 0.3791678135386771, 0.34921054545514, 0.36943026868005585, 0.35453939666212714, 0.3381732073888458, 0.36974757569324646, 0.34628651634686525, 0.34628085526465263, 0.32288542874157433, 0.3473990559646929, 0.3103001575606565, 0.32142182220877313, 0.33099621496404763, 0.3229941736803287, 0.2930464733943895, 0.3096881869042086, 0.29174900868286685, 0.3061184705735219, 0.30795728552534624, 0.3121094569391398, 0.2969214214977843, 0.30044113721146626, 0.28477496255223667, 0.28404644524195677, 0.30013275336198225, 0.2687323252566987, 0.298383130847166, 0.28478805379838584, 0.2695033261483466, 0.27543658547241373, 0.26744579437223304, 0.2674892531311208, 0.2640114806609711, 0.25456123403790926, 0.26153826853432866, 0.28639823400105047, 0.25248958486373774, 0.2671984260384407, 0.2756179197139486, 0.24647629535757012, 0.25655362418059396, 0.2539545691503143, 0.2554882515135601, 0.2436419030961891, 0.2577547719529657, 0.250005011583023, 0.24908612230102775, 0.2556631161417398, 0.24410253212856192, 0.2512534770355732, 0.2291205069153673, 0.24562371035140973, 0.25425680269383716, 0.2571355804214599, 0.24145518408018957, 0.23734426797816052, 0.22056706765563125, 0.22025455927338322, 0.22347889142283411, 0.2198549420262377, 0.2286685082475068, 0.24035757190754845, 0.23282354401976427, 0.2324552891120591, 0.22435634341435848, 0.24036039669515083, 0.2286065301788902, 0.25437584654773, 0.21698947358290077, 0.22740250613402438, 0.24164205450150705, 0.21897476675933125, 0.21725340548782027, 0.226450796470184, 0.20449252762072892, 0.22534013661443844, 0.21297316063988816, 0.22392859097432208, 0.24094691635281942, 0.2203388786046869, 0.20411087947000786, 0.20192782891465835, 0.2037468833003745, 0.21943497494018324]
BBSR:100.0
ABSR:100.0
max acc:89.29
