======================================
    IID: 0
    Dataset: mnist
    Model: Mnist_CNN
    Model Init: None
    Aggregation Function: avg
    Fraction NonIID: 0
    Long attack: 3
    Wide attack: 3
    Wide attack: trust
    Threshold reject: 0.5
    Threshold down: 0.0
    Attack method: badnet
    Fraction of malicious agents: 20.0%
    Poison Frac: 0.2
    Backdoor From 7 to 2
    Attack Begin: 0
    Trigger Shape: square
    Type poisoning: pgd
    Trigger Position X: 0
    Trigger Position Y: 0
    Number of agents: 100
    Fraction of agents each turn: 30(30.0%)
    Local batch size: 50
    Local epoch: 3
    Client_LR: 0.01
    Client_Momentum: 0.9
    Global Rounds: 100
======================================
main_task_accuracy=[0, 34.970001220703125, 34.31999969482422, 58.040000915527344, 67.13999938964844, 73.55000305175781, 67.01000213623047, 82.51000213623047, 76.62000274658203, 85.12000274658203, 77.79000091552734, 81.25, 83.54000091552734, 87.55000305175781, 85.66999816894531, 90.2300033569336, 92.37000274658203, 94.16999816894531, 93.97000122070312, 94.66999816894531, 95.62999725341797, 95.05999755859375, 94.97000122070312, 96.30999755859375, 96.27999877929688, 95.4000015258789, 95.70999908447266, 95.48999786376953, 96.31999969482422, 95.66000366210938, 96.47000122070312, 96.80999755859375, 96.80000305175781, 96.27999877929688, 97.0999984741211, 96.75, 96.70999908447266, 97.29000091552734, 97.26000213623047, 95.69999694824219, 97.26000213623047, 97.05000305175781, 97.26000213623047, 96.83999633789062, 97.7699966430664, 97.75, 97.06999969482422, 97.62000274658203, 97.83000183105469, 97.63999938964844, 97.38999938964844, 97.4800033569336, 97.19999694824219, 97.88999938964844, 97.75, 97.91000366210938, 97.91000366210938, 98.16999816894531, 98.01000213623047, 97.93000030517578, 97.52999877929688, 97.5199966430664, 97.8499984741211, 97.41999816894531, 96.98999786376953, 97.8499984741211, 98.23999786376953, 97.94000244140625, 98.41000366210938, 98.19999694824219, 98.02999877929688, 98.19000244140625, 97.95999908447266, 98.13999938964844, 97.80999755859375, 97.83000183105469, 98.19999694824219, 97.94000244140625, 97.87999725341797, 98.18000030517578, 97.8499984741211, 98.25, 98.25, 98.4800033569336, 98.5199966430664, 98.43000030517578, 98.33999633789062, 98.41999816894531, 98.2300033569336, 98.37999725341797, 98.0199966430664, 98.30999755859375, 98.16000366210938, 98.33000183105469, 98.58999633789062, 98.38999938964844, 98.54000091552734, 98.3499984741211, 98.43000030517578, 98.48999786376953, 98.5999984741211]
backdoor_accuracy=[0, 0.0, 0.6809338521400778, 1.1673151750972763, 1.7509727626459144, 1.264591439688716, 1.9455252918287937, 1.4591439688715953, 1.8482490272373542, 8.754863813229573, 0.09727626459143969, 10.992217898832685, 2.6264591439688716, 6.031128404669261, 24.513618677042803, 1.4591439688715953, 3.6964980544747084, 5.447470817120623, 7.198443579766537, 4.669260700389105, 15.95330739299611, 13.618677042801556, 2.821011673151751, 9.04669260700389, 16.634241245136188, 41.536964980544745, 11.770428015564203, 45.233463035019454, 34.72762645914397, 11.673151750972762, 21.88715953307393, 33.268482490272376, 89.39688715953308, 36.7704280155642, 96.98443579766537, 92.12062256809338, 92.8988326848249, 95.71984435797665, 96.49805447470817, 98.24902723735408, 95.62256809338521, 97.27626459143968, 92.21789883268482, 97.47081712062257, 98.73540856031128, 99.0272373540856, 98.5408560311284, 97.95719844357977, 98.15175097276264, 98.5408560311284, 99.70817120622569, 100.0, 99.0272373540856, 99.5136186770428, 99.80544747081711, 99.90272373540856, 99.80544747081711, 99.80544747081711, 100.0, 100.0, 99.0272373540856, 99.31906614785993, 99.80544747081711, 100.0, 99.70817120622569, 100.0, 99.90272373540856, 99.61089494163424, 99.80544747081711, 99.70817120622569, 99.61089494163424, 99.61089494163424, 100.0, 99.90272373540856, 99.80544747081711, 99.90272373540856, 99.80544747081711, 99.61089494163424, 99.90272373540856, 99.61089494163424, 99.70817120622569, 99.70817120622569, 99.90272373540856, 99.90272373540856, 99.90272373540856, 100.0, 99.90272373540856, 100.0, 99.70817120622569, 99.90272373540856, 99.90272373540856, 99.61089494163424, 99.61089494163424, 99.90272373540856, 99.80544747081711, 99.90272373540856, 99.90272373540856, 99.90272373540856, 99.90272373540856, 99.70817120622569, 99.90272373540856]
loss_list=[0.5323177924349588, 0.24077496099435786, 0.20767688596132333, 0.19639301406074755, 0.14571142307104024, 0.14299077866775978, 0.1316735451941063, 0.09198698220192897, 0.11633101704111605, 0.08642785083313938, 0.10747150691950473, 0.10381662809630614, 0.1165773329581634, 0.07337388103200312, 0.08014643799729626, 0.07474549446167053, 0.06212128655187421, 0.055373331816020416, 0.05717249878211098, 0.049829196254692475, 0.04986069066780632, 0.04441875477533285, 0.056427425081028076, 0.042247361167789384, 0.04478750104603806, 0.043302502147973675, 0.04949898449730442, 0.04930298567029231, 0.04272187356093903, 0.03968841134773202, 0.043688344687921064, 0.036960654671999695, 0.030607285200803563, 0.038747710658093126, 0.030578525164456867, 0.03996150322044321, 0.03216516129939555, 0.032075966118503316, 0.0430949362875347, 0.03538677845364255, 0.031859560934171895, 0.030117015570969984, 0.029713723607805727, 0.028502153148063935, 0.031391887037809804, 0.031976872302769375, 0.033524319707827405, 0.027723494397436807, 0.02487098592073052, 0.030385496695042997, 0.029854719329396137, 0.037646061536993486, 0.03158001301044182, 0.022770651090286302, 0.03166523963911774, 0.027761904667894747, 0.025498774682715483, 0.02063855795085444, 0.027846035114879233, 0.027112500554459396, 0.021924809148828318, 0.029788538664055897, 0.02577080834637676, 0.02910024442800718, 0.026472985090366306, 0.025974505641145625, 0.021896270142786424, 0.026807169117313956, 0.026555343240860695, 0.017525818195038772, 0.02379681575767068, 0.023822830645887173, 0.022779900190182056, 0.025558602847463023, 0.025642381689793638, 0.027531348448205473, 0.0218554197589716, 0.021562695241623346, 0.025017511293377478, 0.02280421619243206, 0.02299802390370394, 0.023585715493433506, 0.0220992082331913, 0.01918657491532446, 0.022510344384626308, 0.02439954965909763, 0.018218453955072253, 0.021289966807802006, 0.019985320711513647, 0.017804682604814794, 0.022024558214158416, 0.021747338205770014, 0.01626809076750353, 0.01911194189756957, 0.018110009272594107, 0.020220176188566984, 0.021565571572288784, 0.018871031542827914, 0.02054467539066854, 0.021594224970498004]
BBSR:99.9
ABSR:99.82
max acc:98.6
