======================================
    IID: 1
    Dataset: cifar
    Model: resnet
    Model Init: None
    Aggregation Function: avg
    Fraction NonIID: 0
    Long attack: 3
    Wide attack: 3
    Wide attack: trust
    Threshold reject: 0.5
    Threshold down: 0.0
    Attack method: badnet
    Fraction of malicious agents: 30.0%
    Poison Frac: 0.2
    Backdoor From 7 to 2
    Attack Begin: 0
    Trigger Shape: square
    Type poisoning: cs
    Trigger Position X: 0
    Trigger Position Y: 0
    Number of agents: 100
    Fraction of agents each turn: 30(30.0%)
    Local batch size: 50
    Local epoch: 3
    Client_LR: 0.01
    Client_Momentum: 0.9
    Global Rounds: 100
======================================
main_task_accuracy=[0, 10.739999771118164, 14.100000381469727, 29.56999969482422, 39.18000030517578, 46.4900016784668, 48.900001525878906, 51.7599983215332, 54.31999969482422, 56.720001220703125, 58.66999816894531, 60.15999984741211, 61.20000076293945, 61.560001373291016, 62.84000015258789, 63.81999969482422, 63.91999816894531, 64.75, 66.37000274658203, 65.98999786376953, 66.79000091552734, 66.91999816894531, 67.30000305175781, 68.05000305175781, 67.9000015258789, 67.86000061035156, 67.16000366210938, 68.75, 68.93000030517578, 69.79000091552734, 69.19999694824219, 69.27999877929688, 70.48999786376953, 70.19999694824219, 70.43000030517578, 70.75, 71.45999908447266, 70.54000091552734, 70.58999633789062, 71.16999816894531, 71.33999633789062, 71.08999633789062, 72.01000213623047, 72.02999877929688, 72.63999938964844, 72.62000274658203, 72.30999755859375, 71.41000366210938, 72.83999633789062, 72.51000213623047, 73.1500015258789, 73.16999816894531, 73.05999755859375, 73.05999755859375, 73.37999725341797, 73.54000091552734, 73.55999755859375, 73.70999908447266, 73.5999984741211, 73.51000213623047, 73.4000015258789, 73.4800033569336, 73.73999786376953, 73.66999816894531, 73.43000030517578, 73.45999908447266, 73.29000091552734, 73.43000030517578, 73.18000030517578, 73.11000061035156, 73.26000213623047, 73.11000061035156, 73.19999694824219, 73.30000305175781, 73.16999816894531, 73.11000061035156, 73.0999984741211, 73.16000366210938, 73.12999725341797, 73.04000091552734, 73.08999633789062, 72.97000122070312, 72.97000122070312, 72.94000244140625, 73.05999755859375, 72.9800033569336, 73.0999984741211, 72.97000122070312, 72.88999938964844, 73.0, 72.94000244140625, 73.08999633789062, 72.9800033569336, 72.7699966430664, 72.75, 72.87999725341797, 72.93000030517578, 72.83999633789062, 72.95999908447266, 72.9000015258789, 72.95999908447266]
backdoor_accuracy=[0, 2.2, 9.4, 8.6, 7.2, 4.6, 4.6, 5.0, 4.9, 4.6, 5.4, 2.7, 3.8, 3.6, 3.0, 2.2, 2.6, 1.9, 1.1, 1.3, 1.2, 1.5, 2.1, 0.8, 1.5, 0.9, 1.5, 1.5, 2.1, 1.9, 1.8, 0.8, 1.0, 0.4, 1.2, 1.2, 1.5, 1.4, 0.5, 1.3, 1.1, 1.1, 0.7, 1.4, 0.6, 1.2, 0.7, 1.2, 0.8, 0.8, 1.4, 1.1, 0.8, 1.7, 1.2, 1.7, 2.1, 1.8, 1.2, 1.3, 1.3, 1.6, 1.4, 1.9, 1.5, 1.9, 1.5, 1.9, 1.9, 2.1, 1.5, 1.6, 1.9, 1.9, 1.9, 1.9, 1.9, 2.0, 1.8, 1.7, 1.7, 1.6, 1.8, 1.8, 1.6, 1.7, 1.8, 1.9, 1.6, 1.6, 1.7, 1.6, 1.7, 1.8, 1.8, 1.7, 1.8, 2.0, 1.9, 1.8, 1.6]
loss_list=[1.9861376698811846, 1.4935294767883087, 1.17381843176153, 1.0013342334826785, 0.890859986245632, 0.789851413294673, 0.7037026757912502, 0.6651519492102995, 0.5909452659802306, 0.5573444123028053, 0.5622039835775893, 0.496404433745063, 0.4711737202563219, 0.4525596639100049, 0.4761028550213409, 0.4200161405383713, 0.3917373845188155, 0.41122360988623563, 0.37620600973566376, 0.3670392995400146, 0.3724665263698746, 0.3445448992753194, 0.3246505471815666, 0.301625396036543, 0.3002202419295079, 0.2783477270209955, 0.3314045691940313, 0.23922087720595303, 0.3272130730841309, 0.2935907531048481, 0.28540777551165475, 0.26092124239153547, 0.2219259836271198, 0.24170024464915824, 0.21143724653766383, 0.22291365936553725, 0.24390256954253547, 0.25367030242768424, 0.25036219943185445, 0.2064317090901184, 0.18627688628298023, 0.1688254190628262, 0.17051148530134627, 0.1898485306078672, 0.16443018011697053, 0.1379049727133113, 0.2585224002876526, 0.1781666467293528, 0.1631307237323684, 0.172451393671282, 0.1397596185391821, 0.149662912085122, 0.12976494664675553, 0.1311444390092381, 0.11275498167941501, 0.1149318791306966, 0.11534971993672015, 0.10625331896447786, 0.12019476700865198, 0.126357393779973, 0.12151592210323241, 0.1201833312872461, 0.1262330148599964, 0.11702449849648272, 0.13702755395478264, 0.14276560985129133, 0.14001111429867, 0.1199139539084475, 0.1281620499350538, 0.13053837280135164, 0.11619687897040021, 0.13662788330808526, 0.1580901627148624, 0.12751304327895116, 0.15788543223084867, 0.19841279304930742, 0.12389526368371052, 0.1471234093896379, 0.14733340988541987, 0.14735312871537948, 0.1343554373033759, 0.14740897635696454, 0.1332714868677916, 0.13875211547961552, 0.17059766341151167, 0.14318023377191924, 0.16062133327538805, 0.16141256127697287, 0.13087387252274002, 0.14644256840870692, 0.16379785719243548, 0.1543385383976662, 0.1433735892329909, 0.1698611713193208, 0.15020666401484042, 0.15926928460901968, 0.15535482708671935, 0.16531968685429704, 0.16180865566186384, 0.15455638615482403]
BBSR:2.0
ABSR:1.77
max acc:73.09
