======================================
    IID: 0
    Dataset: mnist
    Model: Mnist_CNN
    Model Init: None
    Aggregation Function: krum
    Fraction NonIID: 0
    Long attack: 5
    Wide attack: 5
    Wide attack: trust
    Threshold reject: 0.5
    Threshold down: 0.0
    Attack method: badnet
    Fraction of malicious agents: 13.0%
    Poison Frac: 0.2
    Backdoor From 7 to 2
    Attack Begin: 0
    Trigger Shape: square
    Type poisoning: 
    Trigger Position X: 0
    Trigger Position Y: 0
    Number of agents: 100
    Fraction of agents each turn: 30(30.0%)
    Local batch size: 50
    Local epoch: 3
    Client_LR: 0.01
    Client_Momentum: 0.9
    Global Rounds: 100
    Proportion of malicious are selected: 0.18
    Average score of malicious clients: 493.4936828613281
    Average score of benign clients: 508.3076171875
======================================
main_task_accuracy=[0, 29.15999984741211, 19.540000915527344, 26.079999923706055, 19.93000030517578, 17.6200008392334, 15.5600004196167, 9.800000190734863, 10.09000015258789, 11.170000076293945, 10.100000381469727, 11.350000381469727, 9.800000190734863, 9.800000190734863, 17.270000457763672, 10.09000015258789, 10.09000015258789, 20.899999618530273, 19.950000762939453, 19.239999771118164, 20.110000610351562, 8.920000076293945, 10.09000015258789, 9.739999771118164, 10.279999732971191, 9.739999771118164, 8.920000076293945, 10.279999732971191, 10.100000381469727, 10.100000381469727, 9.800000190734863, 10.100000381469727, 8.920000076293945, 8.920000076293945, 8.920000076293945, 8.920000076293945, 8.920000076293945, 10.100000381469727, 10.100000381469727, 10.09000015258789, 10.100000381469727, 10.319999694824219, 10.319999694824219, 10.319999694824219, 10.09000015258789, 10.09000015258789, 10.319999694824219, 9.579999923706055, 9.579999923706055, 10.100000381469727, 10.09000015258789, 9.579999923706055, 10.09000015258789, 9.579999923706055, 10.09000015258789, 9.800000190734863, 9.579999923706055, 9.579999923706055, 10.279999732971191, 10.319999694824219, 10.319999694824219, 10.319999694824219, 10.319999694824219, 9.800000190734863, 9.800000190734863, 9.800000190734863, 8.920000076293945, 10.100000381469727, 10.100000381469727, 10.100000381469727, 11.350000381469727, 10.100000381469727, 10.100000381469727, 9.800000190734863, 9.800000190734863, 10.09000015258789, 10.100000381469727, 10.100000381469727, 10.09000015258789, 10.319999694824219, 9.800000190734863, 10.09000015258789, 9.800000190734863, 9.800000190734863, 10.09000015258789, 9.800000190734863, 10.09000015258789, 10.100000381469727, 10.100000381469727, 9.800000190734863, 10.09000015258789, 10.100000381469727, 9.800000190734863, 11.350000381469727, 11.350000381469727, 10.09000015258789, 10.100000381469727, 10.100000381469727, 11.350000381469727, 10.100000381469727, 10.100000381469727]
backdoor_accuracy=[0, 0.0, 0.0, 0.0, 46.69260700389105, 100.0, 0.0, 0.0, 0.0, 0.0, 0.0, 0.0, 0.0, 0.0, 0.0, 0.0, 0.0, 0.0, 0.0, 0.0, 0.0, 0.0, 0.0, 0.0, 0.0, 0.0, 0.0, 0.0, 0.0, 0.0, 0.0, 0.0, 0.0, 0.0, 0.0, 0.0, 0.0, 0.0, 0.0, 0.0, 0.0, 100.0, 100.0, 100.0, 0.0, 0.0, 100.0, 0.0, 0.0, 0.0, 0.0, 0.0, 0.0, 0.0, 0.0, 0.0, 0.0, 0.0, 0.0, 100.0, 100.0, 100.0, 100.0, 0.0, 0.0, 0.0, 0.0, 0.0, 0.0, 0.0, 0.0, 0.0, 0.0, 0.0, 0.0, 0.0, 0.0, 0.0, 0.0, 100.0, 0.0, 0.0, 0.0, 0.0, 0.0, 0.0, 0.0, 0.0, 0.0, 0.0, 0.0, 0.0, 0.0, 0.0, 0.0, 0.0, 0.0, 0.0, 0.0, 0.0, 0.0]
loss_list=[0.4793143184137204, 0.6881564171352245, 0.9306173712206418, 1.3061546739809902, 1.4903666240199898, 1.5142593341121753, 1.7741997558599167, 1.8369692153354207, 1.6472676960626664, 1.6878185027186734, 1.7560747396765721, 1.99302637539804, 2.1034878348034836, 1.808130055155467, 2.207979205003428, 1.8143187136580134, 1.6358207323140845, 1.666385995882956, 1.484088184092984, 1.6300861596991387, 2.08864748881133, 1.8674086017603124, 2.161127491709259, 2.029305570434641, 1.9189776715029165, 2.194146899823789, 1.8978146954543065, 2.1233110458210667, 1.9650467331486723, 2.1211153662039175, 2.186545250592409, 2.0248358493601835, 2.0950671368175087, 2.31743980690285, 2.359413286491676, 2.6053916965369823, 2.3785746710167994, 2.366449234551853, 2.0747797310904224, 2.0265290439680768, 2.092830338853377, 1.933791967426185, 2.2620660906588586, 2.0085427924162813, 2.1358542788083903, 1.9380866067277056, 2.035630413558748, 2.1482227394978204, 2.2981813154286805, 2.180435394661294, 1.9942367490794923, 2.181342563364241, 2.1582702312756465, 2.110468775972172, 1.9706760417256084, 2.088078908925807, 1.9313211242909785, 2.064366357635569, 2.218257077203857, 2.061692048774825, 2.114962454885245, 2.426310891464905, 2.0610336483628666, 2.2454196070907293, 2.3230624107299027, 2.0404043828171714, 2.1062134784128927, 2.33282125343879, 1.9494343946377433, 2.314448783905418, 2.08273209200965, 2.177279370912799, 2.3731754805754735, 2.3969032078429504, 2.1602073442052916, 2.0572420106441887, 2.2425202145344683, 2.144809861205243, 2.1038769458731017, 2.0576138221003393, 2.289516096562147, 2.009233674682952, 2.052293004205934, 2.2887003037664626, 2.1214370406888152, 2.3110837911566096, 2.275734993760233, 2.147305237363886, 2.2656041220934307, 2.291639712204536, 2.175221171975136, 2.448955819893766, 2.3740542619868563, 2.167751176103397, 2.2938785499996612, 2.209559803980368, 2.2635200092913923, 2.5077105184396102, 2.3018470093607903, 2.3340101012201226]
BBSR:0.0
ABSR:0.0
max acc:11.35
