======================================
    IID: 0
    Dataset: mnist
    Model: Mnist_CNN
    Model Init: None
    Aggregation Function: fltrust
    Fraction NonIID: 0
    Long attack: 3
    Wide attack: 3
    Wide attack: trust
    Threshold reject: 0.5
    Threshold down: 0.0
    Attack method: badnet
    Fraction of malicious agents: 20.0%
    Poison Frac: 0.2
    Backdoor From 7 to 2
    Attack Begin: 0
    Trigger Shape: square
    Type poisoning: cs
    Trigger Position X: 0
    Trigger Position Y: 0
    Number of agents: 100
    Fraction of agents each turn: 30(30.0%)
    Local batch size: 50
    Local epoch: 3
    Client_LR: 0.01
    Client_Momentum: 0.9
    Global Rounds: 100
    Dataset In Server: 200
======================================
main_task_accuracy=[0, 18.010000228881836, 38.029998779296875, 40.459999084472656, 53.15999984741211, 59.27000045776367, 62.52000045776367, 77.66000366210938, 79.69000244140625, 74.0199966430664, 82.2300033569336, 83.31999969482422, 74.5, 85.01000213623047, 76.22000122070312, 86.86000061035156, 86.01000213623047, 89.94999694824219, 88.0999984741211, 89.5199966430664, 91.23999786376953, 90.19999694824219, 90.20999908447266, 92.02999877929688, 91.19999694824219, 91.29000091552734, 91.26000213623047, 93.30999755859375, 90.13999938964844, 91.37000274658203, 92.86000061035156, 82.73999786376953, 93.91999816894531, 93.11000061035156, 94.13999938964844, 94.0, 95.20999908447266, 94.3499984741211, 91.52999877929688, 94.86000061035156, 94.0199966430664, 94.72000122070312, 92.66999816894531, 95.5999984741211, 95.22000122070312, 93.86000061035156, 94.13999938964844, 95.87999725341797, 95.18000030517578, 94.94000244140625, 95.5999984741211, 94.16000366210938, 95.58999633789062, 96.02999877929688, 93.44000244140625, 95.86000061035156, 94.3499984741211, 96.01000213623047, 96.08999633789062, 96.3499984741211, 96.13999938964844, 96.91999816894531, 95.68000030517578, 96.8499984741211, 96.54000091552734, 96.62999725341797, 95.91000366210938, 96.7300033569336, 96.27999877929688, 96.05000305175781, 95.95999908447266, 96.79000091552734, 96.81999969482422, 93.94999694824219, 97.16999816894531, 96.77999877929688, 95.88999938964844, 97.3499984741211, 95.47000122070312, 97.27999877929688, 97.1500015258789, 95.93000030517578, 96.43000030517578, 97.44000244140625, 96.80999755859375, 96.7300033569336, 97.2699966430664, 97.41999816894531, 97.44000244140625, 96.68000030517578, 96.75, 96.87000274658203, 97.11000061035156, 97.58000183105469, 96.93000030517578, 97.20999908447266, 97.19999694824219, 96.88999938964844, 97.6500015258789, 97.48999786376953, 97.66999816894531]
backdoor_accuracy=[0, 0.0, 0.09727626459143969, 0.0, 0.0, 1.3618677042801557, 0.2918287937743191, 4.474708171206226, 3.7937743190661477, 2.7237354085603114, 3.404669260700389, 2.237354085603113, 5.933852140077821, 2.9182879377431905, 3.404669260700389, 2.7237354085603114, 6.712062256809339, 2.821011673151751, 12.54863813229572, 3.8910505836575875, 7.392996108949417, 4.863813229571984, 11.089494163424124, 5.3501945525291825, 5.058365758754864, 13.910505836575876, 12.45136186770428, 13.424124513618677, 3.9883268482490273, 14.980544747081712, 15.85603112840467, 14.396887159533074, 19.747081712062258, 11.867704280155642, 11.381322957198444, 16.342412451361866, 6.906614785992218, 23.735408560311285, 5.544747081712062, 31.80933852140078, 6.517509727626459, 40.175097276264594, 7.198443579766537, 23.443579766536963, 9.727626459143968, 18.3852140077821, 7.490272373540856, 18.09338521400778, 23.638132295719846, 10.214007782101167, 21.88715953307393, 11.673151750972762, 27.43190661478599, 10.894941634241246, 83.07392996108949, 6.42023346303502, 54.280155642023345, 10.214007782101167, 63.91050583657587, 15.272373540856032, 24.027237354085603, 47.66536964980545, 11.381322957198444, 28.59922178988327, 23.443579766536963, 38.13229571984436, 25.875486381322958, 46.59533073929961, 44.26070038910506, 27.140077821011673, 95.62256809338521, 17.704280155642024, 56.90661478599222, 11.478599221789883, 56.90661478599222, 18.67704280155642, 32.782101167315176, 54.280155642023345, 38.521400778210115, 52.04280155642024, 35.21400778210117, 75.9727626459144, 73.24902723735408, 84.8249027237354, 78.11284046692607, 41.63424124513619, 79.6692607003891, 64.59143968871595, 88.13229571984436, 64.88326848249027, 79.57198443579766, 94.74708171206225, 65.07782101167315, 88.03501945525292, 38.715953307392994, 92.02334630350195, 77.91828793774319, 95.42801556420234, 94.26070038910505, 91.63424124513618, 96.98443579766537]
loss_list=[0.5441599265241991, 0.4100254818011237, 0.2865063174352435, 0.24848083115698272, 0.20932905721103875, 0.16542497095981787, 0.1588017184048788, 0.15694142236621206, 0.14503795657841126, 0.15818671237036144, 0.1105281096367077, 0.10743118544477123, 0.11369072451098008, 0.11905939924303771, 0.11752996641788896, 0.10011711087011495, 0.09520846818454194, 0.07809324258052373, 0.11030096082635517, 0.09714589537877422, 0.07986361455051469, 0.08077358402883403, 0.08177835273212779, 0.07039914699968129, 0.08003690340005959, 0.06644060621122039, 0.08481436027989527, 0.059639535212607904, 0.06643506485835732, 0.05977034005082945, 0.07289430287038415, 0.06971640141542407, 0.05897524206879968, 0.061870326947239054, 0.05289769863541079, 0.05886219259193416, 0.0601143444660821, 0.051243121310964306, 0.06917274966139787, 0.04790638320148244, 0.047901130091703575, 0.04910524705546927, 0.05274304998613419, 0.04664987535747949, 0.04562962239057404, 0.05032084000510252, 0.03892360385844333, 0.047343494608279114, 0.04793570355806394, 0.045697104775442615, 0.055997533191852404, 0.041462239280548784, 0.043144178312984054, 0.03652058824611323, 0.036645225095769667, 0.04163530453789311, 0.031725534991396125, 0.041618966203391776, 0.03751039089220117, 0.045301588917735044, 0.04213395390121468, 0.045839552845554785, 0.035601614754550856, 0.04297397140673225, 0.03807686803797688, 0.03140667439539228, 0.033513787072267105, 0.03913202832835841, 0.034586583908761855, 0.03512896311008866, 0.039375612211829086, 0.02848990038670873, 0.03214490917502706, 0.05165943465923736, 0.03745974730573242, 0.04141113806176363, 0.034886218386195524, 0.030188236540997684, 0.043605018230354946, 0.03164950958725586, 0.037812663567182665, 0.03486237794928441, 0.03348816544128098, 0.033272928081285166, 0.03159012666490134, 0.029722909778639176, 0.032762337353117794, 0.03280224002585437, 0.02914457594491477, 0.03384003827250884, 0.031378316523781855, 0.038196314888857844, 0.03379241424131483, 0.02970474317729628, 0.03884564068030116, 0.03272196240945328, 0.029751799450070424, 0.03389456768489707, 0.033533336195087624, 0.026499972476440484]
BBSR:96.98
ABSR:83.48
max acc:97.67
