======================================
    IID: 1
    Dataset: cifar
    Model: resnet
    Model Init: None
    Aggregation Function: DABA
    Fraction NonIID: 0
    Long attack: 3
    Wide attack: 3
    Wide attack: trust
    Threshold reject: 0.5
    Threshold down: 0.0
    Attack method: badnet
    Fraction of malicious agents: 20.0%
    Poison Frac: 0.2
    Backdoor From 7 to 2
    Attack Begin: 0
    Trigger Shape: square
    Type poisoning: pgd
    Trigger Position X: 0
    Trigger Position Y: 0
    Number of agents: 100
    Fraction of agents each turn: 30(30.0%)
    Local batch size: 50
    Local epoch: 3
    Client_LR: 0.01
    Client_Momentum: 0.9
    Global Rounds: 100
======================================
main_task_accuracy=[0, 10.0, 18.06999969482422, 39.970001220703125, 44.47999954223633, 45.90999984741211, 51.7400016784668, 55.09000015258789, 56.68000030517578, 59.70000076293945, 61.61000061035156, 62.130001068115234, 64.16000366210938, 64.16999816894531, 65.05999755859375, 65.29000091552734, 65.2699966430664, 65.43000030517578, 66.22000122070312, 65.7699966430664, 68.23999786376953, 67.69999694824219, 67.45999908447266, 68.3499984741211, 68.02999877929688, 68.9800033569336, 69.04000091552734, 70.0, 69.08999633789062, 69.58000183105469, 70.73999786376953, 70.87000274658203, 70.88999938964844, 70.58000183105469, 71.18000030517578, 72.01000213623047, 72.13999938964844, 72.23999786376953, 71.81999969482422, 72.93000030517578, 72.73999786376953, 72.87000274658203, 72.5199966430664, 72.62999725341797, 73.51000213623047, 72.94999694824219, 73.27999877929688, 72.97000122070312, 73.08999633789062, 73.30999755859375, 73.0199966430664, 73.4000015258789, 73.4800033569336, 73.69999694824219, 73.3499984741211, 73.77999877929688, 73.70999908447266, 73.58000183105469, 73.55000305175781, 73.70999908447266, 73.76000213623047, 73.62999725341797, 73.72000122070312, 73.47000122070312, 73.44999694824219, 73.5999984741211, 73.66000366210938, 73.5999984741211, 73.37000274658203, 73.41999816894531, 73.5, 73.4800033569336, 73.33999633789062, 73.58999633789062, 73.4000015258789, 73.4800033569336, 73.41000366210938, 73.4000015258789, 73.54000091552734, 73.30999755859375, 73.5, 73.47000122070312, 73.55000305175781, 73.37000274658203, 73.36000061035156, 73.37999725341797, 73.37000274658203, 73.5, 73.4800033569336, 73.33999633789062, 73.43000030517578, 73.44999694824219, 73.5199966430664, 73.61000061035156, 73.41000366210938, 73.52999877929688, 73.62999725341797, 73.5, 73.37999725341797, 73.38999938964844, 73.4000015258789]
backdoor_accuracy=[0, 0.0, 5.3, 2.9, 3.3, 3.6, 3.8, 3.5, 5.6, 4.1, 1.8, 2.1, 2.4, 1.9, 1.9, 1.2, 2.0, 0.7, 1.0, 1.2, 0.8, 1.9, 1.1, 1.3, 0.6, 0.9, 0.9, 1.9, 1.0, 0.8, 1.0, 1.3, 0.8, 1.4, 1.2, 1.2, 1.2, 1.3, 1.5, 1.4, 1.6, 1.5, 1.8, 1.4, 2.0, 1.2, 1.8, 1.5, 2.4, 1.6, 1.4, 2.1, 1.6, 1.7, 2.0, 2.2, 2.0, 1.8, 1.9, 1.9, 1.8, 2.0, 1.9, 1.9, 1.8, 2.0, 2.0, 1.9, 2.2, 2.1, 2.1, 2.4, 2.5, 2.0, 1.9, 2.2, 2.1, 2.4, 2.1, 2.4, 2.5, 2.3, 2.4, 2.2, 2.3, 2.3, 2.2, 2.3, 2.3, 2.4, 2.2, 2.3, 2.2, 2.2, 2.1, 2.2, 2.0, 2.2, 2.1, 2.1, 2.2]
loss_list=[1.9653122160169816, 1.4897615991698372, 1.131338600019614, 0.9326560255388419, 0.8336387055284448, 0.6893353873822426, 0.6359077339081302, 0.5728967321622703, 0.5298722518856327, 0.4792863512660066, 0.5084305449119874, 0.42908912669660315, 0.43416115584265846, 0.41131466380837894, 0.37386105070201053, 0.35787220287654137, 0.36782740613859566, 0.29963748433937626, 0.3149342627988921, 0.2947081482565651, 0.3056843619716043, 0.24591318440080315, 0.26121242940736317, 0.27259209043863747, 0.22437277173830408, 0.19895930105665074, 0.2105065769919505, 0.2652624281534615, 0.18444425929415345, 0.20127491771890263, 0.2085408902442496, 0.19331168494213163, 0.1827573446135244, 0.14286250018876873, 0.1505481140742389, 0.13419897557999422, 0.12203774813135776, 0.14285621395308729, 0.10820289998302339, 0.08017206000823841, 0.07464231631330524, 0.13775323150381963, 0.10676853919324154, 0.08681762123855558, 0.10500121686549391, 0.07469954401325797, 0.080783922788299, 0.07347609843205039, 0.06205551543292434, 0.07568260316669088, 0.04485326747086625, 0.06755579055513308, 0.05331719435887257, 0.04748255159149672, 0.04199646237571464, 0.03705651765430554, 0.03002477428429605, 0.04660723881731329, 0.03466389386830593, 0.020385751342885974, 0.024329371197543682, 0.040065212976510854, 0.01565644117453808, 0.016112666917146676, 0.020968729803151086, 0.013910392188683746, 0.028393364443408134, 0.018755563066644953, 0.007630732611950306, 0.016138752889787108, 0.012398437319999268, 0.017685455635801192, 0.02438804399073383, 0.020579840072524447, 0.010235877285886092, 0.011427500790515402, 0.01320101247427778, 0.009679222518607278, 0.017741773599829883, 0.010784492596980675, 0.010556218552648914, 0.021366672707048964, 0.007735086380174228, 0.006510298343701931, 0.002931650638282815, 0.011248210378350148, 0.009125716753090573, 0.006973024548319194, 0.005334260746975715, 0.006565676881307606, 0.007822250112529013, 0.005637106229033736, 0.00575765115508855, 0.006471375416682956, 0.008530721874461354, 0.006510341262199087, 0.003279394439790242, 0.01196165826687421, 0.004329869853698052, 0.005277284961913312]
BBSR:2.3
ABSR:2.16
max acc:73.63
