======================================
    IID: 0
    Dataset: fashion_mnist
    Model: Mnist_CNN
    Model Init: None
    Aggregation Function: krum
    Fraction NonIID: 0
    Long attack: 3
    Wide attack: 3
    Wide attack: trust
    Threshold reject: 0.5
    Threshold down: 0.0
    Attack method: badnet
    Fraction of malicious agents: 20.0%
    Poison Frac: 0.2
    Backdoor From 7 to 2
    Attack Begin: 0
    Trigger Shape: square
    Type poisoning: cs
    Trigger Position X: 0
    Trigger Position Y: 0
    Number of agents: 100
    Fraction of agents each turn: 30(30.0%)
    Local batch size: 50
    Local epoch: 3
    Client_LR: 0.01
    Client_Momentum: 0.9
    Global Rounds: 100
    Proportion of malicious are selected: 0.52
    Average score of malicious clients: 753.292724609375
    Average score of benign clients: 365.0660400390625
======================================
main_task_accuracy=[0, 45.38999938964844, 59.290000915527344, 70.95999908447266, 74.16000366210938, 72.72000122070312, 73.20999908447266, 74.23999786376953, 75.0199966430664, 77.48999786376953, 76.47000122070312, 79.4000015258789, 78.37999725341797, 78.45999908447266, 78.58999633789062, 79.30999755859375, 78.12999725341797, 79.5, 81.12999725341797, 77.51000213623047, 81.0199966430664, 79.73999786376953, 80.01000213623047, 81.5199966430664, 80.23999786376953, 82.0199966430664, 79.38999938964844, 81.76000213623047, 80.87999725341797, 81.0999984741211, 82.76000213623047, 82.27999877929688, 81.18000030517578, 81.73999786376953, 82.62000274658203, 81.66999816894531, 83.06999969482422, 80.80000305175781, 82.05000305175781, 82.51000213623047, 83.19000244140625, 82.6500015258789, 82.80000305175781, 82.5199966430664, 82.62999725341797, 81.58999633789062, 81.4800033569336, 82.37999725341797, 82.61000061035156, 83.05000305175781, 82.88999938964844, 83.47000122070312, 81.56999969482422, 83.68000030517578, 83.36000061035156, 82.41999816894531, 82.86000061035156, 81.88999938964844, 83.5199966430664, 83.0999984741211, 83.08000183105469, 83.16999816894531, 83.1500015258789, 83.87000274658203, 82.36000061035156, 83.45999908447266, 83.54000091552734, 83.83000183105469, 84.12000274658203, 84.05000305175781, 83.61000061035156, 82.87999725341797, 84.16000366210938, 84.0999984741211, 83.48999786376953, 84.33000183105469, 84.2300033569336, 84.11000061035156, 84.04000091552734, 83.4000015258789, 83.80000305175781, 84.18000030517578, 84.44999694824219, 82.73999786376953, 84.33000183105469, 83.69000244140625, 82.66000366210938, 80.87999725341797, 83.86000061035156, 83.68000030517578, 84.69999694824219, 84.23999786376953, 84.08000183105469, 84.44000244140625, 82.87000274658203, 84.0999984741211, 83.7300033569336, 84.88999938964844, 85.19999694824219, 83.41999816894531, 83.0999984741211]
backdoor_accuracy=[0, 0.0, 0.0, 99.8, 91.8, 3.3, 99.9, 99.9, 99.8, 99.5, 99.9, 99.9, 100.0, 100.0, 100.0, 100.0, 100.0, 100.0, 100.0, 100.0, 100.0, 100.0, 100.0, 100.0, 100.0, 100.0, 100.0, 100.0, 100.0, 100.0, 100.0, 100.0, 100.0, 100.0, 100.0, 100.0, 100.0, 100.0, 100.0, 100.0, 100.0, 100.0, 100.0, 100.0, 100.0, 100.0, 100.0, 100.0, 100.0, 100.0, 100.0, 100.0, 100.0, 100.0, 100.0, 100.0, 100.0, 100.0, 100.0, 100.0, 100.0, 100.0, 100.0, 100.0, 100.0, 100.0, 100.0, 100.0, 100.0, 100.0, 100.0, 100.0, 100.0, 100.0, 100.0, 100.0, 100.0, 100.0, 100.0, 100.0, 100.0, 100.0, 100.0, 100.0, 100.0, 100.0, 100.0, 100.0, 100.0, 100.0, 100.0, 100.0, 100.0, 100.0, 100.0, 100.0, 100.0, 100.0, 100.0, 100.0, 100.0]
loss_list=[1.5255730977764839, 0.9235447804409047, 0.6794988405373361, 0.5755449454679533, 0.5679670626642526, 0.5623103449604024, 0.5640626158910218, 0.5502716006918085, 0.4915311191782907, 0.4929655982112443, 0.4864880638128078, 0.47364630839890903, 0.47932405409023715, 0.47626396351390415, 0.47927912333635253, 0.46116076060743233, 0.48385753744730237, 0.43726359796192915, 0.4512471416447726, 0.46049455111777343, 0.45653718271016797, 0.4529767322940407, 0.44904690504212064, 0.44291813745404834, 0.4860803248291766, 0.4374322386458516, 0.45444469987587244, 0.43248263797550285, 0.43789021142379, 0.44840619841038626, 0.4440389153978754, 0.41628875950765276, 0.41969255724645865, 0.45213953944406016, 0.3854628274251741, 0.4227845039253158, 0.40839474409197773, 0.41209177267220276, 0.378026833847441, 0.42280847047524595, 0.4289158892231408, 0.4103936087624687, 0.4044849387921945, 0.38511523024860284, 0.4218847668591748, 0.4408994634972056, 0.4256563101377753, 0.39297460788446986, 0.4199930953681123, 0.4344356890767813, 0.42236715022181326, 0.41106742363147164, 0.41310596952766737, 0.4052875298808364, 0.4254547958089798, 0.4306950747104431, 0.36377261966225455, 0.3733502571884957, 0.40184567974776847, 0.4435478662614951, 0.42851345075760044, 0.40029676036555667, 0.4148532523596831, 0.4411272798190584, 0.4414201571330152, 0.46478761170335386, 0.37193018486982005, 0.41336763077846694, 0.4130959948119536, 0.37243935218925966, 0.45635028048246, 0.37608503583404745, 0.3888039915300733, 0.4324442777817173, 0.3756818906257481, 0.38210708641930036, 0.39832336357492887, 0.40624438231547905, 0.425687839303821, 0.3787054884316469, 0.39560155825629056, 0.41507631094492453, 0.42130076769670405, 0.39264514427933916, 0.3827783565847549, 0.4259743824980601, 0.3667280978704285, 0.41919247330407855, 0.3450042951886578, 0.3705993463328384, 0.3995395930328717, 0.4105676514277649, 0.3839685707866145, 0.37836737114487706, 0.4291132234271909, 0.3821485655227056, 0.39271416487603417, 0.42832886098013084, 0.38069501993854327, 0.4082644325258486]
BBSR:100.0
ABSR:100.0
max acc:85.2
