======================================
    IID: 0
    Dataset: mnist
    Model: Mnist_CNN
    Model Init: None
    Aggregation Function: RLR
    Fraction NonIID: 0
    Long attack: 3
    Wide attack: 3
    Wide attack: trust
    Threshold reject: 0.5
    Threshold down: 0.0
    Attack method: badnet
    Fraction of malicious agents: 13.0%
    Poison Frac: 0.2
    Backdoor From 7 to 2
    Attack Begin: 0
    Trigger Shape: square
    Type poisoning: 
    Trigger Position X: 0
    Trigger Position Y: 0
    Number of agents: 100
    Fraction of agents each turn: 30(30.0%)
    Local batch size: 50
    Local epoch: 3
    Client_LR: 0.01
    Client_Momentum: 0.9
    Global Rounds: 100
    RobustLR_threshold: 4
======================================
main_task_accuracy=[0, 16.020000457763672, 23.8700008392334, 45.58000183105469, 40.66999816894531, 54.650001525878906, 69.97000122070312, 81.44999694824219, 82.19000244140625, 74.4800033569336, 81.5199966430664, 90.8499984741211, 86.05999755859375, 88.20999908447266, 91.41999816894531, 92.33999633789062, 92.05000305175781, 91.2300033569336, 88.22000122070312, 83.83999633789062, 93.48999786376953, 91.69999694824219, 89.86000061035156, 93.5999984741211, 94.08999633789062, 94.5999984741211, 94.51000213623047, 94.37999725341797, 95.2699966430664, 92.12000274658203, 95.16999816894531, 94.9000015258789, 94.22000122070312, 94.16000366210938, 94.52999877929688, 95.25, 95.7699966430664, 94.44000244140625, 95.61000061035156, 95.33999633789062, 94.04000091552734, 95.55999755859375, 96.26000213623047, 94.33000183105469, 96.23999786376953, 96.44999694824219, 96.4000015258789, 96.30999755859375, 95.5999984741211, 95.41999816894531, 95.02999877929688, 95.2300033569336, 96.6500015258789, 94.5999984741211, 95.5999984741211, 95.9000015258789, 96.7699966430664, 96.55999755859375, 95.55999755859375, 96.20999908447266, 96.4800033569336, 96.55999755859375, 96.19999694824219, 96.5999984741211, 96.69000244140625, 96.9000015258789, 96.48999786376953, 97.06999969482422, 97.4800033569336, 96.9000015258789, 97.4000015258789, 96.5999984741211, 96.4000015258789, 96.98999786376953, 97.13999938964844, 97.19999694824219, 97.44999694824219, 95.4000015258789, 96.88999938964844, 97.31999969482422, 97.45999908447266, 96.55000305175781, 97.29000091552734, 96.58000183105469, 96.58000183105469, 97.19000244140625, 97.45999908447266, 97.3499984741211, 97.62000274658203, 97.5, 96.31999969482422, 97.55000305175781, 97.22000122070312, 96.26000213623047, 96.98999786376953, 97.30999755859375, 97.43000030517578, 97.19000244140625, 96.5999984741211, 97.4800033569336, 96.66999816894531]
backdoor_accuracy=[0, 0.0, 0.0, 0.0, 1.264591439688716, 0.0, 0.0, 1.8482490272373542, 0.19455252918287938, 7.101167315175097, 1.6536964980544746, 4.766536964980545, 2.6264591439688716, 1.556420233463035, 2.3346303501945527, 2.237354085603113, 7.392996108949417, 1.264591439688716, 3.21011673151751, 1.1673151750972763, 2.3346303501945527, 2.140077821011673, 1.9455252918287937, 2.237354085603113, 2.0428015564202333, 1.9455252918287937, 1.7509727626459144, 2.140077821011673, 2.3346303501945527, 0.7782101167315175, 2.529182879377432, 3.8910505836575875, 2.237354085603113, 2.529182879377432, 3.21011673151751, 1.3618677042801557, 2.9182879377431905, 4.085603112840467, 1.6536964980544746, 4.280155642023346, 2.431906614785992, 0.9727626459143969, 2.0428015564202333, 0.6809338521400778, 2.6264591439688716, 3.501945525291829, 0.48638132295719844, 1.0700389105058365, 1.6536964980544746, 1.556420233463035, 2.140077821011673, 3.7937743190661477, 3.5992217898832686, 0.48638132295719844, 1.264591439688716, 3.0155642023346303, 1.0700389105058365, 0.48638132295719844, 0.8754863813229572, 0.7782101167315175, 3.21011673151751, 4.474708171206226, 1.9455252918287937, 0.5836575875486382, 4.766536964980545, 1.1673151750972763, 5.447470817120623, 0.7782101167315175, 1.9455252918287937, 0.5836575875486382, 1.264591439688716, 1.7509727626459144, 1.0700389105058365, 5.544747081712062, 0.5836575875486382, 1.4591439688715953, 1.7509727626459144, 0.48638132295719844, 2.3346303501945527, 1.9455252918287937, 1.556420233463035, 3.0155642023346303, 0.6809338521400778, 4.377431906614786, 0.6809338521400778, 0.7782101167315175, 1.556420233463035, 1.8482490272373542, 0.9727626459143969, 0.8754863813229572, 0.48638132295719844, 1.7509727626459144, 0.5836575875486382, 0.8754863813229572, 5.933852140077821, 2.140077821011673, 3.501945525291829, 3.7937743190661477, 9.82490272373541, 2.821011673151751, 2.6264591439688716]
loss_list=[0.42095961089138634, 0.39449034149193873, 0.2656698970933233, 0.20096297351168227, 0.19912265027516632, 0.15529943321590917, 0.11715513470482251, 0.10075277721166452, 0.10615713362395997, 0.11499342475436249, 0.11477923629256304, 0.079348841680932, 0.09108471758603813, 0.07686043138112114, 0.07917216090741759, 0.08189844310134425, 0.07771051405476034, 0.06599336557343917, 0.07526275916891607, 0.08696242328042131, 0.07403373813383869, 0.0738490678891909, 0.060572740862249556, 0.05689106367861167, 0.05320263454923671, 0.06451308726018566, 0.06533490077250169, 0.05151909208152491, 0.04725680279430144, 0.05864815371645737, 0.05469555959183445, 0.0493559480352626, 0.060878397973363266, 0.04996078717105343, 0.05405864746245549, 0.04681917904496398, 0.048558373333406575, 0.0526877019583473, 0.05952189198768849, 0.0409045108488016, 0.05797642509980404, 0.046056164259275084, 0.04596176732818595, 0.051138450669764565, 0.054498210629920475, 0.04198321692357302, 0.05455640807863236, 0.06222823344044635, 0.04835620288155655, 0.06436968567046285, 0.04575041432372118, 0.05499741321996094, 0.046961836559918986, 0.04996784819332847, 0.05106360196585233, 0.04492271394769471, 0.04185613490348392, 0.04180108408622499, 0.04994146379562417, 0.040438943856167996, 0.04718435777263939, 0.05095362823673768, 0.04049293586157117, 0.04294641087651118, 0.04279437629518831, 0.03938976984916034, 0.05549763417238101, 0.03860848293315497, 0.04025079588148973, 0.04734326644881356, 0.04260287608023749, 0.040184163909220326, 0.04133404547713861, 0.04198714152597964, 0.034455850855773844, 0.038310472274868244, 0.028791276277707747, 0.04551321257099792, 0.04116308469653691, 0.03534399305531847, 0.03191575893547857, 0.041411144835583016, 0.03549624606013678, 0.04038697244812996, 0.04619509950291426, 0.042890318693953634, 0.03355525877083469, 0.046849358102609616, 0.04361551022346022, 0.04202552586921616, 0.037542500482543685, 0.03908806467641002, 0.0391853835112823, 0.037741050220239804, 0.029106939263836906, 0.05119177394994038, 0.032003768764467616, 0.0357359473355984, 0.03819406657061063, 0.032181622257111124]
BBSR:9.82
ABSR:3.39
max acc:97.55
