======================================
    IID: 1
    Dataset: cifar
    Model: resnet
    Model Init: None
    Aggregation Function: fltrust
    Fraction NonIID: 0
    Long attack: 3
    Wide attack: 3
    Wide attack: trust
    Threshold reject: 0.5
    Threshold down: 0.0
    Attack method: badnet
    Fraction of malicious agents: 20.0%
    Poison Frac: 0.2
    Backdoor From 7 to 2
    Attack Begin: 0
    Trigger Shape: square
    Type poisoning: cs
    Trigger Position X: 0
    Trigger Position Y: 0
    Number of agents: 100
    Fraction of agents each turn: 30(30.0%)
    Local batch size: 50
    Local epoch: 3
    Client_LR: 0.01
    Client_Momentum: 0.9
    Global Rounds: 100
    Dataset In Server: 200
======================================
main_task_accuracy=[0, 10.0, 11.529999732971191, 17.700000762939453, 26.079999923706055, 32.7599983215332, 39.15999984741211, 44.130001068115234, 45.97999954223633, 48.90999984741211, 50.27000045776367, 53.939998626708984, 54.11000061035156, 54.470001220703125, 50.11000061035156, 52.61000061035156, 56.099998474121094, 57.099998474121094, 57.54999923706055, 58.56999969482422, 58.9900016784668, 61.72999954223633, 62.25, 62.4900016784668, 61.58000183105469, 63.349998474121094, 62.849998474121094, 63.66999816894531, 64.83999633789062, 63.95000076293945, 64.16999816894531, 61.880001068115234, 62.970001220703125, 63.66999816894531, 65.16000366210938, 65.37999725341797, 64.1500015258789, 65.58999633789062, 66.04000091552734, 66.2699966430664, 66.51000213623047, 65.18000030517578, 65.77999877929688, 64.37999725341797, 67.83999633789062, 67.38999938964844, 64.75, 68.26000213623047, 68.55000305175781, 68.29000091552734, 67.70999908447266, 68.44000244140625, 67.69000244140625, 68.52999877929688, 69.68000030517578, 69.41999816894531, 69.26000213623047, 69.22000122070312, 69.69000244140625, 69.47000122070312, 67.9800033569336, 70.16999816894531, 68.41000366210938, 70.9000015258789, 70.4000015258789, 69.62999725341797, 69.52999877929688, 69.87999725341797, 69.30000305175781, 69.62000274658203, 69.95999908447266, 70.02999877929688, 69.62000274658203, 70.81999969482422, 71.04000091552734, 70.94999694824219, 71.29000091552734, 70.76000213623047, 69.62000274658203, 70.0999984741211, 71.16999816894531, 71.0999984741211, 70.72000122070312, 70.91000366210938, 71.37000274658203, 72.02999877929688, 70.87999725341797, 69.68000030517578, 72.0, 71.4800033569336, 70.83999633789062, 68.43000030517578, 71.76000213623047, 72.20999908447266, 70.69999694824219, 70.52999877929688, 71.80999755859375, 68.7699966430664, 71.04000091552734, 70.54000091552734, 70.12999725341797]
backdoor_accuracy=[0, 0.0, 9.3, 13.4, 11.7, 8.3, 4.9, 5.1, 6.9, 5.8, 6.0, 5.4, 7.3, 7.6, 14.9, 9.0, 5.5, 9.8, 10.5, 6.1, 5.2, 5.0, 4.0, 4.2, 5.2, 4.1, 3.6, 3.8, 3.1, 4.6, 3.3, 4.6, 3.8, 1.3, 2.5, 2.9, 4.2, 2.6, 2.6, 4.4, 3.6, 3.6, 2.6, 9.0, 5.9, 4.2, 1.2, 3.6, 4.7, 4.3, 4.7, 1.9, 1.9, 2.5, 2.8, 2.2, 3.0, 2.1, 4.0, 3.3, 4.7, 3.9, 3.1, 3.2, 3.2, 1.5, 2.4, 2.0, 1.8, 2.2, 3.0, 3.9, 2.3, 3.5, 2.7, 2.4, 2.9, 2.4, 2.4, 3.1, 3.0, 2.3, 2.2, 2.3, 3.0, 2.4, 1.5, 3.0, 1.7, 2.0, 1.4, 1.2, 2.5, 2.0, 2.7, 1.7, 2.6, 0.5, 2.3, 1.5, 2.5]
loss_list=[1.9633193996217515, 1.5811358324686686, 1.2176435717278058, 1.0377241319086814, 0.952824123369323, 0.8611826374381777, 0.7986459672285453, 0.7932168600873815, 0.7519840172761018, 0.7031312655823098, 0.7045197194483546, 0.7224775201558238, 1.0119872788588204, 0.7307541385789713, 0.9823608077069125, 0.6719003778732281, 0.7142747836130569, 0.7243600763670273, 0.6010721831996408, 0.6135739049748777, 0.8134390034940504, 0.605636522281889, 0.5780817931228215, 0.5226781846629455, 0.5929794163143055, 0.5216053902642387, 0.48613986093719075, 0.578514805121813, 0.4553509752877936, 0.5290139023918244, 0.47930143451318136, 0.556821629235314, 0.47884090719796296, 0.5474926163711481, 0.46603943318128577, 0.44600823200721706, 0.4740088198005429, 0.47473656444486956, 0.407292598964155, 0.4616714790753192, 0.38615218682447455, 0.47285894159770875, 0.4222705065281803, 0.48683239355256475, 0.41077867662734613, 0.39140771445766515, 0.4444599700435194, 0.37568840598060177, 0.3809045350423549, 0.36294953865387153, 0.3954977873036276, 0.36428456007477095, 0.30925036932238276, 0.3660584894153806, 0.28087275457775435, 0.34783922121187466, 0.28748089021731477, 0.31675027751434964, 0.2801768557239686, 0.286981592456448, 0.3056353809437456, 0.31052837457740684, 0.23816273499732946, 0.28764691090360023, 0.2491541866073385, 0.2542539531103749, 0.27141346923140297, 0.2187376378289062, 0.23145125411230963, 0.2716107098524096, 0.2076016588476745, 0.23821823629104377, 0.1935600729737457, 0.19603213934247224, 0.18691237710196426, 0.20803900639009146, 0.14493406660486172, 0.17342158086559115, 0.21758949666251687, 0.1284091916466908, 0.16202845487142137, 0.10536881080805972, 0.1394967991693799, 0.16249795998065064, 0.13206402083056876, 0.14887877632967297, 0.12062938486445798, 0.13851765611532352, 0.1515005304292491, 0.1003072483179858, 0.13764559076491018, 0.12340106805359634, 0.15505828687649537, 0.10424615515454203, 0.09236663450525763, 0.11846190287634575, 0.07538365051538375, 0.11472424482603347, 0.12675068169237216, 0.08070371025849861]
BBSR:2.7
ABSR:1.95
max acc:72.21
