======================================
    IID: 0
    Dataset: mnist
    Model: Mnist_CNN
    Model Init: None
    Aggregation Function: DABA
    Fraction NonIID: 0
    Long attack: 3
    Wide attack: 3
    Wide attack: trust
    Threshold reject: 0.5
    Threshold down: 0.0
    Attack method: badnet
    Fraction of malicious agents: 30.0%
    Poison Frac: 0.2
    Backdoor From 7 to 2
    Attack Begin: 0
    Trigger Shape: square
    Type poisoning: cs
    Trigger Position X: 0
    Trigger Position Y: 0
    Number of agents: 100
    Fraction of agents each turn: 30(30.0%)
    Local batch size: 50
    Local epoch: 3
    Client_LR: 0.01
    Client_Momentum: 0.9
    Global Rounds: 100
======================================
main_task_accuracy=[0, 9.739999771118164, 42.40999984741211, 20.0, 40.880001068115234, 51.349998474121094, 62.9900016784668, 54.189998626708984, 46.45000076293945, 73.51000213623047, 50.86000061035156, 77.61000061035156, 73.8499984741211, 76.66999816894531, 82.55999755859375, 90.48999786376953, 82.54000091552734, 84.87000274658203, 87.80999755859375, 89.7300033569336, 82.37000274658203, 92.1500015258789, 90.19000244140625, 93.87999725341797, 79.3499984741211, 82.80000305175781, 91.79000091552734, 92.05000305175781, 89.30000305175781, 90.95999908447266, 94.11000061035156, 94.76000213623047, 93.04000091552734, 95.93000030517578, 94.18000030517578, 94.56999969482422, 92.02999877929688, 93.83999633789062, 92.72000122070312, 92.72000122070312, 95.06999969482422, 95.87000274658203, 95.06999969482422, 94.94999694824219, 96.69000244140625, 95.08000183105469, 96.52999877929688, 88.83000183105469, 90.55000305175781, 88.44000244140625, 95.69000244140625, 95.12999725341797, 95.66999816894531, 96.55999755859375, 91.1500015258789, 91.91999816894531, 85.8499984741211, 95.11000061035156, 97.44000244140625, 96.9800033569336, 92.23999786376953, 91.94000244140625, 97.12000274658203, 96.88999938964844, 96.45999908447266, 97.1500015258789, 95.76000213623047, 96.8499984741211, 95.51000213623047, 97.18000030517578, 97.27999877929688, 96.11000061035156, 96.72000122070312, 97.06999969482422, 92.69000244140625, 96.58999633789062, 94.37999725341797, 97.0199966430664, 96.7699966430664, 97.58999633789062, 96.6500015258789, 98.08999633789062, 93.44000244140625, 96.16000366210938, 98.0, 98.08999633789062, 95.94999694824219, 98.13999938964844, 98.01000213623047, 98.02999877929688, 96.86000061035156, 97.25, 96.31999969482422, 97.94000244140625, 88.01000213623047, 97.87999725341797, 97.83000183105469, 97.87999725341797, 93.69999694824219, 98.26000213623047, 97.73999786376953]
backdoor_accuracy=[0, 0.0, 0.0, 7.587548638132295, 0.0, 2.6264591439688716, 1.264591439688716, 0.38910505836575876, 3.21011673151751, 0.7782101167315175, 0.09727626459143969, 0.6809338521400778, 0.09727626459143969, 0.38910505836575876, 1.4591439688715953, 1.6536964980544746, 15.66147859922179, 0.0, 5.3501945525291825, 8.754863813229573, 0.7782101167315175, 5.544747081712062, 0.19455252918287938, 1.4591439688715953, 0.0, 5.447470817120623, 0.48638132295719844, 2.431906614785992, 4.571984435797665, 0.8754863813229572, 17.607003891050585, 0.9727626459143969, 5.058365758754864, 2.0428015564202333, 3.404669260700389, 1.9455252918287937, 1.3618677042801557, 1.556420233463035, 2.6264591439688716, 2.3346303501945527, 1.556420233463035, 35.11673151750973, 4.280155642023346, 85.3112840466926, 28.404669260700388, 15.077821011673151, 96.20622568093385, 14.591439688715953, 96.20622568093385, 99.80544747081711, 23.540856031128406, 31.420233463035018, 99.80544747081711, 96.3035019455253, 89.59143968871595, 99.90272373540856, 42.12062256809339, 97.66536964980544, 98.5408560311284, 97.85992217898833, 82.39299610894942, 98.83268482490273, 99.70817120622569, 99.90272373540856, 99.90272373540856, 100.0, 100.0, 100.0, 100.0, 100.0, 100.0, 100.0, 100.0, 100.0, 100.0, 100.0, 100.0, 100.0, 100.0, 100.0, 100.0, 100.0, 100.0, 100.0, 100.0, 100.0, 100.0, 100.0, 100.0, 100.0, 100.0, 100.0, 100.0, 100.0, 100.0, 100.0, 100.0, 100.0, 100.0, 100.0, 100.0]
loss_list=[0.49058162101325137, 0.6063696042920095, 0.3677940080732476, 0.37949009145388246, 0.2957634234327831, 0.2818789776165579, 0.20367736370712772, 0.17973017522741733, 0.22841191639474873, 0.13083537387911545, 0.2349921929967658, 0.17709818909646272, 0.11978404219604759, 0.10517004227857192, 0.13774211004754944, 0.10402730500024274, 0.12432060939081689, 0.10367397291169406, 0.07779242039934013, 0.09545914791025277, 0.09652121278653271, 0.06675163366458994, 0.08301495763509403, 0.06434100051754009, 0.0856689414091243, 0.10925277959193688, 0.08505277194146044, 0.08696941733823804, 0.07517159722370978, 0.06774089262639521, 0.0653822478949115, 0.07820200403903248, 0.06467530412293736, 0.05847719865157483, 0.05312745678215269, 0.05868156048670901, 0.05593866953866316, 0.04936280975208305, 0.06323789172738785, 0.051939366360901816, 0.07456143487637742, 0.05981385539126616, 0.051014639763112275, 0.051197743314009586, 0.04884676116074156, 0.04684252137746038, 0.041117575269074225, 0.052325489196278205, 0.04944081132612374, 0.06019969669409064, 0.04314767007112655, 0.04555008644248011, 0.04485523186608902, 0.04941541781824517, 0.06279034294142295, 0.06332108382763933, 0.07278259243868827, 0.05249376515967773, 0.04359422601869199, 0.04265642528012887, 0.04935142535056861, 0.047151702804575445, 0.040685967085138525, 0.04478671364787758, 0.03602137927788594, 0.04076695725126447, 0.04038690952303761, 0.04096049232407523, 0.03871006329206307, 0.03723365913565451, 0.04287224513554706, 0.03904040005483534, 0.04096444103469939, 0.035216531376865166, 0.043787320045978635, 0.044138745435993706, 0.042928798561508524, 0.03598260328018078, 0.037085486263065875, 0.03584219907334403, 0.030574946642761242, 0.03353682017151119, 0.038065043692429266, 0.037159589973058856, 0.03502458163156664, 0.03514185949449197, 0.03493204018463933, 0.029594921740075674, 0.03008980815535845, 0.030766735726887484, 0.0386655820248153, 0.03433899535198724, 0.03766611741842601, 0.03601318749065088, 0.05436820120182569, 0.036163793521721485, 0.02753119275463225, 0.03226910739424412, 0.042485453235845204, 0.026829896575944156]
BBSR:100.0
ABSR:100.0
max acc:98.26
