======================================
    IID: 0
    Dataset: fashion_mnist
    Model: Mnist_CNN
    Model Init: None
    Aggregation Function: krum
    Fraction NonIID: 0
    Long attack: 3
    Wide attack: 3
    Wide attack: trust
    Threshold reject: 0.5
    Threshold down: 0.0
    Attack method: badnet
    Fraction of malicious agents: 20.0%
    Poison Frac: 0.2
    Backdoor From 7 to 2
    Attack Begin: 0
    Trigger Shape: square
    Type poisoning: pgd
    Trigger Position X: 0
    Trigger Position Y: 0
    Number of agents: 100
    Fraction of agents each turn: 30(30.0%)
    Local batch size: 50
    Local epoch: 3
    Client_LR: 0.01
    Client_Momentum: 0.9
    Global Rounds: 100
    Proportion of malicious are selected: 0.41
    Average score of malicious clients: 618.56201171875
    Average score of benign clients: 293.02471923828125
======================================
main_task_accuracy=[0, 52.4900016784668, 56.52000045776367, 70.19000244140625, 71.79000091552734, 72.37000274658203, 73.87999725341797, 73.7300033569336, 74.33000183105469, 74.12000274658203, 74.12000274658203, 77.37999725341797, 75.48999786376953, 77.0999984741211, 76.41000366210938, 76.29000091552734, 77.12000274658203, 77.2300033569336, 78.58999633789062, 79.58999633789062, 78.93000030517578, 79.80999755859375, 80.08000183105469, 80.30999755859375, 81.73999786376953, 82.45999908447266, 81.54000091552734, 78.94999694824219, 80.62000274658203, 79.81999969482422, 80.63999938964844, 80.0199966430664, 81.11000061035156, 79.83000183105469, 81.22000122070312, 81.66000366210938, 82.77999877929688, 81.83999633789062, 83.05000305175781, 82.7300033569336, 81.98999786376953, 82.41999816894531, 82.44000244140625, 83.44000244140625, 82.7699966430664, 82.68000030517578, 81.91000366210938, 83.19000244140625, 84.26000213623047, 82.29000091552734, 82.94999694824219, 83.83999633789062, 83.94999694824219, 84.19000244140625, 83.22000122070312, 84.30000305175781, 84.2300033569336, 82.93000030517578, 84.5, 84.7699966430664, 85.12000274658203, 84.05999755859375, 84.31999969482422, 84.05000305175781, 84.5999984741211, 82.06999969482422, 84.0999984741211, 82.80999755859375, 84.4800033569336, 82.88999938964844, 84.37000274658203, 83.5199966430664, 85.25, 84.52999877929688, 84.83000183105469, 85.08000183105469, 84.4800033569336, 85.11000061035156, 85.19000244140625, 83.72000122070312, 84.13999938964844, 85.16999816894531, 84.55999755859375, 85.30999755859375, 84.47000122070312, 83.94000244140625, 85.3499984741211, 85.06999969482422, 85.54000091552734, 85.27999877929688, 84.19000244140625, 84.91000366210938, 84.5, 85.23999786376953, 85.27999877929688, 84.75, 85.1500015258789, 85.2300033569336, 84.55000305175781, 82.77999877929688, 84.5199966430664]
backdoor_accuracy=[0, 0.0, 0.0, 0.0, 0.0, 0.0, 0.0, 0.0, 0.0, 0.0, 0.0, 0.0, 0.0, 0.0, 0.0, 0.0, 0.0, 0.0, 0.0, 0.0, 0.0, 0.0, 0.0, 0.0, 0.0, 0.0, 47.6, 4.1, 0.7, 99.8, 88.2, 90.0, 87.0, 76.4, 77.5, 31.1, 100.0, 99.7, 100.0, 99.7, 100.0, 100.0, 100.0, 100.0, 100.0, 100.0, 100.0, 100.0, 100.0, 100.0, 100.0, 99.8, 100.0, 100.0, 100.0, 100.0, 100.0, 100.0, 100.0, 100.0, 100.0, 100.0, 100.0, 100.0, 100.0, 100.0, 100.0, 100.0, 100.0, 100.0, 100.0, 100.0, 100.0, 100.0, 100.0, 100.0, 100.0, 100.0, 100.0, 100.0, 100.0, 100.0, 100.0, 100.0, 100.0, 100.0, 100.0, 100.0, 100.0, 100.0, 100.0, 100.0, 100.0, 100.0, 100.0, 100.0, 100.0, 100.0, 100.0, 100.0, 100.0]
loss_list=[1.4379489828039098, 0.9345209418623532, 0.7853463311714157, 0.6892593285137855, 0.6432280669747676, 0.6455606770184303, 0.5924937892153306, 0.5800919645086482, 0.5679241991843339, 0.532726383112647, 0.5368623327049943, 0.5237028546217416, 0.5176140300377651, 0.5190380761468851, 0.5051070294515402, 0.4728061801098564, 0.48372453033096263, 0.46384378039726504, 0.492141751434516, 0.49016093862829374, 0.45835676887245086, 0.48734899146689314, 0.4403626625736555, 0.4655759212629939, 0.41850950280204413, 0.44241052583135937, 0.4163217112215029, 0.428853128436539, 0.45381763898939986, 0.45670824079187927, 0.407377560686803, 0.4281377173684261, 0.41214316391420586, 0.44290111708730756, 0.4218618118583605, 0.4183094254108491, 0.3944274100578493, 0.3886295246805444, 0.39649267167853264, 0.45010239904125543, 0.39213946867665206, 0.4238939843037063, 0.39638312229955636, 0.42041786768370204, 0.4086824024268599, 0.3700723405237551, 0.42787710887690383, 0.404908344598004, 0.3803383473306894, 0.43033414951836074, 0.4256664045396502, 0.39859989663861956, 0.36730625276902207, 0.37789964137460896, 0.4026682922547614, 0.3852367364422039, 0.42856770217487666, 0.3950341741623426, 0.3718873067439913, 0.3728290463669476, 0.39736365721974937, 0.38589875227340525, 0.40371054418178065, 0.35927370326524527, 0.40601763126474827, 0.40833501583827586, 0.3788240600769684, 0.410950954405039, 0.39225777743936135, 0.3566842318581486, 0.39023767579519364, 0.3662315923099716, 0.36900744161361615, 0.3638237575827927, 0.35449991384283985, 0.3717828692083627, 0.4114500053360609, 0.38223342176535413, 0.4153924009900678, 0.4146922368418288, 0.3593227529898286, 0.3457022359098861, 0.341227431129233, 0.38763179074783155, 0.4267973487023954, 0.3621883466719063, 0.3592064262501447, 0.3921713751859324, 0.3498352309539095, 0.40832005513280073, 0.372623784146789, 0.4088208365047144, 0.40044122882493494, 0.3385703367579952, 0.40197587353220476, 0.3614614457021363, 0.38494325762536996, 0.3293829150489289, 0.3983170468981069, 0.38626484477081924]
BBSR:100.0
ABSR:100.0
max acc:85.28
