======================================
    IID: 1
    Dataset: cifar
    Model: resnet
    Model Init: None
    Aggregation Function: avg
    Fraction NonIID: 0
    Long attack: 3
    Wide attack: 3
    Wide attack: trust
    Threshold reject: 0.5
    Threshold down: 0.0
    Attack method: badnet
    Fraction of malicious agents: 30.0%
    Poison Frac: 0.2
    Backdoor From 7 to 2
    Attack Begin: 0
    Trigger Shape: square
    Type poisoning: 
    Trigger Position X: 0
    Trigger Position Y: 0
    Number of agents: 100
    Fraction of agents each turn: 30(30.0%)
    Local batch size: 50
    Local epoch: 3
    Client_LR: 0.01
    Client_Momentum: 0.9
    Global Rounds: 100
======================================
main_task_accuracy=[0, 10.0, 30.649999618530273, 44.41999816894531, 45.75, 50.93000030517578, 55.279998779296875, 56.7599983215332, 56.689998626708984, 61.2599983215332, 61.63999938964844, 62.310001373291016, 62.630001068115234, 62.68000030517578, 64.93000030517578, 64.12000274658203, 65.47000122070312, 66.76000213623047, 66.51000213623047, 67.66999816894531, 65.79000091552734, 67.38999938964844, 68.05999755859375, 68.36000061035156, 69.1500015258789, 68.94999694824219, 69.3499984741211, 69.41999816894531, 69.2699966430664, 70.58000183105469, 69.19000244140625, 70.4800033569336, 70.80000305175781, 71.11000061035156, 70.93000030517578, 71.26000213623047, 71.48999786376953, 71.55000305175781, 72.47000122070312, 72.2300033569336, 72.2300033569336, 72.4800033569336, 72.12999725341797, 72.08000183105469, 72.26000213623047, 72.1500015258789, 72.12999725341797, 72.47000122070312, 72.33999633789062, 72.19000244140625, 72.61000061035156, 72.05999755859375, 72.76000213623047, 72.6500015258789, 72.51000213623047, 72.69999694824219, 72.61000061035156, 72.62000274658203, 72.69000244140625, 72.68000030517578, 72.52999877929688, 72.69999694824219, 72.58000183105469, 72.55999755859375, 72.54000091552734, 72.58000183105469, 72.66000366210938, 72.54000091552734, 72.48999786376953, 72.55999755859375, 72.5, 72.33000183105469, 72.43000030517578, 72.33999633789062, 72.20999908447266, 72.4000015258789, 72.33999633789062, 72.18000030517578, 72.30000305175781, 72.25, 72.1500015258789, 72.08999633789062, 72.04000091552734, 72.02999877929688, 72.08000183105469, 72.16000366210938, 72.2699966430664, 72.22000122070312, 72.16999816894531, 72.08000183105469, 72.08000183105469, 72.06999969482422, 72.22000122070312, 72.05999755859375, 72.02999877929688, 72.13999938964844, 72.13999938964844, 72.06999969482422, 72.0, 71.98999786376953, 71.9800033569336]
backdoor_accuracy=[0, 0.0, 8.8, 8.9, 5.9, 7.3, 3.0, 8.5, 4.6, 4.6, 9.9, 3.6, 2.9, 3.7, 2.0, 2.6, 2.3, 2.2, 2.1, 1.3, 1.9, 2.2, 2.7, 1.7, 2.0, 2.7, 1.6, 1.2, 2.0, 1.7, 1.6, 1.8, 2.0, 2.1, 1.6, 1.8, 1.7, 2.2, 2.3, 2.4, 1.8, 2.8, 2.1, 1.7, 2.4, 1.2, 1.1, 3.0, 2.7, 3.2, 2.1, 1.5, 1.9, 1.5, 3.2, 3.4, 3.0, 2.8, 3.7, 2.7, 1.5, 3.3, 3.1, 2.6, 3.6, 3.0, 3.4, 2.4, 2.7, 3.1, 2.8, 3.0, 2.3, 2.8, 3.0, 3.2, 2.9, 3.3, 3.1, 2.8, 3.3, 3.3, 3.2, 3.1, 2.8, 2.5, 3.2, 3.1, 3.0, 3.1, 2.9, 3.1, 2.9, 2.9, 3.0, 2.9, 2.8, 3.1, 2.4, 3.3, 3.1]
loss_list=[1.9681212715307868, 1.4701918223831387, 1.1030016974276966, 0.9164003203643692, 0.750129285355409, 0.6798070454514687, 0.5938200849749976, 0.5479049157454735, 0.4721210288421976, 0.4945805522602881, 0.3906693062579467, 0.44574850199537147, 0.39848074331465694, 0.3360001366585493, 0.36237137328212454, 0.3623108460112579, 0.30148923411034045, 0.299845918332123, 0.2529685703546016, 0.2476320386662458, 0.29271498792313244, 0.2565344747650023, 0.21435896406571073, 0.2171034723825546, 0.15304359940773185, 0.17749196676485657, 0.19326982338020263, 0.1922087056645089, 0.15345526364282708, 0.20904574481472896, 0.15046370217162702, 0.1328772223824894, 0.14000033315542776, 0.11446938929445524, 0.10327185660749416, 0.07493624599191309, 0.10807838109599996, 0.06881710608147032, 0.03704318811036906, 0.07888430173062562, 0.07898705865495786, 0.06678315634580535, 0.05389663079359001, 0.05690322460263916, 0.07829146227702344, 0.0816377513005864, 0.04962555943386785, 0.05263523074613963, 0.03556603988794248, 0.033972630550949054, 0.06101494337810438, 0.01959811371117313, 0.03148318736141341, 0.049558859272769436, 0.013125228160610682, 0.031048451845644094, 0.023264173750487515, 0.011031409191168172, 0.006133181454529727, 0.015257928458385223, 0.007077203451400338, 0.0071434752733330244, 0.007422869774988308, 0.04960134664341846, 0.004758057202028188, 0.020980438143564643, 0.003646596866148886, 0.0036230517886482027, 0.002993736063670238, 0.004098523369013694, 0.0028043887818380935, 0.0018358149652744438, 0.0027393814652492024, 0.0021991672879084954, 0.0048583935103185165, 0.00234251453276051, 0.002014912341223357, 0.002340932849991886, 0.0018895731988757488, 0.0014665456816793363, 0.0016742991605456661, 0.0011082221217414677, 0.0014393818358722557, 0.0027272928303783478, 0.003356917408511637, 0.0019390674081740955, 0.0009613376717121962, 0.0012263274606246141, 0.001249102678508886, 0.001143791166865008, 0.0010269169303420414, 0.0010799040185116204, 0.0008878307452121389, 0.0008522831629994067, 0.0019987401881048257, 0.001201934096534387, 0.000789702184459505, 0.0018541974947503255, 0.0007629102625732128, 0.001530122150595869]
BBSR:50.04498297203001
ABSR:51.93908914940132
max acc:72.22
