======================================
    IID: 0
    Dataset: mnist
    Model: Mnist_CNN
    Model Init: None
    Aggregation Function: DABA
    Fraction NonIID: 0
    Long attack: 3
    Wide attack: 3
    Wide attack: trust
    Threshold reject: 0.5
    Threshold down: 0.0
    Attack method: badnet
    Fraction of malicious agents: 13.0%
    Poison Frac: 0.2
    Backdoor From 7 to 2
    Attack Begin: 0
    Trigger Shape: square
    Type poisoning: cs
    Trigger Position X: 0
    Trigger Position Y: 0
    Number of agents: 100
    Fraction of agents each turn: 30(30.0%)
    Local batch size: 50
    Local epoch: 3
    Client_LR: 0.01
    Client_Momentum: 0.9
    Global Rounds: 100
======================================
main_task_accuracy=[0, 31.969999313354492, 31.40999984741211, 45.220001220703125, 40.88999938964844, 58.65999984741211, 71.47000122070312, 55.90999984741211, 62.77000045776367, 74.12000274658203, 58.619998931884766, 79.38999938964844, 89.23999786376953, 83.97000122070312, 86.4000015258789, 85.05999755859375, 86.80000305175781, 71.06999969482422, 84.13999938964844, 90.52999877929688, 93.22000122070312, 91.66999816894531, 76.91999816894531, 93.44000244140625, 93.3499984741211, 92.66999816894531, 94.47000122070312, 92.37000274658203, 81.44999694824219, 78.73999786376953, 85.1500015258789, 94.68000030517578, 94.26000213623047, 95.5199966430664, 92.29000091552734, 95.56999969482422, 88.75, 94.16999816894531, 94.69999694824219, 93.83000183105469, 95.97000122070312, 95.63999938964844, 76.8499984741211, 92.80000305175781, 93.68000030517578, 96.43000030517578, 95.75, 95.94000244140625, 94.97000122070312, 96.48999786376953, 96.5, 96.56999969482422, 96.29000091552734, 96.80999755859375, 96.62999725341797, 95.55999755859375, 96.97000122070312, 96.45999908447266, 96.23999786376953, 94.36000061035156, 96.23999786376953, 97.52999877929688, 96.87000274658203, 96.86000061035156, 96.2300033569336, 89.8499984741211, 92.22000122070312, 96.88999938964844, 97.05999755859375, 94.43000030517578, 96.23999786376953, 97.63999938964844, 97.63999938964844, 97.2300033569336, 94.79000091552734, 97.8499984741211, 95.80000305175781, 97.95999908447266, 97.16000366210938, 98.12000274658203, 98.08999633789062, 97.62000274658203, 96.62999725341797, 96.77999877929688, 96.73999786376953, 97.69999694824219, 92.30000305175781, 95.45999908447266, 96.36000061035156, 98.2699966430664, 97.36000061035156, 96.86000061035156, 97.8499984741211, 98.2699966430664, 97.83999633789062, 97.1500015258789, 97.80999755859375, 98.27999877929688, 98.06999969482422, 97.47000122070312, 96.68000030517578]
backdoor_accuracy=[0, 0.09727626459143969, 0.8754863813229572, 0.0, 1.0700389105058365, 0.6809338521400778, 0.5836575875486382, 8.949416342412452, 0.0, 4.474708171206226, 0.2918287937743191, 8.365758754863814, 2.140077821011673, 7.101167315175097, 10.019455252918288, 1.0700389105058365, 1.6536964980544746, 10.894941634241246, 1.264591439688716, 3.7937743190661477, 4.766536964980545, 1.9455252918287937, 24.610894941634243, 0.7782101167315175, 6.809338521400778, 5.155642023346304, 1.0700389105058365, 3.0155642023346303, 0.5836575875486382, 0.38910505836575876, 10.311284046692608, 1.1673151750972763, 0.38910505836575876, 11.089494163424124, 0.6809338521400778, 4.085603112840467, 1.6536964980544746, 1.7509727626459144, 1.264591439688716, 3.9883268482490273, 0.8754863813229572, 0.6809338521400778, 5.933852140077821, 1.4591439688715953, 0.8754863813229572, 1.264591439688716, 1.264591439688716, 1.6536964980544746, 0.38910505836575876, 5.933852140077821, 4.474708171206226, 8.365758754863814, 5.447470817120623, 7.587548638132295, 11.284046692607005, 0.9727626459143969, 12.256809338521402, 69.74708171206225, 3.0155642023346303, 0.5836575875486382, 9.04669260700389, 9.82490272373541, 4.961089494163424, 4.571984435797665, 0.6809338521400778, 94.45525291828794, 3.8910505836575875, 3.6964980544747084, 6.22568093385214, 2.0428015564202333, 6.22568093385214, 5.642023346303502, 6.614785992217898, 10.700389105058365, 5.155642023346304, 5.252918287937743, 72.95719844357977, 1.9455252918287937, 21.108949416342412, 15.077821011673151, 27.042801556420233, 1.4591439688715953, 89.98054474708171, 0.48638132295719844, 94.06614785992218, 9.727626459143968, 94.8443579766537, 10.700389105058365, 61.38132295719844, 5.3501945525291825, 9.922178988326849, 9.04669260700389, 4.085603112840467, 7.392996108949417, 7.684824902723736, 4.280155642023346, 44.8443579766537, 15.85603112840467, 72.37354085603113, 2.7237354085603114, 46.30350194552529]
loss_list=[0.518725258218476, 0.24828992424651125, 0.2741904230041317, 0.2670094773004873, 0.22287460664291928, 0.2539178933004275, 0.18545733620924387, 0.16165705675912959, 0.1459413845091546, 0.18669198553271638, 0.16385569876349493, 0.12133168034813639, 0.09819770482101217, 0.0939644975135938, 0.09600045208594074, 0.073710146133985, 0.09600398199369356, 0.09273478505928169, 0.09635088041329183, 0.07277174128792657, 0.06606034271193226, 0.06211742781592281, 0.11329949225728184, 0.07586509920015354, 0.06286205230963035, 0.06254405407399075, 0.05965731398999557, 0.05795993653786953, 0.08693596119920728, 0.10195423557006819, 0.09462000620225065, 0.05787569668945814, 0.056222748612180566, 0.05208081310684361, 0.054845256336777184, 0.05016485661027062, 0.062095641483799736, 0.05913785133263691, 0.05165889406165156, 0.05587643535512152, 0.04113546255846975, 0.039102815779877224, 0.0718729109249353, 0.0650141258925265, 0.053358516808096224, 0.04743403157239715, 0.036347597149808494, 0.05075984813220728, 0.04891040524285697, 0.04146447093654115, 0.04247051809320127, 0.04030663799144308, 0.04112898537520475, 0.03491021604789446, 0.038958473507439924, 0.03629322177495458, 0.03788878400803368, 0.03687120901254856, 0.03964772950932769, 0.03834539970826822, 0.0355351504692955, 0.03649203157532663, 0.03379149342070421, 0.0359354899124654, 0.03786003468725986, 0.04996923173869797, 0.0469033078179864, 0.031782109565063006, 0.02974854493614275, 0.0378504705872238, 0.03656776808241317, 0.03261940815705063, 0.027024958408787197, 0.03322943175613208, 0.04124803844903625, 0.031333823412050196, 0.039383812439452506, 0.031705209748766144, 0.029695145153802827, 0.027489334669988034, 0.026407790305371857, 0.03213080740484544, 0.029390589609421616, 0.03163243470115573, 0.03476122994507448, 0.0335876047467764, 0.04135116392406539, 0.03307704827204329, 0.03489288246445499, 0.027110878015405092, 0.030714016098167936, 0.029687423526692333, 0.028077451275754325, 0.024169511281784503, 0.02958259997022416, 0.02901251178443281, 0.02937892270663478, 0.02395827965638533, 0.028815779231346303, 0.0347326723701039]
BBSR:11.016064039614951
ABSR:14.785950477094154
max acc:98.28
