======================================
    IID: 1
    Dataset: cifar
    Model: resnet
    Model Init: None
    Aggregation Function: avg
    Fraction NonIID: 0
    Long attack: 3
    Wide attack: 3
    Wide attack: trust
    Threshold reject: 0.5
    Threshold down: 0.0
    Attack method: badnet
    Fraction of malicious agents: 13.0%
    Poison Frac: 0.2
    Backdoor From 7 to 2
    Attack Begin: 0
    Trigger Shape: square
    Type poisoning: cs
    Trigger Position X: 0
    Trigger Position Y: 0
    Number of agents: 100
    Fraction of agents each turn: 30(30.0%)
    Local batch size: 50
    Local epoch: 3
    Client_LR: 0.01
    Client_Momentum: 0.9
    Global Rounds: 100
======================================
main_task_accuracy=[0, 10.329999923706055, 26.260000228881836, 44.220001220703125, 47.93000030517578, 51.900001525878906, 54.47999954223633, 56.040000915527344, 58.369998931884766, 59.02000045776367, 60.150001525878906, 62.90999984741211, 62.630001068115234, 63.75, 65.1500015258789, 64.61000061035156, 65.87000274658203, 65.54000091552734, 66.63999938964844, 66.58000183105469, 66.16999816894531, 66.51000213623047, 67.41999816894531, 67.77999877929688, 67.66000366210938, 68.22000122070312, 66.86000061035156, 69.30999755859375, 69.51000213623047, 68.79000091552734, 68.7699966430664, 70.2699966430664, 70.33999633789062, 69.95999908447266, 70.91999816894531, 70.62000274658203, 71.95999908447266, 70.9800033569336, 72.27999877929688, 71.93000030517578, 71.72000122070312, 72.27999877929688, 72.6500015258789, 72.31999969482422, 72.4800033569336, 72.62999725341797, 73.02999877929688, 73.2300033569336, 73.18000030517578, 73.30000305175781, 73.29000091552734, 73.26000213623047, 73.12999725341797, 73.31999969482422, 73.18000030517578, 73.20999908447266, 73.23999786376953, 73.12999725341797, 73.20999908447266, 73.0999984741211, 73.22000122070312, 73.16999816894531, 73.23999786376953, 73.06999969482422, 73.2300033569336, 72.95999908447266, 73.12999725341797, 73.08999633789062, 73.16999816894531, 73.12000274658203, 73.0999984741211, 72.9800033569336, 72.94999694824219, 72.9800033569336, 72.95999908447266, 73.12000274658203, 72.8499984741211, 73.02999877929688, 72.91999816894531, 72.94000244140625, 72.97000122070312, 72.95999908447266, 72.98999786376953, 73.0199966430664, 72.9000015258789, 72.87999725341797, 72.87999725341797, 72.83999633789062, 72.87999725341797, 72.80000305175781, 72.87999725341797, 72.83000183105469, 72.83999633789062, 72.80999755859375, 72.91999816894531, 72.83999633789062, 72.87999725341797, 72.91999816894531, 72.80999755859375, 72.75, 72.79000091552734]
backdoor_accuracy=[0, 0.1, 3.5, 4.2, 4.4, 4.1, 4.9, 4.0, 5.6, 2.9, 3.0, 2.2, 1.2, 1.5, 2.5, 1.6, 1.1, 1.5, 1.1, 2.3, 2.1, 1.0, 2.4, 1.7, 1.8, 1.6, 0.2, 1.8, 1.6, 1.0, 1.6, 0.7, 1.8, 1.8, 2.2, 1.0, 1.9, 1.4, 2.0, 1.4, 1.1, 1.7, 2.3, 1.8, 1.8, 2.7, 2.6, 3.1, 2.3, 2.5, 2.2, 2.3, 2.7, 2.5, 2.7, 2.6, 2.8, 2.7, 2.9, 2.8, 3.0, 2.7, 2.6, 2.5, 2.4, 2.2, 2.3, 2.4, 2.4, 2.5, 2.7, 2.3, 2.6, 2.4, 2.5, 2.4, 3.1, 2.5, 2.5, 2.5, 2.1, 2.2, 2.3, 2.3, 2.2, 2.4, 2.3, 2.4, 2.5, 2.3, 2.4, 2.5, 2.4, 2.5, 2.5, 2.4, 2.4, 2.3, 2.3, 2.4, 2.3]
loss_list=[1.985230770773358, 1.5770390511221355, 1.2041714233822292, 1.0154492029713258, 0.8492806217322746, 0.7354126027516195, 0.6605319580187401, 0.6002481816833217, 0.538124277074304, 0.5406400704590811, 0.4756409210297797, 0.48658005659571957, 0.4425306636322704, 0.41221435613516294, 0.41786461712585543, 0.36831496652526163, 0.3659394304640591, 0.3562129906875392, 0.33111320330554417, 0.3115135443831484, 0.33083672738634046, 0.27388897743179563, 0.2679631549026817, 0.27791212100173457, 0.26920225552955845, 0.2391259787909479, 0.25443057835257304, 0.2423118404795726, 0.22546518271581992, 0.21067978725665146, 0.2191479454388738, 0.21467970408964906, 0.18271279946900906, 0.17303718685573485, 0.13991905559837406, 0.11678718080200877, 0.1170801635752691, 0.1157337171312732, 0.13037083823621895, 0.11625458097499274, 0.07544072170120973, 0.11268934973030505, 0.09767095748664968, 0.08404455607769906, 0.06142673640641281, 0.0753265576960338, 0.050050392748671575, 0.06835503927955867, 0.08451283332471374, 0.05602301226155961, 0.041153524077316324, 0.07443767572549405, 0.07395630476197564, 0.0582909521377749, 0.06654163126979257, 0.0651571402021606, 0.08821952177240747, 0.06924327921827272, 0.058295551035100514, 0.05600625693678418, 0.0524832222180137, 0.06110312072823743, 0.06255339629731478, 0.06115642996297944, 0.06815213849965301, 0.059656093885294255, 0.066620360386684, 0.061274117768286174, 0.06615250359043583, 0.05519286865549577, 0.07634115674115792, 0.07560040059691854, 0.05565918367086041, 0.06085705159872304, 0.06803156139555443, 0.0801453192482101, 0.08072848903079932, 0.06243135189411179, 0.07823531241665477, 0.07217964563061187, 0.07434438090385, 0.07066785656630396, 0.07393625736529227, 0.07342347030068695, 0.06933692700105085, 0.06457460596719307, 0.07449963403919052, 0.0704463242258579, 0.08804909512177496, 0.08196197012119227, 0.07897014790983424, 0.07840332326114652, 0.07136183638477331, 0.07886584401673954, 0.07834249416479401, 0.07083608529764907, 0.09060093749576482, 0.0840172140416528, 0.07634876666464452, 0.09119229633437097]
BBSR:55.13551598471966
ABSR:58.09890556712918
max acc:72.92
