======================================
    IID: 1
    Dataset: cifar
    Model: resnet
    Model Init: None
    Aggregation Function: avg
    Fraction NonIID: 0
    Long attack: 3
    Wide attack: 3
    Wide attack: trust
    Threshold reject: 0.5
    Threshold down: 0.0
    Attack method: badnet
    Fraction of malicious agents: 13.0%
    Poison Frac: 0.2
    Backdoor From 7 to 2
    Attack Begin: 0
    Trigger Shape: square
    Type poisoning: 
    Trigger Position X: 0
    Trigger Position Y: 0
    Number of agents: 100
    Fraction of agents each turn: 30(30.0%)
    Local batch size: 50
    Local epoch: 3
    Client_LR: 0.01
    Client_Momentum: 0.9
    Global Rounds: 100
======================================
main_task_accuracy=[0, 11.789999961853027, 28.200000762939453, 43.099998474121094, 46.91999816894531, 50.84000015258789, 53.77000045776367, 56.84000015258789, 58.9900016784668, 60.869998931884766, 62.040000915527344, 62.45000076293945, 62.5099983215332, 64.22000122070312, 65.2699966430664, 65.0199966430664, 65.55999755859375, 65.55999755859375, 67.0999984741211, 66.95999908447266, 67.72000122070312, 68.55000305175781, 68.38999938964844, 67.0199966430664, 69.80000305175781, 68.19000244140625, 69.95999908447266, 70.30000305175781, 69.69999694824219, 70.45999908447266, 71.36000061035156, 71.54000091552734, 71.38999938964844, 72.0999984741211, 71.9000015258789, 71.87999725341797, 72.13999938964844, 72.7300033569336, 72.37999725341797, 72.61000061035156, 73.08000183105469, 73.31999969482422, 73.30999755859375, 73.37999725341797, 73.16999816894531, 73.44999694824219, 73.31999969482422, 73.23999786376953, 73.33000183105469, 73.33999633789062, 73.31999969482422, 73.3499984741211, 73.37000274658203, 73.33000183105469, 73.30999755859375, 73.4000015258789, 73.18000030517578, 73.25, 73.1500015258789, 73.08000183105469, 73.19000244140625, 73.27999877929688, 73.19999694824219, 73.29000091552734, 73.19000244140625, 73.13999938964844, 73.02999877929688, 73.05000305175781, 73.08999633789062, 73.0, 72.9800033569336, 72.91000366210938, 72.95999908447266, 72.87000274658203, 73.01000213623047, 72.9000015258789, 73.0, 72.86000061035156, 72.95999908447266, 72.9000015258789, 72.91000366210938, 72.91999816894531, 73.04000091552734, 72.93000030517578, 73.08000183105469, 72.91000366210938, 73.12000274658203, 73.0, 72.88999938964844, 72.97000122070312, 73.0, 72.80000305175781, 72.83999633789062, 72.9000015258789, 72.79000091552734, 72.80999755859375, 72.83000183105469, 72.9000015258789, 72.87000274658203, 72.79000091552734, 72.7699966430664]
backdoor_accuracy=[0, 14.8, 9.7, 7.5, 12.2, 10.2, 8.4, 5.7, 3.3, 2.9, 2.6, 2.4, 2.3, 2.2, 2.4, 2.4, 1.3, 2.2, 1.7, 1.3, 1.2, 1.3, 1.7, 0.9, 2.5, 1.2, 2.3, 1.2, 2.1, 0.7, 1.8, 0.9, 2.3, 1.3, 1.2, 1.0, 1.7, 2.5, 1.1, 1.2, 1.3, 3.4, 2.2, 2.3, 3.6, 1.9, 2.4, 2.1, 2.2, 2.1, 2.4, 2.9, 2.4, 3.4, 3.2, 3.0, 2.6, 3.1, 2.8, 3.2, 2.6, 3.0, 2.7, 3.4, 2.8, 2.9, 2.5, 3.2, 3.3, 3.2, 3.2, 3.1, 3.0, 3.1, 2.9, 3.0, 2.8, 2.8, 3.0, 3.3, 3.2, 3.2, 2.8, 3.6, 2.8, 3.1, 2.8, 3.1, 3.1, 3.1, 3.4, 3.3, 3.2, 3.4, 3.4, 3.1, 2.9, 3.4, 3.5, 3.4, 3.4]
loss_list=[1.992363380855984, 1.5464945854743322, 1.1728971540596753, 0.9548093850082818, 0.8275896341519223, 0.6809682189010912, 0.6193356857490209, 0.5409982315326732, 0.5487934960010978, 0.4618091077191962, 0.46090081028226343, 0.4171344297938049, 0.4195576860548721, 0.4102870027907193, 0.34927896353519633, 0.3440775142982602, 0.3231192871265941, 0.32762838923061893, 0.29252796052799873, 0.28122633214419085, 0.25123644472979423, 0.27726527198476514, 0.2951960997190326, 0.21055933332743323, 0.20718897813724146, 0.2024672283853094, 0.17511681488107167, 0.19744748917149593, 0.18303836407657298, 0.1416059899195615, 0.1481927269928727, 0.13732504363559805, 0.11881031375268422, 0.1060899839177081, 0.13822786524180425, 0.11969377095261328, 0.10143399463759528, 0.10180827374466589, 0.08130337046931446, 0.08843535167815085, 0.06410004343818097, 0.037910459922148025, 0.03323846670436777, 0.035848996558310725, 0.040820954207900086, 0.04691990180180356, 0.026706991612477905, 0.018180896220017326, 0.021256143052483415, 0.021296136654661194, 0.008103134910375552, 0.013342131929045232, 0.010038848638262909, 0.007628279978800695, 0.007713752724683015, 0.007528037043731376, 0.0026968362828322114, 0.003930377365064083, 0.006822515508554511, 0.004469845794648992, 0.0037571773524460797, 0.0022965353502917827, 0.005805587714324551, 0.0018955399440892503, 0.0035066758013433882, 0.003361047161055871, 0.0027246739607491898, 0.0019066544519187624, 0.0015005341752031302, 0.001447014641679642, 0.0015927185541497436, 0.0011661488146637565, 0.0011083647851612315, 0.0027902872639727614, 0.0013760936627416715, 0.001928817176424976, 0.004514290360142089, 0.0011215339298602583, 0.0012726237440397706, 0.0011768354283897985, 0.0012238277567909487, 0.0014033070539234257, 0.003044836784522179, 0.0010451669838544655, 0.0010917985965594804, 0.0014147080094213983, 0.0008251345993873351, 0.0022408770277009644, 0.0009518155540798845, 0.0009164997014078029, 0.0008029683007771384, 0.0008127746752951581, 0.0008912322244658652, 0.0007097404371112741, 0.0009719197132572946, 0.0022753578385810314, 0.0006852413879904715, 0.0013848824401631848, 0.0006715093191572426, 0.0009604106518721285]
BBSR:3.5
ABSR:3.3
max acc:72.9
