======================================
    IID: 0
    Dataset: fashion_mnist
    Model: Mnist_CNN
    Model Init: None
    Aggregation Function: krum
    Fraction NonIID: 0
    Long attack: 3
    Wide attack: 3
    Wide attack: trust
    Threshold reject: 0.5
    Threshold down: 0.0
    Attack method: badnet
    Fraction of malicious agents: 13.0%
    Poison Frac: 0.2
    Backdoor From 7 to 2
    Attack Begin: 0
    Trigger Shape: square
    Type poisoning: cs
    Trigger Position X: 0
    Trigger Position Y: 0
    Number of agents: 100
    Fraction of agents each turn: 30(30.0%)
    Local batch size: 50
    Local epoch: 3
    Client_LR: 0.01
    Client_Momentum: 0.9
    Global Rounds: 100
    Proportion of malicious are selected: 0.02
    Average score of malicious clients: 350.08258056640625
    Average score of benign clients: 352.5835266113281
======================================
main_task_accuracy=[0, 60.709999084472656, 65.0999984741211, 66.9000015258789, 72.86000061035156, 71.18000030517578, 74.61000061035156, 72.87000274658203, 77.61000061035156, 72.87999725341797, 73.05000305175781, 76.87999725341797, 76.04000091552734, 75.13999938964844, 78.56999969482422, 77.9800033569336, 77.83999633789062, 77.6500015258789, 79.83000183105469, 78.37999725341797, 80.05999755859375, 77.16000366210938, 80.11000061035156, 77.8499984741211, 79.08999633789062, 80.05999755859375, 80.04000091552734, 79.27999877929688, 80.68000030517578, 80.86000061035156, 80.62999725341797, 80.41000366210938, 80.04000091552734, 80.43000030517578, 82.30999755859375, 81.05000305175781, 81.7699966430664, 79.81999969482422, 81.08999633789062, 79.97000122070312, 81.41999816894531, 81.05000305175781, 80.45999908447266, 80.91000366210938, 81.68000030517578, 81.08999633789062, 80.98999786376953, 81.19000244140625, 80.7300033569336, 81.5, 81.66000366210938, 81.12999725341797, 82.87999725341797, 80.55999755859375, 81.88999938964844, 81.58999633789062, 80.44999694824219, 82.75, 81.4800033569336, 81.44000244140625, 82.18000030517578, 83.5999984741211, 81.93000030517578, 82.31999969482422, 82.70999908447266, 82.27999877929688, 83.12000274658203, 82.45999908447266, 81.97000122070312, 82.4000015258789, 83.30999755859375, 83.55000305175781, 84.05999755859375, 84.51000213623047, 82.12000274658203, 82.08000183105469, 82.93000030517578, 83.16000366210938, 84.01000213623047, 82.23999786376953, 84.4000015258789, 82.80000305175781, 82.91000366210938, 84.43000030517578, 83.2300033569336, 83.58000183105469, 83.95999908447266, 84.41999816894531, 83.7699966430664, 83.19999694824219, 83.19999694824219, 83.6500015258789, 82.75, 83.4800033569336, 82.77999877929688, 83.43000030517578, 84.47000122070312, 84.80000305175781, 83.5, 84.56999969482422, 83.69000244140625]
backdoor_accuracy=[0, 1.9, 1.7, 7.1, 4.9, 0.2, 0.0, 0.0, 0.5, 0.2, 0.0, 0.0, 0.0, 0.0, 0.0, 0.0, 0.0, 0.0, 0.0, 0.0, 0.0, 0.0, 0.0, 0.0, 0.0, 0.0, 0.0, 0.0, 0.2, 0.1, 0.0, 0.0, 0.0, 0.1, 0.3, 0.2, 0.4, 1.1, 0.4, 0.0, 0.0, 0.1, 0.0, 0.0, 0.0, 0.0, 0.1, 0.2, 6.1, 0.7, 0.2, 0.4, 0.1, 0.0, 13.1, 3.1, 2.7, 1.0, 0.5, 0.5, 0.0, 0.9, 0.4, 0.0, 2.1, 0.0, 0.0, 0.1, 0.2, 0.2, 99.2, 92.4, 91.4, 90.4, 97.9, 96.9, 85.2, 88.5, 98.7, 99.0, 99.6, 99.6, 99.6, 99.3, 99.5, 99.4, 97.7, 98.2, 99.2, 99.6, 97.0, 97.3, 96.3, 97.2, 97.1, 97.5, 50.5, 45.6, 84.2, 89.2, 91.7]
loss_list=[1.4305265391866366, 0.8859501807226077, 0.722464577715706, 0.6512435614786766, 0.5628861382051749, 0.5595191291084995, 0.5451265365230265, 0.5454436402629923, 0.5217759396397956, 0.5067066290105382, 0.5171196855190728, 0.538612857364394, 0.49899871959868414, 0.4575935700218434, 0.47114634394507726, 0.4877543889744967, 0.5002664337417593, 0.4719018260637919, 0.4488070125381152, 0.4327050400414953, 0.4631002122139628, 0.46371151061935567, 0.4760379871301766, 0.52268400889028, 0.4524865635429267, 0.4427748618130055, 0.4353578424288166, 0.45835367452905124, 0.4470464320301458, 0.4445114555061554, 0.4095783074144964, 0.4587690278956737, 0.4241115977746194, 0.43841276903533277, 0.42999352905899285, 0.4069033337756991, 0.4101207123741645, 0.3882346243752787, 0.42150788417223983, 0.43199439017722996, 0.37594081687102854, 0.44006706114547944, 0.41466283904543755, 0.45200916955040543, 0.4175913369929833, 0.4699208778311946, 0.4252945236482279, 0.3805712569858534, 0.4100964352936932, 0.4104942638047591, 0.4319906682500409, 0.4552858657341589, 0.40371403227715447, 0.4413564266774941, 0.3849932599709265, 0.43651092146281834, 0.42142049383190977, 0.4441794373319242, 0.4087359202171986, 0.4180114859094222, 0.4105320246579747, 0.39107709154745357, 0.45203115818245954, 0.4118789201567846, 0.3823241980522181, 0.4085344067964426, 0.4080032629728387, 0.39376150350845246, 0.4221024111102991, 0.43074608119894503, 0.392055456833569, 0.3675708130553917, 0.34199004484064605, 0.38673634760909614, 0.36320847208370205, 0.3703999891980656, 0.3574729530037277, 0.3984554458513029, 0.37796586420628486, 0.4110190496883458, 0.3595832813457862, 0.3908866639826791, 0.4111441848558132, 0.36873331013592653, 0.35427521858234995, 0.394972779813947, 0.3542291705224974, 0.3868429879554444, 0.35547719956720586, 0.3717963023180211, 0.37463790222623, 0.399883129834025, 0.34688089508821973, 0.38039195037412427, 0.39417849551558637, 0.39894943896129165, 0.3458365089044458, 0.35237619193977915, 0.4008442156103061, 0.3519103364680498]
BBSR:97.5
ABSR:84.66
max acc:84.8
