======================================
    IID: 1
    Dataset: cifar
    Model: resnet
    Model Init: None
    Aggregation Function: avg
    Fraction NonIID: 0
    Long attack: 3
    Wide attack: 3
    Wide attack: trust
    Threshold reject: 0.5
    Threshold down: 0.0
    Attack method: badnet
    Fraction of malicious agents: 13.0%
    Poison Frac: 0.2
    Backdoor From 7 to 2
    Attack Begin: 0
    Trigger Shape: square
    Type poisoning: cs
    Trigger Position X: 0
    Trigger Position Y: 0
    Number of agents: 100
    Fraction of agents each turn: 30(30.0%)
    Local batch size: 50
    Local epoch: 3
    Client_LR: 0.01
    Client_Momentum: 0.9
    Global Rounds: 100
======================================
main_task_accuracy=[0, 10.010000228881836, 19.329999923706055, 38.9900016784668, 43.15999984741211, 50.2599983215332, 50.84000015258789, 53.34000015258789, 53.279998779296875, 58.52000045776367, 58.470001220703125, 60.38999938964844, 62.38999938964844, 62.04999923706055, 63.2599983215332, 64.05999755859375, 64.8499984741211, 65.13999938964844, 66.12999725341797, 66.80000305175781, 65.45999908447266, 66.88999938964844, 67.77999877929688, 67.83999633789062, 67.66000366210938, 67.63999938964844, 68.80000305175781, 69.3499984741211, 69.27999877929688, 69.08999633789062, 69.88999938964844, 70.0199966430664, 70.87000274658203, 71.19000244140625, 71.37999725341797, 71.62000274658203, 71.2699966430664, 71.77999877929688, 71.51000213623047, 71.9000015258789, 72.23999786376953, 72.66000366210938, 72.52999877929688, 72.87000274658203, 72.77999877929688, 72.77999877929688, 73.01000213623047, 73.29000091552734, 73.05999755859375, 72.72000122070312, 73.05999755859375, 72.88999938964844, 73.0199966430664, 73.0, 72.80999755859375, 73.05999755859375, 72.95999908447266, 73.0, 72.97000122070312, 72.93000030517578, 73.12999725341797, 72.83000183105469, 72.66999816894531, 72.83999633789062, 72.69000244140625, 72.70999908447266, 72.58000183105469, 72.55000305175781, 72.63999938964844, 72.63999938964844, 72.79000091552734, 72.68000030517578, 72.75, 72.56999969482422, 72.55000305175781, 72.47000122070312, 72.52999877929688, 72.62999725341797, 72.56999969482422, 72.72000122070312, 72.5999984741211, 72.5199966430664, 72.5999984741211, 72.51000213623047, 72.51000213623047, 72.55000305175781, 72.58999633789062, 72.62000274658203, 72.5199966430664, 72.41000366210938, 72.44999694824219, 72.37000274658203, 72.33000183105469, 72.44999694824219, 72.44000244140625, 72.47000122070312, 72.47000122070312, 72.51000213623047, 72.44000244140625, 72.52999877929688, 72.58999633789062]
backdoor_accuracy=[0, 0.0, 16.9, 6.6, 3.5, 4.7, 2.6, 3.9, 1.8, 1.6, 1.3, 1.1, 2.1, 1.7, 0.9, 1.7, 1.5, 1.5, 1.1, 0.4, 1.4, 1.9, 1.6, 1.4, 1.0, 0.3, 0.2, 0.6, 0.3, 0.4, 0.5, 0.6, 1.0, 0.7, 1.1, 0.8, 0.5, 2.0, 0.5, 0.9, 0.6, 0.2, 1.2, 0.8, 1.6, 0.7, 1.8, 1.9, 1.4, 1.8, 1.7, 1.9, 1.5, 1.6, 1.7, 1.7, 1.8, 1.9, 1.8, 1.4, 1.6, 1.9, 1.7, 1.8, 1.9, 1.8, 1.8, 2.1, 1.9, 1.8, 1.8, 1.6, 1.8, 1.9, 1.9, 2.0, 2.0, 2.1, 1.9, 2.0, 2.0, 1.9, 1.9, 1.9, 2.0, 2.0, 2.0, 1.9, 2.0, 2.0, 2.0, 2.1, 2.0, 2.0, 1.9, 2.1, 2.1, 2.0, 2.0, 2.0, 1.8]
loss_list=[2.0098031315538614, 1.4965849032004672, 1.1656426071127257, 0.9909988618724876, 0.8244481773757274, 0.7235365413708819, 0.6454327039875917, 0.5943337323268255, 0.5742706670322353, 0.4883487881678673, 0.4744376313769154, 0.4738059616150956, 0.43369669049564324, 0.3808778346588628, 0.3982219645732807, 0.3805879559574856, 0.31749697365798063, 0.3581096028298553, 0.31964634833857425, 0.32759755518804823, 0.27745502820445433, 0.2942919895016692, 0.2578778126095938, 0.2764386531860671, 0.29218249049451617, 0.22592984301038088, 0.2092201126209046, 0.23876894075164773, 0.18067120019191252, 0.21579599089144422, 0.18965660022675163, 0.15598340150809636, 0.1815263765946859, 0.11590102569213036, 0.12057481945996797, 0.15159751669581356, 0.1393972612666484, 0.1295180233008513, 0.11930224934398814, 0.09038770729184357, 0.08670542892747714, 0.08563340595742276, 0.07916346388031445, 0.08981956535225939, 0.0978628192793177, 0.07541605348524172, 0.04867308653671191, 0.07687965811269049, 0.05422978282986959, 0.06710053205043853, 0.05986067221930068, 0.052534246534180276, 0.06333138014477704, 0.05117923075216823, 0.0437522505583345, 0.06365015468029823, 0.06616970091899728, 0.06327511469409931, 0.06464504634054416, 0.056097433315606196, 0.04955376843365633, 0.06233401804522145, 0.05900395619424267, 0.06032875025534949, 0.06771271981551155, 0.0511495763415102, 0.05827373351214596, 0.0656520328645517, 0.0665063994996793, 0.04629936220761415, 0.06267837018773813, 0.06395617880928009, 0.06821682942549362, 0.06902989503693083, 0.06761838283556344, 0.0708450059525947, 0.061243110340195334, 0.07512594372160993, 0.06398126822834861, 0.05030836805072289, 0.07501816003334368, 0.06474801044081685, 0.06970870199719988, 0.07874247666218757, 0.0716478959529114, 0.07700794972146265, 0.06897219974358451, 0.0684805661325906, 0.06381779581915505, 0.07794250244194706, 0.07218793662167933, 0.0795167017047465, 0.07292823735946312, 0.07581349121813322, 0.064306597420202, 0.07312956472503068, 0.07900211735534766, 0.0643440625375095, 0.07697846755619037, 0.0792601218125896]
BBSR:58.752818300055026
ABSR:60.17175001913734
max acc:72.59
