======================================
    IID: 0
    Dataset: mnist
    Model: Mnist_CNN
    Model Init: None
    Aggregation Function: fltrust
    Fraction NonIID: 0
    Long attack: 3
    Wide attack: 3
    Wide attack: trust
    Threshold reject: 0.5
    Threshold down: 0.0
    Attack method: dba
    Fraction of malicious agents: 13.0%
    Poison Frac: 0.2
    Backdoor From 7 to 2
    Attack Begin: 0
    Trigger Shape: square
    Type poisoning: 
    Trigger Position X: 0
    Trigger Position Y: 0
    Number of agents: 100
    Fraction of agents each turn: 30(30.0%)
    Local batch size: 50
    Local epoch: 3
    Client_LR: 0.01
    Client_Momentum: 0.9
    Global Rounds: 100
    Dataset In Server: 200
======================================
main_task_accuracy=[0, 34.45000076293945, 34.720001220703125, 37.540000915527344, 50.54999923706055, 75.01000213623047, 67.54000091552734, 71.56999969482422, 88.2300033569336, 76.86000061035156, 88.48999786376953, 70.87000274658203, 86.47000122070312, 87.2300033569336, 86.37999725341797, 83.31999969482422, 86.58999633789062, 88.80999755859375, 89.77999877929688, 91.44999694824219, 91.04000091552734, 89.9800033569336, 89.33000183105469, 92.05999755859375, 89.68000030517578, 92.87999725341797, 92.47000122070312, 93.87000274658203, 91.4800033569336, 92.69000244140625, 92.58999633789062, 93.94999694824219, 93.5999984741211, 94.69000244140625, 90.80000305175781, 94.08000183105469, 92.8499984741211, 95.4000015258789, 93.23999786376953, 93.3499984741211, 94.29000091552734, 93.94999694824219, 94.94999694824219, 95.20999908447266, 92.37999725341797, 95.37000274658203, 94.48999786376953, 95.41999816894531, 92.54000091552734, 95.43000030517578, 94.69000244140625, 95.62999725341797, 95.91999816894531, 95.31999969482422, 95.91999816894531, 95.9800033569336, 95.33999633789062, 96.55999755859375, 95.63999938964844, 96.41999816894531, 95.63999938964844, 95.94000244140625, 96.20999908447266, 96.45999908447266, 96.56999969482422, 95.76000213623047, 96.30999755859375, 96.43000030517578, 96.4800033569336, 96.6500015258789, 95.80999755859375, 96.05999755859375, 96.77999877929688, 96.83999633789062, 95.38999938964844, 96.94000244140625, 96.0199966430664, 96.68000030517578, 96.83000183105469, 95.86000061035156, 95.36000061035156, 97.37999725341797, 97.08999633789062, 96.66000366210938, 96.95999908447266, 96.80000305175781, 96.75, 96.95999908447266, 97.19000244140625, 95.68000030517578, 96.9000015258789, 96.63999938964844, 97.05999755859375, 97.37999725341797, 97.02999877929688, 96.98999786376953, 96.94999694824219, 97.41000366210938, 96.94000244140625, 97.56999969482422, 97.3499984741211]
backdoor_accuracy=[0, 0.0, 0.5836575875486382, 0.0, 1.264591439688716, 3.8910505836575875, 1.7509727626459144, 1.264591439688716, 2.6264591439688716, 2.7237354085603114, 5.544747081712062, 1.4591439688715953, 9.630350194552529, 1.7509727626459144, 3.8910505836575875, 6.128404669260701, 1.1673151750972763, 13.715953307392995, 1.4591439688715953, 2.0428015564202333, 5.836575875486381, 2.6264591439688716, 1.7509727626459144, 9.04669260700389, 1.6536964980544746, 8.754863813229573, 2.0428015564202333, 4.280155642023346, 4.474708171206226, 8.754863813229573, 5.642023346303502, 5.836575875486381, 3.0155642023346303, 7.198443579766537, 2.237354085603113, 5.739299610894942, 3.21011673151751, 7.587548638132295, 2.431906614785992, 17.412451361867703, 2.529182879377432, 20.525291828793776, 2.140077821011673, 7.976653696498055, 1.0700389105058365, 6.712062256809339, 2.529182879377432, 14.007782101167315, 1.3618677042801557, 12.15953307392996, 3.11284046692607, 6.712062256809339, 5.447470817120623, 6.22568093385214, 5.155642023346304, 24.31906614785992, 2.0428015564202333, 11.089494163424124, 3.0155642023346303, 6.42023346303502, 5.544747081712062, 5.058365758754864, 8.754863813229573, 3.501945525291829, 19.357976653696497, 1.6536964980544746, 28.01556420233463, 4.280155642023346, 7.684824902723736, 6.42023346303502, 5.642023346303502, 7.976653696498055, 12.15953307392996, 14.202334630350194, 16.439688715953306, 18.8715953307393, 9.14396887159533, 68.28793774319067, 18.28793774319066, 6.517509727626459, 12.354085603112841, 24.22178988326848, 36.478599221789885, 18.09338521400778, 32.1011673151751, 10.116731517509727, 67.41245136186771, 9.43579766536965, 59.24124513618677, 5.544747081712062, 20.330739299610894, 13.521400778210117, 19.55252918287938, 37.2568093385214, 29.085603112840467, 50.97276264591439, 28.11284046692607, 34.824902723735406, 36.86770428015564, 36.7704280155642, 53.599221789883266]
loss_list=[0.48214906488590886, 0.3796256986851644, 0.24661863447826962, 0.2678492246118504, 0.2193667092307427, 0.1806768056712377, 0.14078130442735412, 0.16125967821227677, 0.11409194516252615, 0.13091893709166805, 0.10310516336770002, 0.11316136152010155, 0.11195914586179807, 0.11394106993978391, 0.11101913243751066, 0.09412151828408294, 0.09076943147650766, 0.0757299703789196, 0.08169643756550556, 0.07089005063438258, 0.06690008001910304, 0.07200323057207732, 0.07492256415353121, 0.06475085344616391, 0.08513875613260989, 0.07548613338524837, 0.07814326055437654, 0.061078234621453495, 0.05895203173417436, 0.059584347682930264, 0.05398661945893157, 0.05929464056509797, 0.05820874841997885, 0.06355816859776635, 0.07154441082709968, 0.0674859530893117, 0.05548167296894529, 0.04504610271192344, 0.04685299748667782, 0.054579252394074504, 0.049956075925577555, 0.042947893773287206, 0.04496396802775086, 0.04831499275388161, 0.05181320709011223, 0.05163980105602964, 0.04827073595707518, 0.041410399341842874, 0.06383360640062932, 0.04946904037721605, 0.04568204160792854, 0.04677803888492803, 0.047191662372392355, 0.04598576631411158, 0.039803612732148504, 0.040294515344827794, 0.046888239019075365, 0.05044045436231682, 0.04366618252915808, 0.03606384756669035, 0.036778892156537304, 0.0405396783613575, 0.04373407080145845, 0.04134180095085958, 0.04131129921769148, 0.04137173987453538, 0.04353213047778464, 0.04132092420462478, 0.031376445433408034, 0.029824062992774878, 0.048143323004408566, 0.04678627414103539, 0.036516159410334016, 0.03829311147434938, 0.04722469988727747, 0.03898818969908954, 0.040705823842339874, 0.03165723348017849, 0.03476956638609488, 0.03651584628026026, 0.04041463016234738, 0.034528923576075184, 0.03834878824639075, 0.0356171426589448, 0.03554446931626952, 0.034719751725788894, 0.03374008341377459, 0.040788001164629696, 0.03466438098518662, 0.039868243383754574, 0.030735153709322418, 0.04219088724370752, 0.03639125627045391, 0.03525106423667193, 0.03168479489401879, 0.034847594365480496, 0.0422349966266674, 0.027407819905456914, 0.03554003488140565, 0.027905910162699384]
BBSR:53.6
ABSR:34.06
max acc:97.57
