======================================
    IID: 0
    Dataset: mnist
    Model: Mnist_CNN
    Model Init: None
    Aggregation Function: fltrust
    Fraction NonIID: 0
    Long attack: 4
    Wide attack: 4
    Wide attack: trust
    Threshold reject: 0.5
    Threshold down: 0.0
    Attack method: badnet
    Fraction of malicious agents: 13.0%
    Poison Frac: 0.2
    Backdoor From 7 to 2
    Attack Begin: 0
    Trigger Shape: square
    Type poisoning: pgd
    Trigger Position X: 0
    Trigger Position Y: 0
    Number of agents: 100
    Fraction of agents each turn: 30(30.0%)
    Local batch size: 50
    Local epoch: 3
    Client_LR: 0.01
    Client_Momentum: 0.9
    Global Rounds: 100
    Dataset In Server: 200
======================================
main_task_accuracy=[0, 26.729999542236328, 34.83000183105469, 56.529998779296875, 54.18000030517578, 56.38999938964844, 54.63999938964844, 82.98999786376953, 77.97000122070312, 84.44000244140625, 71.19000244140625, 85.44999694824219, 88.26000213623047, 83.27999877929688, 77.55000305175781, 79.16000366210938, 85.02999877929688, 85.44000244140625, 84.61000061035156, 87.11000061035156, 88.94000244140625, 90.0199966430664, 87.1500015258789, 91.77999877929688, 88.38999938964844, 91.75, 90.88999938964844, 93.0, 91.97000122070312, 91.73999786376953, 82.88999938964844, 90.43000030517578, 90.80000305175781, 93.62000274658203, 93.88999938964844, 91.58999633789062, 94.33999633789062, 94.5999984741211, 93.48999786376953, 94.76000213623047, 93.48999786376953, 93.80999755859375, 95.8499984741211, 93.79000091552734, 93.97000122070312, 94.79000091552734, 95.69999694824219, 95.44000244140625, 95.55000305175781, 94.91000366210938, 95.68000030517578, 89.9000015258789, 94.76000213623047, 95.69999694824219, 96.12000274658203, 90.30000305175781, 95.80000305175781, 96.36000061035156, 95.0199966430664, 96.47000122070312, 96.19999694824219, 95.66000366210938, 96.5999984741211, 96.29000091552734, 96.62000274658203, 95.87000274658203, 96.87999725341797, 95.94000244140625, 97.05000305175781, 96.30999755859375, 95.9000015258789, 97.08000183105469, 96.79000091552734, 96.45999908447266, 96.11000061035156, 97.16000366210938, 95.80999755859375, 97.18000030517578, 97.0199966430664, 96.38999938964844, 96.62999725341797, 96.56999969482422, 96.7300033569336, 97.12999725341797, 94.0, 97.19999694824219, 96.04000091552734, 97.04000091552734, 95.61000061035156, 97.37999725341797, 96.91000366210938, 97.16999816894531, 96.58999633789062, 97.05000305175781, 97.37000274658203, 96.4000015258789, 97.4000015258789, 96.41999816894531, 97.36000061035156, 97.08999633789062, 97.45999908447266]
backdoor_accuracy=[0, 0.0, 0.0, 2.237354085603113, 0.7782101167315175, 16.342412451361866, 0.0, 4.377431906614786, 0.7782101167315175, 4.961089494163424, 1.264591439688716, 7.782101167315175, 5.447470817120623, 2.6264591439688716, 1.3618677042801557, 2.9182879377431905, 1.7509727626459144, 3.307392996108949, 4.085603112840467, 3.5992217898832686, 2.0428015564202333, 7.003891050583658, 0.5836575875486382, 7.2957198443579765, 1.1673151750972763, 5.933852140077821, 2.140077821011673, 7.003891050583658, 2.0428015564202333, 2.7237354085603114, 1.264591439688716, 1.9455252918287937, 0.7782101167315175, 2.3346303501945527, 6.42023346303502, 0.8754863813229572, 8.852140077821012, 1.9455252918287937, 11.381322957198444, 2.7237354085603114, 3.6964980544747084, 3.7937743190661477, 3.21011673151751, 4.085603112840467, 2.6264591439688716, 2.237354085603113, 5.155642023346304, 2.6264591439688716, 6.809338521400778, 2.529182879377432, 5.058365758754864, 5.544747081712062, 3.5992217898832686, 3.9883268482490273, 6.22568093385214, 0.7782101167315175, 6.22568093385214, 2.821011673151751, 4.182879377431907, 4.377431906614786, 4.085603112840467, 7.879377431906615, 4.280155642023346, 11.673151750972762, 3.7937743190661477, 16.439688715953306, 3.501945525291829, 5.836575875486381, 7.392996108949417, 17.509727626459146, 2.140077821011673, 7.392996108949417, 10.311284046692608, 4.280155642023346, 12.062256809338521, 4.280155642023346, 10.797665369649806, 5.447470817120623, 5.252918287937743, 5.739299610894942, 11.186770428015564, 4.669260700389105, 9.43579766536965, 9.82490272373541, 6.42023346303502, 7.198443579766537, 12.645914396887159, 3.6964980544747084, 9.04669260700389, 8.657587548638132, 27.042801556420233, 2.9182879377431905, 8.949416342412452, 5.739299610894942, 12.256809338521402, 13.618677042801556, 6.517509727626459, 11.964980544747082, 9.53307392996109, 15.85603112840467, 9.14396887159533]
loss_list=[0.5825663715942239, 0.42780214284154633, 0.30749580305897606, 0.2622011277684379, 0.20755328972119821, 0.16227533684615922, 0.18436276476735236, 0.17320738806347227, 0.16005048179432904, 0.12876029842670791, 0.13775578938744754, 0.14668459891786062, 0.1207675501855126, 0.11134160344898404, 0.11601004200976099, 0.11685923400657752, 0.08704888442409696, 0.10033984435800716, 0.08584373083607508, 0.09138987463116267, 0.08542239950723068, 0.07672057611023268, 0.07970129160208081, 0.08398962681868262, 0.09812773322732996, 0.0668808329319557, 0.0799862910841295, 0.07337296984646455, 0.07296680572271665, 0.06410829186303629, 0.08348865063279028, 0.06063553689737658, 0.06657419376864432, 0.06331874771452471, 0.05134147730764652, 0.05330491457629372, 0.052994575888716616, 0.05511684022182657, 0.055685166401373776, 0.06762634241001224, 0.042480783986578605, 0.05734559296416726, 0.04647625421422508, 0.05414254439491874, 0.05141113319501841, 0.05868323427768165, 0.054102948346537276, 0.05006385386035951, 0.04959224813837506, 0.05305022351821919, 0.050754877549140695, 0.052556290549028765, 0.0418259823481603, 0.0497846504713221, 0.04106264740019672, 0.04814700512747675, 0.039856799164678436, 0.04470286311540749, 0.046282110403321405, 0.04312230208140748, 0.049183860131717744, 0.04192740753824163, 0.04613708425582982, 0.04777162449095483, 0.0387362349856956, 0.029437491849179813, 0.04284322420781237, 0.03993076486244228, 0.03973268109688163, 0.043744935585675285, 0.04448677084738617, 0.036277390029572205, 0.03209941966675775, 0.04419094796924684, 0.039299872410889794, 0.03458434143292329, 0.03444385889210485, 0.03239312977727924, 0.043110282095899614, 0.0311086896604142, 0.0366424096773613, 0.02942782202490351, 0.04602428964687937, 0.035397409428936356, 0.033055481817040176, 0.041464800523430025, 0.031048422984168367, 0.034037234819759274, 0.04137793806530129, 0.036680920306893995, 0.036210086958311245, 0.031687641539578634, 0.037193213856614775, 0.034181402950486224, 0.036170377447360375, 0.04413788802472264, 0.03219042569545824, 0.0370647586902644, 0.03150610246941545, 0.030761017965338085]
BBSR:15.86
ABSR:9.65
max acc:97.46
