======================================
    IID: 1
    Dataset: cifar
    Model: resnet
    Model Init: None
    Aggregation Function: DABA
    Fraction NonIID: 0
    Long attack: 3
    Wide attack: 3
    Wide attack: trust
    Threshold reject: 0.5
    Threshold down: 0.0
    Attack method: dba
    Fraction of malicious agents: 13.0%
    Poison Frac: 0.2
    Backdoor From 7 to 2
    Attack Begin: 0
    Trigger Shape: square
    Type poisoning: 
    Trigger Position X: 0
    Trigger Position Y: 0
    Number of agents: 100
    Fraction of agents each turn: 30(30.0%)
    Local batch size: 50
    Local epoch: 3
    Client_LR: 0.01
    Client_Momentum: 0.9
    Global Rounds: 100
======================================
main_task_accuracy=[0, 10.069999694824219, 32.70000076293945, 45.20000076293945, 47.41999816894531, 50.029998779296875, 53.38999938964844, 56.09000015258789, 59.2400016784668, 60.279998779296875, 60.90999984741211, 61.54999923706055, 62.81999969482422, 63.15999984741211, 65.44000244140625, 64.51000213623047, 66.08000183105469, 65.91999816894531, 66.22000122070312, 66.63999938964844, 67.31999969482422, 67.30000305175781, 67.33000183105469, 68.5199966430664, 67.83000183105469, 67.80000305175781, 69.55999755859375, 69.6500015258789, 69.87000274658203, 70.19999694824219, 70.69999694824219, 69.76000213623047, 70.2699966430664, 70.69999694824219, 71.83999633789062, 72.2300033569336, 72.70999908447266, 72.12000274658203, 72.83999633789062, 73.25, 72.86000061035156, 72.79000091552734, 73.0999984741211, 73.23999786376953, 72.63999938964844, 73.05000305175781, 73.11000061035156, 73.26000213623047, 73.48999786376953, 73.3499984741211, 73.36000061035156, 73.52999877929688, 73.51000213623047, 73.3499984741211, 73.73999786376953, 73.58999633789062, 73.05999755859375, 73.29000091552734, 73.38999938964844, 73.54000091552734, 73.2699966430664, 73.08000183105469, 73.2300033569336, 73.20999908447266, 73.04000091552734, 73.0999984741211, 73.13999938964844, 73.01000213623047, 73.06999969482422, 73.04000091552734, 73.08999633789062, 73.04000091552734, 72.97000122070312, 72.94000244140625, 72.88999938964844, 72.91000366210938, 72.94999694824219, 72.83000183105469, 72.69000244140625, 72.83999633789062, 72.86000061035156, 72.77999877929688, 72.70999908447266, 72.63999938964844, 72.52999877929688, 72.62999725341797, 72.4800033569336, 72.55999755859375, 72.61000061035156, 72.56999969482422, 72.54000091552734, 72.58000183105469, 72.30000305175781, 72.48999786376953, 72.36000061035156, 72.41999816894531, 72.41999816894531, 72.44000244140625, 72.33000183105469, 72.30000305175781, 72.56999969482422]
backdoor_accuracy=[0, 0.0, 3.5, 5.3, 6.2, 6.2, 4.7, 3.2, 3.7, 3.7, 3.2, 2.6, 2.3, 2.0, 2.5, 1.5, 1.2, 2.3, 1.0, 0.8, 1.6, 2.8, 1.9, 2.6, 1.6, 1.0, 1.6, 2.5, 1.9, 2.0, 2.9, 2.5, 3.1, 3.2, 1.8, 2.5, 4.0, 3.3, 3.0, 4.2, 2.2, 3.8, 5.4, 4.3, 3.9, 5.0, 5.2, 3.5, 4.1, 5.7, 6.0, 4.8, 5.6, 5.6, 5.9, 5.6, 4.9, 6.2, 6.2, 5.8, 6.4, 4.6, 5.9, 5.0, 6.6, 5.1, 5.7, 5.9, 5.0, 5.6, 5.6, 5.3, 6.0, 5.5, 5.4, 5.6, 5.5, 5.9, 6.0, 6.4, 6.1, 6.2, 6.2, 6.1, 6.4, 6.0, 5.8, 6.2, 6.7, 6.4, 6.4, 6.4, 5.2, 6.5, 6.4, 6.4, 6.3, 6.3, 6.0, 6.2, 6.3]
loss_list=[1.9858410778310562, 1.5095943516492842, 1.1659844488567779, 0.9255190589196153, 0.7726148223959738, 0.6706499866478973, 0.6252991664699382, 0.5599607381348808, 0.5021839640351634, 0.47290582877894244, 0.4483715691748591, 0.4467231274127133, 0.42997173737320626, 0.37421847598730695, 0.34391306374015074, 0.376586522344086, 0.3450134500426551, 0.2963434121923314, 0.3038242490848319, 0.2763753032472192, 0.2898007401324705, 0.2310279713258044, 0.2538072929019108, 0.23335338994032803, 0.24311720494646585, 0.21493318613696216, 0.18413639913080268, 0.1499890262217054, 0.2056918486957956, 0.16592397624833718, 0.1473834908546673, 0.12844328221683904, 0.1349960448902695, 0.13078417497389538, 0.12348186013612171, 0.06558479994942899, 0.08372919244342485, 0.08352088645947837, 0.05828753717010839, 0.0722375532579867, 0.07301775996249892, 0.0623834689898649, 0.04318477613760884, 0.02896039467246738, 0.04082980576200901, 0.040239391705448116, 0.04416273381192393, 0.02680581827825841, 0.02136830372590338, 0.01816882828593306, 0.03393168726670815, 0.016215716541757703, 0.014567776139075348, 0.018892982871297544, 0.012910142090372067, 0.021861804569651016, 0.006060100448974279, 0.014747362020684194, 0.006045090388409636, 0.004463270560679828, 0.008504704920309854, 0.004262675664310033, 0.0050173052006317045, 0.003898228482188036, 0.0043120128470764026, 0.006576252829674761, 0.002339175998414349, 0.006496658935437964, 0.003410736501375343, 0.002689366730935742, 0.00538946040086254, 0.002120752188477329, 0.0017209720312611255, 0.004016050691425335, 0.0016645448816739697, 0.006028842770683698, 0.002545263382247261, 0.001214543468231568, 0.0010650732544147305, 0.0020015269956800484, 0.0011882619449170306, 0.0010073097427407952, 0.0013718527086894025, 0.001494937255888039, 0.0012233673756579973, 0.001008746705831274, 0.0008888468324989341, 0.0015441162591256828, 0.0009117934605779335, 0.0015058377944013857, 0.0008036820909587228, 0.005505983536519732, 0.000827863759606973, 0.000817652742051804, 0.0007297080117536504, 0.0007639782712228932, 0.0007711402377107232, 0.0009558527635413661, 0.0007618038517264518, 0.0006929809355723491]
BBSR:6.5
ABSR:6.2
max acc:72.58
