======================================
    IID: 0
    Dataset: fashion_mnist
    Model: Mnist_CNN
    Model Init: None
    Aggregation Function: RLR
    Fraction NonIID: 0
    Long attack: 3
    Wide attack: 3
    Wide attack: trust
    Threshold reject: 0.5
    Threshold down: 0.0
    Attack method: badnet
    Fraction of malicious agents: 30.0%
    Poison Frac: 0.2
    Backdoor From 7 to 2
    Attack Begin: 0
    Trigger Shape: square
    Type poisoning: 
    Trigger Position X: 0
    Trigger Position Y: 0
    Number of agents: 100
    Fraction of agents each turn: 30(30.0%)
    Local batch size: 50
    Local epoch: 3
    Client_LR: 0.01
    Client_Momentum: 0.9
    Global Rounds: 100
    RobustLR_threshold: 4
======================================
main_task_accuracy=[0, 65.4000015258789, 72.2699966430664, 75.23999786376953, 76.5999984741211, 78.16000366210938, 79.25, 79.18000030517578, 79.83000183105469, 80.41999816894531, 80.83000183105469, 81.20999908447266, 82.02999877929688, 82.8499984741211, 83.04000091552734, 83.83999633789062, 83.80000305175781, 83.8499984741211, 84.0999984741211, 84.01000213623047, 84.08000183105469, 84.91000366210938, 84.93000030517578, 85.16000366210938, 85.62999725341797, 85.13999938964844, 85.63999938964844, 85.79000091552734, 85.5999984741211, 85.58999633789062, 85.98999786376953, 86.11000061035156, 85.97000122070312, 86.45999908447266, 86.3499984741211, 86.52999877929688, 86.55999755859375, 86.70999908447266, 86.62000274658203, 86.95999908447266, 86.98999786376953, 87.19999694824219, 87.27999877929688, 87.5, 87.61000061035156, 87.45999908447266, 87.52999877929688, 87.62999725341797, 87.5999984741211, 87.72000122070312, 87.91000366210938, 87.87999725341797, 88.05000305175781, 88.19000244140625, 88.19999694824219, 88.30000305175781, 88.2300033569336, 88.30999755859375, 87.97000122070312, 88.37999725341797, 88.37000274658203, 88.38999938964844, 88.20999908447266, 88.37000274658203, 88.62000274658203, 88.5, 88.75, 88.61000061035156, 88.83000183105469, 88.80000305175781, 88.86000061035156, 88.87999725341797, 88.87000274658203, 88.91999816894531, 88.83999633789062, 88.8499984741211, 89.0199966430664, 88.91999816894531, 88.94000244140625, 89.02999877929688, 88.97000122070312, 89.0, 88.80999755859375, 89.04000091552734, 89.04000091552734, 89.23999786376953, 89.08000183105469, 89.08000183105469, 89.11000061035156, 89.27999877929688, 89.44999694824219, 89.29000091552734, 89.30999755859375, 89.33000183105469, 89.41999816894531, 89.37999725341797, 89.55000305175781, 89.58999633789062, 89.61000061035156, 89.54000091552734, 89.58999633789062]
backdoor_accuracy=[0, 0.0, 0.0, 0.7, 3.4, 30.7, 52.4, 73.4, 93.0, 98.0, 99.6, 99.7, 99.8, 99.8, 99.8, 99.9, 99.9, 99.9, 100.0, 100.0, 100.0, 100.0, 100.0, 100.0, 100.0, 100.0, 100.0, 100.0, 100.0, 100.0, 100.0, 100.0, 100.0, 100.0, 100.0, 100.0, 100.0, 100.0, 100.0, 100.0, 100.0, 100.0, 100.0, 100.0, 100.0, 100.0, 100.0, 100.0, 100.0, 100.0, 100.0, 100.0, 100.0, 100.0, 100.0, 100.0, 100.0, 100.0, 100.0, 100.0, 100.0, 100.0, 100.0, 100.0, 100.0, 100.0, 100.0, 100.0, 100.0, 100.0, 100.0, 100.0, 100.0, 100.0, 100.0, 100.0, 100.0, 100.0, 100.0, 100.0, 100.0, 100.0, 100.0, 100.0, 100.0, 100.0, 100.0, 100.0, 100.0, 100.0, 100.0, 100.0, 100.0, 100.0, 100.0, 100.0, 100.0, 100.0, 100.0, 100.0, 100.0]
loss_list=[1.4086329668208406, 0.9106862385239864, 0.6300928742245392, 0.5427208662309029, 0.5084926246217004, 0.5063613927888649, 0.45927060295448263, 0.4755831198076958, 0.467071141688912, 0.44298730946525366, 0.4141481896241505, 0.40110873904217176, 0.4263808116109835, 0.3802605904086873, 0.40001270501288, 0.3808300154697564, 0.38347431236050206, 0.3490247444870571, 0.3604110737572665, 0.3390368521868906, 0.36619273736659025, 0.3313907022881149, 0.36293943401219125, 0.3431395005365765, 0.3146500218901093, 0.33107446897774934, 0.3611895316142451, 0.30603132877084943, 0.3133215736011389, 0.30539332911441175, 0.2917431714599607, 0.31339592018199197, 0.30729365497137656, 0.29064344055950647, 0.3202914637685926, 0.2925662827298597, 0.29651207630005144, 0.2819227937160543, 0.2994845546747523, 0.2683439393596793, 0.2757862472941202, 0.307287161198824, 0.268762753996998, 0.28476368864239365, 0.29366554489566216, 0.2779238323129162, 0.26498872071021684, 0.26820114773042775, 0.2655949113959515, 0.2784629816430862, 0.25237932618259, 0.2631573542366149, 0.267949462544035, 0.26362143984685343, 0.2795049966347438, 0.24165888660828827, 0.26196358045908036, 0.24391668843174424, 0.2711361694839542, 0.22456439164363676, 0.2514110659766528, 0.2624718296652039, 0.25083953730192865, 0.26705635207601713, 0.24912170868159994, 0.22946362013549162, 0.24933164187672516, 0.23758903523406916, 0.22656754839268556, 0.2473660383287265, 0.2548691763439112, 0.24825797670658814, 0.23001521584681334, 0.2384688719124016, 0.2241450535064494, 0.24580766853910907, 0.2443395941828688, 0.24176168088732217, 0.23106239752895708, 0.22902946157587895, 0.21749100537660218, 0.23088998551032064, 0.24396590218465367, 0.1964650705301514, 0.22788009578879506, 0.23045400560454082, 0.21210692226369343, 0.22570272350287132, 0.2084559662681487, 0.2124925176181865, 0.20933872226073783, 0.197127722980696, 0.21525154610302435, 0.21675407544933942, 0.21666414481070306, 0.21280765089171905, 0.2181641215424019, 0.21391020584851506, 0.2054249147988028, 0.21601562816132272]
BBSR:100.0
ABSR:100.0
max acc:89.61
