======================================
    IID: 0
    Dataset: fashion_mnist
    Model: Mnist_CNN
    Model Init: None
    Aggregation Function: fltrust
    Fraction NonIID: 0
    Long attack: 3
    Wide attack: 3
    Wide attack: trust
    Threshold reject: 0.5
    Threshold down: 0.0
    Attack method: badnet
    Fraction of malicious agents: 20.0%
    Poison Frac: 0.2
    Backdoor From 7 to 2
    Attack Begin: 0
    Trigger Shape: square
    Type poisoning: pgd
    Trigger Position X: 0
    Trigger Position Y: 0
    Number of agents: 100
    Fraction of agents each turn: 30(30.0%)
    Local batch size: 50
    Local epoch: 3
    Client_LR: 0.01
    Client_Momentum: 0.9
    Global Rounds: 100
    Dataset In Server: 200
======================================
main_task_accuracy=[0, 64.33999633789062, 68.1500015258789, 71.83999633789062, 73.8499984741211, 74.70999908447266, 75.94000244140625, 76.5199966430664, 77.12000274658203, 77.55999755859375, 78.4000015258789, 78.87000274658203, 78.9800033569336, 79.72000122070312, 79.94999694824219, 80.5, 81.0199966430664, 80.83000183105469, 81.33999633789062, 81.52999877929688, 81.83000183105469, 81.9800033569336, 82.37000274658203, 82.83000183105469, 82.77999877929688, 83.29000091552734, 83.66000366210938, 83.4000015258789, 84.08999633789062, 84.37999725341797, 84.61000061035156, 84.66999816894531, 84.66999816894531, 84.83000183105469, 85.16999816894531, 85.36000061035156, 85.5199966430664, 85.33999633789062, 85.56999969482422, 85.51000213623047, 85.86000061035156, 85.69999694824219, 86.12999725341797, 85.91000366210938, 85.86000061035156, 85.86000061035156, 86.26000213623047, 86.0199966430664, 86.22000122070312, 86.43000030517578, 86.55999755859375, 86.54000091552734, 86.55000305175781, 86.5999984741211, 86.68000030517578, 86.80999755859375, 86.91999816894531, 86.98999786376953, 86.95999908447266, 87.13999938964844, 86.95999908447266, 87.01000213623047, 87.19999694824219, 87.30000305175781, 87.18000030517578, 87.1500015258789, 87.18000030517578, 87.38999938964844, 87.44999694824219, 87.41000366210938, 87.37000274658203, 87.47000122070312, 87.4800033569336, 87.47000122070312, 87.56999969482422, 87.55999755859375, 87.7300033569336, 87.75, 87.58999633789062, 87.54000091552734, 87.6500015258789, 87.69999694824219, 87.68000030517578, 87.79000091552734, 87.80999755859375, 87.98999786376953, 87.87000274658203, 87.94999694824219, 88.04000091552734, 88.05000305175781, 87.80000305175781, 87.91000366210938, 87.7699966430664, 87.91000366210938, 87.9800033569336, 87.93000030517578, 87.79000091552734, 88.08000183105469, 88.05000305175781, 88.16999816894531, 88.08999633789062]
backdoor_accuracy=[0, 100.0, 0.0, 0.0, 0.0, 0.0, 0.2, 0.4, 0.7, 2.5, 5.0, 9.5, 15.4, 21.3, 33.4, 49.3, 60.3, 71.3, 89.1, 93.1, 96.0, 98.4, 98.2, 99.1, 99.6, 99.8, 99.7, 100.0, 99.9, 99.9, 99.9, 99.9, 99.9, 99.9, 99.9, 100.0, 100.0, 100.0, 100.0, 100.0, 100.0, 100.0, 100.0, 100.0, 100.0, 100.0, 100.0, 100.0, 100.0, 100.0, 100.0, 100.0, 100.0, 100.0, 100.0, 100.0, 100.0, 100.0, 100.0, 100.0, 100.0, 100.0, 100.0, 100.0, 100.0, 100.0, 100.0, 100.0, 100.0, 100.0, 100.0, 100.0, 100.0, 100.0, 100.0, 100.0, 100.0, 100.0, 100.0, 100.0, 100.0, 100.0, 100.0, 100.0, 100.0, 100.0, 100.0, 100.0, 100.0, 100.0, 100.0, 100.0, 100.0, 100.0, 100.0, 100.0, 100.0, 100.0, 100.0, 100.0, 100.0]
loss_list=[1.4953858074214728, 1.176160091879191, 0.8867104657822186, 0.7493501584838936, 0.6704357766442828, 0.57227285436734, 0.5430295604798528, 0.5316593004045663, 0.541520860184122, 0.49715391311242624, 0.483361183265569, 0.4745573980802739, 0.4421075410106116, 0.47719503056119983, 0.4369644727557897, 0.4267749277460906, 0.38564200906289947, 0.4065507472527248, 0.4168114855851012, 0.3839283430810879, 0.3852265491184814, 0.3965303593625626, 0.39263637408752133, 0.4018707248485749, 0.40608167624170033, 0.3712282908907918, 0.3398894791318864, 0.3560072495774539, 0.3480982904632885, 0.3369003707543016, 0.3572836768227043, 0.3724763025012282, 0.33069038647399446, 0.3345454740579481, 0.34791010546463497, 0.34670486661640026, 0.32352696345360193, 0.32166433292958474, 0.3271897612760465, 0.35454570635877264, 0.3147044258399142, 0.3160015429784026, 0.3261932488185941, 0.29130421378132376, 0.3218881857719411, 0.321322418111204, 0.28618907894835705, 0.3169091133331812, 0.30703243196562485, 0.2981905396372355, 0.29519167336186886, 0.2909028442266087, 0.29243229432721385, 0.3018834238768452, 0.2742078341336714, 0.31772798908253513, 0.2903513113899088, 0.31259903497993946, 0.29065105911102834, 0.29769802568825304, 0.27220757912706445, 0.29223482965457215, 0.2811543026594101, 0.29449143948171425, 0.2797117478283191, 0.2843463160373546, 0.28927772463540785, 0.30552550436307974, 0.280353570094815, 0.2819530966519206, 0.2730617543337522, 0.27110484516662026, 0.28486188193438233, 0.287219821503041, 0.26987977190012186, 0.2847563413471949, 0.25809204973694355, 0.26708300850285144, 0.26586779305211233, 0.257903325681885, 0.2819803482663162, 0.2708830309635097, 0.2640903392082287, 0.2593865406371791, 0.2721418107135429, 0.26166530836166607, 0.25634156524514157, 0.24350141586684107, 0.24605184265550364, 0.2547113856956087, 0.26001619006921023, 0.250741619894419, 0.2583671990333608, 0.25702059756688495, 0.2582177497343057, 0.2465344240354305, 0.2718141620668273, 0.2688209673338052, 0.2480634659545979, 0.23892867098114]
BBSR:100.0
ABSR:100.0
max acc:88.17
