======================================
    IID: 0
    Dataset: mnist
    Model: Mnist_CNN
    Model Init: None
    Aggregation Function: DABA
    Fraction NonIID: 0
    Long attack: 3
    Wide attack: 3
    Wide attack: trust
    Threshold reject: 0.5
    Threshold down: 0.0
    Attack method: badnet
    Fraction of malicious agents: 13.0%
    Poison Frac: 0.2
    Backdoor From 7 to 2
    Attack Begin: 0
    Trigger Shape: square
    Type poisoning: 
    Trigger Position X: 0
    Trigger Position Y: 0
    Number of agents: 100
    Fraction of agents each turn: 30(30.0%)
    Local batch size: 50
    Local epoch: 3
    Client_LR: 0.01
    Client_Momentum: 0.9
    Global Rounds: 100
======================================
main_task_accuracy=[0, 19.40999984741211, 20.940000534057617, 35.95000076293945, 12.15999984741211, 54.619998931884766, 52.439998626708984, 65.95999908447266, 64.11000061035156, 65.77999877929688, 78.33000183105469, 78.54000091552734, 84.9800033569336, 78.45999908447266, 74.61000061035156, 77.7300033569336, 79.98999786376953, 82.98999786376953, 82.25, 89.16999816894531, 85.61000061035156, 86.31999969482422, 90.69000244140625, 74.91000366210938, 88.44999694824219, 86.08999633789062, 94.18000030517578, 91.05000305175781, 92.56999969482422, 87.87999725341797, 95.05000305175781, 95.47000122070312, 94.86000061035156, 93.72000122070312, 95.16999816894531, 72.9800033569336, 86.29000091552734, 90.9000015258789, 90.02999877929688, 93.83999633789062, 93.5999984741211, 96.51000213623047, 95.69000244140625, 95.27999877929688, 95.7300033569336, 95.87000274658203, 95.87000274658203, 91.87000274658203, 96.43000030517578, 96.95999908447266, 96.26000213623047, 92.68000030517578, 94.97000122070312, 95.83999633789062, 95.12999725341797, 96.16000366210938, 97.19000244140625, 96.04000091552734, 97.33000183105469, 97.05000305175781, 94.45999908447266, 96.5999984741211, 96.05000305175781, 97.06999969482422, 97.30000305175781, 96.38999938964844, 97.05999755859375, 95.95999908447266, 95.7699966430664, 97.27999877929688, 97.66999816894531, 91.66000366210938, 94.56999969482422, 89.97000122070312, 95.30999755859375, 96.83999633789062, 93.56999969482422, 96.13999938964844, 97.2699966430664, 96.88999938964844, 96.91999816894531, 96.45999908447266, 96.41999816894531, 95.45999908447266, 96.33000183105469, 97.87999725341797, 95.0999984741211, 97.19999694824219, 96.72000122070312, 98.18000030517578, 96.95999908447266, 97.62999725341797, 97.12000274658203, 98.41000366210938, 95.86000061035156, 97.70999908447266, 97.27999877929688, 98.05999755859375, 97.56999969482422, 97.55000305175781, 98.30000305175781]
backdoor_accuracy=[0, 0.19455252918287938, 0.0, 37.159533073929964, 0.0, 0.8754863813229572, 0.09727626459143969, 3.404669260700389, 1.1673151750972763, 3.8910505836575875, 1.7509727626459144, 0.09727626459143969, 4.085603112840467, 1.4591439688715953, 1.556420233463035, 0.19455252918287938, 2.529182879377432, 10.894941634241246, 0.0, 4.085603112840467, 0.8754863813229572, 13.132295719844358, 1.264591439688716, 2.140077821011673, 2.6264591439688716, 0.19455252918287938, 3.501945525291829, 0.48638132295719844, 3.5992217898832686, 0.09727626459143969, 5.739299610894942, 0.5836575875486382, 3.404669260700389, 2.431906614785992, 1.6536964980544746, 0.09727626459143969, 2.140077821011673, 0.6809338521400778, 0.2918287937743191, 3.6964980544747084, 3.501945525291829, 0.8754863813229572, 0.9727626459143969, 4.571984435797665, 0.09727626459143969, 9.14396887159533, 0.2918287937743191, 13.521400778210117, 0.8754863813229572, 3.5992217898832686, 1.264591439688716, 8.073929961089494, 0.19455252918287938, 0.48638132295719844, 0.38910505836575876, 9.53307392996109, 0.7782101167315175, 2.529182879377432, 1.7509727626459144, 2.140077821011673, 3.0155642023346303, 1.0700389105058365, 1.9455252918287937, 1.7509727626459144, 7.684824902723736, 0.8754863813229572, 4.182879377431907, 1.264591439688716, 0.6809338521400778, 9.922178988326849, 0.8754863813229572, 0.09727626459143969, 1.0700389105058365, 0.6809338521400778, 2.6264591439688716, 0.48638132295719844, 0.8754863813229572, 0.6809338521400778, 5.642023346303502, 0.7782101167315175, 10.797665369649806, 1.3618677042801557, 3.5992217898832686, 1.7509727626459144, 3.307392996108949, 2.7237354085603114, 2.821011673151751, 4.474708171206226, 0.7782101167315175, 13.035019455252918, 2.0428015564202333, 6.712062256809339, 4.863813229571984, 11.575875486381323, 2.7237354085603114, 70.71984435797665, 17.509727626459146, 3.21011673151751, 71.78988326848248, 10.894941634241246, 25.291828793774318]
loss_list=[0.4874365407594861, 0.37585931470458517, 0.312382516134941, 0.3991017661778831, 0.35640232819641177, 0.2705560862383252, 0.1781216952032179, 0.13519620748158515, 0.15266994317452218, 0.16399086201241117, 0.1448832637897608, 0.10993355789405967, 0.08302811573024146, 0.12034938096711677, 0.10696770673107528, 0.1264789988260212, 0.07978961053836381, 0.07795284581553788, 0.10284191988173233, 0.09747630126235565, 0.07417745809247324, 0.08135725076273574, 0.0784711716887845, 0.08684175278004592, 0.09319128227798269, 0.07801234062289558, 0.05784156706513656, 0.06431855329241173, 0.06327271507936794, 0.0731644787085848, 0.0578062487953442, 0.05126646572312258, 0.05334283839152443, 0.06007679992764136, 0.05365661728424698, 0.11443491909812181, 0.07994759699280875, 0.06780139327312597, 0.07884961916833146, 0.05340815107215264, 0.06076555772895737, 0.04667924898415268, 0.04909532234186399, 0.04820503537573295, 0.05368778388570661, 0.04964679839511717, 0.03489798476635994, 0.05928663640982579, 0.04560244266826594, 0.044713640032108946, 0.04081165902350226, 0.058128090866867994, 0.043796002765408196, 0.05192762263205429, 0.050617134831362216, 0.04883811260756688, 0.038455438922058785, 0.03956370111104965, 0.0331736405307406, 0.041369237275831784, 0.048272578325021236, 0.04011701171769153, 0.042344498749378796, 0.03767975895674494, 0.032795437666864886, 0.045824043189432485, 0.03443941156094684, 0.039017316086223316, 0.03621703078314274, 0.037433077055146514, 0.038698347219621204, 0.042543512412564446, 0.03766615660864984, 0.06225519593644584, 0.04058690359447622, 0.038203659427249466, 0.0529951093044653, 0.041763041399944696, 0.042022666063305715, 0.03660045646581093, 0.036263334935115354, 0.038399964186671944, 0.030064293344580318, 0.04262221125272235, 0.03481404709630028, 0.033344322128212825, 0.03889480413044695, 0.03630760107716461, 0.03625446515201581, 0.02934950654434564, 0.035906201919089956, 0.03193353680627824, 0.033294791102804235, 0.02681287607476114, 0.03370332362103708, 0.030356253301264523, 0.03363486091470214, 0.030611001938367334, 0.02885977345335387, 0.026940792263687983]
BBSR:71.79
ABSR:22.53
max acc:98.41
