======================================
    IID: 0
    Dataset: mnist
    Model: Mnist_CNN
    Model Init: None
    Aggregation Function: fltrust
    Fraction NonIID: 0
    Long attack: 4
    Wide attack: 4
    Wide attack: trust
    Threshold reject: 0.5
    Threshold down: 0.0
    Attack method: badnet
    Fraction of malicious agents: 13.0%
    Poison Frac: 0.2
    Backdoor From 7 to 2
    Attack Begin: 0
    Trigger Shape: square
    Type poisoning: 
    Trigger Position X: 0
    Trigger Position Y: 0
    Number of agents: 100
    Fraction of agents each turn: 30(30.0%)
    Local batch size: 50
    Local epoch: 3
    Client_LR: 0.01
    Client_Momentum: 0.9
    Global Rounds: 100
    Dataset In Server: 200
======================================
main_task_accuracy=[0, 20.6200008392334, 31.81999969482422, 54.599998474121094, 61.16999816894531, 49.81999969482422, 61.06999969482422, 72.55000305175781, 68.19999694824219, 76.01000213623047, 82.04000091552734, 77.0199966430664, 80.0, 86.2300033569336, 87.75, 88.08999633789062, 76.23999786376953, 82.77999877929688, 88.2699966430664, 87.91000366210938, 86.20999908447266, 87.41000366210938, 90.4800033569336, 90.20999908447266, 91.05999755859375, 90.55999755859375, 90.66000366210938, 92.08999633789062, 90.41000366210938, 93.63999938964844, 92.58999633789062, 86.97000122070312, 87.88999938964844, 91.0, 94.30999755859375, 90.83000183105469, 93.88999938964844, 94.05999755859375, 94.26000213623047, 94.55999755859375, 94.2300033569336, 92.75, 94.94999694824219, 93.83999633789062, 94.88999938964844, 94.25, 95.37000274658203, 93.80000305175781, 95.61000061035156, 90.55000305175781, 96.16999816894531, 93.44000244140625, 95.4800033569336, 94.8499984741211, 95.33999633789062, 95.51000213623047, 95.41000366210938, 95.73999786376953, 95.37999725341797, 96.5, 96.05000305175781, 95.04000091552734, 95.86000061035156, 96.41999816894531, 95.87000274658203, 95.33000183105469, 95.52999877929688, 96.4800033569336, 96.61000061035156, 95.58000183105469, 96.83999633789062, 95.83000183105469, 96.9000015258789, 96.01000213623047, 97.37999725341797, 96.69000244140625, 96.08000183105469, 96.62999725341797, 96.05999755859375, 96.68000030517578, 97.12000274658203, 97.06999969482422, 97.02999877929688, 97.31999969482422, 96.0999984741211, 97.27999877929688, 97.37999725341797, 97.29000091552734, 97.08000183105469, 97.2300033569336, 97.4800033569336, 97.13999938964844, 97.33000183105469, 96.9000015258789, 97.26000213623047, 97.51000213623047, 97.45999908447266, 97.43000030517578, 97.2300033569336, 97.52999877929688, 96.20999908447266]
backdoor_accuracy=[0, 0.0, 0.0, 1.4591439688715953, 0.0, 0.0, 3.501945525291829, 7.198443579766537, 0.5836575875486382, 2.529182879377432, 3.7937743190661477, 6.031128404669261, 3.8910505836575875, 3.9883268482490273, 3.8910505836575875, 5.544747081712062, 1.3618677042801557, 6.809338521400778, 2.821011673151751, 3.11284046692607, 3.5992217898832686, 3.7937743190661477, 4.377431906614786, 5.544747081712062, 3.11284046692607, 4.571984435797665, 4.669260700389105, 9.14396887159533, 2.821011673151751, 12.84046692607004, 3.9883268482490273, 8.171206225680933, 8.657587548638132, 1.9455252918287937, 7.2957198443579765, 2.529182879377432, 9.04669260700389, 2.237354085603113, 11.284046692607005, 3.7937743190661477, 5.3501945525291825, 3.7937743190661477, 6.517509727626459, 3.21011673151751, 6.22568093385214, 4.669260700389105, 10.797665369649806, 2.529182879377432, 9.53307392996109, 1.264591439688716, 8.463035019455253, 1.3618677042801557, 8.657587548638132, 1.4591439688715953, 14.494163424124514, 1.6536964980544746, 19.941634241245136, 2.140077821011673, 13.326848249027238, 3.6964980544747084, 20.817120622568094, 1.1673151750972763, 18.28793774319066, 1.9455252918287937, 7.879377431906615, 2.7237354085603114, 7.101167315175097, 5.252918287937743, 3.5992217898832686, 15.17509727626459, 2.9182879377431905, 27.33463035019455, 3.307392996108949, 4.182879377431907, 5.058365758754864, 5.933852140077821, 5.544747081712062, 4.085603112840467, 4.085603112840467, 8.268482490272374, 6.128404669260701, 4.474708171206226, 9.04669260700389, 3.404669260700389, 30.836575875486382, 2.9182879377431905, 6.906614785992218, 3.7937743190661477, 8.073929961089494, 2.140077821011673, 7.490272373540856, 7.392996108949417, 3.7937743190661477, 9.82490272373541, 3.6964980544747084, 4.085603112840467, 3.9883268482490273, 6.712062256809339, 3.21011673151751, 3.404669260700389, 2.431906614785992]
loss_list=[0.530490727681421, 0.40906784082277264, 0.30337121046114335, 0.26687348888681844, 0.17941316345535674, 0.18151360057418328, 0.17481014579493134, 0.1627611841105824, 0.15029573566999735, 0.1449298112568053, 0.14292519790239827, 0.1318181534038573, 0.12964485694916197, 0.10816778489236133, 0.11381756744541496, 0.08769054308788139, 0.10231134370590109, 0.10784058478388783, 0.10523335461751025, 0.08696256886858823, 0.09567557084829634, 0.08636779110165915, 0.08032695095779112, 0.07031846840330742, 0.08365062189946776, 0.07434884753016213, 0.07652986731500928, 0.07919117995395233, 0.09478049249035236, 0.06269665069253895, 0.05876231100949077, 0.0758026450204565, 0.07117235053714681, 0.07396642074220297, 0.0656259412198345, 0.07203437458506848, 0.06092895332132675, 0.0628835330195394, 0.05439287752203254, 0.04648413846268489, 0.050653388068088695, 0.06191650749090765, 0.051794217308935755, 0.04913983036685526, 0.0417942415931142, 0.05346982625550884, 0.046556016779377055, 0.06072386151737399, 0.043231085062540246, 0.06251621543557254, 0.04604275053787847, 0.05670404163123913, 0.042140482206839046, 0.054146175929478166, 0.04420755114261161, 0.04428337211763037, 0.046361147940795724, 0.0446833725520801, 0.05043285107048287, 0.040234473344628464, 0.041815345884982195, 0.04247302477623496, 0.03884653342179856, 0.04378933309326517, 0.04126501576639046, 0.03878954323313359, 0.04426607428993444, 0.039038530965061886, 0.03840475769573088, 0.04003563228197449, 0.046671875407212564, 0.04329544977066026, 0.031059381654640002, 0.050361018102231064, 0.03307248732337687, 0.03336185376508479, 0.03536359426168701, 0.036937325241521136, 0.033427557584157434, 0.03527560336167932, 0.035713250872351776, 0.03897930506681114, 0.044025508714718595, 0.037565715694475234, 0.03258285022350841, 0.036117558523622265, 0.030983953764713117, 0.03245542639506227, 0.03336231294267258, 0.027753508009738907, 0.03738959991310452, 0.03647062269496708, 0.032750425158965674, 0.03262185732842858, 0.02920937127743675, 0.036082682363611, 0.02482757235432634, 0.032229278948448244, 0.03702851159676967, 0.03395416603055262]
BBSR:9.82
ABSR:4.85
max acc:97.53
