======================================
    IID: 1
    Dataset: cifar
    Model: resnet
    Model Init: None
    Aggregation Function: DABA
    Fraction NonIID: 0
    Long attack: 3
    Wide attack: 3
    Wide attack: trust
    Threshold reject: 0.5
    Threshold down: 0.0
    Attack method: badnet
    Fraction of malicious agents: 20.0%
    Poison Frac: 0.2
    Backdoor From 7 to 2
    Attack Begin: 0
    Trigger Shape: square
    Type poisoning: cs
    Trigger Position X: 0
    Trigger Position Y: 0
    Number of agents: 100
    Fraction of agents each turn: 30(30.0%)
    Local batch size: 50
    Local epoch: 3
    Client_LR: 0.01
    Client_Momentum: 0.9
    Global Rounds: 100
======================================
main_task_accuracy=[0, 10.079999923706055, 15.770000457763672, 34.33000183105469, 42.7599983215332, 47.790000915527344, 51.560001373291016, 55.81999969482422, 58.33000183105469, 59.529998779296875, 60.79999923706055, 62.0, 62.9900016784668, 64.66999816894531, 65.08000183105469, 66.0199966430664, 64.87999725341797, 67.52999877929688, 67.37000274658203, 65.94999694824219, 67.2300033569336, 68.37999725341797, 67.41000366210938, 68.20999908447266, 68.20999908447266, 69.69000244140625, 68.66999816894531, 69.16000366210938, 69.26000213623047, 68.13999938964844, 70.75, 70.81999969482422, 71.30000305175781, 71.0999984741211, 71.86000061035156, 71.81999969482422, 72.31999969482422, 70.94999694824219, 71.6500015258789, 72.08999633789062, 72.61000061035156, 72.68000030517578, 73.01000213623047, 73.05000305175781, 73.0999984741211, 72.91999816894531, 73.1500015258789, 73.62000274658203, 73.5199966430664, 73.70999908447266, 73.33000183105469, 73.55999755859375, 73.38999938964844, 73.25, 73.87999725341797, 73.87999725341797, 73.83999633789062, 73.73999786376953, 73.9800033569336, 73.73999786376953, 73.62999725341797, 73.69999694824219, 73.55000305175781, 73.56999969482422, 73.62000274658203, 73.51000213623047, 73.44999694824219, 73.5199966430664, 73.63999938964844, 73.48999786376953, 73.55000305175781, 73.48999786376953, 73.3499984741211, 73.38999938964844, 73.27999877929688, 73.26000213623047, 73.27999877929688, 73.11000061035156, 73.25, 73.27999877929688, 73.25, 73.31999969482422, 73.38999938964844, 73.23999786376953, 73.19000244140625, 73.05000305175781, 73.08000183105469, 73.16999816894531, 73.26000213623047, 73.1500015258789, 73.1500015258789, 73.30000305175781, 73.23999786376953, 73.0999984741211, 73.33999633789062, 73.37000274658203, 73.33000183105469, 73.22000122070312, 73.25, 73.22000122070312, 73.12999725341797]
backdoor_accuracy=[0, 0.1, 4.6, 7.4, 2.7, 4.8, 2.7, 3.3, 4.1, 5.5, 3.6, 4.0, 2.7, 3.1, 3.0, 1.9, 2.0, 1.8, 2.1, 2.2, 2.3, 1.2, 1.5, 1.5, 1.2, 1.2, 1.6, 1.5, 0.9, 0.7, 0.9, 1.3, 2.2, 1.5, 1.4, 1.2, 0.9, 1.0, 1.5, 0.8, 0.7, 1.2, 1.2, 1.3, 2.1, 1.0, 1.9, 2.4, 1.6, 2.4, 2.2, 2.5, 2.7, 1.5, 1.7, 1.1, 1.9, 1.7, 2.0, 2.0, 2.3, 1.7, 2.0, 2.1, 1.8, 2.0, 2.0, 2.4, 2.3, 2.4, 2.3, 2.5, 2.8, 2.4, 2.4, 2.7, 2.5, 2.7, 2.7, 2.6, 2.6, 2.6, 2.7, 2.6, 2.6, 2.6, 2.7, 2.5, 2.5, 2.5, 2.5, 2.6, 2.6, 2.6, 2.6, 2.6, 2.5, 2.5, 2.5, 2.5, 2.5]
loss_list=[1.9685867889722186, 1.5253435964716808, 1.1764556439055338, 0.9983593175311883, 0.8285539747029544, 0.7652186643332244, 0.6681126616357101, 0.6115221572419006, 0.541736621281339, 0.5035409610842664, 0.509315314170801, 0.47750142776096866, 0.4409013632415897, 0.41042303938004715, 0.4111447629384282, 0.38510169538876243, 0.40201107266876424, 0.3325178148369823, 0.36567865896349155, 0.3391203884159525, 0.29909668409006873, 0.2989325401207639, 0.30075432796755597, 0.3136739839013252, 0.26054472711868587, 0.25796552916316107, 0.2591869985824451, 0.27292176864213413, 0.2629856534571283, 0.20872821475948314, 0.23709403390685715, 0.25127562927910024, 0.1828195713005132, 0.18280006344223185, 0.20136717026755732, 0.16066970398132166, 0.17548024611159538, 0.16119494141001875, 0.14571145907548877, 0.11834739153855482, 0.17883659575638985, 0.13389326488081782, 0.11650595359413676, 0.09889702867037459, 0.122791696529926, 0.10054935337988558, 0.10626596155285371, 0.08283394713329875, 0.09068872480866652, 0.08289008853678954, 0.0845667361425391, 0.08787024115302809, 0.11303111529006853, 0.08694192741103406, 0.13665226832404084, 0.07068342289224445, 0.09660763698558891, 0.0837155997744412, 0.079047303911001, 0.09841511103211414, 0.10226129446388867, 0.08613367484711089, 0.1012860291576362, 0.088700563664768, 0.09346705808140944, 0.09181464465970442, 0.08850877997353869, 0.09774564645434211, 0.0890115488937752, 0.09901124250247248, 0.09710164624722285, 0.1064368601418391, 0.10613939827261168, 0.1078504914656353, 0.11153399714506425, 0.11422908481271908, 0.1028664621816683, 0.1036081427177932, 0.10887047995090444, 0.11734087065496074, 0.10778120293734701, 0.10210728158980296, 0.11733644483931131, 0.10837294512688658, 0.11016901818705564, 0.130056408886691, 0.12964616273235552, 0.11108683003749724, 0.12145770615293358, 0.13231287738081943, 0.11422630996191097, 0.13186794047505826, 0.12343596766971231, 0.11679108803197676, 0.13491356911326877, 0.11815558152763213, 0.11476804032739081, 0.13189212503733064, 0.11629929201068688, 0.12458107306219364]
BBSR:2.6
ABSR:2.55
max acc:73.37
