======================================
    IID: 0
    Dataset: mnist
    Model: Mnist_CNN
    Model Init: None
    Aggregation Function: krum
    Fraction NonIID: 0
    Long attack: 3
    Wide attack: 3
    Wide attack: trust
    Threshold reject: 0.5
    Threshold down: 0.0
    Attack method: badnet
    Fraction of malicious agents: 13.0%
    Poison Frac: 0.2
    Backdoor From 7 to 2
    Attack Begin: 0
    Trigger Shape: square
    Type poisoning: cs
    Trigger Position X: 0
    Trigger Position Y: 0
    Number of agents: 100
    Fraction of agents each turn: 30(30.0%)
    Local batch size: 50
    Local epoch: 3
    Client_LR: 0.01
    Client_Momentum: 0.9
    Global Rounds: 100
    Proportion of malicious are selected: 0.44
    Average score of malicious clients: 845.417236328125
    Average score of benign clients: 942.8974609375
======================================
main_task_accuracy=[0, 11.350000381469727, 26.329999923706055, 18.389999389648438, 19.549999237060547, 16.56999969482422, 19.75, 19.540000915527344, 9.579999923706055, 19.420000076293945, 10.4399995803833, 19.719999313354492, 9.739999771118164, 19.459999084472656, 19.520000457763672, 19.639999389648438, 14.520000457763672, 19.760000228881836, 19.649999618530273, 9.800000190734863, 21.229999542236328, 16.25, 18.239999771118164, 20.3799991607666, 19.43000030517578, 19.09000015258789, 19.690000534057617, 30.139999389648438, 24.1200008392334, 23.729999542236328, 20.770000457763672, 22.15999984741211, 19.34000015258789, 27.030000686645508, 28.610000610351562, 32.290000915527344, 36.349998474121094, 35.959999084472656, 36.2400016784668, 39.18000030517578, 21.950000762939453, 39.56999969482422, 34.40999984741211, 19.3700008392334, 33.18000030517578, 41.54999923706055, 40.720001220703125, 40.18000030517578, 35.04999923706055, 38.810001373291016, 35.52000045776367, 35.31999969482422, 25.5, 38.95000076293945, 32.18000030517578, 33.13999938964844, 35.4900016784668, 41.119998931884766, 38.36000061035156, 36.90999984741211, 27.600000381469727, 43.54999923706055, 48.310001373291016, 48.279998779296875, 48.16999816894531, 47.54999923706055, 38.61000061035156, 38.56999969482422, 34.77000045776367, 37.52000045776367, 41.189998626708984, 40.220001220703125, 43.290000915527344, 40.54999923706055, 38.52000045776367, 38.810001373291016, 37.4900016784668, 37.02000045776367, 36.06999969482422, 37.79999923706055, 37.2599983215332, 36.86000061035156, 35.970001220703125, 30.43000030517578, 39.52000045776367, 38.099998474121094, 39.060001373291016, 39.41999816894531, 38.93000030517578, 38.81999969482422, 38.41999816894531, 38.66999816894531, 38.25, 39.08000183105469, 38.869998931884766, 36.47999954223633, 37.540000915527344, 35.2599983215332, 37.790000915527344, 37.15999984741211, 37.119998931884766]
backdoor_accuracy=[0, 0.0, 0.0, 0.0, 0.0, 0.0, 100.0, 0.0, 0.0, 0.0, 100.0, 100.0, 0.0, 0.0, 100.0, 0.0, 100.0, 0.0, 0.0, 0.0, 0.0, 0.0, 0.0, 0.0, 0.0, 100.0, 100.0, 0.0, 0.0, 0.0, 0.0, 0.0, 0.0, 0.0, 0.0, 0.0, 0.0, 0.0, 0.0, 0.0, 100.0, 0.0, 0.0, 0.0, 100.0, 0.0, 0.0, 0.0, 0.0, 0.0, 0.0, 0.0, 0.0, 3.8910505836575875, 0.0, 0.0, 100.0, 100.0, 100.0, 0.0, 100.0, 0.0, 100.0, 100.0, 100.0, 100.0, 0.0, 87.35408560311284, 0.0, 0.6809338521400778, 100.0, 86.08949416342412, 100.0, 100.0, 100.0, 100.0, 100.0, 100.0, 100.0, 100.0, 100.0, 100.0, 100.0, 100.0, 100.0, 100.0, 100.0, 100.0, 100.0, 100.0, 100.0, 100.0, 100.0, 100.0, 100.0, 100.0, 100.0, 100.0, 100.0, 100.0, 100.0]
loss_list=[0.5283349948712845, 3.7137324106908385, 0.9343464065963948, 0.8137556094172804, 1.0332461868490175, 0.8584745939009684, 0.9048268090176668, 0.9477121317689465, 1.7719728638979158, 1.4172136487090357, 1.10365537810743, 1.0605660925226474, 1.363935642057779, 1.589412989865883, 1.0549289714558487, 1.2870555332575118, 1.2654513086026848, 1.2245759630375417, 1.3395514538506246, 1.1735445775358972, 1.26728343355159, 1.016392846972438, 1.2994324336037542, 1.4628382412613268, 1.0461149004526642, 1.1491858372999424, 1.343798209094718, 0.9784775378342603, 1.2356131287651133, 1.1262403956442777, 1.1756108947995088, 1.0495951027844126, 1.2673511338994068, 1.026169394713792, 1.1606958079349605, 1.0735451991264535, 1.0403296936311999, 0.9335401602038877, 0.9426861144757115, 0.9592374971886952, 1.328780132065637, 0.9204110801145025, 0.9490709689745453, 0.9075446689548835, 0.8189514542263941, 0.7879562948580079, 0.8244382154136136, 0.8807054512941116, 0.8453250665219441, 0.9681214290065123, 0.9755640370102528, 0.7517692927894705, 0.7641056214004629, 0.6813806619939254, 0.7407404307530266, 0.8261600065235041, 0.7339342776881461, 0.7574291871292644, 0.8499738227401578, 0.86742528340762, 0.88019336022677, 0.7561822138867, 0.8412754919811657, 0.7245659990370095, 0.7670273444051012, 0.8687708963225915, 0.7855849867289079, 0.7023811715217814, 0.9009704823369613, 0.787157503719042, 0.7105377585606047, 0.7227570238965895, 0.6990410468118541, 0.7734106682105129, 0.6446360751766742, 0.5632329724124343, 0.6556931253078534, 0.6639124375357277, 0.6783014421736081, 0.7976259228437044, 0.6348007492994167, 0.7177925996125374, 0.8247520714642801, 0.5688346781952026, 0.6907804554083365, 0.6840506974751643, 0.6447222260901374, 0.7069713882539536, 0.7522377820761579, 0.5444148030262888, 0.8446527759510294, 0.7222703319595181, 0.7304300174346179, 0.748984787348496, 0.7751359909594389, 0.5927302103525705, 0.7569035104498014, 0.617267352768764, 0.494631853558699, 0.6178870753469909]
BBSR:100.0
ABSR:100.0
max acc:39.08
