======================================
    IID: 0
    Dataset: mnist
    Model: Mnist_CNN
    Model Init: None
    Aggregation Function: fltrust
    Fraction NonIID: 0
    Long attack: 3
    Wide attack: 3
    Wide attack: trust
    Threshold reject: 0.5
    Threshold down: 0.0
    Attack method: badnet
    Fraction of malicious agents: 30.0%
    Poison Frac: 0.2
    Backdoor From 7 to 2
    Attack Begin: 0
    Trigger Shape: square
    Type poisoning: pgd
    Trigger Position X: 0
    Trigger Position Y: 0
    Number of agents: 100
    Fraction of agents each turn: 30(30.0%)
    Local batch size: 50
    Local epoch: 3
    Client_LR: 0.01
    Client_Momentum: 0.9
    Global Rounds: 100
    Dataset In Server: 200
======================================
main_task_accuracy=[0, 28.329999923706055, 55.40999984741211, 29.6200008392334, 44.2400016784668, 67.63999938964844, 79.13999938964844, 75.04000091552734, 75.62999725341797, 85.88999938964844, 69.87999725341797, 87.80000305175781, 89.5, 85.61000061035156, 85.5999984741211, 89.2699966430664, 90.58000183105469, 92.08999633789062, 90.9800033569336, 90.13999938964844, 89.61000061035156, 91.23999786376953, 90.58000183105469, 90.83999633789062, 91.63999938964844, 88.94999694824219, 93.44000244140625, 94.56999969482422, 89.93000030517578, 94.4000015258789, 94.08999633789062, 93.79000091552734, 92.70999908447266, 91.97000122070312, 94.41000366210938, 92.22000122070312, 94.27999877929688, 93.19999694824219, 94.68000030517578, 94.70999908447266, 94.13999938964844, 94.69000244140625, 95.33999633789062, 94.80000305175781, 96.11000061035156, 94.81999969482422, 95.25, 93.81999969482422, 95.52999877929688, 95.91000366210938, 96.06999969482422, 95.37000274658203, 95.91999816894531, 95.20999908447266, 95.91000366210938, 94.54000091552734, 96.47000122070312, 95.9800033569336, 95.69999694824219, 96.80000305175781, 94.86000061035156, 96.5999984741211, 96.30000305175781, 96.69000244140625, 96.68000030517578, 95.86000061035156, 96.33000183105469, 92.98999786376953, 95.80000305175781, 96.04000091552734, 97.0, 95.04000091552734, 96.33000183105469, 97.06999969482422, 97.33999633789062, 94.73999786376953, 97.18000030517578, 96.29000091552734, 96.94999694824219, 97.11000061035156, 97.43000030517578, 97.04000091552734, 97.4800033569336, 95.27999877929688, 96.69999694824219, 96.88999938964844, 97.19000244140625, 96.38999938964844, 97.31999969482422, 94.98999786376953, 97.33000183105469, 95.80999755859375, 97.58000183105469, 97.02999877929688, 97.4800033569336, 97.52999877929688, 97.30000305175781, 97.33999633789062, 97.8499984741211, 97.25, 97.79000091552734]
backdoor_accuracy=[0, 0.0, 1.4591439688715953, 0.0, 61.284046692607006, 1.556420233463035, 6.906614785992218, 17.023346303501945, 1.264591439688716, 14.007782101167315, 3.501945525291829, 9.53307392996109, 4.863813229571984, 5.3501945525291825, 2.140077821011673, 7.101167315175097, 4.571984435797665, 5.3501945525291825, 6.128404669260701, 4.669260700389105, 9.630350194552529, 5.642023346303502, 4.280155642023346, 8.365758754863814, 3.0155642023346303, 6.128404669260701, 5.252918287937743, 10.992217898832685, 4.085603112840467, 12.354085603112841, 17.607003891050585, 6.712062256809339, 12.256809338521402, 13.229571984435797, 25.58365758754864, 9.630350194552529, 47.762645914396884, 6.517509727626459, 31.1284046692607, 31.90661478599222, 21.78988326848249, 89.29961089494164, 40.07782101167315, 71.98443579766537, 45.81712062256809, 88.61867704280155, 50.09727626459144, 67.02334630350195, 71.10894941634241, 87.2568093385214, 51.55642023346304, 77.62645914396887, 35.505836575875485, 72.95719844357977, 86.57587548638132, 13.910505836575876, 79.96108949416342, 65.56420233463035, 84.63035019455253, 49.80544747081712, 89.59143968871595, 55.6420233463035, 82.00389105058366, 58.75486381322957, 79.08560311284047, 95.13618677042801, 83.56031128404669, 92.31517509727627, 81.42023346303502, 78.59922178988327, 94.74708171206225, 84.43579766536965, 84.43579766536965, 97.37354085603113, 97.95719844357977, 97.85992217898833, 95.71984435797665, 98.73540856031128, 97.56809338521401, 99.70817120622569, 99.41634241245136, 99.80544747081711, 99.5136186770428, 99.90272373540856, 98.44357976653697, 99.80544747081711, 99.5136186770428, 99.90272373540856, 99.5136186770428, 99.61089494163424, 99.61089494163424, 99.61089494163424, 99.61089494163424, 99.70817120622569, 99.5136186770428, 99.90272373540856, 99.22178988326849, 99.70817120622569, 99.70817120622569, 99.5136186770428, 99.90272373540856]
loss_list=[0.4924267641147709, 0.42793565563219843, 0.3136959424459493, 0.3029611985510874, 0.21428352898459155, 0.17814183469783, 0.16746289425218297, 0.16372639103198436, 0.12876177022178703, 0.0977788642659523, 0.11473006871247361, 0.10878062104268733, 0.08479951615343213, 0.10113241821433563, 0.10319445884205414, 0.099946612673729, 0.10145853243826554, 0.0704469179282523, 0.08171445886212911, 0.08056592047010053, 0.06647338796147638, 0.07683267008178424, 0.081185579714425, 0.08067041366866026, 0.0718615911529324, 0.088370199381343, 0.06607390040466396, 0.05982978247684015, 0.07594113355080669, 0.052679073865510635, 0.057536250005511345, 0.056721235848293805, 0.06441111729990649, 0.06717928577011517, 0.06154466310470969, 0.052596334244047194, 0.06251517673225623, 0.05784106377023954, 0.057357155478957964, 0.056161673706642566, 0.05968842827870801, 0.05853207141565533, 0.054490458142713145, 0.042773371989613174, 0.05212580384319701, 0.04254638494082286, 0.046686322197253785, 0.0435192604294831, 0.0527275742076697, 0.0435811617230449, 0.04847365587325376, 0.04336342979859915, 0.05281521411813105, 0.04553593962224654, 0.042180097777536035, 0.048649679304792026, 0.046363915398201616, 0.04680969455238583, 0.04352851560391272, 0.040559119935719465, 0.04206198342944572, 0.04296017931032404, 0.03635969639606385, 0.04781891510280332, 0.04485969963906202, 0.037102747033758106, 0.04028257189121785, 0.05028542665642051, 0.03243718205917037, 0.039583632510766194, 0.03915525141844333, 0.03880740831835023, 0.04359042401691476, 0.03887880343397001, 0.03024193399439147, 0.03708651502037412, 0.043153487909552354, 0.0322673691914525, 0.037245756465988586, 0.03454883618276171, 0.030275667940579645, 0.0354134664011322, 0.03425021558807259, 0.031082907290577458, 0.02616240226292005, 0.03178019149839451, 0.029721767515560386, 0.0378391858942285, 0.0341848855591889, 0.030949183849041446, 0.028371573950927688, 0.03665798889990559, 0.03446409448007213, 0.02889170467208237, 0.027958227845814674, 0.03109394612947811, 0.034651554960851434, 0.03177860915659234, 0.027792673364088787, 0.035815925566524506]
BBSR:99.9
ABSR:99.64
max acc:97.85
