======================================
    IID: 0
    Dataset: mnist
    Model: Mnist_CNN
    Model Init: None
    Aggregation Function: RLR
    Fraction NonIID: 0
    Long attack: 3
    Wide attack: 3
    Wide attack: trust
    Threshold reject: 0.5
    Threshold down: 0.0
    Attack method: badnet
    Fraction of malicious agents: 13.0%
    Poison Frac: 0.2
    Backdoor From 7 to 2
    Attack Begin: 0
    Trigger Shape: square
    Type poisoning: 
    Trigger Position X: 0
    Trigger Position Y: 0
    Number of agents: 100
    Fraction of agents each turn: 30(30.0%)
    Local batch size: 50
    Local epoch: 3
    Client_LR: 0.01
    Client_Momentum: 0.9
    Global Rounds: 100
    RobustLR_threshold: 4
======================================
main_task_accuracy=[0, 43.84000015258789, 22.610000610351562, 46.540000915527344, 67.25, 82.05999755859375, 79.56999969482422, 79.16999816894531, 70.41999816894531, 83.66999816894531, 78.72000122070312, 89.19999694824219, 92.72000122070312, 92.73999786376953, 92.37000274658203, 93.12999725341797, 90.7699966430664, 92.94000244140625, 85.19999694824219, 92.22000122070312, 92.87999725341797, 91.75, 94.3499984741211, 94.8499984741211, 95.19000244140625, 93.08000183105469, 91.87999725341797, 94.63999938964844, 95.33000183105469, 95.16000366210938, 95.41000366210938, 94.8499984741211, 95.55000305175781, 94.16000366210938, 95.6500015258789, 93.4800033569336, 93.1500015258789, 95.66000366210938, 94.3499984741211, 95.0199966430664, 93.45999908447266, 95.62000274658203, 95.83999633789062, 95.44000244140625, 96.12000274658203, 94.94000244140625, 94.3499984741211, 96.70999908447266, 96.3499984741211, 96.43000030517578, 96.44000244140625, 96.37999725341797, 96.58000183105469, 94.87999725341797, 96.56999969482422, 96.48999786376953, 95.68000030517578, 96.47000122070312, 95.4800033569336, 95.87000274658203, 95.72000122070312, 96.73999786376953, 97.2300033569336, 95.93000030517578, 97.26000213623047, 96.70999908447266, 96.58999633789062, 96.62000274658203, 97.27999877929688, 97.19999694824219, 97.0, 97.01000213623047, 97.0999984741211, 97.25, 92.4000015258789, 95.20999908447266, 95.66000366210938, 96.0, 96.48999786376953, 96.94000244140625, 96.01000213623047, 97.38999938964844, 96.30000305175781, 96.61000061035156, 97.36000061035156, 96.79000091552734, 96.66000366210938, 97.47000122070312, 97.41000366210938, 97.48999786376953, 96.19000244140625, 97.7300033569336, 97.11000061035156, 97.13999938964844, 96.37000274658203, 95.69999694824219, 97.43000030517578, 97.20999908447266, 96.69999694824219, 97.0199966430664, 97.38999938964844]
backdoor_accuracy=[0, 0.0, 0.0, 6.031128404669261, 0.19455252918287938, 2.821011673151751, 5.058365758754864, 2.7237354085603114, 16.926070038910506, 0.19455252918287938, 20.330739299610894, 0.6809338521400778, 2.529182879377432, 5.3501945525291825, 2.237354085603113, 7.392996108949417, 2.3346303501945527, 6.031128404669261, 1.7509727626459144, 4.571984435797665, 2.140077821011673, 11.284046692607005, 4.669260700389105, 2.431906614785992, 4.766536964980545, 6.809338521400778, 2.821011673151751, 3.21011673151751, 2.431906614785992, 4.182879377431907, 5.836575875486381, 8.949416342412452, 5.933852140077821, 1.9455252918287937, 10.797665369649806, 11.478599221789883, 2.0428015564202333, 3.404669260700389, 24.513618677042803, 1.0700389105058365, 1.4591439688715953, 1.264591439688716, 15.95330739299611, 7.684824902723736, 3.0155642023346303, 1.7509727626459144, 8.949416342412452, 3.307392996108949, 3.5992217898832686, 7.198443579766537, 2.6264591439688716, 6.3229571984435795, 2.9182879377431905, 1.556420233463035, 3.7937743190661477, 9.922178988326849, 10.992217898832685, 5.447470817120623, 2.140077821011673, 21.011673151750973, 1.0700389105058365, 3.8910505836575875, 3.5992217898832686, 2.431906614785992, 2.431906614785992, 4.766536964980545, 1.8482490272373542, 7.101167315175097, 3.501945525291829, 4.571984435797665, 3.7937743190661477, 3.0155642023346303, 8.657587548638132, 3.8910505836575875, 1.4591439688715953, 6.42023346303502, 13.715953307392995, 1.4591439688715953, 1.4591439688715953, 7.2957198443579765, 2.140077821011673, 13.715953307392995, 23.832684824902724, 13.521400778210117, 5.544747081712062, 15.85603112840467, 2.9182879377431905, 9.53307392996109, 6.906614785992218, 6.128404669260701, 11.575875486381323, 19.06614785992218, 15.369649805447471, 23.638132295719846, 4.669260700389105, 63.326848249027236, 5.447470817120623, 6.128404669260701, 8.949416342412452, 14.785992217898833, 40.46692607003891]
loss_list=[0.519620159917356, 0.39696251492443313, 0.34675408823762754, 0.2328739217846996, 0.15811478629799908, 0.1391585310832169, 0.1397909265246273, 0.1418229875680211, 0.1167531615905397, 0.11690939584082831, 0.10361175939592197, 0.0784099432112603, 0.10135856650852201, 0.06963294480675736, 0.07593737206932624, 0.07907633640700336, 0.06902146847833412, 0.0696005315919022, 0.08309299749714609, 0.06650781795082013, 0.08336289988225738, 0.06048925428007777, 0.052061582381984876, 0.06382944762061755, 0.060893428872644394, 0.051662739492202674, 0.06036689863826263, 0.05804844569079347, 0.062325094833570814, 0.06109754336463814, 0.05165917191699042, 0.05623842351273843, 0.04664224456310241, 0.06548653998479084, 0.04540901847380233, 0.05183477891052947, 0.05196031481128152, 0.04673199454323998, 0.05905424809906975, 0.04001261653323947, 0.055362626191000734, 0.05705936779041522, 0.052114634019603, 0.0481913988494278, 0.039538974801608326, 0.05621633320519037, 0.0579593013892541, 0.0456940744071197, 0.039373712825884456, 0.04807760468576375, 0.04336194568920373, 0.040891771217971815, 0.04209616540220091, 0.055649832720613544, 0.03529238550978709, 0.036991668088457184, 0.03985225098451486, 0.04148272509831011, 0.05114050064327723, 0.042132170419939406, 0.03494679250823278, 0.03853056355658581, 0.03542896463754088, 0.04117497704723071, 0.033320375883901805, 0.03683689283715748, 0.03760002191048104, 0.04516534468645481, 0.04157175491563149, 0.03503826413001811, 0.034261822970888714, 0.03431625599641599, 0.04221437585855746, 0.04208697038753375, 0.05737020633369898, 0.0400612250725362, 0.04220115563036883, 0.035660963043894656, 0.038602912961387945, 0.04773188701523277, 0.039661062624406794, 0.03162191999874106, 0.03478839852432916, 0.037495394598597624, 0.03286678149317342, 0.03299814852172222, 0.03749627855435882, 0.032194926664942516, 0.03852102904682608, 0.04264295115599766, 0.03344874476421256, 0.03515479852184876, 0.03238298459649929, 0.024957969274368556, 0.04523659239944738, 0.03863677669235076, 0.03164029469019246, 0.03644339035263699, 0.03516471651185584, 0.04223825365467225]
BBSR:63.33
ABSR:20.18
max acc:97.73
