======================================
    IID: 0
    Dataset: mnist
    Model: Mnist_CNN
    Model Init: None
    Aggregation Function: avg
    Fraction NonIID: 0
    Long attack: 3
    Wide attack: 3
    Wide attack: trust
    Threshold reject: 0.5
    Threshold down: 0.0
    Attack method: badnet
    Fraction of malicious agents: 30.0%
    Poison Frac: 0.2
    Backdoor From 7 to 2
    Attack Begin: 0
    Trigger Shape: square
    Type poisoning: cs
    Trigger Position X: 0
    Trigger Position Y: 0
    Number of agents: 100
    Fraction of agents each turn: 30(30.0%)
    Local batch size: 50
    Local epoch: 3
    Client_LR: 0.01
    Client_Momentum: 0.9
    Global Rounds: 100
======================================
main_task_accuracy=[0, 35.27000045776367, 32.59000015258789, 58.959999084472656, 74.08000183105469, 63.83000183105469, 83.19000244140625, 89.37000274658203, 83.9000015258789, 85.26000213623047, 86.44999694824219, 88.20999908447266, 93.9800033569336, 92.30999755859375, 90.12999725341797, 89.05999755859375, 94.58000183105469, 89.26000213623047, 93.68000030517578, 93.8499984741211, 94.9000015258789, 95.4000015258789, 96.11000061035156, 95.45999908447266, 94.94999694824219, 96.44999694824219, 95.44000244140625, 95.86000061035156, 96.20999908447266, 96.3499984741211, 95.41999816894531, 96.76000213623047, 96.81999969482422, 96.86000061035156, 95.98999786376953, 96.80000305175781, 97.19999694824219, 96.7300033569336, 96.87000274658203, 97.11000061035156, 95.44999694824219, 96.54000091552734, 97.2300033569336, 96.2699966430664, 95.52999877929688, 97.0199966430664, 96.66000366210938, 96.0, 97.16000366210938, 97.26000213623047, 96.98999786376953, 97.70999908447266, 97.68000030517578, 97.93000030517578, 97.2699966430664, 97.86000061035156, 97.76000213623047, 97.62000274658203, 97.4000015258789, 96.79000091552734, 97.87000274658203, 97.86000061035156, 97.18000030517578, 97.4800033569336, 98.20999908447266, 97.75, 97.86000061035156, 98.06999969482422, 97.97000122070312, 98.13999938964844, 98.04000091552734, 98.01000213623047, 97.97000122070312, 98.01000213623047, 98.27999877929688, 97.94999694824219, 97.81999969482422, 98.31999969482422, 97.98999786376953, 98.22000122070312, 98.18000030517578, 98.12000274658203, 98.12000274658203, 98.20999908447266, 98.08999633789062, 98.22000122070312, 98.4000015258789, 98.3499984741211, 98.38999938964844, 98.29000091552734, 98.47000122070312, 98.0999984741211, 98.0, 98.0999984741211, 97.97000122070312, 98.08000183105469, 97.98999786376953, 98.33999633789062, 98.36000061035156, 98.37000274658203, 98.37000274658203]
backdoor_accuracy=[0, 0.6809338521400778, 0.0, 14.299610894941635, 0.2918287937743191, 29.863813229571985, 1.9455252918287937, 6.809338521400778, 6.031128404669261, 12.54863813229572, 12.256809338521402, 20.233463035019454, 7.2957198443579765, 13.618677042801556, 36.7704280155642, 8.657587548638132, 80.44747081712062, 8.657587548638132, 70.23346303501945, 9.922178988326849, 14.688715953307392, 54.37743190661479, 32.976653696498055, 39.88326848249027, 61.7704280155642, 59.143968871595334, 55.73929961089494, 78.01556420233463, 78.79377431906615, 74.70817120622569, 33.36575875486381, 89.78599221789884, 33.463035019455255, 92.60700389105058, 88.42412451361868, 96.59533073929961, 99.22178988326849, 98.63813229571984, 99.41634241245136, 99.90272373540856, 99.0272373540856, 100.0, 99.90272373540856, 99.90272373540856, 100.0, 100.0, 99.41634241245136, 100.0, 98.05447470817121, 99.12451361867704, 100.0, 99.80544747081711, 99.90272373540856, 100.0, 99.90272373540856, 100.0, 100.0, 100.0, 100.0, 100.0, 100.0, 100.0, 99.90272373540856, 100.0, 100.0, 100.0, 100.0, 100.0, 100.0, 100.0, 100.0, 100.0, 100.0, 100.0, 100.0, 100.0, 100.0, 100.0, 100.0, 100.0, 100.0, 100.0, 100.0, 100.0, 100.0, 100.0, 100.0, 100.0, 100.0, 100.0, 100.0, 100.0, 100.0, 100.0, 100.0, 100.0, 100.0, 100.0, 100.0, 100.0, 100.0]
loss_list=[0.4771584766132514, 0.26387985575859774, 0.2247584296677564, 0.21281343018583906, 0.12851753831660911, 0.13476843711352424, 0.11626392225298528, 0.09540001492697833, 0.09723649268481792, 0.09082361736838422, 0.06395796081737835, 0.08763082441036736, 0.06847947446140919, 0.06760926907498485, 0.05648234790645455, 0.06440060422589519, 0.058144776756500954, 0.05937199542066232, 0.05732775809219238, 0.06390720161068658, 0.054590635501251025, 0.04394979961803066, 0.05318626170263677, 0.04439218208041063, 0.04754782217584816, 0.04606436381066896, 0.040031449046732934, 0.05745061348869438, 0.04360459484047221, 0.04227931007459304, 0.03927240120993701, 0.03851440604045857, 0.042140848981169335, 0.039811037608516835, 0.03776652597597365, 0.036205849334179654, 0.03527092464497219, 0.03697781893795459, 0.03294057712083249, 0.030070772290978043, 0.032695201387757104, 0.02724317902614454, 0.038971378771962245, 0.026510869186901657, 0.0370142499827081, 0.03554110828990364, 0.03520741021981743, 0.030559895790295197, 0.034637478187933245, 0.030411366364771528, 0.029033664318739473, 0.02874832560702917, 0.025514194751210147, 0.028139083622349226, 0.02407162554684452, 0.029171627572358513, 0.024225829763014996, 0.022182985602872494, 0.030638402906697674, 0.02797083037478054, 0.022766220365385597, 0.027767086091459524, 0.029222834454994764, 0.026755768872913255, 0.021457555151198553, 0.02918203607176184, 0.028490632070447323, 0.02362960134472293, 0.026342870207280652, 0.02677930114616125, 0.020702191119378443, 0.025488648712491232, 0.022947477028543776, 0.019873544209562787, 0.023358838109549973, 0.019179525774821807, 0.021979496808599633, 0.02050648279763773, 0.022603735932299616, 0.020929440895164585, 0.023994751395517776, 0.026910344165889822, 0.023807988799359876, 0.023894935633877165, 0.022582378031765514, 0.019469366214767792, 0.017576064524253244, 0.020531837398288438, 0.02068430036524892, 0.021432257312424714, 0.017190240783189363, 0.021735913084900728, 0.017852731653481793, 0.025594702179655402, 0.017900050182736018, 0.01794146718227316, 0.020482512396060384, 0.02156962092557378, 0.018322674101624564, 0.01809625164078865]
BBSR:100.0
ABSR:100.0
max acc:98.37
