======================================
    IID: 1
    Dataset: cifar
    Model: resnet
    Model Init: None
    Aggregation Function: fltrust
    Fraction NonIID: 0
    Long attack: 3
    Wide attack: 3
    Wide attack: trust
    Threshold reject: 0.5
    Threshold down: 0.0
    Attack method: dba
    Fraction of malicious agents: 30.0%
    Poison Frac: 0.2
    Backdoor From 7 to 2
    Attack Begin: 0
    Trigger Shape: square
    Type poisoning: 
    Trigger Position X: 0
    Trigger Position Y: 0
    Number of agents: 100
    Fraction of agents each turn: 30(30.0%)
    Local batch size: 50
    Local epoch: 3
    Client_LR: 0.01
    Client_Momentum: 0.9
    Global Rounds: 100
    Dataset In Server: 200
======================================
main_task_accuracy=[0, 10.0, 11.350000381469727, 14.529999732971191, 20.739999771118164, 29.860000610351562, 36.56999969482422, 41.90999984741211, 44.779998779296875, 48.380001068115234, 50.290000915527344, 51.66999816894531, 54.54999923706055, 54.650001525878906, 52.83000183105469, 54.18000030517578, 55.470001220703125, 41.88999938964844, 52.15999984741211, 52.54999923706055, 55.900001525878906, 55.59000015258789, 59.900001525878906, 60.16999816894531, 61.279998779296875, 61.619998931884766, 59.86000061035156, 62.79999923706055, 63.0099983215332, 62.939998626708984, 63.7400016784668, 63.47999954223633, 63.13999938964844, 63.470001220703125, 65.05000305175781, 64.69000244140625, 64.43000030517578, 65.19000244140625, 65.86000061035156, 65.41999816894531, 62.7400016784668, 65.97000122070312, 66.38999938964844, 67.33999633789062, 67.2300033569336, 66.87000274658203, 67.01000213623047, 67.86000061035156, 66.95999908447266, 67.8499984741211, 68.8499984741211, 68.33000183105469, 68.2699966430664, 67.91000366210938, 66.76000213623047, 68.83999633789062, 67.4800033569336, 68.2699966430664, 68.20999908447266, 69.1500015258789, 69.16000366210938, 68.5199966430664, 69.08999633789062, 69.30999755859375, 68.79000091552734, 69.29000091552734, 69.52999877929688, 69.3499984741211, 70.05000305175781, 69.11000061035156, 70.11000061035156, 68.70999908447266, 70.5, 69.73999786376953, 69.66999816894531, 70.6500015258789, 70.5199966430664, 69.69000244140625, 70.5199966430664, 71.69000244140625, 70.25, 71.30999755859375, 70.13999938964844, 71.16000366210938, 70.33999633789062, 71.55000305175781, 71.52999877929688, 69.91999816894531, 71.02999877929688, 70.73999786376953, 69.7699966430664, 70.47000122070312, 70.33000183105469, 71.48999786376953, 69.13999938964844, 71.8499984741211, 71.54000091552734, 70.91999816894531, 71.47000122070312, 70.76000213623047, 70.83999633789062]
backdoor_accuracy=[0, 0.0, 7.9, 14.5, 10.4, 8.6, 5.6, 3.2, 3.6, 3.3, 3.7, 3.2, 1.8, 3.9, 1.8, 1.0, 1.6, 0.1, 0.6, 7.8, 8.5, 5.7, 6.6, 5.9, 5.7, 5.4, 14.1, 12.4, 11.6, 13.6, 12.7, 9.9, 7.1, 7.5, 8.2, 4.0, 9.5, 9.0, 5.4, 6.4, 2.0, 3.3, 9.3, 6.4, 5.1, 7.4, 5.2, 7.3, 6.2, 7.0, 5.5, 7.5, 9.6, 4.9, 7.7, 5.3, 3.0, 3.9, 3.0, 11.8, 7.3, 5.0, 3.2, 3.3, 2.8, 3.7, 2.5, 2.3, 5.5, 3.9, 3.6, 2.2, 5.4, 2.3, 6.9, 2.5, 2.6, 3.0, 3.9, 4.0, 3.7, 3.3, 3.2, 2.1, 1.8, 4.7, 4.0, 3.5, 2.9, 2.8, 2.9, 3.3, 3.5, 3.6, 2.4, 4.2, 3.5, 3.7, 4.1, 5.4, 3.4]
loss_list=[1.9734892205397288, 1.562402158379555, 1.2095710251066418, 1.0657501158283815, 0.9475883125927713, 0.9071737565100193, 0.8574756733576459, 0.7927467741568884, 0.7394345133668847, 0.7593093281487622, 0.7652245811704131, 0.6548513771428001, 0.777485928444399, 0.7257366011250351, 0.7043784930639796, 0.8627508413830461, 0.693731199999133, 0.9853011380888834, 0.6631848358559526, 0.8995806090952828, 0.6312442975781031, 0.8070475392871431, 0.5749033167133004, 0.5553154912515957, 0.5880999352782964, 0.5445181364545391, 0.5979547635954804, 0.5325625946662492, 0.4417803958313176, 0.5480933208378135, 0.4822557123781492, 0.4514716612175108, 0.46961631573671986, 0.5856768946953687, 0.523970071091834, 0.4753279335509675, 0.547790895802771, 0.43552590321309653, 0.4844796823434688, 0.4182656787310003, 0.5184837523291612, 0.3929532740005136, 0.48615546382090546, 0.41227313937761606, 0.4158801226017789, 0.4214003106645799, 0.30967636518426134, 0.4442067682194627, 0.3204905354763225, 0.41041976552417814, 0.31084599127009926, 0.37695374772482976, 0.3564330497684164, 0.2947163088261408, 0.3615752393595176, 0.3440296775689219, 0.2996035607732159, 0.35917106102951546, 0.34097485673478034, 0.31829123801868675, 0.25644899713367014, 0.32529522151000684, 0.37086883485656774, 0.2275110400524379, 0.2608232082819773, 0.311252037739032, 0.27088764090504913, 0.2891297578545184, 0.27330324377974546, 0.20195673230737965, 0.2756282437041712, 0.2346358744117121, 0.24857099747401662, 0.21140892910195463, 0.2408266773971263, 0.244981204611896, 0.18973157115623404, 0.24550066764253034, 0.23804720628637976, 0.15967439157551985, 0.15797226136699058, 0.18229450060475055, 0.1765376353159081, 0.17463808865577446, 0.15780514031286458, 0.16707686753322679, 0.16916492920061704, 0.10611892223274073, 0.1804937953705343, 0.07541725354214175, 0.14739184202716896, 0.1522265893164958, 0.12293229306689074, 0.15210845435503867, 0.10727690140891352, 0.10849634903269667, 0.08147459787753177, 0.12226575058813778, 0.1258462592432301, 0.10737912607418064]
BBSR:5.4
ABSR:3.71
max acc:71.85
