======================================
    IID: 0
    Dataset: mnist
    Model: Mnist_CNN
    Model Init: None
    Aggregation Function: krum
    Fraction NonIID: 0
    Long attack: 3
    Wide attack: 3
    Wide attack: trust
    Threshold reject: 0.5
    Threshold down: 0.0
    Attack method: badnet
    Fraction of malicious agents: 20.0%
    Poison Frac: 0.2
    Backdoor From 7 to 2
    Attack Begin: 0
    Trigger Shape: square
    Type poisoning: 
    Trigger Position X: 0
    Trigger Position Y: 0
    Number of agents: 100
    Fraction of agents each turn: 30(30.0%)
    Local batch size: 50
    Local epoch: 3
    Client_LR: 0.01
    Client_Momentum: 0.9
    Global Rounds: 100
    Proportion of malicious are selected: 0.31
    Average score of malicious clients: 1883.733642578125
    Average score of benign clients: 830.7340087890625
======================================
main_task_accuracy=[0, 30.6299991607666, 23.809999465942383, 10.680000305175781, 17.760000228881836, 18.360000610351562, 19.549999237060547, 24.049999237060547, 20.6299991607666, 18.100000381469727, 19.579999923706055, 18.850000381469727, 19.309999465942383, 18.639999389648438, 19.770000457763672, 20.0, 15.069999694824219, 14.229999542236328, 10.25, 17.579999923706055, 19.549999237060547, 10.079999923706055, 17.18000030517578, 18.049999237060547, 19.239999771118164, 22.25, 23.799999237060547, 19.81999969482422, 17.25, 20.65999984741211, 24.260000228881836, 24.81999969482422, 20.170000076293945, 20.049999237060547, 25.540000915527344, 21.510000228881836, 25.450000762939453, 24.799999237060547, 24.809999465942383, 34.95000076293945, 28.290000915527344, 27.549999237060547, 25.860000610351562, 25.0, 25.040000915527344, 35.29999923706055, 29.81999969482422, 26.15999984741211, 34.630001068115234, 30.15999984741211, 27.559999465942383, 25.93000030517578, 26.260000228881836, 28.979999542236328, 37.040000915527344, 36.40999984741211, 36.02000045776367, 32.560001373291016, 32.040000915527344, 32.61000061035156, 31.709999084472656, 37.40999984741211, 37.02000045776367, 37.060001373291016, 36.70000076293945, 27.420000076293945, 31.979999542236328, 32.5, 30.989999771118164, 29.780000686645508, 29.75, 33.029998779296875, 40.31999969482422, 38.06999969482422, 36.560001373291016, 36.220001220703125, 34.349998474121094, 32.59000015258789, 42.7599983215332, 42.7400016784668, 43.2599983215332, 41.70000076293945, 41.2400016784668, 38.619998931884766, 37.06999969482422, 36.15999984741211, 34.189998626708984, 30.93000030517578, 38.36000061035156, 36.18000030517578, 34.47999954223633, 40.459999084472656, 38.470001220703125, 37.70000076293945, 36.5, 29.59000015258789, 33.47999954223633, 25.040000915527344, 52.349998474121094, 49.27000045776367, 47.13999938964844]
backdoor_accuracy=[0, 0.0, 0.0, 0.0, 0.0, 0.0, 89.39688715953308, 86.67315175097276, 0.09727626459143969, 0.0, 0.0, 0.0, 0.0, 20.330739299610894, 0.09727626459143969, 0.0, 0.0, 0.0, 0.0, 0.0, 0.0, 0.0, 0.0, 0.0, 0.0, 0.0, 0.0, 0.0, 0.0, 88.81322957198444, 0.0, 0.0, 0.0, 0.0, 0.0, 0.0, 0.0, 0.0, 0.0, 60.70038910505836, 0.0, 0.0, 0.0, 0.0, 0.0, 0.0, 0.0, 0.0, 10.603112840466926, 0.0, 0.0, 0.0, 0.0, 0.0, 7.003891050583658, 1.8482490272373542, 1.6536964980544746, 0.0, 0.0, 0.0, 0.0, 1.3618677042801557, 1.1673151750972763, 0.8754863813229572, 1.3618677042801557, 0.0, 0.0, 0.0, 0.0, 0.0, 0.0, 0.0, 0.0, 0.0, 0.0, 0.0, 0.0, 0.0, 2.6264591439688716, 0.38910505836575876, 0.2918287937743191, 0.0, 0.0, 0.0, 0.0, 0.0, 0.0, 0.0, 0.0, 0.0, 0.0, 0.0, 0.0, 0.0, 0.0, 0.0, 0.0, 0.0, 24.513618677042803, 3.0155642023346303, 0.9727626459143969]
loss_list=[0.48461670980851485, 0.8340967917020191, 1.1184299081369498, 1.1296053331082596, 0.8121951314031082, 0.9613757499809943, 1.139651923204468, 0.9021530611616037, 1.2961337574931313, 1.141518796280754, 1.1021510859095707, 1.0276615575095354, 0.9782982038761247, 1.2311189304211638, 1.0218698858083664, 1.1191959942780039, 1.0794737419529126, 1.428894320876161, 1.814484919798923, 1.3576543494869966, 1.4039082907244278, 1.4261956495758485, 1.485842143992184, 1.0850605305112972, 1.084562330254563, 0.945003697773263, 0.9453817705279703, 1.1807475378648555, 1.228715245042824, 1.2285169174239006, 0.9642848117717182, 0.8717057226603685, 0.8931263825830009, 0.9281768945524651, 0.8408748071607282, 1.0218564542653406, 0.8817266894035534, 0.9625358882238894, 0.8245650558316642, 0.6205020155278732, 0.7349448253320858, 0.8922999861913821, 0.861294125658174, 0.8412785232873394, 0.944702952609118, 0.7339169405116401, 0.621075511145884, 0.7386968469664714, 0.6939551097257456, 0.7680051887749435, 0.7534404542573778, 0.731032398486483, 0.7507015834239179, 0.6739402829581267, 0.7465883818908465, 0.6837873364334837, 0.7076732284542468, 0.6300072656987802, 0.6410899325558517, 0.7025405281613565, 0.8960669881733205, 0.6736717508545169, 0.7691290995617575, 0.6007759149600045, 0.6544613858262059, 0.7759414286628102, 0.7714599630327602, 0.8023869021635079, 0.7324683201078894, 0.8841622550039968, 0.8920055021221118, 0.8381828740204784, 0.8251296967850167, 0.6510056795236827, 0.6885461863308142, 0.7493670884496697, 0.7505707071843764, 0.7722384697849652, 0.7833664637267399, 0.7537449549126906, 0.7260282806805074, 0.6745437273979606, 0.7557064679151736, 0.5775277738580351, 0.5901605810314238, 0.6608874076162954, 0.6753663086631592, 0.7071459329629833, 0.6851019767533958, 0.7985493718231661, 0.9925478661114269, 0.843446583555194, 0.9741788312128388, 0.8248471539543364, 0.9375769822356502, 0.8374647246190288, 0.7052910389437671, 0.8718057718708815, 0.602357611675481, 0.7612008039192273]
BBSR:24.51
ABSR:2.85
max acc:52.35
