======================================
    IID: 0
    Dataset: mnist
    Model: Mnist_CNN
    Model Init: None
    Aggregation Function: DABA
    Fraction NonIID: 0
    Long attack: 5
    Wide attack: 5
    Wide attack: trust
    Threshold reject: 0.5
    Threshold down: 0.0
    Attack method: dba
    Fraction of malicious agents: 13.0%
    Poison Frac: 0.2
    Backdoor From 7 to 2
    Attack Begin: 0
    Trigger Shape: square
    Type poisoning: 
    Trigger Position X: 0
    Trigger Position Y: 0
    Number of agents: 100
    Fraction of agents each turn: 30(30.0%)
    Local batch size: 50
    Local epoch: 3
    Client_LR: 0.01
    Client_Momentum: 0.9
    Global Rounds: 100
======================================
main_task_accuracy=[0, 25.520000457763672, 61.93000030517578, 48.36000061035156, 42.90999984741211, 50.400001525878906, 68.58000183105469, 63.880001068115234, 69.33999633789062, 78.27999877929688, 85.45999908447266, 81.70999908447266, 90.48999786376953, 86.91000366210938, 55.369998931884766, 83.37000274658203, 89.54000091552734, 83.80999755859375, 62.689998626708984, 86.33000183105469, 91.36000061035156, 93.2699966430664, 87.01000213623047, 86.87999725341797, 87.79000091552734, 91.95999908447266, 91.62000274658203, 94.72000122070312, 95.12000274658203, 95.63999938964844, 94.83999633789062, 94.20999908447266, 92.66999816894531, 83.70999908447266, 96.02999877929688, 91.29000091552734, 93.5199966430664, 93.55999755859375, 92.33999633789062, 95.93000030517578, 95.29000091552734, 94.20999908447266, 90.77999877929688, 95.98999786376953, 97.0199966430664, 97.05000305175781, 89.66999816894531, 93.0999984741211, 95.98999786376953, 96.16000366210938, 95.83999633789062, 96.94999694824219, 96.61000061035156, 90.1500015258789, 92.11000061035156, 97.5199966430664, 97.16999816894531, 95.7300033569336, 95.45999908447266, 95.79000091552734, 96.30000305175781, 97.0199966430664, 96.98999786376953, 97.3499984741211, 97.3499984741211, 97.33999633789062, 95.31999969482422, 97.12000274658203, 95.33999633789062, 97.4800033569336, 98.0, 97.0999984741211, 97.48999786376953, 96.41999816894531, 97.29000091552734, 97.41999816894531, 96.27999877929688, 96.66000366210938, 98.08000183105469, 97.76000213623047, 97.05000305175781, 95.95999908447266, 95.30999755859375, 96.1500015258789, 97.69000244140625, 96.83999633789062, 98.05999755859375, 87.45999908447266, 90.5, 90.41999816894531, 94.4800033569336, 97.9000015258789, 98.02999877929688, 97.55000305175781, 97.38999938964844, 97.48999786376953, 97.55000305175781, 98.06999969482422, 98.12999725341797, 94.9000015258789, 97.80000305175781]
backdoor_accuracy=[0, 0.0, 3.8910505836575875, 1.9455252918287937, 0.0, 1.0700389105058365, 0.0, 1.556420233463035, 0.09727626459143969, 0.7782101167315175, 3.7937743190661477, 0.09727626459143969, 8.657587548638132, 1.556420233463035, 0.5836575875486382, 1.7509727626459144, 3.307392996108949, 0.7782101167315175, 0.09727626459143969, 0.5836575875486382, 0.2918287937743191, 5.252918287937743, 0.9727626459143969, 0.5836575875486382, 0.19455252918287938, 12.54863813229572, 0.2918287937743191, 0.48638132295719844, 4.961089494163424, 4.182879377431907, 0.38910505836575876, 2.140077821011673, 3.11284046692607, 0.9727626459143969, 4.182879377431907, 3.21011673151751, 0.48638132295719844, 0.48638132295719844, 4.182879377431907, 4.766536964980545, 3.5992217898832686, 2.237354085603113, 1.1673151750972763, 7.976653696498055, 1.0700389105058365, 1.9455252918287937, 1.0700389105058365, 39.494163424124515, 0.38910505836575876, 0.9727626459143969, 6.906614785992218, 3.21011673151751, 56.1284046692607, 0.09727626459143969, 19.06614785992218, 1.3618677042801557, 28.50194552529183, 0.48638132295719844, 1.7509727626459144, 3.21011673151751, 80.73929961089495, 1.1673151750972763, 59.33852140077821, 3.5992217898832686, 75.77821011673151, 9.24124513618677, 39.59143968871595, 3.6964980544747084, 95.03891050583658, 4.961089494163424, 7.490272373540856, 38.03501945525292, 19.455252918287936, 26.070038910505836, 34.72762645914397, 11.964980544747082, 99.12451361867704, 46.49805447470817, 48.63813229571984, 1.7509727626459144, 97.95719844357977, 43.09338521400778, 99.80544747081711, 0.38910505836575876, 94.26070038910505, 17.898832684824903, 98.63813229571984, 87.64591439688716, 98.92996108949416, 97.27626459143968, 94.16342412451363, 98.34630350194553, 97.08171206225681, 82.58754863813229, 99.22178988326849, 99.61089494163424, 96.10894941634241, 99.70817120622569, 99.80544747081711, 99.90272373540856, 59.33852140077821]
loss_list=[0.40628418725475945, 0.34716449834764057, 0.35680020912421206, 0.18914743392239025, 0.21359653767143175, 0.24411620754089702, 0.1591483960048379, 0.14689725942905082, 0.13088371743825133, 0.13546693061082984, 0.09997581540469233, 0.108739397066983, 0.07771714511204947, 0.10407947853839651, 0.13435743399893066, 0.16771270153536744, 0.07577815842712804, 0.08175925912693414, 0.14780350273517093, 0.12460341721739318, 0.06155924102714304, 0.06977147905339227, 0.08571696864843367, 0.07976742523340974, 0.06808779779633468, 0.06466453514179459, 0.060576164314682844, 0.06998943660829152, 0.05250697786713089, 0.05336386132598712, 0.05102891774255382, 0.06020029005145003, 0.062475529126179784, 0.06402789146396895, 0.04627882258784875, 0.0597146561453147, 0.04466500647879934, 0.04942585490946073, 0.04655482877008161, 0.043558403608365444, 0.05975866249625934, 0.049786103715708345, 0.053084992111556144, 0.04199438003331073, 0.042019374386462395, 0.04151350963962072, 0.047873474137064144, 0.04447666700360149, 0.04932635921467365, 0.04777535549015315, 0.038413699026542264, 0.03436485754599012, 0.041087862077552016, 0.05531507186319528, 0.05439567454413148, 0.04051812322670811, 0.03229740848769149, 0.03636555287209431, 0.04443902733049534, 0.04141315371387773, 0.03280694230875245, 0.04352998037491056, 0.034741471187841835, 0.0372537409266274, 0.03289326566668175, 0.03516383577879691, 0.042917110435327074, 0.03317120180329291, 0.03548175166132773, 0.03084918346479347, 0.030050112647744823, 0.03222859597215584, 0.030714384152725385, 0.029286206450187098, 0.03145805671613251, 0.02977483864322521, 0.03302019563452298, 0.03206372885653877, 0.02617701634992634, 0.03305985189645618, 0.030009385661425005, 0.04073530639731819, 0.034079437756304495, 0.03972265841654736, 0.02863344868620786, 0.03806097889576979, 0.02823409679486196, 0.06867140191195158, 0.05090336932101065, 0.048964955131544516, 0.036038374575656194, 0.028683268344491565, 0.02597750485410665, 0.032578576444316075, 0.02912369847030882, 0.03127942828787838, 0.03006967389101602, 0.025486660410993987, 0.026160632280666604, 0.03603036833984734]
BBSR:6.977907962739458
ABSR:9.06450625605834
max acc:98.13
