======================================
    IID: 0
    Dataset: mnist
    Model: Mnist_CNN
    Model Init: None
    Aggregation Function: flame
    Fraction NonIID: 0
    Long attack: 3
    Wide attack: 3
    Wide attack: trust
    Threshold reject: 0.5
    Threshold down: 0.0
    Attack method: badnet
    Fraction of malicious agents: 20.0%
    Poison Frac: 0.2
    Backdoor From 7 to 2
    Attack Begin: 0
    Trigger Shape: square
    Type poisoning: 
    Trigger Position X: 0
    Trigger Position Y: 0
    Number of agents: 100
    Fraction of agents each turn: 30(30.0%)
    Local batch size: 50
    Local epoch: 3
    Client_LR: 0.01
    Client_Momentum: 0.9
    Global Rounds: 100
    Noise in FLAME: 0.001
proportion of malicious are selected:0.5366666666666666
proportion of benign are selected:0.5704166666666667
======================================
main_task_accuracy=[0, 23.600000381469727, 23.549999237060547, 38.689998626708984, 45.720001220703125, 61.5, 58.099998474121094, 45.36000061035156, 57.06999969482422, 73.22000122070312, 72.51000213623047, 64.36000061035156, 68.8499984741211, 74.69000244140625, 76.66000366210938, 70.77999877929688, 70.95999908447266, 77.26000213623047, 75.52999877929688, 77.01000213623047, 70.04000091552734, 71.80000305175781, 73.38999938964844, 74.2699966430664, 77.9000015258789, 76.63999938964844, 77.51000213623047, 78.37999725341797, 77.68000030517578, 78.3499984741211, 78.20999908447266, 78.38999938964844, 76.04000091552734, 77.6500015258789, 77.91999816894531, 77.0999984741211, 76.08999633789062, 74.61000061035156, 78.0999984741211, 78.66000366210938, 77.83000183105469, 74.56999969482422, 77.73999786376953, 78.61000061035156, 78.76000213623047, 78.98999786376953, 79.26000213623047, 78.16999816894531, 76.38999938964844, 72.19000244140625, 76.66000366210938, 76.93000030517578, 79.1500015258789, 78.0999984741211, 79.41000366210938, 78.86000061035156, 77.87999725341797, 79.62000274658203, 79.55999755859375, 79.16999816894531, 79.41999816894531, 79.37999725341797, 79.56999969482422, 81.37000274658203, 77.11000061035156, 84.81999969482422, 83.62000274658203, 83.69000244140625, 82.83000183105469, 82.8499984741211, 82.1500015258789, 80.4000015258789, 81.02999877929688, 80.11000061035156, 81.19999694824219, 81.69000244140625, 80.43000030517578, 81.37999725341797, 79.88999938964844, 80.41999816894531, 81.0, 80.33999633789062, 80.9000015258789, 80.30000305175781, 80.79000091552734, 80.05000305175781, 80.4000015258789, 80.19000244140625, 80.3499984741211, 80.5999984741211, 80.61000061035156, 80.08999633789062, 79.16999816894531, 79.08999633789062, 78.5999984741211, 86.5199966430664, 86.36000061035156, 85.37999725341797, 84.93000030517578, 84.16999816894531, 83.86000061035156]
backdoor_accuracy=[0, 3.0155642023346303, 0.0, 0.0, 0.0, 0.0, 0.0, 16.731517509727627, 0.38910505836575876, 4.085603112840467, 5.933852140077821, 1.6536964980544746, 37.64591439688716, 2.0428015564202333, 5.447470817120623, 5.058365758754864, 5.739299610894942, 6.42023346303502, 16.342412451361866, 8.365758754863814, 0.8754863813229572, 6.031128404669261, 3.307392996108949, 11.186770428015564, 4.669260700389105, 7.976653696498055, 7.2957198443579765, 11.478599221789883, 19.163424124513618, 12.645914396887159, 12.45136186770428, 13.424124513618677, 4.571984435797665, 2.237354085603113, 7.101167315175097, 3.0155642023346303, 1.8482490272373542, 1.556420233463035, 47.762645914396884, 26.848249027237355, 6.3229571984435795, 5.058365758754864, 75.0, 48.735408560311285, 8.171206225680933, 17.412451361867703, 32.490272373540854, 20.233463035019454, 23.540856031128406, 94.55252918287938, 5.058365758754864, 3.501945525291829, 66.43968871595331, 71.10894941634241, 63.61867704280156, 61.38132295719844, 25.486381322957197, 93.96887159533074, 83.852140077821, 71.59533073929961, 84.8249027237354, 83.65758754863813, 88.13229571984436, 86.67315175097276, 29.669260700389106, 99.70817120622569, 82.00389105058366, 96.98443579766537, 96.01167315175097, 94.06614785992218, 95.8171206225681, 77.82101167315174, 88.42412451361868, 96.20622568093385, 98.63813229571984, 99.31906614785993, 96.40077821011673, 99.31906614785993, 98.5408560311284, 98.83268482490273, 100.0, 99.90272373540856, 99.70817120622569, 99.70817120622569, 99.80544747081711, 99.90272373540856, 100.0, 100.0, 99.90272373540856, 100.0, 100.0, 100.0, 100.0, 100.0, 100.0, 100.0, 100.0, 100.0, 100.0, 100.0, 100.0]
loss_list=[0.4683564385083395, 0.2699365610566344, 0.36398835745320096, 0.2908932802582271, 0.2221274753720875, 0.20758869982230152, 0.23901727759195113, 0.22189746951830663, 0.22264657974984103, 0.16683347641471238, 0.12343139662383094, 0.21940381770809544, 0.1690510435979631, 0.1891470176558204, 0.1646151641245896, 0.16092553241724053, 0.16386638913976354, 0.16131979317469916, 0.13262666948892543, 0.14197404601813932, 0.1470511144712471, 0.15153846132598234, 0.1578809499896704, 0.1522699676262888, 0.09284675134523482, 0.1570961368046124, 0.1634400388796194, 0.1786435288828329, 0.1636197139686392, 0.1387539612487721, 0.10992334300859512, 0.12280385796768181, 0.12248812627514015, 0.15766091882085345, 0.10339349790413885, 0.14673504334714815, 0.06533027084500034, 0.14566220046574432, 0.1493595580057411, 0.1290297741312225, 0.13612227180932185, 0.15391585064885074, 0.1461328847932941, 0.12981815843696892, 0.1114608235851448, 0.12225668171387394, 0.08363232093002614, 0.12861191004476746, 0.16479340856271235, 0.15469729006379207, 0.11941940568181271, 0.1529037973820306, 0.13499938312777177, 0.12499191840115628, 0.10562495726785644, 0.12565998337390957, 0.18567213487090597, 0.1353153905422196, 0.127901243880608, 0.13246953199708567, 0.08995157828666886, 0.16859635449623375, 0.22137215954730488, 0.10112612837962612, 0.11342583879943915, 0.14485842990538397, 0.10877267679649301, 0.09584257474794428, 0.11649386299140528, 0.10182696578462017, 0.0693910496408649, 0.12247223413435439, 0.10843148320085376, 0.11976278321244029, 0.09994857337799616, 0.08849619961661684, 0.11153822566049588, 0.1093873247544291, 0.10165323609710426, 0.10446877415482762, 0.1304625033182219, 0.107400353233333, 0.10174462659943526, 0.12447685334138868, 0.1051664942840558, 0.0900473283181595, 0.09522239368938917, 0.12876029727735863, 0.12914258329167905, 0.06718127546372607, 0.12765065422376592, 0.07959692282117443, 0.11960125845390014, 0.08503161168669558, 0.16536792001782885, 0.10226517275607604, 0.07266137776697884, 0.05964630928172007, 0.09350587158777664, 0.09830618071519433]
BBSR:100.0
ABSR:100.0
max acc:86.52
