======================================
    IID: 1
    Dataset: cifar
    Model: resnet
    Model Init: None
    Aggregation Function: fltrust
    Fraction NonIID: 0
    Long attack: 3
    Wide attack: 3
    Wide attack: trust
    Threshold reject: 0.5
    Threshold down: 0.0
    Attack method: badnet
    Fraction of malicious agents: 30.0%
    Poison Frac: 0.2
    Backdoor From 7 to 2
    Attack Begin: 0
    Trigger Shape: square
    Type poisoning: pgd
    Trigger Position X: 0
    Trigger Position Y: 0
    Number of agents: 100
    Fraction of agents each turn: 30(30.0%)
    Local batch size: 50
    Local epoch: 3
    Client_LR: 0.01
    Client_Momentum: 0.9
    Global Rounds: 100
    Dataset In Server: 200
======================================
main_task_accuracy=[0, 10.460000038146973, 11.510000228881836, 13.09000015258789, 18.739999771118164, 26.709999084472656, 31.959999084472656, 37.630001068115234, 39.75, 44.349998474121094, 47.86000061035156, 45.720001220703125, 49.97999954223633, 49.90999984741211, 55.16999816894531, 53.130001068115234, 50.619998931884766, 53.72999954223633, 54.93000030517578, 54.810001373291016, 54.7400016784668, 58.209999084472656, 58.45000076293945, 60.34000015258789, 61.02000045776367, 61.279998779296875, 61.380001068115234, 61.02000045776367, 56.84000015258789, 58.790000915527344, 58.650001525878906, 58.0, 62.45000076293945, 63.040000915527344, 64.30000305175781, 64.0, 63.25, 63.59000015258789, 62.54999923706055, 63.77000045776367, 64.9000015258789, 64.91000366210938, 65.41000366210938, 66.80000305175781, 66.05000305175781, 64.05999755859375, 65.22000122070312, 66.2699966430664, 67.38999938964844, 67.88999938964844, 68.18000030517578, 67.12999725341797, 68.37999725341797, 67.69999694824219, 68.29000091552734, 67.58999633789062, 68.33000183105469, 68.12000274658203, 69.12000274658203, 67.48999786376953, 67.83000183105469, 68.77999877929688, 68.44999694824219, 69.70999908447266, 68.9000015258789, 69.06999969482422, 68.58000183105469, 68.5, 69.47000122070312, 68.54000091552734, 68.81999969482422, 68.87000274658203, 70.75, 70.33000183105469, 69.45999908447266, 69.8499984741211, 69.77999877929688, 69.62000274658203, 68.76000213623047, 71.18000030517578, 71.19000244140625, 69.56999969482422, 71.01000213623047, 70.70999908447266, 69.91000366210938, 70.26000213623047, 70.33000183105469, 70.75, 70.02999877929688, 71.16000366210938, 70.7699966430664, 69.80000305175781, 71.44000244140625, 70.08999633789062, 69.83999633789062, 70.18000030517578, 71.22000122070312, 71.13999938964844, 72.1500015258789, 70.75, 72.29000091552734]
backdoor_accuracy=[0, 95.5, 13.7, 14.7, 11.6, 11.5, 7.3, 4.1, 5.9, 3.3, 2.6, 4.7, 4.3, 9.9, 5.6, 8.0, 0.4, 2.1, 10.5, 14.6, 12.7, 5.1, 7.8, 6.9, 7.3, 4.8, 4.8, 5.4, 2.0, 3.7, 3.9, 5.0, 3.0, 3.9, 6.2, 6.5, 3.1, 2.5, 3.0, 8.1, 5.4, 5.1, 4.5, 3.3, 2.9, 2.4, 4.0, 3.7, 3.5, 2.7, 4.6, 4.3, 4.3, 3.2, 4.9, 3.6, 5.9, 3.4, 3.7, 2.2, 4.3, 3.3, 2.8, 4.1, 3.9, 3.2, 3.5, 2.1, 3.1, 2.3, 4.2, 3.0, 5.1, 3.6, 2.7, 3.3, 4.7, 2.3, 2.8, 3.7, 2.9, 3.1, 2.7, 3.9, 2.7, 3.1, 2.3, 4.2, 2.2, 3.2, 3.9, 1.5, 4.0, 1.4, 1.2, 1.2, 3.5, 2.1, 0.9, 0.7, 2.9]
loss_list=[1.9656800429026287, 1.536612890230285, 1.2217767771085102, 1.069785252213478, 0.9765771544641919, 0.9057034710711903, 0.8500626215255924, 0.7829652893543242, 0.750397715601656, 0.8011497746666686, 1.2116217076612843, 0.8066238313186395, 1.0417402753233909, 0.739397118710654, 0.7460225877191662, 0.6441693116946975, 0.8521885339832969, 0.6347540004792004, 0.670511378017901, 0.6189140064890186, 0.578029304337429, 0.6610156774313913, 0.525138076719595, 0.5889619067564813, 0.5045970808479211, 0.5891802509004871, 0.5337792201609248, 0.5057660413347185, 0.5293824433794039, 0.6117468296488126, 0.5297113568584123, 0.44344644734351385, 0.5385214945549767, 0.40101161718355605, 0.5016929424119493, 0.4312412124716987, 0.45396880952330937, 0.4843018041809814, 0.4570483378605503, 0.5669470822686951, 0.389416666354001, 0.3933674886562706, 0.4890985011826787, 0.38430942502364324, 0.4020430618038194, 0.43305885869932054, 0.5283594927088254, 0.38785778919868696, 0.43504570300425677, 0.3389030682562023, 0.4111863254851455, 0.31438646992112307, 0.34739343696260927, 0.3273641058428782, 0.3756928145071852, 0.3039510530768893, 0.2939310442078083, 0.33078156307249135, 0.3187208937192594, 0.30304068024878184, 0.30317877851197006, 0.30788528503125734, 0.33894738525579066, 0.3215812626162854, 0.23987596653990403, 0.3528962676280126, 0.2952935415428753, 0.254839028792598, 0.2698804125700069, 0.2518092707014229, 0.22017216943909362, 0.2618688203901466, 0.23414979410435377, 0.2261372322884725, 0.21560961345456436, 0.2370387994146181, 0.19734098527017827, 0.22445242202724333, 0.2625276904837099, 0.16718143811785718, 0.19903693056050945, 0.1908857179006251, 0.16739407447797322, 0.13679455183220046, 0.21174238990672167, 0.1515110131877656, 0.16252015203916625, 0.1655325347782087, 0.12992561388709065, 0.13361080871212633, 0.1772993661540871, 0.13239745666476666, 0.16085005279520476, 0.11563568342273355, 0.13050108125116416, 0.1435422130483656, 0.09277842079906908, 0.09098136604436961, 0.12275457985265852, 0.11278275105630103]
BBSR:4.0
ABSR:1.94
max acc:72.29
