======================================
    IID: 0
    Dataset: fashion_mnist
    Model: Mnist_CNN
    Model Init: None
    Aggregation Function: krum
    Fraction NonIID: 0
    Long attack: 3
    Wide attack: 3
    Wide attack: trust
    Threshold reject: 0.5
    Threshold down: 0.0
    Attack method: badnet
    Fraction of malicious agents: 30.0%
    Poison Frac: 0.2
    Backdoor From 7 to 2
    Attack Begin: 0
    Trigger Shape: square
    Type poisoning: pgd
    Trigger Position X: 0
    Trigger Position Y: 0
    Number of agents: 100
    Fraction of agents each turn: 30(30.0%)
    Local batch size: 50
    Local epoch: 3
    Client_LR: 0.01
    Client_Momentum: 0.9
    Global Rounds: 100
    Proportion of malicious are selected: 0.41
    Average score of malicious clients: 1104.462158203125
    Average score of benign clients: 297.44622802734375
======================================
main_task_accuracy=[0, 59.79999923706055, 71.23999786376953, 67.77999877929688, 74.08999633789062, 75.22000122070312, 72.70999908447266, 72.33000183105469, 77.0199966430664, 78.20999908447266, 75.5999984741211, 74.5999984741211, 77.08000183105469, 79.30000305175781, 77.9800033569336, 78.73999786376953, 78.76000213623047, 79.8499984741211, 76.11000061035156, 80.80999755859375, 81.54000091552734, 79.05999755859375, 80.41999816894531, 81.72000122070312, 80.80000305175781, 81.95999908447266, 81.36000061035156, 81.58000183105469, 82.72000122070312, 83.12000274658203, 81.81999969482422, 82.0999984741211, 81.83000183105469, 81.63999938964844, 81.2699966430664, 81.75, 83.58000183105469, 83.58000183105469, 79.95999908447266, 82.5199966430664, 82.5199966430664, 82.38999938964844, 81.19999694824219, 82.80999755859375, 82.29000091552734, 82.62000274658203, 82.97000122070312, 83.23999786376953, 83.7300033569336, 83.87999725341797, 83.4800033569336, 83.41000366210938, 82.83000183105469, 83.18000030517578, 81.6500015258789, 83.94999694824219, 84.16999816894531, 84.33999633789062, 82.52999877929688, 84.19000244140625, 84.1500015258789, 83.58000183105469, 83.66000366210938, 83.05999755859375, 83.52999877929688, 83.58999633789062, 84.36000061035156, 84.08000183105469, 83.91000366210938, 84.16000366210938, 84.2300033569336, 83.91999816894531, 83.29000091552734, 84.5199966430664, 84.16999816894531, 83.69999694824219, 84.7300033569336, 85.3499984741211, 82.91000366210938, 84.4000015258789, 84.41000366210938, 84.54000091552734, 84.18000030517578, 85.2300033569336, 84.80999755859375, 83.70999908447266, 85.30999755859375, 83.93000030517578, 84.63999938964844, 84.7699966430664, 84.66999816894531, 84.30999755859375, 85.38999938964844, 85.25, 84.19000244140625, 84.29000091552734, 84.47000122070312, 85.54000091552734, 84.13999938964844, 84.80999755859375, 85.30999755859375]
backdoor_accuracy=[0, 0.0, 0.0, 0.0, 0.0, 93.4, 99.3, 79.9, 99.9, 100.0, 99.4, 94.8, 97.7, 99.5, 98.2, 99.6, 99.9, 99.9, 99.9, 99.7, 100.0, 99.8, 99.8, 100.0, 99.8, 99.7, 99.9, 99.7, 100.0, 100.0, 99.8, 99.8, 99.5, 99.7, 99.6, 99.5, 99.8, 99.9, 99.5, 100.0, 100.0, 100.0, 100.0, 99.9, 100.0, 99.9, 99.8, 99.9, 100.0, 99.8, 99.9, 100.0, 100.0, 100.0, 99.9, 100.0, 100.0, 99.9, 100.0, 100.0, 100.0, 100.0, 100.0, 100.0, 100.0, 99.9, 100.0, 100.0, 100.0, 100.0, 100.0, 100.0, 100.0, 100.0, 100.0, 100.0, 100.0, 100.0, 100.0, 100.0, 100.0, 100.0, 100.0, 100.0, 100.0, 100.0, 100.0, 100.0, 100.0, 100.0, 100.0, 100.0, 100.0, 100.0, 100.0, 100.0, 100.0, 100.0, 100.0, 100.0, 100.0]
loss_list=[1.3498892007602583, 0.8642225995935776, 0.7030592548764415, 0.6400561213769295, 0.606207734912082, 0.5295292343116468, 0.5599060083566992, 0.5141098081030778, 0.5057348497970788, 0.5110967023367131, 0.48699591802778064, 0.5081997707279191, 0.4894624988444979, 0.47321942755607543, 0.4756579915234061, 0.519418963679561, 0.4641710128842128, 0.48048739751317987, 0.4692220510432013, 0.4569160346976585, 0.4784352639965989, 0.4663704801350832, 0.43022127733048443, 0.4087842280252112, 0.4495836701761518, 0.42981706739023884, 0.4341739008617071, 0.4126619723108079, 0.4148215093649924, 0.43747651404873633, 0.424695431375531, 0.4665825532956255, 0.423868064775511, 0.4238956578662274, 0.44131257182884, 0.4001710258251814, 0.4105377371923102, 0.43971051257103677, 0.44846415745991247, 0.40874675366234164, 0.40941091987252654, 0.4186543681796777, 0.4446162826795545, 0.4041095019844189, 0.4211430207446769, 0.4235557096941328, 0.40384434467457514, 0.39843671826162824, 0.42224432011307383, 0.4341150913973926, 0.42291764280741545, 0.4313296084391401, 0.44842529318605867, 0.4351652586039293, 0.3528445467318374, 0.39502203544209447, 0.3855848261241422, 0.41201171937346864, 0.40173252132824727, 0.4221724112362912, 0.3780144982022681, 0.4109952825432021, 0.4248931302119875, 0.4617210925056564, 0.44925577007923956, 0.38829559452003903, 0.36549636457542267, 0.4111100834871953, 0.40021041304237404, 0.3943629559698618, 0.430999535832692, 0.36277191477517295, 0.3687601352024272, 0.3975964764697926, 0.4367393220602363, 0.38560622398120664, 0.4092519414632449, 0.41482073320679497, 0.40643698104691733, 0.3926300687870631, 0.37947270351427564, 0.408493832791983, 0.34364657430236967, 0.3891082415059726, 0.396162266149703, 0.34630430294028314, 0.3637213841649808, 0.4126653172834603, 0.36269704120026697, 0.39289843761362137, 0.3676133910616584, 0.34367753841345094, 0.35803595068217764, 0.3932398986278309, 0.3575861373582113, 0.3856988523085386, 0.35941146174273275, 0.35113450158042486, 0.3641075888752109, 0.39962114240042873]
BBSR:100.0
ABSR:100.0
max acc:85.54
