======================================
    IID: 0
    Dataset: mnist
    Model: Mnist_CNN
    Model Init: None
    Aggregation Function: fltrust
    Fraction NonIID: 0
    Long attack: 3
    Wide attack: 3
    Wide attack: trust
    Threshold reject: 0.5
    Threshold down: 0.0
    Attack method: dba
    Fraction of malicious agents: 13.0%
    Poison Frac: 0.2
    Backdoor From 7 to 2
    Attack Begin: 0
    Trigger Shape: square
    Type poisoning: 
    Trigger Position X: 0
    Trigger Position Y: 0
    Number of agents: 100
    Fraction of agents each turn: 30(30.0%)
    Local batch size: 50
    Local epoch: 3
    Client_LR: 0.01
    Client_Momentum: 0.9
    Global Rounds: 100
    Dataset In Server: 200
======================================
main_task_accuracy=[0, 33.630001068115234, 29.8700008392334, 48.34000015258789, 69.41000366210938, 55.40999984741211, 55.11000061035156, 72.12000274658203, 68.4800033569336, 77.95999908447266, 80.31999969482422, 78.37999725341797, 79.76000213623047, 75.26000213623047, 88.66999816894531, 75.76000213623047, 82.88999938964844, 87.58000183105469, 88.58000183105469, 85.02999877929688, 90.58999633789062, 88.08000183105469, 82.77999877929688, 86.41000366210938, 91.5199966430664, 89.69000244140625, 89.05000305175781, 92.55999755859375, 92.33999633789062, 92.5999984741211, 90.05999755859375, 94.2699966430664, 87.16999816894531, 93.83999633789062, 92.01000213623047, 95.16999816894531, 92.7300033569336, 92.8499984741211, 92.93000030517578, 92.87999725341797, 94.8499984741211, 94.9800033569336, 91.44000244140625, 96.18000030517578, 92.66999816894531, 95.58999633789062, 87.69999694824219, 95.06999969482422, 94.51000213623047, 94.26000213623047, 95.41000366210938, 94.58000183105469, 95.38999938964844, 93.45999908447266, 95.56999969482422, 95.62000274658203, 96.63999938964844, 94.23999786376953, 96.79000091552734, 94.80000305175781, 94.55000305175781, 95.06999969482422, 94.12999725341797, 96.2300033569336, 96.3499984741211, 94.36000061035156, 96.87999725341797, 96.30000305175781, 96.55000305175781, 95.97000122070312, 96.56999969482422, 96.62999725341797, 95.11000061035156, 97.05999755859375, 95.87999725341797, 97.0199966430664, 96.66999816894531, 96.05000305175781, 96.95999908447266, 96.5999984741211, 97.0, 94.29000091552734, 96.55999755859375, 97.2699966430664, 97.41000366210938, 96.66000366210938, 97.27999877929688, 97.0199966430664, 96.77999877929688, 97.3499984741211, 97.12000274658203, 96.93000030517578, 97.54000091552734, 96.97000122070312, 97.69000244140625, 98.02999877929688, 96.98999786376953, 97.41999816894531, 95.93000030517578, 97.54000091552734, 97.0999984741211]
backdoor_accuracy=[0, 0.0, 0.0, 4.571984435797665, 5.447470817120623, 0.38910505836575876, 1.6536964980544746, 2.3346303501945527, 2.821011673151751, 0.38910505836575876, 0.9727626459143969, 1.8482490272373542, 12.256809338521402, 0.9727626459143969, 5.933852140077821, 0.8754863813229572, 10.894941634241246, 1.0700389105058365, 6.809338521400778, 0.9727626459143969, 4.280155642023346, 3.9883268482490273, 3.21011673151751, 1.556420233463035, 6.031128404669261, 1.264591439688716, 14.688715953307392, 1.556420233463035, 4.863813229571984, 1.556420233463035, 8.852140077821012, 2.6264591439688716, 1.6536964980544746, 6.906614785992218, 1.4591439688715953, 3.307392996108949, 2.9182879377431905, 1.7509727626459144, 6.128404669260701, 1.0700389105058365, 6.3229571984435795, 2.0428015564202333, 7.490272373540856, 5.058365758754864, 3.5992217898832686, 4.182879377431907, 2.431906614785992, 4.377431906614786, 3.307392996108949, 1.7509727626459144, 5.836575875486381, 1.556420233463035, 3.9883268482490273, 2.7237354085603114, 3.0155642023346303, 2.237354085603113, 4.085603112840467, 2.237354085603113, 3.21011673151751, 7.587548638132295, 1.1673151750972763, 4.961089494163424, 1.0700389105058365, 2.237354085603113, 4.669260700389105, 1.3618677042801557, 3.404669260700389, 2.431906614785992, 2.431906614785992, 11.770428015564203, 3.5992217898832686, 2.529182879377432, 2.821011673151751, 4.182879377431907, 1.7509727626459144, 2.529182879377432, 2.529182879377432, 9.14396887159533, 2.140077821011673, 4.377431906614786, 4.766536964980545, 6.031128404669261, 3.7937743190661477, 5.252918287937743, 3.6964980544747084, 2.0428015564202333, 11.284046692607005, 1.7509727626459144, 4.085603112840467, 6.3229571984435795, 4.377431906614786, 4.280155642023346, 5.058365758754864, 3.501945525291829, 7.2957198443579765, 2.6264591439688716, 3.0155642023346303, 2.0428015564202333, 3.8910505836575875, 3.0155642023346303, 4.280155642023346]
loss_list=[0.5108684117891328, 0.4108805809432922, 0.2594916874730494, 0.231369274538424, 0.19780459875062567, 0.19380632648255636, 0.19436666307491707, 0.16958549559195693, 0.1647094585041295, 0.14937840652708384, 0.12877241890758537, 0.1235410547877165, 0.11859557971371962, 0.11326722944478256, 0.12841590998956087, 0.08038356580691122, 0.10204501122681452, 0.1123619599779073, 0.10268829882608362, 0.09573953015851584, 0.09779275905830793, 0.08971455779332575, 0.07438467881994436, 0.09228123847683994, 0.08184116508781539, 0.09052907619499487, 0.08867497715175546, 0.07170112823076263, 0.061504193342790704, 0.06963739354597669, 0.07251661596472724, 0.06585255513712036, 0.05703030994308584, 0.06431363819940521, 0.0703010610003009, 0.061295733206946604, 0.057188382702862854, 0.050118009623067825, 0.0549765162879075, 0.0641184650594291, 0.058112512147920195, 0.045197781403605516, 0.06664757410403192, 0.04254644614771851, 0.05336489315718795, 0.052855892251956534, 0.05114616405118233, 0.04096445679598246, 0.054812387351266846, 0.058767735907994154, 0.04919370279657826, 0.045743417483815156, 0.04367111381983767, 0.051639716690302005, 0.038717001039952015, 0.046126153634136406, 0.038569586915953115, 0.05059515729168664, 0.04275287188000242, 0.04161558739488146, 0.03693506603474973, 0.053327725095831766, 0.04479584500473345, 0.037956604899481654, 0.03325869332338951, 0.047831001742500004, 0.04476534625877266, 0.045414415043886686, 0.040614970493314285, 0.03586322911760551, 0.04521169143475135, 0.034978662633932144, 0.04134381186819349, 0.02942891114388115, 0.032220844280940145, 0.03070063340748154, 0.03643253949741588, 0.0355317553256052, 0.029818937309071997, 0.04239588676236377, 0.030060502242385375, 0.03495479790926592, 0.033122137943579294, 0.03644690869293362, 0.03601706680575068, 0.03249565048102123, 0.02960403131052637, 0.03353392384629727, 0.03565231783892575, 0.0273655769687064, 0.027609182690838948, 0.029106343358887753, 0.03287039432101673, 0.03652733399986776, 0.03158964963577679, 0.026317331736151583, 0.033040635706022836, 0.03409892804608889, 0.03613879172495079, 0.03156456315021484]
BBSR:7.3
ABSR:3.9
max acc:98.03
