======================================
    IID: 1
    Dataset: cifar
    Model: resnet
    Model Init: None
    Aggregation Function: avg
    Fraction NonIID: 0
    Long attack: 3
    Wide attack: 3
    Wide attack: trust
    Threshold reject: 0.5
    Threshold down: 0.0
    Attack method: dba
    Fraction of malicious agents: 13.0%
    Poison Frac: 0.2
    Backdoor From 7 to 2
    Attack Begin: 0
    Trigger Shape: square
    Type poisoning: 
    Trigger Position X: 0
    Trigger Position Y: 0
    Number of agents: 100
    Fraction of agents each turn: 30(30.0%)
    Local batch size: 50
    Local epoch: 3
    Client_LR: 0.01
    Client_Momentum: 0.9
    Global Rounds: 100
======================================
main_task_accuracy=[0, 10.5, 28.399999618530273, 44.34000015258789, 45.189998626708984, 51.040000915527344, 55.119998931884766, 57.040000915527344, 60.68000030517578, 61.459999084472656, 62.54999923706055, 63.65999984741211, 64.36000061035156, 64.55000305175781, 65.16999816894531, 65.05000305175781, 65.97000122070312, 66.4000015258789, 66.95999908447266, 67.13999938964844, 67.77999877929688, 67.4000015258789, 70.05999755859375, 67.70999908447266, 69.22000122070312, 70.45999908447266, 69.04000091552734, 70.47000122070312, 70.27999877929688, 70.77999877929688, 70.58000183105469, 71.01000213623047, 71.45999908447266, 72.05999755859375, 71.91999816894531, 72.23999786376953, 72.73999786376953, 72.72000122070312, 72.94000244140625, 72.68000030517578, 72.77999877929688, 72.88999938964844, 73.11000061035156, 72.93000030517578, 73.5, 73.05999755859375, 72.97000122070312, 73.37999725341797, 73.4000015258789, 73.0199966430664, 73.16000366210938, 73.04000091552734, 73.12000274658203, 73.27999877929688, 73.2300033569336, 73.2300033569336, 73.48999786376953, 73.37000274658203, 73.20999908447266, 73.16999816894531, 73.05999755859375, 73.12000274658203, 73.08999633789062, 73.08000183105469, 73.16000366210938, 73.04000091552734, 73.0199966430664, 73.05999755859375, 72.87000274658203, 73.02999877929688, 72.75, 72.86000061035156, 72.87000274658203, 72.81999969482422, 72.8499984741211, 72.91000366210938, 72.70999908447266, 72.7300033569336, 72.7300033569336, 72.75, 72.62000274658203, 72.63999938964844, 72.69999694824219, 72.69000244140625, 72.52999877929688, 72.61000061035156, 72.5999984741211, 72.68000030517578, 72.5999984741211, 72.5999984741211, 72.62999725341797, 72.58000183105469, 72.69999694824219, 72.58000183105469, 72.27999877929688, 72.4800033569336, 72.4800033569336, 72.33999633789062, 72.48999786376953, 72.41999816894531, 72.61000061035156]
backdoor_accuracy=[0, 0.2, 2.2, 5.0, 4.2, 5.6, 5.8, 5.2, 5.8, 4.3, 2.0, 4.4, 2.4, 3.2, 4.6, 2.1, 2.7, 3.6, 2.6, 2.0, 2.6, 2.2, 1.9, 2.1, 1.2, 1.6, 2.4, 2.6, 3.0, 1.8, 1.5, 1.9, 1.6, 2.5, 2.3, 1.8, 2.8, 3.6, 2.9, 2.6, 2.8, 3.4, 3.6, 4.7, 3.3, 4.5, 4.0, 3.5, 4.8, 3.6, 3.7, 4.2, 4.3, 3.7, 3.8, 3.4, 3.9, 4.4, 5.0, 4.4, 4.4, 4.1, 4.4, 4.2, 4.8, 4.4, 4.6, 4.4, 4.6, 5.2, 4.3, 4.2, 4.5, 4.2, 4.3, 4.1, 4.0, 4.1, 4.4, 4.6, 4.6, 4.5, 4.5, 4.3, 4.3, 4.7, 4.5, 4.0, 4.5, 4.4, 4.3, 4.2, 4.2, 4.2, 4.3, 4.1, 4.1, 4.1, 4.3, 4.3, 4.2]
loss_list=[1.9421367249223922, 1.4685743202103505, 1.08138215392828, 0.9316508954101136, 0.733445632925464, 0.6570419494973289, 0.6090855676970549, 0.5288764587955341, 0.49916053358051526, 0.4540442703167597, 0.47101858391323026, 0.4017501960922447, 0.3745994979391496, 0.3607812091480526, 0.34705279747748535, 0.33212686570775174, 0.316053106835526, 0.31259000030863615, 0.291868270322577, 0.28032978802557207, 0.29717482665967615, 0.19552691586056928, 0.21488559081270875, 0.21281736216559596, 0.21694123423710052, 0.2313162126785351, 0.19257105308093334, 0.182399069392381, 0.17557215923521047, 0.13887279072970457, 0.14296625307605915, 0.12963982540163366, 0.1162772988002204, 0.08091908444042524, 0.11270023304050687, 0.05573772244038992, 0.10905118773135149, 0.03702329044527787, 0.07601820718108988, 0.06441332855472055, 0.05503220627967189, 0.03608053576408161, 0.05305102229212128, 0.05066521313329252, 0.0171945970269735, 0.03217413555898627, 0.02206598842189932, 0.010562293213539915, 0.009510651945957864, 0.010322827973609998, 0.016128154091889477, 0.025079520427841794, 0.009996183269055712, 0.01314690176135628, 0.005564274410474658, 0.019690981574806053, 0.0070541227235096605, 0.00799460097144927, 0.005247215973569029, 0.004387757491834539, 0.0068932435111977, 0.004099072966863686, 0.0021294988703933395, 0.010634322625103075, 0.002661554437315013, 0.004302493447709518, 0.002282462298026076, 0.001613737150797129, 0.009295268569937131, 0.0019828576103544855, 0.003741746122444359, 0.0014149628646555356, 0.0016235976937524457, 0.001276671200313204, 0.002961877406366208, 0.002668897301151042, 0.0011004511140506816, 0.00112897801473284, 0.0021027053037202376, 0.0009567680911762485, 0.0013542634860641554, 0.0009075594744596551, 0.0010190183819860168, 0.0011391759415386737, 0.0017815728570389588, 0.0010682964941386471, 0.0013555227908606563, 0.0008494511001077221, 0.0007612394743692776, 0.0007679258725935749, 0.0008442970505550168, 0.0020901662209022722, 0.0007345339325547683, 0.0011806037748707848, 0.0007726329331651668, 0.0007512204584216104, 0.0006470414161675661, 0.0006723400840322331, 0.0006257261800621766, 0.0006705224033228457]
BBSR:54.878109912806046
ABSR:57.82695414720464
max acc:72.7
