======================================
    IID: 0
    Dataset: mnist
    Model: Mnist_CNN
    Model Init: None
    Aggregation Function: krum
    Fraction NonIID: 0
    Long attack: 3
    Wide attack: 3
    Wide attack: trust
    Threshold reject: 0.5
    Threshold down: 0.0
    Attack method: badnet
    Fraction of malicious agents: 20.0%
    Poison Frac: 0.2
    Backdoor From 7 to 2
    Attack Begin: 0
    Trigger Shape: square
    Type poisoning: 
    Trigger Position X: 0
    Trigger Position Y: 0
    Number of agents: 100
    Fraction of agents each turn: 30(30.0%)
    Local batch size: 50
    Local epoch: 3
    Client_LR: 0.01
    Client_Momentum: 0.9
    Global Rounds: 100
    Proportion of malicious are selected: 0.05
    Average score of malicious clients: 1810.9759521484375
    Average score of benign clients: 816.1187744140625
======================================
main_task_accuracy=[0, 29.079999923706055, 21.350000381469727, 17.3700008392334, 14.550000190734863, 11.84000015258789, 9.899999618530273, 20.739999771118164, 13.520000457763672, 19.440000534057617, 14.619999885559082, 17.81999969482422, 18.3700008392334, 11.720000267028809, 18.8700008392334, 27.559999465942383, 19.68000030517578, 19.84000015258789, 10.279999732971191, 19.760000228881836, 10.770000457763672, 21.09000015258789, 21.270000457763672, 21.3700008392334, 21.479999542236328, 27.979999542236328, 26.530000686645508, 28.790000915527344, 20.049999237060547, 21.389999389648438, 29.709999084472656, 30.15999984741211, 37.689998626708984, 26.290000915527344, 25.770000457763672, 37.56999969482422, 31.780000686645508, 37.209999084472656, 27.969999313354492, 27.829999923706055, 39.20000076293945, 27.3799991607666, 38.22999954223633, 37.400001525878906, 42.650001525878906, 35.41999816894531, 42.45000076293945, 37.790000915527344, 36.959999084472656, 26.68000030517578, 24.729999542236328, 24.149999618530273, 23.469999313354492, 25.75, 25.059999465942383, 38.52000045776367, 34.939998626708984, 33.9900016784668, 33.34000015258789, 42.459999084472656, 47.529998779296875, 42.75, 46.150001525878906, 42.2400016784668, 40.029998779296875, 42.689998626708984, 35.2400016784668, 32.349998474121094, 31.6200008392334, 46.310001373291016, 43.86000061035156, 41.36000061035156, 40.959999084472656, 40.59000015258789, 39.70000076293945, 39.689998626708984, 37.93000030517578, 38.15999984741211, 31.1299991607666, 44.380001068115234, 40.34000015258789, 44.900001525878906, 44.52000045776367, 44.40999984741211, 44.040000915527344, 43.93000030517578, 43.310001373291016, 43.290000915527344, 41.68000030517578, 43.56999969482422, 43.27000045776367, 35.150001525878906, 32.290000915527344, 35.630001068115234, 43.65999984741211, 43.20000076293945, 42.54999923706055, 41.70000076293945, 41.08000183105469, 37.529998779296875, 39.95000076293945]
backdoor_accuracy=[0, 0.0, 0.0, 0.0, 0.0, 0.0, 0.0, 0.0, 0.0, 0.0, 0.0, 0.0, 0.0, 0.0, 0.0, 0.0, 100.0, 100.0, 100.0, 100.0, 0.0, 0.0, 0.0, 0.0, 0.0, 0.0, 1.264591439688716, 0.0, 0.0, 0.0, 0.0, 0.0, 0.0, 0.0, 0.0, 0.0, 0.0, 0.0, 0.0, 0.0, 0.0, 0.0, 0.0, 100.0, 100.0, 46.88715953307393, 100.0, 4.766536964980545, 0.0, 0.0, 0.0, 0.0, 0.0, 0.0, 0.0, 100.0, 100.0, 99.90272373540856, 96.98443579766537, 100.0, 3.7937743190661477, 0.19455252918287938, 42.509727626459146, 6.809338521400778, 0.0, 0.0, 0.0, 0.0, 0.0, 0.0, 0.0, 0.0, 0.0, 0.0, 0.0, 0.0, 0.0, 0.0, 0.0, 0.0, 0.0, 0.0, 0.0, 0.0, 0.0, 0.0, 0.0, 0.0, 0.0, 0.0, 0.0, 0.0, 0.0, 0.0, 0.0, 0.0, 0.0, 0.0, 0.0, 0.0, 0.0]
loss_list=[0.5135172201255993, 0.5910341992541922, 0.8638536139330184, 1.1263390649340146, 1.3550658510600522, 1.6162541004210738, 1.715027859372912, 1.1526060363044297, 1.5299510798159086, 1.2854324513043907, 1.4591764380006242, 1.2680373105936233, 1.2301857284832673, 1.2429528565051766, 1.4072179144340662, 0.9736720576286472, 0.7837389465328464, 0.7319247640030431, 1.1858414788029572, 1.059662845743325, 1.4495171946413057, 1.0997316221103126, 1.1952252714548988, 1.091586724572128, 1.1406716507225352, 1.0994796662401378, 0.9195258429386605, 1.0042151793246503, 1.0693137350538096, 0.9570318602994557, 0.6352258133553755, 0.7794843408605779, 0.9283536347698558, 0.9986461222707825, 0.9354436783425343, 0.6888788438306904, 0.9018667123767561, 0.944597949943195, 0.9630235854624516, 0.92031573901149, 0.991953931673526, 0.8777966429518107, 0.9938768221757078, 0.9044626217413748, 0.8115429878196868, 0.8633704020324398, 0.9551024158194195, 0.8219139754527874, 0.879117714286312, 0.9137785281747204, 0.8502921825260135, 0.8872721603552236, 0.8216498254811894, 1.0540037036249388, 1.0046721090548985, 0.8819537190037985, 0.7448665276920716, 0.8849025081450907, 0.8424401977842496, 0.7359101994292091, 0.883939036186998, 0.7599781355908874, 0.7063841119891171, 0.9535300188860069, 0.7423136190359775, 0.817809505790107, 0.7018712828559249, 0.7832087571077155, 0.754413234887016, 0.7703990134741111, 0.7187225879366436, 0.709434645929788, 0.6708661224940137, 0.6587228510193949, 0.7540076324555753, 0.9536242840272044, 0.8288655690023798, 0.9991539601547684, 1.0287049841030522, 0.8601719206182747, 0.7002163819356189, 0.7385296606316019, 0.9472675774905837, 0.7788630755537638, 0.6776951925540099, 0.7536114282866505, 0.8189254475273223, 0.9203048087503729, 0.7761575498662469, 0.7245663934623348, 0.8240214387074215, 0.9185496764386761, 0.7790365210851521, 0.9251194652858834, 0.9369892205736878, 0.9335418718890582, 0.8620778727259608, 0.6623666754036566, 0.9274410778589771, 0.8160347697189799]
BBSR:0.0
ABSR:0.0
max acc:43.66
