======================================
    IID: 0
    Dataset: mnist
    Model: Mnist_CNN
    Model Init: None
    Aggregation Function: flame
    Fraction NonIID: 0
    Long attack: 3
    Wide attack: 3
    Wide attack: trust
    Threshold reject: 0.5
    Threshold down: 0.0
    Attack method: dba
    Fraction of malicious agents: 13.0%
    Poison Frac: 0.2
    Backdoor From 7 to 2
    Attack Begin: 0
    Trigger Shape: square
    Type poisoning: 
    Trigger Position X: 0
    Trigger Position Y: 0
    Number of agents: 100
    Fraction of agents each turn: 30(30.0%)
    Local batch size: 50
    Local epoch: 3
    Client_LR: 0.01
    Client_Momentum: 0.9
    Global Rounds: 100
    Noise in FLAME: 0.001
proportion of malicious are selected:0.5633333333333334
proportion of benign are selected:0.5577777777777778
======================================
main_task_accuracy=[0, 36.58000183105469, 27.969999313354492, 52.63999938964844, 54.029998779296875, 62.68000030517578, 55.529998779296875, 55.959999084472656, 66.72000122070312, 68.2699966430664, 73.26000213623047, 73.19999694824219, 72.58999633789062, 72.30999755859375, 75.7300033569336, 71.7300033569336, 70.33999633789062, 76.38999938964844, 75.5999984741211, 73.88999938964844, 72.26000213623047, 76.38999938964844, 76.41000366210938, 77.16999816894531, 74.98999786376953, 77.20999908447266, 76.16999816894531, 76.69999694824219, 71.41999816894531, 68.77999877929688, 76.23999786376953, 77.30000305175781, 77.94000244140625, 77.86000061035156, 77.45999908447266, 76.61000061035156, 77.02999877929688, 77.7699966430664, 78.02999877929688, 78.12999725341797, 77.68000030517578, 75.68000030517578, 77.44000244140625, 76.98999786376953, 78.45999908447266, 78.08000183105469, 77.62999725341797, 77.47000122070312, 77.44999694824219, 77.7699966430664, 78.20999908447266, 78.38999938964844, 78.33000183105469, 77.97000122070312, 77.26000213623047, 78.44999694824219, 78.3499984741211, 77.66999816894531, 78.19000244140625, 78.27999877929688, 77.70999908447266, 77.2699966430664, 77.5, 78.22000122070312, 77.9000015258789, 78.47000122070312, 77.54000091552734, 77.52999877929688, 78.29000091552734, 78.5199966430664, 78.36000061035156, 77.94000244140625, 78.5199966430664, 78.66999816894531, 78.48999786376953, 78.4800033569336, 78.05999755859375, 78.41999816894531, 78.30999755859375, 78.27999877929688, 78.36000061035156, 78.6500015258789, 78.25, 78.73999786376953, 78.80999755859375, 78.55999755859375, 78.5, 78.5, 78.6500015258789, 78.68000030517578, 78.81999969482422, 78.5999984741211, 78.93000030517578, 78.5, 78.77999877929688, 78.80000305175781, 78.73999786376953, 78.73999786376953, 78.4000015258789, 78.80999755859375, 78.41000366210938]
backdoor_accuracy=[0, 0.0, 0.0, 0.0, 0.0, 0.0, 0.0, 0.0, 0.0, 0.0, 0.0, 0.0, 0.0, 0.0, 0.0, 0.0, 0.0, 0.0, 0.0, 0.0, 0.0, 0.0, 0.0, 0.0, 0.0, 0.0, 0.0, 0.0, 0.19455252918287938, 8.073929961089494, 6.906614785992218, 2.237354085603113, 2.431906614785992, 6.906614785992218, 2.9182879377431905, 3.307392996108949, 25.19455252918288, 39.88326848249027, 11.186770428015564, 13.910505836575876, 8.560311284046692, 25.486381322957197, 95.91439688715953, 26.945525291828794, 51.070038910505836, 49.02723735408561, 68.28793774319067, 35.21400778210117, 98.92996108949416, 79.86381322957199, 98.15175097276264, 96.40077821011673, 79.47470817120623, 77.43190661478599, 97.17898832684826, 99.80544747081711, 99.41634241245136, 98.24902723735408, 93.8715953307393, 99.70817120622569, 99.80544747081711, 100.0, 99.31906614785993, 100.0, 100.0, 100.0, 99.31906614785993, 100.0, 99.90272373540856, 100.0, 100.0, 100.0, 100.0, 100.0, 100.0, 100.0, 100.0, 100.0, 100.0, 100.0, 100.0, 100.0, 100.0, 100.0, 100.0, 100.0, 100.0, 100.0, 100.0, 100.0, 100.0, 100.0, 100.0, 100.0, 100.0, 100.0, 100.0, 100.0, 100.0, 100.0, 100.0]
loss_list=[0.4942387069097226, 0.2743777937024354, 0.410878094467313, 0.2763495191132665, 0.21144822084353834, 0.23886650075147575, 0.25292432021819833, 0.24845875393570097, 0.20770748057139585, 0.2657358295663843, 0.1817284677425471, 0.1795674156895693, 0.16143025165428151, 0.16107609659747568, 0.17750637247734768, 0.1339144408683851, 0.2099382047286608, 0.12737403249490784, 0.1720711056347549, 0.11652788845006229, 0.17789061047922025, 0.16487859017960207, 0.15935756448023367, 0.1334034086770061, 0.16417933863407067, 0.14112236049646978, 0.12381248387443855, 0.14129243614444778, 0.17238827952423227, 0.14873482454325723, 0.16012621773989288, 0.13489396285835434, 0.13570965097331303, 0.1768895438815912, 0.11067395078567337, 0.1434398797053367, 0.1521088734767327, 0.17318942405102108, 0.12834325581852676, 0.13808368627732995, 0.1361601284002306, 0.16386023277319692, 0.14211503092777988, 0.12559404530935867, 0.09565320749532971, 0.11928251719599588, 0.15353114249622424, 0.16656890637978555, 0.11163701970581066, 0.09942234486985059, 0.12154302787048782, 0.1284731344902434, 0.09630919539087722, 0.07954077926551288, 0.11962750104861963, 0.15968684474392825, 0.1590045596865258, 0.1277038999389709, 0.14800539221716896, 0.11380025532574341, 0.1335084930107061, 0.124095939221208, 0.10071327226981668, 0.10966350170407438, 0.12994830338875737, 0.12712793713477025, 0.11831537558722637, 0.13278848562363005, 0.17748862420338402, 0.1356417213651605, 0.06944192380360487, 0.13465507933315018, 0.1765515569408624, 0.13451568851338574, 0.09031580614829718, 0.12670629000944564, 0.14064294600088398, 0.12263278977892962, 0.14663787955528465, 0.15953777246002918, 0.13934675815122863, 0.09950660512427482, 0.1680495212111003, 0.0972092316650078, 0.0833436099616222, 0.1278802870448011, 0.162166857304093, 0.14062423531078977, 0.09296013020390759, 0.17316739508949616, 0.11075303924798134, 0.15626991220655423, 0.08535516325194299, 0.17365014893508243, 0.14337073002569853, 0.12023353195765868, 0.10791411314411148, 0.10969802052693405, 0.16980236977356383, 0.12921216885978187]
BBSR:100.0
ABSR:100.0
max acc:78.93
