======================================
    IID: 1
    Dataset: cifar
    Model: resnet
    Model Init: None
    Aggregation Function: avg
    Fraction NonIID: 0
    Long attack: 3
    Wide attack: 3
    Wide attack: trust
    Threshold reject: 0.5
    Threshold down: 0.0
    Attack method: badnet
    Fraction of malicious agents: 20.0%
    Poison Frac: 0.2
    Backdoor From 7 to 2
    Attack Begin: 0
    Trigger Shape: square
    Type poisoning: cs
    Trigger Position X: 0
    Trigger Position Y: 0
    Number of agents: 100
    Fraction of agents each turn: 30(30.0%)
    Local batch size: 50
    Local epoch: 3
    Client_LR: 0.01
    Client_Momentum: 0.9
    Global Rounds: 100
======================================
main_task_accuracy=[0, 9.979999542236328, 19.389999389648438, 32.29999923706055, 37.650001525878906, 43.720001220703125, 46.720001220703125, 51.4900016784668, 52.650001525878906, 55.279998779296875, 58.939998626708984, 59.7599983215332, 60.810001373291016, 63.650001525878906, 62.91999816894531, 63.61000061035156, 63.83000183105469, 64.04000091552734, 64.08999633789062, 65.8499984741211, 64.54000091552734, 66.69000244140625, 66.81999969482422, 67.62999725341797, 66.20999908447266, 67.76000213623047, 68.26000213623047, 68.27999877929688, 67.80999755859375, 67.97000122070312, 68.75, 67.33999633789062, 68.9800033569336, 69.06999969482422, 70.76000213623047, 71.01000213623047, 71.69999694824219, 71.20999908447266, 71.16000366210938, 71.98999786376953, 71.8499984741211, 72.20999908447266, 72.38999938964844, 72.0, 72.19000244140625, 72.97000122070312, 72.26000213623047, 72.80999755859375, 73.19999694824219, 73.16999816894531, 73.37999725341797, 73.08999633789062, 73.36000061035156, 73.47000122070312, 73.55999755859375, 73.45999908447266, 73.47000122070312, 73.61000061035156, 73.62999725341797, 73.44000244140625, 73.83999633789062, 73.58999633789062, 73.6500015258789, 73.72000122070312, 73.41999816894531, 73.4000015258789, 73.43000030517578, 73.5, 73.29000091552734, 73.76000213623047, 73.56999969482422, 73.44000244140625, 73.48999786376953, 73.45999908447266, 73.41000366210938, 73.3499984741211, 73.43000030517578, 73.56999969482422, 73.41999816894531, 73.19999694824219, 73.26000213623047, 73.37000274658203, 73.16000366210938, 73.25, 73.37999725341797, 73.36000061035156, 73.33999633789062, 73.23999786376953, 73.31999969482422, 73.12999725341797, 73.08999633789062, 73.18000030517578, 73.26000213623047, 73.1500015258789, 73.0199966430664, 73.25, 73.33999633789062, 73.20999908447266, 73.11000061035156, 73.2300033569336, 73.08999633789062]
backdoor_accuracy=[0, 0.0, 5.8, 3.8, 2.0, 3.1, 1.9, 2.5, 1.6, 0.9, 1.9, 1.0, 1.4, 1.4, 1.1, 1.5, 2.5, 1.8, 1.0, 0.7, 0.6, 0.9, 1.3, 1.2, 1.3, 1.2, 1.0, 0.8, 0.8, 1.4, 0.8, 0.6, 0.8, 0.7, 0.9, 1.0, 0.5, 0.8, 1.1, 1.7, 1.2, 1.3, 1.1, 1.0, 1.1, 1.2, 0.9, 1.0, 1.5, 1.7, 1.2, 1.8, 1.7, 1.6, 2.3, 1.8, 1.7, 1.9, 1.6, 2.0, 1.9, 1.7, 1.9, 1.9, 1.9, 1.8, 2.3, 2.4, 1.6, 1.7, 2.0, 2.3, 1.7, 2.1, 1.9, 2.1, 1.9, 2.1, 1.8, 1.9, 2.0, 1.9, 2.0, 2.0, 2.2, 1.9, 2.1, 2.0, 2.1, 2.0, 2.0, 1.7, 2.1, 2.2, 1.9, 1.8, 1.8, 1.9, 1.9, 1.9, 1.8]
loss_list=[1.9803062938319311, 1.5376077698336708, 1.1752956693702277, 0.9988590184350806, 0.8424548117154177, 0.8041918638431366, 0.6530183494132427, 0.6252396157632274, 0.5906727714422676, 0.5382924778552519, 0.5257849642323952, 0.4662488495641285, 0.46151176176758285, 0.46669292750457925, 0.4392838753201068, 0.40446871863057215, 0.38884282144614396, 0.3695131782090498, 0.35373900800115526, 0.3534308934004771, 0.2963496673924642, 0.357848803775592, 0.28807779454419186, 0.3047246505113111, 0.27602374402392243, 0.309875140667686, 0.27269692539703094, 0.26866295811047564, 0.2263714582695522, 0.2374883544517474, 0.2556897314943167, 0.2236615646444261, 0.24586149489610565, 0.15365134173952458, 0.19413653141521436, 0.16416713075272532, 0.18831852625447537, 0.17696676186699836, 0.14280971745016155, 0.15582738220562328, 0.1420814046761047, 0.14787994963453255, 0.14983503860253322, 0.1125845971523732, 0.10491978006631447, 0.11175220512823822, 0.10445812614945069, 0.0883660673081694, 0.09416653521714681, 0.1207803693682783, 0.10121945096302719, 0.08761859733155382, 0.07305538301459616, 0.08585926881195825, 0.08858433159035889, 0.10190441722493333, 0.09052378321667977, 0.11343959525893703, 0.08484767042326792, 0.10244795289411236, 0.09908151316692561, 0.09794411293311792, 0.09345754854867765, 0.09941493301122035, 0.09753157136200266, 0.10480256056023382, 0.12384731745547871, 0.10922549060479567, 0.14714574690807947, 0.11093849443138527, 0.09455281621567943, 0.11404087051372494, 0.13328969511381325, 0.11321926473916392, 0.11585800562212371, 0.12228597941598204, 0.13131359505628806, 0.11053407745055867, 0.10689422262001445, 0.09742993386014456, 0.10903151317866606, 0.11295568916925633, 0.10691951848519642, 0.11062677312983496, 0.10424603484548339, 0.11708732142679866, 0.11562628940586969, 0.1264619112522632, 0.11519064240411464, 0.12475882899310413, 0.12125059321262396, 0.1193525837782363, 0.1338094921786978, 0.10665526883831863, 0.11613484041154153, 0.12888786661304444, 0.12376108657202468, 0.12639079343937432, 0.14216503314440265, 0.13420842773049024]
BBSR:44.529568474849526
ABSR:47.58189863316938
max acc:73.34
