======================================
    IID: 1
    Dataset: cifar
    Model: resnet
    Model Init: None
    Aggregation Function: flame
    Fraction NonIID: 0
    Long attack: 3
    Wide attack: 3
    Wide attack: trust
    Threshold reject: 0.5
    Threshold down: 0.0
    Attack method: badnet
    Fraction of malicious agents: 20.0%
    Poison Frac: 0.2
    Backdoor From 7 to 2
    Attack Begin: 0
    Trigger Shape: square
    Type poisoning: 
    Trigger Position X: 0
    Trigger Position Y: 0
    Number of agents: 100
    Fraction of agents each turn: 30(30.0%)
    Local batch size: 50
    Local epoch: 3
    Client_LR: 0.01
    Client_Momentum: 0.9
    Global Rounds: 100
    Noise in FLAME: 0.001
proportion of malicious are selected:0.7416666666666667
proportion of benign are selected:0.49333333333333335
======================================
main_task_accuracy=[0, 10.0, 29.799999237060547, 44.869998931884766, 44.119998931884766, 47.470001220703125, 48.33000183105469, 53.08000183105469, 54.20000076293945, 56.970001220703125, 57.06999969482422, 58.2400016784668, 59.7599983215332, 58.95000076293945, 59.7400016784668, 59.689998626708984, 60.810001373291016, 60.880001068115234, 61.470001220703125, 61.47999954223633, 61.040000915527344, 62.779998779296875, 63.650001525878906, 61.630001068115234, 64.55999755859375, 63.68000030517578, 64.69999694824219, 63.72999954223633, 64.45999908447266, 65.23999786376953, 65.58999633789062, 64.55000305175781, 64.20999908447266, 62.52000045776367, 64.05000305175781, 64.41999816894531, 65.73999786376953, 65.66999816894531, 65.38999938964844, 65.58000183105469, 63.779998779296875, 65.20999908447266, 66.81999969482422, 65.27999877929688, 65.80999755859375, 64.61000061035156, 65.47000122070312, 67.5199966430664, 65.83999633789062, 66.5, 64.37000274658203, 67.38999938964844, 67.98999786376953, 65.43000030517578, 66.72000122070312, 66.98999786376953, 67.72000122070312, 66.44000244140625, 67.94000244140625, 66.33000183105469, 68.33999633789062, 67.9800033569336, 66.26000213623047, 67.51000213623047, 67.18000030517578, 67.12000274658203, 67.62999725341797, 67.6500015258789, 68.44999694824219, 68.4800033569336, 69.0999984741211, 66.43000030517578, 68.55999755859375, 67.01000213623047, 69.11000061035156, 67.87000274658203, 68.91999816894531, 68.33000183105469, 68.8499984741211, 68.58000183105469, 67.5999984741211, 67.95999908447266, 68.93000030517578, 69.05000305175781, 67.77999877929688, 68.20999908447266, 68.44999694824219, 67.69999694824219, 68.12999725341797, 65.73999786376953, 68.37999725341797, 68.02999877929688, 68.30999755859375, 69.22000122070312, 68.93000030517578, 67.7300033569336, 68.69000244140625, 68.79000091552734, 68.18000030517578, 68.80999755859375, 67.95999908447266]
backdoor_accuracy=[0, 0.0, 4.8, 7.9, 6.6, 3.9, 10.9, 5.8, 4.4, 4.3, 0.8, 0.8, 2.8, 1.5, 1.8, 1.8, 2.0, 2.3, 1.7, 0.6, 2.1, 1.4, 1.9, 2.0, 1.7, 1.5, 0.9, 0.9, 3.0, 2.7, 3.0, 2.4, 0.6, 1.3, 2.2, 4.0, 1.2, 2.7, 1.0, 1.3, 0.4, 0.3, 0.7, 0.7, 1.1, 0.6, 1.4, 1.3, 1.6, 0.4, 0.8, 1.7, 1.9, 0.7, 2.4, 4.8, 2.8, 1.1, 2.4, 2.0, 1.3, 1.7, 0.6, 1.6, 1.0, 2.7, 1.6, 1.4, 1.2, 1.3, 2.3, 5.7, 0.8, 0.9, 1.2, 2.3, 2.3, 0.8, 2.4, 1.2, 1.8, 2.6, 1.6, 1.7, 7.2, 1.5, 0.8, 0.9, 1.5, 0.7, 2.8, 2.3, 2.9, 2.5, 5.9, 2.4, 2.6, 1.6, 0.9, 1.9, 2.4]
loss_list=[1.9733092550436655, 1.5662466571066112, 1.1652772927946515, 1.0031272832387026, 0.8288800679892302, 0.7564398988501891, 0.6803810671427182, 0.6358830603419077, 0.5618738861071566, 0.559909393882586, 0.5235874126292764, 0.5254795588097639, 0.4849114540053738, 0.4944120617045298, 0.44570522839617405, 0.46865724571463135, 0.41944539241596224, 0.3850761330350199, 0.40202209058217714, 0.364024322246098, 0.5030533274439061, 0.3822584593456445, 0.4282085563573574, 0.41119279070705606, 0.3999252828065721, 0.4024960698435703, 0.369152334610828, 0.36306080742066515, 0.3756980455609867, 0.359047173098661, 0.3497024253098708, 0.3224050962521384, 0.40274424004523707, 0.39186756021343166, 0.3640134344679407, 0.3231960444726671, 0.34695072649978104, 0.3242118070243547, 0.36652240175650364, 0.34961872996503696, 0.41218726461598026, 0.3467923590711629, 0.34788659710695763, 0.333568548657414, 0.36257878174332686, 0.3924120207291304, 0.30515050225373774, 0.3321799030705976, 0.333610496038778, 0.41125358642441123, 0.29023196560485903, 0.27334386734990407, 0.2989897462741161, 0.293860119891922, 0.36428158873019534, 0.2836208095781816, 0.31216592193141385, 0.3140606444512701, 0.2853465575287636, 0.2705249372924056, 0.33325012776586754, 0.3839252024870882, 0.35461975090464376, 0.29073895279783757, 0.3261376396952094, 0.24599866231774084, 0.2999802807004501, 0.3372632068581879, 0.23709170698265858, 0.3051619635512017, 0.2954070759823339, 0.2566870232547323, 0.33872575526824217, 0.30567083012209173, 0.33515312314136986, 0.3201071093324572, 0.29741016302775175, 0.25542035250148426, 0.2688063510991115, 0.3275564214770889, 0.2944581181245546, 0.2621457090404713, 0.2645839445916418, 0.32652534274901784, 0.3230317394624258, 0.24573835527239785, 0.3054120533621042, 0.3693526060651574, 0.3602230607961408, 0.32575826006605185, 0.3065706165817877, 0.3369616508132054, 0.2613096280952191, 0.31815825489685967, 0.3117813287160566, 0.3568115338815065, 0.2834810872409596, 0.24321952307519193, 0.29566161441358013, 0.32734933812688627]
BBSR:5.9
ABSR:2.54
max acc:69.22
