======================================
    IID: 0
    Dataset: mnist
    Model: Mnist_CNN
    Model Init: None
    Aggregation Function: DABA
    Fraction NonIID: 0
    Long attack: 3
    Wide attack: 3
    Wide attack: trust
    Threshold reject: 0.5
    Threshold down: 0.0
    Attack method: badnet
    Fraction of malicious agents: 20.0%
    Poison Frac: 0.2
    Backdoor From 7 to 2
    Attack Begin: 0
    Trigger Shape: square
    Type poisoning: pgd
    Trigger Position X: 0
    Trigger Position Y: 0
    Number of agents: 100
    Fraction of agents each turn: 30(30.0%)
    Local batch size: 50
    Local epoch: 3
    Client_LR: 0.01
    Client_Momentum: 0.9
    Global Rounds: 100
======================================
main_task_accuracy=[0, 21.8799991607666, 10.5600004196167, 15.3100004196167, 47.68000030517578, 35.02000045776367, 52.61000061035156, 43.0099983215332, 59.75, 47.619998931884766, 69.79000091552734, 79.16000366210938, 71.45999908447266, 82.08000183105469, 90.69000244140625, 84.16000366210938, 78.37000274658203, 87.79000091552734, 73.01000213623047, 65.43000030517578, 89.87000274658203, 88.23999786376953, 93.66000366210938, 92.80999755859375, 92.58999633789062, 84.83999633789062, 88.7300033569336, 92.44000244140625, 89.75, 74.66000366210938, 92.5, 82.58000183105469, 89.69000244140625, 89.0, 96.05000305175781, 95.93000030517578, 92.66000366210938, 92.37999725341797, 92.72000122070312, 93.25, 95.4800033569336, 95.0199966430664, 95.69999694824219, 92.62000274658203, 96.08000183105469, 94.69000244140625, 95.38999938964844, 96.41999816894531, 94.69999694824219, 96.44000244140625, 96.2699966430664, 97.12000274658203, 95.91999816894531, 95.30999755859375, 96.66999816894531, 96.58000183105469, 97.58999633789062, 96.37999725341797, 97.12000274658203, 95.0199966430664, 96.2699966430664, 96.12000274658203, 97.8499984741211, 97.27999877929688, 97.54000091552734, 96.86000061035156, 95.77999877929688, 96.83999633789062, 97.0999984741211, 97.22000122070312, 97.55000305175781, 89.19999694824219, 97.1500015258789, 97.22000122070312, 93.83000183105469, 97.56999969482422, 96.37999725341797, 97.29000091552734, 94.93000030517578, 97.16999816894531, 97.66000366210938, 98.05999755859375, 97.52999877929688, 97.9800033569336, 96.7300033569336, 95.12000274658203, 97.76000213623047, 94.75, 97.63999938964844, 91.33000183105469, 97.2300033569336, 98.20999908447266, 95.05000305175781, 95.70999908447266, 97.05000305175781, 97.91000366210938, 97.87999725341797, 90.19000244140625, 97.5199966430664, 97.94000244140625, 97.86000061035156]
backdoor_accuracy=[0, 0.0, 99.90272373540856, 0.0, 0.5836575875486382, 16.53696498054475, 10.992217898832685, 0.0, 39.98054474708171, 0.7782101167315175, 4.571984435797665, 3.6964980544747084, 0.6809338521400778, 3.0155642023346303, 2.9182879377431905, 1.9455252918287937, 0.7782101167315175, 18.09338521400778, 0.09727626459143969, 0.5836575875486382, 6.809338521400778, 0.6809338521400778, 14.883268482490273, 70.91439688715953, 5.933852140077821, 99.0272373540856, 0.19455252918287938, 1.8482490272373542, 2.140077821011673, 60.70038910505836, 5.739299610894942, 47.85992217898833, 22.373540856031127, 3.8910505836575875, 35.21400778210117, 8.463035019455253, 23.832684824902724, 11.381322957198444, 39.88326848249027, 98.5408560311284, 13.035019455252918, 25.77821011673152, 2.431906614785992, 93.09338521400778, 3.0155642023346303, 37.159533073929964, 8.852140077821012, 42.80155642023346, 90.95330739299611, 15.95330739299611, 15.75875486381323, 32.490272373540854, 3.5992217898832686, 36.7704280155642, 4.182879377431907, 35.797665369649806, 30.44747081712062, 12.354085603112841, 95.52529182879377, 10.214007782101167, 39.10505836575876, 98.63813229571984, 61.57587548638132, 98.44357976653697, 95.62256809338521, 99.0272373540856, 99.12451361867704, 9.33852140077821, 91.34241245136187, 70.23346303501945, 73.44357976653697, 99.80544747081711, 13.813229571984436, 13.813229571984436, 99.12451361867704, 41.34241245136187, 82.97665369649805, 25.972762645914397, 93.48249027237354, 98.24902723735408, 99.22178988326849, 98.34630350194553, 99.90272373540856, 99.12451361867704, 97.56809338521401, 85.89494163424125, 97.76264591439688, 94.8443579766537, 98.34630350194553, 96.88715953307393, 97.85992217898833, 98.44357976653697, 93.48249027237354, 45.42801556420233, 99.41634241245136, 93.48249027237354, 98.63813229571984, 5.933852140077821, 98.24902723735408, 81.51750972762646, 97.27626459143968]
loss_list=[0.4411277577848311, 0.3084097442229622, 0.4454796872955826, 0.31277967510009946, 0.19364154176220688, 0.2291436142405052, 0.238227461710869, 0.21940285371997761, 0.15262853424267167, 0.19570609359475752, 0.15319772677190407, 0.10933984516434953, 0.11391974928014009, 0.11498028863135425, 0.07856352593302199, 0.08907154679458905, 0.09713654441548013, 0.10177264539199528, 0.11755486290439804, 0.12844465079803943, 0.0807201049378432, 0.09288436211951528, 0.07800452127296349, 0.06038375262279358, 0.05797975246570549, 0.08135330589789357, 0.06717564739919998, 0.057971065296969944, 0.0675442294785615, 0.09620507871133555, 0.08605815296568729, 0.07692924601831436, 0.05782850555079612, 0.06845324739548794, 0.04597820496994291, 0.04549188275135854, 0.05212230888758775, 0.06252631843448493, 0.06443128017510517, 0.04785959953364575, 0.0579329567554615, 0.045428531609652115, 0.05399799822869058, 0.06270809956365105, 0.0501798852037264, 0.044329509806259236, 0.05280706029741186, 0.04453410817858602, 0.04631144057066994, 0.048549283185252645, 0.04247886095243524, 0.03339138234010289, 0.04428623125050885, 0.040127584370141176, 0.042231421493951364, 0.04420273353807172, 0.030808894531267537, 0.04365238767539143, 0.036120810597300074, 0.037222915790907966, 0.035451179684764814, 0.03566860395096908, 0.03586725910058388, 0.029751589829864335, 0.04442572627743853, 0.036799477790599444, 0.04161844191176991, 0.03507822440819132, 0.03460151359169774, 0.033960599255991444, 0.027942185966524622, 0.04910431339326917, 0.03200075406533075, 0.03641298593454862, 0.040992817613662594, 0.031788047198238106, 0.033729597871867426, 0.03305408762361964, 0.03636616154674252, 0.03265864394233406, 0.028181066955937664, 0.02762713797598732, 0.028660744684970676, 0.03344528184750736, 0.03086618037338683, 0.028330060794381957, 0.03029147285083781, 0.03992313747056862, 0.026130494040477452, 0.037923124944396, 0.03307228719947721, 0.02594635203627686, 0.0374819476152641, 0.032450853346752635, 0.030945574996143668, 0.028993615290699166, 0.030272423764636743, 0.039084425376394796, 0.032054856383041945, 0.026704552362717227]
BBSR:99.42
ABSR:81.19
max acc:98.21
