======================================
    IID: 0
    Dataset: fashion_mnist
    Model: Mnist_CNN
    Model Init: None
    Aggregation Function: krum
    Fraction NonIID: 0
    Long attack: 3
    Wide attack: 3
    Wide attack: trust
    Threshold reject: 0.5
    Threshold down: 0.0
    Attack method: dba
    Fraction of malicious agents: 20.0%
    Poison Frac: 0.2
    Backdoor From 7 to 2
    Attack Begin: 0
    Trigger Shape: square
    Type poisoning: 
    Trigger Position X: 0
    Trigger Position Y: 0
    Number of agents: 100
    Fraction of agents each turn: 30(30.0%)
    Local batch size: 50
    Local epoch: 3
    Client_LR: 0.01
    Client_Momentum: 0.9
    Global Rounds: 100
    Proportion of malicious are selected: 0.36
    Average score of malicious clients: 624.8491821289062
    Average score of benign clients: 298.23919677734375
======================================
main_task_accuracy=[0, 49.86000061035156, 63.58000183105469, 68.08999633789062, 71.36000061035156, 73.31999969482422, 74.66999816894531, 73.56999969482422, 76.16000366210938, 74.80000305175781, 77.70999908447266, 77.16999816894531, 75.91000366210938, 78.01000213623047, 78.19000244140625, 78.68000030517578, 77.5, 79.33000183105469, 79.0199966430664, 80.37000274658203, 79.94000244140625, 80.37000274658203, 80.41999816894531, 80.5199966430664, 81.13999938964844, 81.29000091552734, 81.5199966430664, 81.43000030517578, 81.31999969482422, 80.11000061035156, 80.8499984741211, 82.55999755859375, 82.69000244140625, 80.20999908447266, 83.12000274658203, 82.4000015258789, 82.87000274658203, 82.7699966430664, 79.88999938964844, 81.27999877929688, 81.7300033569336, 82.36000061035156, 80.45999908447266, 84.05999755859375, 82.26000213623047, 82.44999694824219, 81.9000015258789, 83.55999755859375, 83.11000061035156, 83.56999969482422, 82.16999816894531, 83.83000183105469, 82.48999786376953, 84.06999969482422, 84.30000305175781, 83.87999725341797, 82.18000030517578, 83.4800033569336, 83.01000213623047, 82.80000305175781, 83.80999755859375, 82.94000244140625, 83.23999786376953, 84.73999786376953, 84.5, 84.0, 84.05000305175781, 84.0999984741211, 84.44000244140625, 84.19999694824219, 84.08999633789062, 83.73999786376953, 83.72000122070312, 83.23999786376953, 84.47000122070312, 84.80000305175781, 83.0999984741211, 83.54000091552734, 83.70999908447266, 83.23999786376953, 83.87999725341797, 83.88999938964844, 83.05999755859375, 84.69000244140625, 84.56999969482422, 84.86000061035156, 84.12999725341797, 84.54000091552734, 84.06999969482422, 83.77999877929688, 83.9800033569336, 84.58000183105469, 82.62999725341797, 84.98999786376953, 84.66000366210938, 84.4000015258789, 83.30999755859375, 85.16000366210938, 84.66999816894531, 83.22000122070312, 84.66000366210938]
backdoor_accuracy=[0, 0.0, 0.0, 0.0, 99.9, 7.0, 8.7, 99.7, 97.3, 96.4, 97.9, 69.4, 70.5, 49.8, 80.3, 91.5, 99.9, 99.4, 98.2, 99.8, 99.9, 99.8, 97.8, 97.7, 100.0, 99.9, 99.8, 99.9, 99.7, 99.9, 99.9, 99.7, 99.8, 99.4, 100.0, 100.0, 99.9, 99.9, 100.0, 100.0, 100.0, 100.0, 100.0, 100.0, 100.0, 100.0, 100.0, 100.0, 100.0, 100.0, 100.0, 100.0, 100.0, 100.0, 100.0, 100.0, 100.0, 100.0, 100.0, 100.0, 100.0, 100.0, 100.0, 100.0, 100.0, 100.0, 100.0, 100.0, 100.0, 100.0, 100.0, 100.0, 100.0, 100.0, 100.0, 100.0, 100.0, 100.0, 100.0, 100.0, 100.0, 100.0, 100.0, 100.0, 100.0, 100.0, 100.0, 100.0, 100.0, 100.0, 100.0, 100.0, 99.8, 100.0, 100.0, 100.0, 100.0, 100.0, 100.0, 100.0, 100.0]
loss_list=[1.4602831427145888, 0.9987503494929384, 0.7656640869323853, 0.68356581211642, 0.6172383275986821, 0.579930801068743, 0.5546977160981407, 0.5606779425508447, 0.5331599766181573, 0.49681963061017026, 0.49986249941090743, 0.501008388803651, 0.5203897951239788, 0.4642799406070953, 0.47026341638907243, 0.5103053340895309, 0.4323997622907714, 0.4706281129615727, 0.4576942722485573, 0.48388062198818826, 0.424782201120009, 0.44649366136226376, 0.45355996682688043, 0.43744250973341636, 0.44222902636975053, 0.43604779522866005, 0.3902480209625706, 0.44923173041531334, 0.44632116875576755, 0.43245231523350974, 0.3930089533260023, 0.4429448941808747, 0.4552876280206773, 0.40466522473703925, 0.43602103857944413, 0.3969983578038712, 0.3910275402737574, 0.40809764521265474, 0.42521689154759607, 0.3826443991899767, 0.41898426301777364, 0.42582235259728296, 0.4146208631461141, 0.3687225729365041, 0.41296328368976165, 0.43644004802530006, 0.376899665237094, 0.3995794515108207, 0.4046172886828168, 0.3782490749670952, 0.40256702578281645, 0.4160701570308042, 0.38444612930891003, 0.3920951633015648, 0.4072057217488893, 0.41681124506932166, 0.3912205538617585, 0.4123571419708983, 0.41519713381098383, 0.406983951146335, 0.3873239717101333, 0.4012891800039344, 0.3655803024009974, 0.35522698761067445, 0.38151345377555124, 0.43711361372153507, 0.35532718621004644, 0.413086541807624, 0.39563957271856015, 0.374197485862856, 0.36148789461391667, 0.4425424805669873, 0.41088604939480616, 0.371088201479331, 0.3911233004702134, 0.40851486311811536, 0.34982433101352034, 0.41332568214662996, 0.3919460730618555, 0.38558740807067676, 0.41945053056373993, 0.4384835772664735, 0.3651097247575374, 0.39537759166021186, 0.37713984291530556, 0.40250722366003583, 0.41497898207399647, 0.3857169207494332, 0.4499566387454116, 0.3900004639536039, 0.37684710168978197, 0.42486119646992937, 0.3935272289405542, 0.3632586793016849, 0.3918782817663332, 0.41199928848762746, 0.3544710236247973, 0.362219883116928, 0.40054631739233937, 0.3351112882227258]
BBSR:100.0
ABSR:99.98
max acc:85.16
