======================================
    IID: 0
    Dataset: fashion_mnist
    Model: Mnist_CNN
    Model Init: None
    Aggregation Function: krum
    Fraction NonIID: 0
    Long attack: 3
    Wide attack: 3
    Wide attack: trust
    Threshold reject: 0.5
    Threshold down: 0.0
    Attack method: badnet
    Fraction of malicious agents: 20.0%
    Poison Frac: 0.2
    Backdoor From 7 to 2
    Attack Begin: 0
    Trigger Shape: square
    Type poisoning: 
    Trigger Position X: 0
    Trigger Position Y: 0
    Number of agents: 100
    Fraction of agents each turn: 30(30.0%)
    Local batch size: 50
    Local epoch: 3
    Client_LR: 0.01
    Client_Momentum: 0.9
    Global Rounds: 100
    Proportion of malicious are selected: 0.47
    Average score of malicious clients: 740.5399169921875
    Average score of benign clients: 350.1772155761719
======================================
main_task_accuracy=[0, 57.150001525878906, 61.61000061035156, 69.88999938964844, 71.77999877929688, 74.05000305175781, 74.30000305175781, 77.23999786376953, 76.11000061035156, 78.16999816894531, 77.4000015258789, 76.7699966430664, 76.9800033569336, 78.55999755859375, 77.4800033569336, 78.31999969482422, 77.58000183105469, 79.54000091552734, 79.5199966430664, 79.2699966430664, 80.37000274658203, 80.83000183105469, 80.91000366210938, 81.3499984741211, 80.30000305175781, 80.66000366210938, 81.4000015258789, 80.37999725341797, 80.38999938964844, 80.97000122070312, 82.20999908447266, 81.63999938964844, 82.9800033569336, 82.18000030517578, 83.02999877929688, 81.73999786376953, 81.68000030517578, 82.75, 82.30999755859375, 81.62999725341797, 82.5, 81.06999969482422, 81.5199966430664, 82.94999694824219, 83.3499984741211, 82.72000122070312, 83.73999786376953, 83.37000274658203, 82.94999694824219, 83.68000030517578, 82.52999877929688, 82.30000305175781, 82.68000030517578, 83.13999938964844, 84.33000183105469, 84.05000305175781, 84.7300033569336, 82.44999694824219, 84.13999938964844, 83.68000030517578, 84.22000122070312, 83.70999908447266, 84.58999633789062, 84.30999755859375, 84.04000091552734, 84.0199966430664, 82.7300033569336, 84.20999908447266, 83.58999633789062, 84.16999816894531, 82.94000244140625, 83.9000015258789, 84.12000274658203, 84.13999938964844, 84.37000274658203, 84.25, 83.56999969482422, 83.47000122070312, 84.9000015258789, 84.20999908447266, 83.8499984741211, 84.56999969482422, 84.43000030517578, 84.31999969482422, 84.72000122070312, 84.58000183105469, 83.95999908447266, 84.37999725341797, 84.66000366210938, 83.79000091552734, 84.11000061035156, 82.12999725341797, 84.80999755859375, 84.0999984741211, 84.2699966430664, 84.38999938964844, 84.70999908447266, 84.44000244140625, 84.9800033569336, 82.13999938964844, 84.7300033569336]
backdoor_accuracy=[0, 0.0, 0.0, 0.0, 0.0, 0.0, 0.0, 46.2, 3.1, 3.7, 8.1, 99.6, 96.0, 99.9, 100.0, 100.0, 100.0, 100.0, 99.9, 100.0, 100.0, 100.0, 100.0, 100.0, 100.0, 100.0, 100.0, 100.0, 100.0, 100.0, 100.0, 99.9, 100.0, 100.0, 100.0, 100.0, 100.0, 100.0, 100.0, 100.0, 100.0, 100.0, 100.0, 100.0, 100.0, 100.0, 100.0, 100.0, 100.0, 100.0, 100.0, 100.0, 100.0, 100.0, 100.0, 100.0, 100.0, 100.0, 100.0, 100.0, 100.0, 100.0, 100.0, 100.0, 100.0, 100.0, 100.0, 100.0, 100.0, 100.0, 100.0, 100.0, 100.0, 100.0, 100.0, 100.0, 99.9, 100.0, 100.0, 100.0, 100.0, 100.0, 100.0, 100.0, 100.0, 100.0, 100.0, 100.0, 100.0, 100.0, 100.0, 100.0, 100.0, 100.0, 100.0, 100.0, 100.0, 100.0, 100.0, 100.0, 100.0]
loss_list=[1.466773377855619, 0.9407542860066449, 0.7217594779200023, 0.6645522331198056, 0.6175147712782577, 0.587010857462883, 0.5534527886107014, 0.5312973474600801, 0.5300251944473495, 0.4799508078092779, 0.5117277623464666, 0.5097202676796803, 0.5172977895924339, 0.49950682548461145, 0.46962460318097354, 0.464336193697872, 0.48398233782500033, 0.44637342451347256, 0.45672454188957257, 0.45370133400515267, 0.4570829914606832, 0.43248585362194303, 0.43284770004037354, 0.4421760412553946, 0.46170607243009193, 0.45013935721168913, 0.4219879007518844, 0.44780278305212656, 0.4730113791646781, 0.44452391229569926, 0.4480467061753627, 0.3938844801961548, 0.4107838331204322, 0.3953885029380519, 0.42300241016524126, 0.41158104213299573, 0.436505634875761, 0.45372842028047194, 0.4350338115805278, 0.425268947629741, 0.38780371748876796, 0.442344907015838, 0.3986645878016673, 0.4146911275055673, 0.4030063892852654, 0.3982535682653113, 0.4047171588728411, 0.4005523439350159, 0.41996069381496426, 0.4193246911590298, 0.43875262427178247, 0.4189234331181204, 0.3915051478064723, 0.34730799465172885, 0.3898332625558531, 0.3950149569401724, 0.4035909216713021, 0.4026363836217637, 0.39995560787307727, 0.38001420343708664, 0.3917497157050228, 0.37311871690606624, 0.38017128021499424, 0.4312135466383081, 0.45808407854875205, 0.39794173047843356, 0.4057213684552591, 0.4251747584013545, 0.42724973904971386, 0.43796776141281485, 0.3871621713887348, 0.39854470618172655, 0.4522771237193849, 0.42027523551369084, 0.398945619999776, 0.4681740917196429, 0.3548689116745393, 0.4335717950606959, 0.4453147157923215, 0.3490769466945764, 0.3992623513012573, 0.3909796291763928, 0.4046772655599786, 0.40127096853598393, 0.405680198779252, 0.4035670367647308, 0.3893516426075992, 0.4066954847192931, 0.42098330856986443, 0.41668061392416283, 0.39555411321904377, 0.40104689637664703, 0.4055028492222643, 0.3847386429750327, 0.3855820832411863, 0.4278687862465934, 0.357571056300286, 0.40786232489497504, 0.45137246004133313, 0.4076219269432369]
BBSR:100.0
ABSR:100.0
max acc:84.98
