======================================
    IID: 1
    Dataset: cifar
    Model: resnet
    Model Init: None
    Aggregation Function: fltrust
    Fraction NonIID: 0
    Long attack: 3
    Wide attack: 3
    Wide attack: trust
    Threshold reject: 0.5
    Threshold down: 0.0
    Attack method: badnet
    Fraction of malicious agents: 20.0%
    Poison Frac: 0.2
    Backdoor From 7 to 2
    Attack Begin: 0
    Trigger Shape: square
    Type poisoning: cs
    Trigger Position X: 0
    Trigger Position Y: 0
    Number of agents: 100
    Fraction of agents each turn: 30(30.0%)
    Local batch size: 50
    Local epoch: 3
    Client_LR: 0.01
    Client_Momentum: 0.9
    Global Rounds: 100
    Dataset In Server: 200
======================================
main_task_accuracy=[0, 10.0, 11.1899995803833, 12.050000190734863, 19.270000457763672, 27.280000686645508, 33.31999969482422, 38.400001525878906, 41.36000061035156, 45.119998931884766, 45.90999984741211, 49.040000915527344, 51.709999084472656, 53.060001373291016, 52.2400016784668, 54.369998931884766, 55.08000183105469, 56.189998626708984, 57.790000915527344, 58.880001068115234, 55.790000915527344, 57.36000061035156, 59.81999969482422, 57.779998779296875, 60.400001525878906, 60.25, 62.7599983215332, 62.849998474121094, 61.75, 63.95000076293945, 63.86000061035156, 63.849998474121094, 64.58000183105469, 64.9000015258789, 64.4000015258789, 66.3499984741211, 66.37000274658203, 65.58000183105469, 64.52999877929688, 65.95999908447266, 66.81999969482422, 67.44999694824219, 67.79000091552734, 68.31999969482422, 67.87000274658203, 66.20999908447266, 68.41999816894531, 68.88999938964844, 67.8499984741211, 69.6500015258789, 69.44999694824219, 69.36000061035156, 69.93000030517578, 68.80999755859375, 69.22000122070312, 69.87999725341797, 69.22000122070312, 70.0999984741211, 70.02999877929688, 69.66999816894531, 69.77999877929688, 70.30000305175781, 70.43000030517578, 70.45999908447266, 69.88999938964844, 70.91000366210938, 71.19999694824219, 69.88999938964844, 71.05999755859375, 71.30000305175781, 70.13999938964844, 72.08999633789062, 70.86000061035156, 70.52999877929688, 71.62000274658203, 71.70999908447266, 70.94000244140625, 71.95999908447266, 70.55000305175781, 71.91999816894531, 71.51000213623047, 70.41999816894531, 72.20999908447266, 72.20999908447266, 71.2699966430664, 72.91000366210938, 73.08999633789062, 72.30999755859375, 70.94999694824219, 71.0, 70.41000366210938, 72.48999786376953, 71.88999938964844, 71.19000244140625, 71.58000183105469, 71.2300033569336, 70.69000244140625, 71.70999908447266, 71.5199966430664, 71.30000305175781, 73.26000213623047]
backdoor_accuracy=[0, 0.0, 4.0, 6.4, 8.8, 7.3, 6.2, 4.1, 4.2, 4.1, 2.4, 4.2, 2.7, 1.4, 1.1, 1.3, 4.1, 4.7, 3.3, 3.6, 3.5, 2.7, 2.0, 5.1, 4.7, 4.9, 2.1, 3.4, 3.3, 6.4, 6.2, 4.3, 1.5, 1.8, 8.2, 5.9, 4.2, 2.8, 1.1, 1.8, 2.9, 4.1, 3.8, 4.4, 3.9, 2.5, 2.6, 4.8, 2.8, 3.3, 3.0, 4.0, 2.8, 1.9, 4.2, 5.0, 3.9, 2.8, 1.7, 1.5, 1.3, 2.6, 1.6, 2.3, 2.3, 4.0, 3.8, 2.4, 4.4, 2.5, 2.3, 2.2, 2.7, 2.8, 6.1, 1.5, 1.5, 1.1, 1.5, 1.6, 1.1, 1.1, 1.4, 2.0, 1.8, 1.9, 2.1, 2.0, 1.3, 1.4, 1.1, 3.2, 2.4, 1.4, 1.9, 2.5, 1.2, 3.1, 1.8, 1.7, 2.0]
loss_list=[1.9708583598666725, 1.5768943287266626, 1.2089205817381539, 1.0452690954009694, 0.9427068214615186, 0.8725280392832226, 0.8007063285509747, 0.8018453015966549, 0.7654567449125981, 0.7306998692452907, 0.6932101775705816, 0.6553252472066219, 0.5920520935166212, 0.7086005968590164, 0.993199739187775, 0.7604089757468964, 0.7192159669929078, 0.6020794267848963, 0.5919566274724073, 0.6257823681852055, 0.7083904195038808, 0.5457842894840158, 0.6418131901944678, 0.6468676799185211, 0.6433130591818027, 0.4545078784759001, 0.6513493453690576, 0.5510571400133065, 0.5264660003316951, 0.504827344410199, 0.5329697774640387, 0.42098928412060344, 0.4970281078062383, 0.4201587664438153, 0.46875369805034217, 0.4181633058103681, 0.4710656935651787, 0.4543833007531551, 0.5324162557289106, 0.40086710302870615, 0.4718158145210084, 0.3654955483711739, 0.3445439018087928, 0.3687227470413522, 0.3706605472552797, 0.42289483524238075, 0.3326624494895805, 0.30660009663784876, 0.3258785970807852, 0.3338273420293504, 0.3355690371120969, 0.33933892131951227, 0.31392399605745186, 0.25493320235206435, 0.2980800645065029, 0.2704626882658987, 0.2366985552645444, 0.24211233290966547, 0.2651725059989581, 0.2232451901311288, 0.3054543217458478, 0.26382438787880047, 0.25086259188854865, 0.2504911282905636, 0.23448170465009754, 0.31695653961984344, 0.20450564138513674, 0.22950936819290893, 0.21621149590846878, 0.1752318977365374, 0.23637703122383552, 0.20726161966805295, 0.1609012384201762, 0.20617051273888337, 0.18525997475067724, 0.18635279607771527, 0.15916929443470307, 0.2387916886836886, 0.13831542933450292, 0.14644477388456126, 0.17272662866679542, 0.19657789676935256, 0.1375086610110399, 0.15716723211559133, 0.12767415304202587, 0.0840490693578613, 0.10864351271564375, 0.11741201655906887, 0.14336657220672352, 0.11911102524240658, 0.13674259213510798, 0.1085955234699779, 0.12077346390666206, 0.12670392512783615, 0.06292358512867295, 0.14070533421220413, 0.08159803278808894, 0.13990946497800508, 0.10179212721245777, 0.11849991571882533]
BBSR:3.2
ABSR:2.12
max acc:73.26
