======================================
    IID: 0
    Dataset: fashion_mnist
    Model: Mnist_CNN
    Model Init: None
    Aggregation Function: flame
    Fraction NonIID: 0
    Long attack: 3
    Wide attack: 3
    Wide attack: trust
    Threshold reject: 0.5
    Threshold down: 0.0
    Attack method: badnet
    Fraction of malicious agents: 13.0%
    Poison Frac: 0.2
    Backdoor From 7 to 2
    Attack Begin: 0
    Trigger Shape: square
    Type poisoning: cs
    Trigger Position X: 0
    Trigger Position Y: 0
    Number of agents: 100
    Fraction of agents each turn: 30(30.0%)
    Local batch size: 50
    Local epoch: 3
    Client_LR: 0.01
    Client_Momentum: 0.9
    Global Rounds: 100
    Noise in FLAME: 0.001
proportion of malicious are selected:0.5733333333333334
proportion of benign are selected:0.5314814814814814
======================================
main_task_accuracy=[0, 69.66000366210938, 74.1500015258789, 75.91000366210938, 76.91000366210938, 78.3499984741211, 79.12999725341797, 80.12999725341797, 80.02999877929688, 80.88999938964844, 81.81999969482422, 81.86000061035156, 83.08999633789062, 82.79000091552734, 82.86000061035156, 83.80000305175781, 83.88999938964844, 83.7300033569336, 84.44000244140625, 84.43000030517578, 84.7699966430664, 84.87999725341797, 85.44000244140625, 85.4000015258789, 85.55000305175781, 85.4000015258789, 85.44999694824219, 86.05000305175781, 85.95999908447266, 86.05999755859375, 85.97000122070312, 86.19999694824219, 86.43000030517578, 86.5999984741211, 86.68000030517578, 86.94999694824219, 86.45999908447266, 86.83000183105469, 87.04000091552734, 87.04000091552734, 86.94000244140625, 87.43000030517578, 87.26000213623047, 86.94999694824219, 87.3499984741211, 87.6500015258789, 87.26000213623047, 87.91000366210938, 87.86000061035156, 87.68000030517578, 87.76000213623047, 87.97000122070312, 88.12000274658203, 88.02999877929688, 88.05999755859375, 88.12999725341797, 87.8499984741211, 88.19000244140625, 88.04000091552734, 88.2699966430664, 88.38999938964844, 88.66999816894531, 87.9000015258789, 88.62000274658203, 88.44999694824219, 88.2300033569336, 88.58999633789062, 88.5999984741211, 88.83000183105469, 88.72000122070312, 88.83999633789062, 88.37999725341797, 88.9800033569336, 88.83000183105469, 88.88999938964844, 88.88999938964844, 88.66999816894531, 88.66999816894531, 88.86000061035156, 88.44000244140625, 88.9800033569336, 89.01000213623047, 89.02999877929688, 88.58999633789062, 89.08000183105469, 89.02999877929688, 88.4000015258789, 89.3499984741211, 89.08000183105469, 89.0, 88.94000244140625, 89.25, 89.2300033569336, 89.18000030517578, 88.5999984741211, 89.33000183105469, 89.23999786376953, 89.5, 89.44999694824219, 89.44999694824219, 89.30000305175781]
backdoor_accuracy=[0, 0.0, 0.0, 0.0, 0.3, 0.2, 0.1, 0.0, 0.0, 0.0, 0.2, 1.8, 1.9, 1.1, 34.8, 30.6, 19.4, 58.5, 61.4, 72.7, 80.9, 83.1, 85.6, 83.5, 90.3, 92.6, 96.5, 96.2, 96.1, 97.3, 98.0, 99.1, 98.5, 99.5, 99.5, 99.5, 99.7, 99.7, 99.8, 99.9, 99.8, 99.8, 99.8, 99.8, 99.8, 99.8, 99.8, 99.8, 99.8, 99.8, 99.8, 99.8, 99.8, 99.8, 99.9, 99.8, 99.8, 99.8, 99.8, 99.9, 99.9, 99.9, 100.0, 99.9, 100.0, 100.0, 100.0, 99.9, 100.0, 99.9, 99.9, 100.0, 100.0, 100.0, 99.9, 100.0, 99.9, 100.0, 100.0, 100.0, 99.9, 99.9, 99.9, 99.9, 100.0, 99.9, 100.0, 99.9, 99.9, 100.0, 100.0, 100.0, 100.0, 100.0, 100.0, 100.0, 100.0, 100.0, 100.0, 100.0, 100.0]
loss_list=[1.4577728176282512, 0.8346237073617951, 0.5993726080904404, 0.5288935940298771, 0.4657384524880737, 0.46856010252678826, 0.4471141298404999, 0.46553399318622213, 0.46266466241191934, 0.4206362272440283, 0.4222078382417008, 0.40043114207133096, 0.38252990474165594, 0.3889728674251172, 0.3963005461626582, 0.3766397487993041, 0.37238612732401605, 0.3658636101073138, 0.34559440697646804, 0.3506834093619276, 0.36886669549470147, 0.3633066449107395, 0.35451314149907337, 0.35579432012444295, 0.3579051783377373, 0.3435559749534285, 0.35359576439691914, 0.33381106869352084, 0.3487501857008923, 0.3264037360299241, 0.2987111780206086, 0.31368382843556225, 0.3172150537440623, 0.3067271879046327, 0.31268937518578716, 0.3128013684862742, 0.3107629869616142, 0.31259070286113366, 0.31601870949207633, 0.2911786076526537, 0.3159811641503539, 0.27594276676989266, 0.3044800740218273, 0.2919694174219061, 0.2643740035179588, 0.2833969416821169, 0.28506929002426273, 0.25877595688733784, 0.28332859072661787, 0.29308950396737565, 0.2896726302768069, 0.27216240266958874, 0.27915183260553966, 0.26670865280622685, 0.25194968254546873, 0.28191313073383995, 0.2516323646496015, 0.2742506259414194, 0.267006712541398, 0.2706601531934683, 0.26820978330172324, 0.2864012351483796, 0.2854155155899072, 0.2838873650844174, 0.26516952444971714, 0.2623172778877671, 0.24461448395072866, 0.26349872507637845, 0.2352407886698428, 0.24988392410041, 0.2730512464134437, 0.25518124358107647, 0.2410925192120312, 0.25715683195739986, 0.24786200428002128, 0.2174326723562208, 0.2400146321910951, 0.2604776806698214, 0.2604401091458621, 0.2453382893586186, 0.23248795375779827, 0.2578843586250312, 0.23429944767202768, 0.24857373504588998, 0.25007129895190394, 0.24099631555792353, 0.25446880076822165, 0.25189290358857425, 0.22884494679186632, 0.2697699487864696, 0.23609782044637814, 0.24379935476377057, 0.23699851199398164, 0.2531825086929732, 0.2525614325888455, 0.24222051878632217, 0.22686220563568726, 0.22802677259401039, 0.24507096633315087, 0.24407520102405994]
BBSR:100.0
ABSR:100.0
max acc:89.5
