======================================
    IID: 0
    Dataset: fashion_mnist
    Model: Mnist_CNN
    Model Init: None
    Aggregation Function: flame
    Fraction NonIID: 0
    Long attack: 3
    Wide attack: 3
    Wide attack: trust
    Threshold reject: 0.5
    Threshold down: 0.0
    Attack method: dba
    Fraction of malicious agents: 13.0%
    Poison Frac: 0.2
    Backdoor From 7 to 2
    Attack Begin: 0
    Trigger Shape: square
    Type poisoning: 
    Trigger Position X: 0
    Trigger Position Y: 0
    Number of agents: 100
    Fraction of agents each turn: 30(30.0%)
    Local batch size: 50
    Local epoch: 3
    Client_LR: 0.01
    Client_Momentum: 0.9
    Global Rounds: 100
    Noise in FLAME: 0.001
proportion of malicious are selected:0.59
proportion of benign are selected:0.5303703703703704
======================================
main_task_accuracy=[0, 65.80000305175781, 71.87999725341797, 74.26000213623047, 76.22000122070312, 77.44999694824219, 78.72000122070312, 79.33000183105469, 79.4800033569336, 80.30999755859375, 80.62000274658203, 81.27999877929688, 82.20999908447266, 82.41999816894531, 83.25, 83.05999755859375, 83.6500015258789, 83.61000061035156, 84.05000305175781, 84.33000183105469, 84.41000366210938, 84.55000305175781, 84.88999938964844, 85.16999816894531, 85.05999755859375, 85.02999877929688, 85.44000244140625, 85.45999908447266, 85.5, 85.75, 86.11000061035156, 86.22000122070312, 86.27999877929688, 85.95999908447266, 86.26000213623047, 86.69999694824219, 86.72000122070312, 86.52999877929688, 86.61000061035156, 86.8499984741211, 87.05000305175781, 87.0, 86.58999633789062, 87.06999969482422, 87.37000274658203, 87.54000091552734, 87.47000122070312, 87.11000061035156, 87.5, 87.52999877929688, 87.58999633789062, 87.58000183105469, 87.68000030517578, 87.80999755859375, 87.91000366210938, 87.62999725341797, 87.87999725341797, 88.0199966430664, 87.81999969482422, 87.63999938964844, 87.79000091552734, 88.20999908447266, 88.22000122070312, 88.25, 88.13999938964844, 87.86000061035156, 88.29000091552734, 88.27999877929688, 88.33000183105469, 88.5199966430664, 88.41999816894531, 88.4000015258789, 88.4000015258789, 88.4000015258789, 88.69999694824219, 88.75, 88.61000061035156, 88.52999877929688, 88.58999633789062, 88.81999969482422, 88.5999984741211, 88.7300033569336, 88.68000030517578, 88.70999908447266, 88.98999786376953, 88.80999755859375, 88.73999786376953, 88.94999694824219, 89.05000305175781, 88.9000015258789, 88.83000183105469, 89.13999938964844, 89.19000244140625, 88.87000274658203, 88.91000366210938, 88.94000244140625, 89.08000183105469, 89.22000122070312, 89.01000213623047, 89.22000122070312, 89.30000305175781]
backdoor_accuracy=[0, 0.0, 0.2, 0.0, 0.2, 2.4, 7.6, 44.2, 67.9, 74.3, 87.6, 94.2, 98.0, 98.3, 99.3, 98.5, 99.5, 99.8, 99.8, 99.8, 99.8, 99.9, 99.9, 99.8, 100.0, 100.0, 99.8, 100.0, 100.0, 100.0, 100.0, 100.0, 100.0, 100.0, 100.0, 100.0, 100.0, 100.0, 100.0, 100.0, 100.0, 100.0, 100.0, 100.0, 100.0, 100.0, 100.0, 100.0, 100.0, 100.0, 100.0, 100.0, 100.0, 100.0, 100.0, 100.0, 100.0, 100.0, 100.0, 100.0, 100.0, 100.0, 100.0, 100.0, 100.0, 100.0, 100.0, 100.0, 100.0, 100.0, 100.0, 100.0, 100.0, 100.0, 100.0, 100.0, 100.0, 100.0, 100.0, 100.0, 100.0, 100.0, 100.0, 100.0, 100.0, 100.0, 100.0, 100.0, 100.0, 100.0, 100.0, 100.0, 100.0, 100.0, 100.0, 100.0, 100.0, 100.0, 100.0, 100.0, 100.0]
loss_list=[1.3978604740014782, 0.8767855320263791, 0.6568608542007429, 0.5514629854786175, 0.49092197756248496, 0.498487928316549, 0.48459163406794825, 0.45530184941987195, 0.423719575325096, 0.44878893200722014, 0.4422179938121526, 0.3933072921302584, 0.40097864794510374, 0.3960953198511291, 0.3814552423509733, 0.37729334938167425, 0.3664840490660734, 0.3544104302922885, 0.34214676404716793, 0.3523928562282687, 0.39179113024362805, 0.3397527194616419, 0.3316861678397766, 0.3319861033379479, 0.35711613698276107, 0.32712160699690374, 0.31804363568899824, 0.32391332394822875, 0.32070351635554323, 0.3235639042358983, 0.3255517209155691, 0.31116650175579175, 0.3206860928278831, 0.31105055409932025, 0.31785727805906433, 0.29199701230628067, 0.3168665787894969, 0.2916181633455886, 0.313048132215799, 0.2737366446845785, 0.3164141706570431, 0.3093015351781138, 0.2778506054439479, 0.2807963392421327, 0.28818345635922415, 0.2834092780275063, 0.283570515209188, 0.2825742649802662, 0.28998494417993015, 0.26751877673798136, 0.29154189767109023, 0.28433801431760747, 0.27981186018118426, 0.25546502809350685, 0.27610570031597653, 0.2675114895424081, 0.27940423939790987, 0.26431879621275045, 0.26684054653332745, 0.3024327643957265, 0.2669083541552364, 0.290105622637741, 0.25313662456486513, 0.2569959972019273, 0.2882233876286558, 0.23044456646570735, 0.27306507876384317, 0.2428737313969544, 0.25398279407441066, 0.2615173454741361, 0.24464367713296298, 0.25247299004587587, 0.24806954833954847, 0.26553895390351057, 0.23520449907173988, 0.2632515520254081, 0.23837880325262192, 0.26621554442163964, 0.23883165785076998, 0.22156937068880156, 0.23299932936378923, 0.26868518636458455, 0.2525287412848599, 0.24420531191000788, 0.22952992684311335, 0.24281284064744357, 0.2390843747351836, 0.2191622518002987, 0.22592303968655564, 0.2529751813556585, 0.24681977897847968, 0.22923223769499196, 0.25193845810610116, 0.23783880851266007, 0.24997355511446512, 0.24008775079553876, 0.20680249155912958, 0.24850949091509122, 0.22636290016170174, 0.23385435074257352]
BBSR:100.0
ABSR:100.0
max acc:89.3
