======================================
    IID: 1
    Dataset: cifar
    Model: resnet
    Model Init: None
    Aggregation Function: RLR
    Fraction NonIID: 0
    Long attack: 3
    Wide attack: 3
    Wide attack: trust
    Threshold reject: 0.5
    Threshold down: 0.0
    Attack method: dba
    Fraction of malicious agents: 20.0%
    Poison Frac: 0.2
    Backdoor From 7 to 2
    Attack Begin: 0
    Trigger Shape: square
    Type poisoning: 
    Trigger Position X: 0
    Trigger Position Y: 0
    Number of agents: 100
    Fraction of agents each turn: 30(30.0%)
    Local batch size: 50
    Local epoch: 3
    Client_LR: 0.01
    Client_Momentum: 0.9
    Global Rounds: 100
    RobustLR_threshold: 4
======================================
main_task_accuracy=[0, 10.0, 18.860000610351562, 40.470001220703125, 44.2599983215332, 47.33000183105469, 51.45000076293945, 53.9900016784668, 55.560001373291016, 58.34000015258789, 58.16999816894531, 60.119998931884766, 60.84000015258789, 60.560001373291016, 61.91999816894531, 61.66999816894531, 62.31999969482422, 62.040000915527344, 63.2400016784668, 63.2400016784668, 65.1500015258789, 64.91000366210938, 64.41000366210938, 65.12999725341797, 66.66999816894531, 66.5, 66.58000183105469, 65.43000030517578, 67.19999694824219, 67.12000274658203, 65.38999938964844, 66.56999969482422, 66.47000122070312, 67.80000305175781, 66.41999816894531, 67.16000366210938, 67.87999725341797, 66.9000015258789, 66.81999969482422, 66.93000030517578, 69.31999969482422, 67.86000061035156, 69.93000030517578, 69.44999694824219, 68.23999786376953, 69.18000030517578, 67.55000305175781, 67.0199966430664, 70.05999755859375, 68.22000122070312, 70.30000305175781, 68.38999938964844, 69.72000122070312, 68.98999786376953, 70.5, 69.30000305175781, 71.01000213623047, 69.19000244140625, 70.70999908447266, 70.04000091552734, 71.08000183105469, 70.7300033569336, 71.4000015258789, 70.73999786376953, 71.0, 69.26000213623047, 71.30999755859375, 71.20999908447266, 71.81999969482422, 70.97000122070312, 71.0199966430664, 71.62000274658203, 71.44999694824219, 71.18000030517578, 71.7699966430664, 71.68000030517578, 71.87000274658203, 70.94999694824219, 71.94999694824219, 71.13999938964844, 71.83000183105469, 71.9000015258789, 71.75, 71.69000244140625, 71.7699966430664, 71.88999938964844, 71.5, 71.58000183105469, 71.72000122070312, 71.44000244140625, 71.52999877929688, 71.58999633789062, 71.68000030517578, 71.44999694824219, 71.66000366210938, 71.52999877929688, 71.48999786376953, 71.63999938964844, 71.68000030517578, 71.66000366210938, 71.52999877929688]
backdoor_accuracy=[0, 0.0, 18.1, 6.3, 6.3, 4.0, 2.2, 3.5, 3.2, 2.2, 2.6, 1.9, 2.1, 2.1, 1.7, 0.7, 1.9, 1.8, 1.5, 1.8, 2.3, 1.3, 1.3, 1.4, 2.1, 2.2, 1.5, 1.2, 2.2, 2.2, 2.0, 1.9, 2.2, 2.7, 2.1, 2.8, 2.3, 2.0, 2.0, 1.1, 2.3, 2.2, 5.4, 2.4, 2.0, 2.7, 2.0, 2.9, 7.2, 2.5, 8.2, 0.5, 5.7, 0.7, 3.7, 1.5, 3.0, 1.5, 3.7, 2.0, 4.0, 2.0, 3.4, 3.4, 3.3, 4.4, 2.5, 3.8, 4.3, 3.6, 2.8, 4.0, 4.7, 2.8, 4.6, 5.8, 4.9, 2.8, 6.2, 3.3, 5.5, 4.6, 6.0, 3.3, 5.6, 4.5, 4.8, 6.1, 5.1, 4.0, 3.8, 5.1, 5.2, 4.4, 5.7, 4.9, 4.9, 3.9, 5.5, 6.6, 4.7]
loss_list=[1.990052737792333, 1.5906587453683216, 1.2031566812263597, 1.0018297598428196, 0.8447443437659076, 0.7696665993415649, 0.6780491246572801, 0.6030140720059474, 0.5760621357171071, 0.5200856863500343, 0.4952925099349684, 0.46981868887113193, 0.49035859585636205, 0.40058317140779565, 0.41359812878693136, 0.3876715553055207, 0.3878783184165756, 0.3654246728815551, 0.39462311867003635, 0.32763109300802973, 0.31942293103887803, 0.33637895157715925, 0.3398511930079096, 0.3195562455327147, 0.24325203968108525, 0.29043458052005405, 0.2588152254041698, 0.28610010794441526, 0.26568302868154, 0.24508893758317246, 0.23363352944647586, 0.20690268101778606, 0.23576207850969186, 0.23072270509579945, 0.21100376123536588, 0.21822641233228043, 0.21808417701395225, 0.2265494624807292, 0.1489195184355291, 0.2037958107018817, 0.18972131265185052, 0.10869838223715003, 0.14741413198113965, 0.18036890304602113, 0.13619419588678286, 0.1682427354488108, 0.15625835797109172, 0.1546223666491763, 0.14074403757061293, 0.11097106640010476, 0.11402163137536267, 0.15698313711084969, 0.12298164583829926, 0.09139662806436213, 0.11003110060435979, 0.07858841265325384, 0.128300701779695, 0.08997461332887827, 0.07702387456547714, 0.09106451014339755, 0.053417590140840424, 0.07422244630948023, 0.0626470906922057, 0.07145076189232187, 0.09929328731570825, 0.05210320500728105, 0.040017962454674275, 0.022342233707669145, 0.06042321450382586, 0.050712203984241776, 0.05885024133982774, 0.03135261777817908, 0.037224935523186606, 0.05664731521276634, 0.0425925168385422, 0.020871661503701438, 0.049913612029425465, 0.01847495737914061, 0.048536614903520486, 0.007020273470520302, 0.021435758273202935, 0.024098945117964628, 0.04956990551391856, 0.008288529064963465, 0.016593394947020796, 0.032618009044074116, 0.008650328735008468, 0.006539243965020838, 0.014789565393966768, 0.025122683966031522, 0.017017910536932402, 0.0014928166994468486, 0.013429394331891062, 0.0012694865781526863, 0.02920740889508226, 0.016256365880405306, 0.009406326625242703, 0.002334204938365979, 0.006277888596478078, 0.018951730515087136]
BBSR:6.6
ABSR:5.09
max acc:71.68
