======================================
    IID: 0
    Dataset: mnist
    Model: Mnist_CNN
    Model Init: None
    Aggregation Function: fltrust
    Fraction NonIID: 0
    Long attack: 5
    Wide attack: 5
    Wide attack: trust
    Threshold reject: 0.5
    Threshold down: 0.0
    Attack method: badnet
    Fraction of malicious agents: 13.0%
    Poison Frac: 0.2
    Backdoor From 7 to 2
    Attack Begin: 0
    Trigger Shape: square
    Type poisoning: cs
    Trigger Position X: 0
    Trigger Position Y: 0
    Number of agents: 100
    Fraction of agents each turn: 30(30.0%)
    Local batch size: 50
    Local epoch: 3
    Client_LR: 0.01
    Client_Momentum: 0.9
    Global Rounds: 100
    Dataset In Server: 200
======================================
main_task_accuracy=[0, 30.6200008392334, 35.47999954223633, 46.04999923706055, 57.31999969482422, 53.349998474121094, 69.9000015258789, 73.11000061035156, 76.1500015258789, 74.58999633789062, 84.12999725341797, 75.33999633789062, 83.51000213623047, 78.05999755859375, 81.97000122070312, 82.62999725341797, 84.48999786376953, 87.33000183105469, 87.37999725341797, 88.22000122070312, 91.31999969482422, 84.61000061035156, 91.12999725341797, 89.55999755859375, 92.38999938964844, 90.0, 92.16999816894531, 92.98999786376953, 87.5999984741211, 93.13999938964844, 92.45999908447266, 91.91999816894531, 91.16999816894531, 92.37999725341797, 91.87000274658203, 93.58999633789062, 94.16000366210938, 94.76000213623047, 94.54000091552734, 94.19000244140625, 93.80000305175781, 95.12999725341797, 94.47000122070312, 92.0199966430664, 94.77999877929688, 95.12999725341797, 95.68000030517578, 95.36000061035156, 94.62999725341797, 94.19000244140625, 95.33000183105469, 95.30999755859375, 95.81999969482422, 95.63999938964844, 96.3499984741211, 95.19999694824219, 95.55000305175781, 96.16000366210938, 95.7300033569336, 96.5199966430664, 95.86000061035156, 96.05000305175781, 96.58999633789062, 94.38999938964844, 96.2699966430664, 89.5, 94.98999786376953, 95.5199966430664, 96.72000122070312, 96.12000274658203, 96.01000213623047, 96.5999984741211, 95.7699966430664, 94.9800033569336, 96.02999877929688, 95.43000030517578, 96.75, 96.87999725341797, 96.7300033569336, 96.93000030517578, 96.79000091552734, 96.86000061035156, 97.05999755859375, 96.91000366210938, 97.20999908447266, 96.66000366210938, 96.91999816894531, 96.86000061035156, 95.58999633789062, 97.22000122070312, 97.1500015258789, 97.01000213623047, 97.41999816894531, 97.05999755859375, 97.08999633789062, 97.19999694824219, 97.30000305175781, 97.44999694824219, 96.98999786376953, 97.66000366210938, 97.16000366210938]
backdoor_accuracy=[0, 0.0, 2.237354085603113, 0.09727626459143969, 5.447470817120623, 0.09727626459143969, 2.529182879377432, 5.544747081712062, 4.474708171206226, 5.739299610894942, 1.9455252918287937, 2.3346303501945527, 8.073929961089494, 2.9182879377431905, 2.7237354085603114, 10.311284046692608, 2.0428015564202333, 10.116731517509727, 4.474708171206226, 3.6964980544747084, 4.571984435797665, 2.237354085603113, 8.657587548638132, 2.529182879377432, 5.933852140077821, 6.22568093385214, 2.7237354085603114, 4.766536964980545, 3.5992217898832686, 8.268482490272374, 3.0155642023346303, 10.700389105058365, 1.4591439688715953, 5.058365758754864, 2.0428015564202333, 6.42023346303502, 2.6264591439688716, 3.8910505836575875, 5.544747081712062, 3.307392996108949, 10.700389105058365, 3.6964980544747084, 4.377431906614786, 4.182879377431907, 3.404669260700389, 6.712062256809339, 4.085603112840467, 3.7937743190661477, 5.3501945525291825, 1.8482490272373542, 9.727626459143968, 1.264591439688716, 3.5992217898832686, 5.933852140077821, 3.404669260700389, 2.140077821011673, 9.24124513618677, 2.6264591439688716, 7.101167315175097, 3.0155642023346303, 4.474708171206226, 3.404669260700389, 8.560311284046692, 8.560311284046692, 4.961089494163424, 7.101167315175097, 3.21011673151751, 9.04669260700389, 9.33852140077821, 2.529182879377432, 13.715953307392995, 2.529182879377432, 7.198443579766537, 1.556420233463035, 6.712062256809339, 1.8482490272373542, 4.474708171206226, 2.6264591439688716, 8.268482490272374, 5.155642023346304, 7.490272373540856, 5.933852140077821, 5.739299610894942, 3.501945525291829, 6.517509727626459, 2.3346303501945527, 5.447470817120623, 8.754863813229573, 8.754863813229573, 5.836575875486381, 7.392996108949417, 3.6964980544747084, 6.3229571984435795, 8.073929961089494, 7.587548638132295, 14.396887159533074, 6.22568093385214, 11.284046692607005, 3.21011673151751, 9.82490272373541, 6.614785992217898]
loss_list=[0.46259918534986705, 0.3325295502568894, 0.24936535881021638, 0.23693589313736307, 0.18966887229002838, 0.18202226873610397, 0.16601686428523005, 0.1490328140742169, 0.11691453608266444, 0.11987632378418586, 0.1314050905083632, 0.10579631506552117, 0.09269334715163839, 0.13187904349059776, 0.11185411632157484, 0.09133999414381512, 0.11223542249911582, 0.09526330209038816, 0.09276366000630051, 0.09612833835358062, 0.08367816308052957, 0.08796174318285502, 0.06679143017653474, 0.06799191187576656, 0.07361208711167384, 0.0758485913166122, 0.05872031620160085, 0.06956089897999296, 0.07148402487539206, 0.06624413526222535, 0.05362478913014909, 0.07380336360963695, 0.07144803625065894, 0.06970970022941898, 0.05759293809151613, 0.05766040168689703, 0.0541775742914107, 0.057736528108771785, 0.06297919878512331, 0.05001335508958322, 0.05316359369854356, 0.049762392822777175, 0.04202943778346487, 0.06097565708042154, 0.045039637251156533, 0.05622779274432766, 0.04651625524698378, 0.052583265169556484, 0.058423132652678386, 0.048393624189754354, 0.0409092372384757, 0.049378857026398396, 0.0437320691708131, 0.03462485877952196, 0.04422998329804251, 0.04017604069243636, 0.0494293985782177, 0.0469394807311007, 0.045663139041339305, 0.03602473151910723, 0.052110616494825686, 0.04343434571765767, 0.041421538933138394, 0.03758406447138853, 0.03522636621729656, 0.052622776654592175, 0.040680628226873704, 0.04094631764592847, 0.03886896010210334, 0.03340731386078517, 0.04297412353446528, 0.038587892781042375, 0.039432069081593225, 0.04924454159021543, 0.0434946481753418, 0.04663828233563738, 0.04156796759529615, 0.03702714981202929, 0.04159325299440358, 0.028368235077947848, 0.03740523494473617, 0.042055254379547255, 0.031940253739804476, 0.042747332463280864, 0.03720194407717299, 0.03166747734267261, 0.03795120501531155, 0.03684099014701428, 0.03941830872335692, 0.03651148318060108, 0.038367890316207603, 0.029938694359963915, 0.04002385242650227, 0.03465894995342187, 0.030044448016222226, 0.028790482155843813, 0.03684121983788698, 0.04006322350938115, 0.031389229083412476, 0.033519052943698106]
BBSR:14.4
ABSR:7.72
max acc:97.66
