======================================
    IID: 0
    Dataset: mnist
    Model: Mnist_CNN
    Model Init: None
    Aggregation Function: DABA
    Fraction NonIID: 0
    Long attack: 3
    Wide attack: 3
    Wide attack: trust
    Threshold reject: 0.5
    Threshold down: 0.0
    Attack method: badnet
    Fraction of malicious agents: 20.0%
    Poison Frac: 0.2
    Backdoor From 7 to 2
    Attack Begin: 0
    Trigger Shape: square
    Type poisoning: pgd
    Trigger Position X: 0
    Trigger Position Y: 0
    Number of agents: 100
    Fraction of agents each turn: 30(30.0%)
    Local batch size: 50
    Local epoch: 3
    Client_LR: 0.01
    Client_Momentum: 0.9
    Global Rounds: 100
======================================
main_task_accuracy=[0, 22.34000015258789, 54.88999938964844, 32.720001220703125, 29.31999969482422, 45.83000183105469, 53.11000061035156, 71.20999908447266, 54.66999816894531, 67.97000122070312, 62.779998779296875, 78.2699966430664, 83.58999633789062, 80.8499984741211, 74.91999816894531, 77.70999908447266, 85.22000122070312, 87.69999694824219, 87.54000091552734, 88.33999633789062, 93.62999725341797, 90.69999694824219, 90.97000122070312, 92.4800033569336, 93.94000244140625, 92.83000183105469, 86.83000183105469, 89.8499984741211, 92.72000122070312, 95.2300033569336, 92.9000015258789, 93.3499984741211, 91.33000183105469, 92.79000091552734, 94.26000213623047, 94.58999633789062, 95.33999633789062, 92.18000030517578, 94.08999633789062, 95.37999725341797, 93.87000274658203, 94.93000030517578, 94.80000305175781, 96.3499984741211, 92.31999969482422, 95.06999969482422, 94.55000305175781, 96.94000244140625, 87.2300033569336, 88.81999969482422, 97.18000030517578, 95.61000061035156, 80.7699966430664, 90.52999877929688, 96.52999877929688, 90.68000030517578, 96.16000366210938, 93.83999633789062, 89.9800033569336, 94.62999725341797, 96.95999908447266, 96.33000183105469, 94.54000091552734, 96.41000366210938, 97.25, 94.02999877929688, 96.88999938964844, 96.22000122070312, 97.33999633789062, 97.77999877929688, 97.61000061035156, 97.83000183105469, 97.08999633789062, 94.83999633789062, 96.23999786376953, 97.95999908447266, 97.05999755859375, 97.12999725341797, 85.22000122070312, 97.16999816894531, 97.16999816894531, 98.0, 97.55999755859375, 97.55999755859375, 97.16999816894531, 97.5999984741211, 97.63999938964844, 98.11000061035156, 97.43000030517578, 97.05000305175781, 97.87000274658203, 96.30000305175781, 97.81999969482422, 96.5, 97.9800033569336, 94.12999725341797, 96.69999694824219, 96.16999816894531, 98.02999877929688, 96.72000122070312, 98.18000030517578]
backdoor_accuracy=[0, 0.0, 32.39299610894942, 0.0, 0.0, 3.9883268482490273, 18.77431906614786, 0.0, 3.8910505836575875, 4.377431906614786, 28.79377431906615, 0.0, 1.9455252918287937, 3.501945525291829, 0.19455252918287938, 4.766536964980545, 13.229571984435797, 2.529182879377432, 1.4591439688715953, 22.276264591439688, 1.8482490272373542, 15.95330739299611, 3.0155642023346303, 1.7509727626459144, 2.529182879377432, 2.140077821011673, 11.186770428015564, 3.7937743190661477, 2.3346303501945527, 3.6964980544747084, 1.1673151750972763, 2.140077821011673, 93.09338521400778, 0.48638132295719844, 23.929961089494164, 0.8754863813229572, 9.24124513618677, 1.4591439688715953, 10.700389105058365, 1.8482490272373542, 32.39299610894942, 4.766536964980545, 5.933852140077821, 14.202334630350194, 42.99610894941634, 42.704280155642024, 93.19066147859922, 87.84046692607004, 48.540856031128406, 35.01945525291829, 83.46303501945525, 68.48249027237354, 33.463035019455255, 98.92996108949416, 98.24902723735408, 1.7509727626459144, 79.86381322957199, 55.05836575875487, 46.69260700389105, 11.381322957198444, 15.077821011673151, 5.058365758754864, 38.2295719844358, 84.8249027237354, 4.863813229571984, 96.01167315175097, 2.3346303501945527, 22.957198443579767, 24.41634241245136, 15.369649805447471, 4.961089494163424, 25.19455252918288, 3.5992217898832686, 11.186770428015564, 9.727626459143968, 16.53696498054475, 17.120622568093385, 6.712062256809339, 58.36575875486381, 4.377431906614786, 46.49805447470817, 10.116731517509727, 39.78599221789883, 4.766536964980545, 95.03891050583658, 4.766536964980545, 16.828793774319067, 22.470817120622566, 13.910505836575876, 96.10894941634241, 81.03112840466926, 96.98443579766537, 94.94163424124514, 82.97665369649805, 71.69260700389106, 82.78210116731518, 38.91050583657587, 38.03501945525292, 62.2568093385214, 96.88715953307393, 94.16342412451363]
loss_list=[0.5194157788040437, 0.3279236021019404, 0.2360038621700503, 0.2926191416093621, 0.22473823378419253, 0.20788274040435376, 0.18770105278860053, 0.13258879680107957, 0.20228550431353393, 0.15721100194556883, 0.13948782681808863, 0.1404990340558714, 0.11695283307321072, 0.0866141773608626, 0.11590676543982496, 0.1455012239203993, 0.089215324668499, 0.07442542149612383, 0.08911806427312581, 0.09018681320291579, 0.06757575751945824, 0.07310281068392063, 0.06930749424441442, 0.06770595416704732, 0.06548165683252592, 0.07681001779863483, 0.06585648772666579, 0.06660991447813819, 0.06110547877251994, 0.05663589621861216, 0.051367051025382075, 0.05440952869126594, 0.05237332462816042, 0.059069594550739485, 0.056997163727518695, 0.05588696691418877, 0.04825606183082782, 0.060092574464225536, 0.050351333749639945, 0.04814129986909906, 0.0510202880020162, 0.05101718001434661, 0.04856119509517682, 0.03477462487913222, 0.05028667794682332, 0.03782485521038232, 0.04166019788149295, 0.033289994211988284, 0.045266048429136875, 0.05707472781184973, 0.04302931888179552, 0.04021685640430018, 0.07492175951917604, 0.05974676639275899, 0.038009372565155373, 0.05614221606207955, 0.03640255788784449, 0.057367526699724856, 0.05160803115908257, 0.04798673437236088, 0.03439752045964798, 0.03588558953770111, 0.03512012622940191, 0.034336798751203504, 0.04000675887222729, 0.046700050939677246, 0.032601901403909145, 0.046754031006171703, 0.027998029218741335, 0.02800543578836851, 0.035590341740481, 0.03254972063038761, 0.03477839098075053, 0.04058678878650689, 0.03422608535663459, 0.0275906772449475, 0.029791117996975567, 0.03254066355812007, 0.054195256943671916, 0.0387344375945055, 0.030803184866735268, 0.02869269248206863, 0.032975872469559624, 0.029872197602331264, 0.03474033664449043, 0.026987000298186892, 0.03349512651531728, 0.02814234081858639, 0.02945125697104167, 0.029177902178759887, 0.02638130410617024, 0.03164193775927, 0.020813371730736836, 0.029446157240199177, 0.028053654523326747, 0.03846302010355819, 0.026458438551465815, 0.027489812948709405, 0.03201968881872877, 0.03099646412067408]
BBSR:11.18070586568253
ABSR:13.488395461621892
max acc:98.18
