======================================
    IID: 0
    Dataset: mnist
    Model: Mnist_CNN
    Model Init: None
    Aggregation Function: RLR
    Fraction NonIID: 0
    Long attack: 3
    Wide attack: 3
    Wide attack: trust
    Threshold reject: 0.5
    Threshold down: 0.0
    Attack method: dba
    Fraction of malicious agents: 20.0%
    Poison Frac: 0.2
    Backdoor From 7 to 2
    Attack Begin: 0
    Trigger Shape: square
    Type poisoning: 
    Trigger Position X: 0
    Trigger Position Y: 0
    Number of agents: 100
    Fraction of agents each turn: 30(30.0%)
    Local batch size: 50
    Local epoch: 3
    Client_LR: 0.01
    Client_Momentum: 0.9
    Global Rounds: 100
    RobustLR_threshold: 4
======================================
main_task_accuracy=[0, 21.700000762939453, 29.149999618530273, 44.34000015258789, 66.44999694824219, 75.02999877929688, 76.31999969482422, 76.19000244140625, 82.80999755859375, 89.48999786376953, 83.98999786376953, 90.37000274658203, 80.7300033569336, 85.44999694824219, 89.5199966430664, 91.30999755859375, 91.66000366210938, 93.37000274658203, 89.87999725341797, 92.12000274658203, 94.87000274658203, 93.87000274658203, 93.63999938964844, 93.11000061035156, 93.12000274658203, 93.26000213623047, 94.97000122070312, 94.94000244140625, 94.12000274658203, 93.9000015258789, 93.51000213623047, 92.29000091552734, 93.94999694824219, 94.19000244140625, 94.44999694824219, 96.38999938964844, 95.0999984741211, 94.68000030517578, 95.20999908447266, 95.94000244140625, 94.77999877929688, 95.88999938964844, 95.80000305175781, 96.58000183105469, 96.69999694824219, 96.66999816894531, 95.7699966430664, 95.29000091552734, 96.48999786376953, 96.29000091552734, 94.12999725341797, 95.4800033569336, 95.86000061035156, 96.86000061035156, 96.55999755859375, 97.16000366210938, 96.66000366210938, 96.91999816894531, 96.98999786376953, 96.93000030517578, 97.13999938964844, 96.43000030517578, 95.81999969482422, 96.30999755859375, 96.58999633789062, 96.8499984741211, 96.86000061035156, 96.6500015258789, 97.29000091552734, 96.80999755859375, 96.9800033569336, 97.2300033569336, 97.22000122070312, 97.2699966430664, 97.4000015258789, 97.29000091552734, 97.20999908447266, 97.41999816894531, 97.2300033569336, 97.05999755859375, 97.16999816894531, 97.05999755859375, 94.98999786376953, 93.3499984741211, 96.30000305175781, 96.91999816894531, 97.41999816894531, 97.31999969482422, 97.47000122070312, 97.25, 97.41000366210938, 97.18000030517578, 97.58000183105469, 97.69999694824219, 96.83999633789062, 97.69000244140625, 97.43000030517578, 97.2699966430664, 97.68000030517578, 97.62999725341797, 96.48999786376953]
backdoor_accuracy=[0, 0.0, 0.0, 0.0, 0.5836575875486382, 2.3346303501945527, 5.155642023346304, 12.45136186770428, 1.6536964980544746, 8.949416342412452, 2.821011673151751, 4.961089494163424, 2.237354085603113, 10.505836575875486, 4.280155642023346, 4.863813229571984, 2.7237354085603114, 4.863813229571984, 1.3618677042801557, 8.171206225680933, 5.058365758754864, 2.431906614785992, 5.252918287937743, 7.782101167315175, 13.424124513618677, 3.307392996108949, 8.560311284046692, 2.431906614785992, 2.7237354085603114, 5.739299610894942, 5.836575875486381, 2.7237354085603114, 2.7237354085603114, 4.474708171206226, 3.307392996108949, 3.5992217898832686, 7.392996108949417, 4.377431906614786, 5.544747081712062, 6.712062256809339, 17.509727626459146, 3.501945525291829, 10.700389105058365, 4.571984435797665, 7.198443579766537, 8.365758754863814, 11.867704280155642, 9.43579766536965, 5.3501945525291825, 9.82490272373541, 6.712062256809339, 9.43579766536965, 11.089494163424124, 16.634241245136188, 7.490272373540856, 9.82490272373541, 9.922178988326849, 6.128404669260701, 4.377431906614786, 9.82490272373541, 6.128404669260701, 6.031128404669261, 13.813229571984436, 10.214007782101167, 6.42023346303502, 29.766536964980546, 16.634241245136188, 6.517509727626459, 5.252918287937743, 40.75875486381323, 3.6964980544747084, 7.782101167315175, 6.128404669260701, 20.817120622568094, 21.011673151750973, 17.315175097276263, 54.37743190661479, 26.750972762645915, 31.22568093385214, 12.354085603112841, 60.11673151750973, 56.90661478599222, 6.42023346303502, 71.88715953307393, 17.898832684824903, 42.217898832684824, 24.41634241245136, 7.003891050583658, 16.828793774319067, 46.011673151750976, 58.85214007782101, 52.82101167315175, 66.24513618677042, 33.94941634241245, 9.43579766536965, 51.16731517509728, 71.59533073929961, 28.988326848249027, 58.94941634241245, 72.37354085603113, 14.980544747081712]
loss_list=[0.47803557786911416, 0.3599397754214512, 0.3152446506570265, 0.2257672904827931, 0.18681257167987544, 0.13139825180288905, 0.1434322804487162, 0.12392262798593402, 0.10667787417427642, 0.09268046924141594, 0.09891513803557234, 0.0773079820702691, 0.08859525359487018, 0.10915956627180501, 0.07967038422280613, 0.06526572067041113, 0.0835637887658536, 0.0731356205729166, 0.07059838829358761, 0.05704103259050291, 0.07241170622856888, 0.07350037639918297, 0.05634686964098274, 0.06178046237035717, 0.05865767010628027, 0.06088754865155754, 0.06202357442233281, 0.06018857878654849, 0.05285405283046702, 0.058133268663515106, 0.058066699663071236, 0.05574986274921365, 0.050866127043191094, 0.05699949188591017, 0.0651394266672777, 0.05028790232211247, 0.050363156621341484, 0.05159351976707175, 0.047561903264289725, 0.04409376058294589, 0.04869232016403681, 0.045256025296313576, 0.04204891094085872, 0.05549653251375913, 0.05266425475042196, 0.03647300201632881, 0.055828246474271405, 0.043726985760106016, 0.040763245423201824, 0.04341157448862057, 0.04861635266496213, 0.04350253228668937, 0.044200882583073996, 0.03770073694024092, 0.044325917103441574, 0.0390865845499778, 0.043827063822831004, 0.041080965320457345, 0.04213908922829624, 0.041268336951856506, 0.05003818725924211, 0.03979040875404464, 0.034377039559421466, 0.05476855806694748, 0.05383485736200868, 0.03148601001737068, 0.04597700892819551, 0.034866061761513606, 0.03706401055756861, 0.03626403536079904, 0.04311415397943922, 0.04487070001234465, 0.030823905011953128, 0.04569930624432837, 0.03942096337326274, 0.046060917030649066, 0.039649545433516294, 0.03785582267790041, 0.039116578140983585, 0.041097328250608856, 0.04070449916759073, 0.04172186333565919, 0.039207820838322256, 0.05161227590455875, 0.032137393769134055, 0.0344367742814639, 0.04239874332588934, 0.041272143061214614, 0.033679848949532444, 0.03456585066453601, 0.033399166513789366, 0.03840490275686918, 0.03845669924040531, 0.03396379342058294, 0.03358980181227788, 0.03317264760775453, 0.041851320131788224, 0.03745272799974534, 0.033412856453836945, 0.03188268459654676]
BBSR:72.37
ABSR:46.05
max acc:97.7
