======================================
    IID: 1
    Dataset: cifar
    Model: resnet
    Model Init: None
    Aggregation Function: DABA
    Fraction NonIID: 0
    Long attack: 3
    Wide attack: 3
    Wide attack: trust
    Threshold reject: 0.5
    Threshold down: 0.0
    Attack method: badnet
    Fraction of malicious agents: 30.0%
    Poison Frac: 0.2
    Backdoor From 7 to 2
    Attack Begin: 0
    Trigger Shape: square
    Type poisoning: 
    Trigger Position X: 0
    Trigger Position Y: 0
    Number of agents: 100
    Fraction of agents each turn: 30(30.0%)
    Local batch size: 50
    Local epoch: 3
    Client_LR: 0.01
    Client_Momentum: 0.9
    Global Rounds: 100
======================================
main_task_accuracy=[0, 10.039999961853027, 29.420000076293945, 43.560001373291016, 42.5099983215332, 51.380001068115234, 51.83000183105469, 54.970001220703125, 56.560001373291016, 59.40999984741211, 62.040000915527344, 62.790000915527344, 62.369998931884766, 64.12000274658203, 64.29000091552734, 64.48999786376953, 65.13999938964844, 66.66999816894531, 67.69999694824219, 68.33999633789062, 66.76000213623047, 67.25, 68.31999969482422, 69.88999938964844, 68.66999816894531, 69.0, 69.44999694824219, 69.54000091552734, 69.87999725341797, 70.51000213623047, 70.54000091552734, 71.58000183105469, 70.6500015258789, 71.44999694824219, 71.4000015258789, 71.05000305175781, 72.16000366210938, 72.12999725341797, 72.41999816894531, 72.61000061035156, 71.7699966430664, 72.70999908447266, 72.63999938964844, 72.94000244140625, 72.16999816894531, 73.12000274658203, 72.76000213623047, 72.83999633789062, 73.0, 73.05999755859375, 73.12999725341797, 72.18000030517578, 72.52999877929688, 72.52999877929688, 72.63999938964844, 72.79000091552734, 72.70999908447266, 72.80000305175781, 72.91999816894531, 72.75, 72.68000030517578, 72.4800033569336, 72.25, 72.5, 72.4000015258789, 72.54000091552734, 72.66000366210938, 72.6500015258789, 72.66000366210938, 72.51000213623047, 72.62999725341797, 72.55000305175781, 72.4800033569336, 72.63999938964844, 72.4000015258789, 72.38999938964844, 72.38999938964844, 72.3499984741211, 72.47000122070312, 72.27999877929688, 72.27999877929688, 72.37999725341797, 72.3499984741211, 72.41000366210938, 72.20999908447266, 72.43000030517578, 72.47000122070312, 72.41999816894531, 72.5, 72.41999816894531, 72.37999725341797, 72.47000122070312, 72.2300033569336, 72.22000122070312, 72.29000091552734, 72.16000366210938, 72.1500015258789, 72.1500015258789, 72.12999725341797, 72.16000366210938, 72.16000366210938]
backdoor_accuracy=[0, 10.9, 19.9, 4.3, 5.2, 3.9, 5.8, 3.7, 8.1, 4.3, 4.2, 5.1, 3.7, 3.0, 2.2, 3.9, 1.7, 0.9, 2.2, 1.7, 2.0, 1.8, 1.5, 1.7, 2.4, 1.5, 1.5, 2.7, 2.2, 2.3, 2.1, 2.2, 3.2, 2.0, 0.8, 1.5, 1.7, 2.6, 2.7, 3.5, 1.7, 1.9, 1.7, 2.6, 1.2, 2.7, 1.2, 1.2, 2.2, 1.7, 1.3, 1.1, 1.7, 2.5, 2.2, 2.5, 1.8, 1.6, 2.1, 1.3, 1.8, 2.7, 1.5, 3.0, 1.5, 1.9, 1.6, 1.7, 1.9, 2.1, 2.2, 1.6, 1.7, 2.0, 2.0, 2.1, 2.2, 2.6, 1.7, 2.9, 2.8, 2.5, 1.4, 2.5, 1.9, 2.3, 2.1, 2.3, 2.5, 2.3, 2.1, 2.5, 2.0, 2.0, 2.4, 2.1, 2.8, 3.0, 3.2, 3.0, 2.8]
loss_list=[1.9767257568571306, 1.4880875673558975, 1.1037199476030137, 0.9634146503773, 0.7498059059182801, 0.6861919366361368, 0.6218448657956387, 0.563315501159264, 0.4798780254957577, 0.49848314859179976, 0.4483610486870424, 0.4045213932626778, 0.40875452690136943, 0.3726028137602325, 0.3492741433448262, 0.3386843387446264, 0.26317547515060535, 0.25766585480473514, 0.27753141903396084, 0.2508268448084386, 0.2708356728008948, 0.255877345262561, 0.21491292876113824, 0.22432772761948094, 0.1921157236081652, 0.22320501937996604, 0.14841798193817443, 0.1680357771858366, 0.13595745800464004, 0.1435847336240113, 0.1307119003956258, 0.1677058937288045, 0.11295131524960095, 0.1408193442592811, 0.15061979736072117, 0.08666324868449009, 0.08224292963516848, 0.09861650986202423, 0.08528899276415665, 0.08511723282979801, 0.10566343952274314, 0.05974096453076023, 0.027439338806369864, 0.06754853051828429, 0.0640796878344069, 0.06833527806674182, 0.05650057201529206, 0.031816771237515945, 0.03732784788166302, 0.02484558240290628, 0.05631788273526279, 0.01667818018655655, 0.02896076861985623, 0.04719436437250503, 0.012334494301273174, 0.01948734297119599, 0.007261831696960143, 0.02167059251440352, 0.008857291877793612, 0.011025272397091612, 0.006007505226880311, 0.007974776635463863, 0.022406559356766383, 0.004250244022324396, 0.008992496272516696, 0.013869673993645443, 0.006185447214957093, 0.002344956275434621, 0.0037311878807829795, 0.008406238598254278, 0.008689893584216606, 0.006275211574393326, 0.0022843259337241763, 0.0018633373236904545, 0.0024237559242303378, 0.0015579641524042622, 0.0020599172877943297, 0.007097201253814594, 0.0015025163684104985, 0.003904915591588683, 0.0011284965657574098, 0.002623139306379017, 0.0011496053355060415, 0.0016093982517971501, 0.0034189374931560853, 0.001774435453666633, 0.0016683688519212104, 0.0042849854068481375, 0.0009358213586286489, 0.0009375936797975253, 0.0009960866282765185, 0.001229263946435013, 0.0009323583032124185, 0.000835612477328848, 0.0012268353135247406, 0.003510093007959465, 0.0008039162373703828, 0.0007939415413744024, 0.0006854958789901704, 0.0010577594884186206]
BBSR:3.2
ABSR:2.58
max acc:72.47
