======================================
    IID: 0
    Dataset: fashion_mnist
    Model: Mnist_CNN
    Model Init: None
    Aggregation Function: fltrust
    Fraction NonIID: 0
    Long attack: 3
    Wide attack: 3
    Wide attack: trust
    Threshold reject: 0.5
    Threshold down: 0.0
    Attack method: badnet
    Fraction of malicious agents: 13.0%
    Poison Frac: 0.2
    Backdoor From 7 to 2
    Attack Begin: 0
    Trigger Shape: square
    Type poisoning: cs
    Trigger Position X: 0
    Trigger Position Y: 0
    Number of agents: 100
    Fraction of agents each turn: 30(30.0%)
    Local batch size: 50
    Local epoch: 3
    Client_LR: 0.01
    Client_Momentum: 0.9
    Global Rounds: 100
    Dataset In Server: 200
======================================
main_task_accuracy=[0, 57.83000183105469, 71.2699966430664, 72.37999725341797, 73.66999816894531, 74.94999694824219, 76.18000030517578, 76.75, 77.44000244140625, 78.02999877929688, 78.45999908447266, 78.7699966430664, 79.04000091552734, 79.5199966430664, 79.95999908447266, 80.30000305175781, 80.3499984741211, 80.7300033569336, 81.08999633789062, 81.4800033569336, 81.87999725341797, 82.1500015258789, 82.47000122070312, 82.83000183105469, 82.72000122070312, 82.43000030517578, 82.81999969482422, 83.55000305175781, 83.68000030517578, 83.88999938964844, 83.58999633789062, 84.12999725341797, 83.25, 84.31999969482422, 84.3499984741211, 84.41000366210938, 84.51000213623047, 84.83999633789062, 85.02999877929688, 85.16999816894531, 84.94999694824219, 85.16999816894531, 85.41000366210938, 85.25, 85.30000305175781, 85.70999908447266, 85.5999984741211, 85.68000030517578, 85.91999816894531, 85.48999786376953, 85.68000030517578, 85.97000122070312, 85.98999786376953, 85.97000122070312, 86.19000244140625, 86.33999633789062, 86.30000305175781, 86.51000213623047, 86.52999877929688, 86.3499984741211, 86.4000015258789, 86.45999908447266, 86.41999816894531, 86.63999938964844, 86.62000274658203, 86.93000030517578, 86.83000183105469, 86.79000091552734, 86.9000015258789, 86.66999816894531, 87.12000274658203, 86.55000305175781, 86.98999786376953, 87.41999816894531, 87.25, 87.1500015258789, 87.16999816894531, 87.26000213623047, 87.41999816894531, 87.4000015258789, 87.54000091552734, 87.20999908447266, 87.43000030517578, 87.44000244140625, 87.47000122070312, 87.66999816894531, 87.69999694824219, 87.68000030517578, 87.73999786376953, 87.48999786376953, 87.7699966430664, 87.86000061035156, 87.93000030517578, 87.63999938964844, 87.87000274658203, 87.91000366210938, 87.9800033569336, 87.91000366210938, 88.06999969482422, 87.97000122070312, 87.95999908447266]
backdoor_accuracy=[0, 0.0, 0.0, 0.0, 0.0, 0.0, 0.0, 0.0, 0.0, 0.0, 0.0, 0.0, 0.0, 0.0, 0.1, 0.0, 0.1, 0.1, 0.4, 0.5, 0.5, 0.1, 0.1, 0.2, 0.9, 1.3, 7.1, 20.5, 21.3, 18.4, 15.1, 25.8, 60.5, 52.3, 49.3, 35.5, 52.5, 69.5, 67.2, 68.4, 67.7, 76.7, 78.2, 72.0, 74.9, 78.7, 72.0, 64.2, 64.9, 67.7, 71.6, 76.7, 72.3, 76.2, 64.9, 80.5, 75.0, 86.3, 88.9, 88.7, 86.1, 79.5, 78.7, 79.3, 82.0, 84.8, 81.3, 82.8, 79.7, 74.8, 76.0, 68.9, 78.8, 77.4, 69.0, 63.2, 72.8, 77.3, 78.6, 79.8, 76.0, 73.5, 68.4, 87.9, 82.1, 84.1, 78.4, 82.1, 81.0, 76.6, 82.8, 84.7, 73.9, 96.9, 96.9, 96.9, 96.0, 96.6, 98.1, 97.4, 97.0]
loss_list=[1.47314357365723, 1.1240725713747521, 0.8597694680094717, 0.7284477170280834, 0.6582016115663228, 0.5921939548932844, 0.5560144021693202, 0.5735254170718017, 0.5328833045368946, 0.4953759318562569, 0.503981127548549, 0.45688787135812975, 0.46968485605385585, 0.4418396729975939, 0.45307801547977655, 0.43884735856619156, 0.4047989294001901, 0.41416003864810425, 0.40645678415894504, 0.38902983470233493, 0.4076670161275952, 0.41780612095500586, 0.3885417321765864, 0.4082096262938446, 0.3988419463237127, 0.3645095770695695, 0.3949830805675852, 0.3662791158452078, 0.36651815459546117, 0.3675970148364152, 0.37260355521683347, 0.3501532179544921, 0.3577162813809183, 0.34939022367061295, 0.36191933108838625, 0.33173662534121556, 0.3160167656045544, 0.34227260989999325, 0.34299829686060546, 0.3278213415432859, 0.3199621668637351, 0.3467202585328508, 0.3526787182661118, 0.30414844113229605, 0.34081042687995017, 0.32193783167749646, 0.326493669156399, 0.32248578780089254, 0.3076508593185011, 0.3317591746717141, 0.32978531287086227, 0.3143154984685006, 0.3281320685693236, 0.3404706987448865, 0.31416890598764574, 0.3161290265688742, 0.3118212298697067, 0.2922691197065568, 0.2978660762896416, 0.3173054811268769, 0.2903932620805723, 0.3074896415557574, 0.306919107813802, 0.30939715362533377, 0.2929158128280606, 0.2829009706671867, 0.29850375053507316, 0.28203678212852945, 0.3009794897951738, 0.2744046075993942, 0.28215352672635136, 0.29128575831375747, 0.27584707991013097, 0.29350652203170796, 0.2779994895612752, 0.29064925541342407, 0.27175251795323907, 0.2796230388977738, 0.28367851850128284, 0.2563045279933485, 0.27443368294172815, 0.2910973707179505, 0.28137730109263903, 0.2811170526228293, 0.29381823364507265, 0.28194162545173806, 0.2881743766539902, 0.25220426320339795, 0.25884019696947047, 0.25014511162622105, 0.25398841985949766, 0.2573138176980946, 0.25271695277274203, 0.25616619992587303, 0.26019520703013294, 0.26695350563429565, 0.24069386334848344, 0.2738877279649454, 0.25950115242179617, 0.25772225637747737]
BBSR:98.1
ABSR:93.44
max acc:88.07
