======================================
    IID: 1
    Dataset: cifar
    Model: resnet
    Model Init: None
    Aggregation Function: flame
    Fraction NonIID: 0
    Long attack: 3
    Wide attack: 3
    Wide attack: trust
    Threshold reject: 0.5
    Threshold down: 0.0
    Attack method: badnet
    Fraction of malicious agents: 30.0%
    Poison Frac: 0.2
    Backdoor From 7 to 2
    Attack Begin: 0
    Trigger Shape: square
    Type poisoning: pgd
    Trigger Position X: 0
    Trigger Position Y: 0
    Number of agents: 100
    Fraction of agents each turn: 30(30.0%)
    Local batch size: 50
    Local epoch: 3
    Client_LR: 0.01
    Client_Momentum: 0.9
    Global Rounds: 100
    Noise in FLAME: 0.001
proportion of malicious are selected:0.8555555555555555
proportion of benign are selected:0.4185714285714286
======================================
main_task_accuracy=[0, 10.0, 30.549999237060547, 41.380001068115234, 48.099998474121094, 48.13999938964844, 52.70000076293945, 55.880001068115234, 56.97999954223633, 59.13999938964844, 59.68000030517578, 61.25, 61.11000061035156, 61.2599983215332, 60.880001068115234, 61.2599983215332, 61.779998779296875, 63.5099983215332, 62.58000183105469, 63.189998626708984, 63.130001068115234, 61.189998626708984, 61.20000076293945, 61.5, 61.400001525878906, 64.22000122070312, 64.0, 64.30000305175781, 64.5199966430664, 63.880001068115234, 65.55999755859375, 65.94999694824219, 66.43000030517578, 65.26000213623047, 65.08000183105469, 64.26000213623047, 63.970001220703125, 65.41999816894531, 65.55999755859375, 65.75, 64.2300033569336, 63.7400016784668, 62.2400016784668, 64.69999694824219, 65.55000305175781, 65.61000061035156, 65.3499984741211, 65.0199966430664, 65.41999816894531, 64.66999816894531, 65.38999938964844, 65.19000244140625, 65.79000091552734, 65.86000061035156, 65.55999755859375, 64.83000183105469, 67.3499984741211, 66.55999755859375, 66.51000213623047, 66.54000091552734, 65.8499984741211, 66.18000030517578, 67.02999877929688, 66.61000061035156, 65.58999633789062, 64.83999633789062, 66.55000305175781, 65.04000091552734, 64.08999633789062, 63.9900016784668, 65.22000122070312, 66.43000030517578, 66.7300033569336, 67.19000244140625, 66.23999786376953, 66.75, 66.66000366210938, 65.79000091552734, 66.25, 65.66000366210938, 66.44000244140625, 65.55999755859375, 66.87999725341797, 66.66999816894531, 67.0999984741211, 67.44000244140625, 67.56999969482422, 67.6500015258789, 66.83999633789062, 65.93000030517578, 66.11000061035156, 65.7699966430664, 65.97000122070312, 66.68000030517578, 67.52999877929688, 66.0999984741211, 67.08000183105469, 66.7300033569336, 66.87999725341797, 66.80000305175781, 67.08000183105469]
backdoor_accuracy=[0, 0.0, 0.8, 3.8, 2.5, 4.0, 3.6, 0.3, 8.9, 0.9, 2.2, 1.9, 1.2, 0.9, 1.4, 0.3, 0.7, 0.8, 0.2, 0.4, 0.5, 0.5, 0.5, 1.6, 0.7, 3.0, 1.5, 0.6, 1.8, 1.0, 2.4, 2.3, 1.7, 0.8, 1.5, 1.1, 0.9, 1.4, 1.4, 2.0, 0.5, 0.4, 0.3, 0.5, 1.4, 0.7, 1.9, 1.9, 2.2, 1.2, 1.0, 1.0, 1.4, 0.8, 0.6, 0.8, 2.3, 3.1, 1.1, 0.8, 3.7, 1.3, 1.7, 1.5, 0.5, 0.7, 2.4, 0.6, 2.2, 1.3, 2.5, 4.0, 2.4, 2.2, 1.7, 6.0, 2.0, 1.3, 1.3, 0.8, 1.4, 2.3, 1.0, 1.7, 1.3, 2.5, 1.8, 2.3, 1.4, 0.7, 1.0, 1.7, 3.4, 2.0, 2.7, 0.7, 1.2, 1.4, 1.5, 1.7, 1.9]
loss_list=[1.9428292943371668, 1.506552255352338, 1.1484420950214067, 0.936407025191519, 0.8094860062582626, 0.7161272282029192, 0.6483774147348272, 0.6016589666571883, 0.5522258590617113, 0.5320826379313238, 0.5168611887428496, 0.5174091997245948, 0.45730925755989227, 0.441421443435053, 0.45548384262041913, 0.43631732571559645, 0.41947624662063193, 0.4288582649920135, 0.42767861344230684, 0.3915684810642981, 0.41767112733899714, 0.40538402952512514, 0.42867643936019795, 0.4048636328573857, 0.36317197932033896, 0.38374331833846453, 0.4137258888739679, 0.3813674201226482, 0.36942017416987144, 0.37456518820590445, 0.37809703012721413, 0.375037133336688, 0.36162346742633317, 0.39330879303626715, 0.364115796421344, 0.38679601639819644, 0.37199462302443054, 0.3652174300348593, 0.3116483794380393, 0.3591021120025673, 0.37338006210099495, 0.32170578868231836, 0.3500783933574955, 0.31487880023144593, 0.4183501190981932, 0.3510108951153233, 0.3264560227820443, 0.33619371925221964, 0.3513868719727421, 0.3723585857901103, 0.29660516630496, 0.37354356116511755, 0.3483650591741833, 0.3466757325465894, 0.3730285625392572, 0.3713079813697065, 0.3088503400189802, 0.3128477847591663, 0.31545887482507773, 0.337890008672451, 0.33273781725774626, 0.32003369815647603, 0.3149857962022846, 0.30355602104682483, 0.34575621368415244, 0.32031469450642663, 0.33572524691104066, 0.3270349360205647, 0.3582157924926529, 0.31900285489908936, 0.2996004871284175, 0.31780228247607334, 0.3090664738013099, 0.31651671047012014, 0.35142553280883776, 0.2908658188778079, 0.33755844358923953, 0.31675004049721694, 0.2856796064207124, 0.28281918855487476, 0.28883578074423394, 0.2858727512539675, 0.32990425943759166, 0.3029534043097454, 0.2804137290830517, 0.3357374145194061, 0.25472572165282653, 0.2935787463493439, 0.35334897800245224, 0.30286926546082316, 0.28133614486600783, 0.29824131843530466, 0.2799215356560631, 0.22445469604960328, 0.2610813217015109, 0.25420780987116615, 0.2850135856677985, 0.3025548027975795, 0.280981628428886, 0.2782967819692567]
BBSR:15.382375034615011
ABSR:19.23428333674864
max acc:67.53
