======================================
    IID: 0
    Dataset: mnist
    Model: Mnist_CNN
    Model Init: None
    Aggregation Function: avg
    Fraction NonIID: 0
    Long attack: 4
    Wide attack: 4
    Wide attack: trust
    Threshold reject: 0.5
    Threshold down: 0.0
    Attack method: badnet
    Fraction of malicious agents: 13.0%
    Poison Frac: 0.2
    Backdoor From 7 to 2
    Attack Begin: 0
    Trigger Shape: square
    Type poisoning: pgd
    Trigger Position X: 0
    Trigger Position Y: 0
    Number of agents: 100
    Fraction of agents each turn: 30(30.0%)
    Local batch size: 50
    Local epoch: 3
    Client_LR: 0.01
    Client_Momentum: 0.9
    Global Rounds: 100
======================================
main_task_accuracy=[0, 46.66999816894531, 46.779998779296875, 52.38999938964844, 71.37000274658203, 73.23999786376953, 76.70999908447266, 81.0, 90.55000305175781, 89.76000213623047, 85.23999786376953, 91.02999877929688, 90.93000030517578, 93.45999908447266, 92.4800033569336, 91.6500015258789, 93.12999725341797, 94.55999755859375, 93.26000213623047, 95.25, 94.27999877929688, 95.81999969482422, 95.70999908447266, 95.80999755859375, 95.12000274658203, 95.54000091552734, 94.47000122070312, 95.68000030517578, 95.91999816894531, 95.95999908447266, 96.80999755859375, 96.16999816894531, 97.05999755859375, 97.01000213623047, 96.63999938964844, 97.16999816894531, 97.08999633789062, 97.2699966430664, 97.33000183105469, 97.47000122070312, 97.08000183105469, 97.51000213623047, 97.2699966430664, 96.7699966430664, 97.4800033569336, 97.37999725341797, 97.62999725341797, 96.8499984741211, 97.41999816894531, 96.0999984741211, 97.4800033569336, 97.86000061035156, 97.33999633789062, 97.80999755859375, 98.05999755859375, 97.80000305175781, 97.8499984741211, 97.63999938964844, 98.04000091552734, 96.61000061035156, 98.0, 97.5199966430664, 97.44999694824219, 98.05999755859375, 97.31999969482422, 98.0199966430664, 98.04000091552734, 98.16999816894531, 97.87000274658203, 97.80000305175781, 98.31999969482422, 98.2300033569336, 98.20999908447266, 98.04000091552734, 98.16000366210938, 98.0199966430664, 97.9000015258789, 97.7300033569336, 98.31999969482422, 98.01000213623047, 97.58999633789062, 98.33999633789062, 98.37000274658203, 98.29000091552734, 98.4000015258789, 98.48999786376953, 98.62000274658203, 98.19999694824219, 98.05999755859375, 98.47000122070312, 98.41999816894531, 98.43000030517578, 98.51000213623047, 98.41000366210938, 98.45999908447266, 98.45999908447266, 98.52999877929688, 98.5999984741211, 98.4000015258789, 98.2699966430664, 98.2699966430664]
backdoor_accuracy=[0, 6.809338521400778, 0.0, 1.556420233463035, 13.035019455252918, 0.48638132295719844, 9.33852140077821, 2.0428015564202333, 4.961089494163424, 2.237354085603113, 2.529182879377432, 3.307392996108949, 3.7937743190661477, 3.8910505836575875, 4.571984435797665, 11.381322957198444, 2.237354085603113, 3.5992217898832686, 2.9182879377431905, 5.3501945525291825, 9.14396887159533, 7.198443579766537, 4.766536964980545, 11.867704280155642, 6.517509727626459, 38.13229571984436, 2.529182879377432, 30.642023346303503, 4.280155642023346, 7.003891050583658, 14.299610894941635, 9.04669260700389, 12.743190661478598, 14.785992217898833, 7.2957198443579765, 12.937743190661479, 17.120622568093385, 15.66147859922179, 27.33463035019455, 26.167315175097276, 31.03112840466926, 18.96887159533074, 29.863813229571985, 38.326848249027236, 28.69649805447471, 29.377431906614785, 58.56031128404669, 5.252918287937743, 43.48249027237354, 7.198443579766537, 63.326848249027236, 22.276264591439688, 27.042801556420233, 22.17898832684825, 39.98054474708171, 21.011673151750973, 25.486381322957197, 56.22568093385214, 40.36964980544747, 20.622568093385215, 38.42412451361868, 67.21789883268482, 36.284046692607006, 70.42801556420234, 65.07782101167315, 39.59143968871595, 88.42412451361868, 93.19066147859922, 49.80544747081712, 94.06614785992218, 87.7431906614786, 87.93774319066148, 73.05447470817121, 88.42412451361868, 84.8249027237354, 84.14396887159533, 96.98443579766537, 88.61867704280155, 92.50972762645914, 77.91828793774319, 93.48249027237354, 89.39688715953308, 87.06225680933852, 96.78988326848248, 93.96887159533074, 94.06614785992218, 96.01167315175097, 92.80155642023347, 93.3852140077821, 95.42801556420234, 95.3307392996109, 95.52529182879377, 95.8171206225681, 95.8171206225681, 95.52529182879377, 95.13618677042801, 96.10894941634241, 95.23346303501945, 94.3579766536965, 98.05447470817121, 97.27626459143968]
loss_list=[0.43822615396655057, 0.23091221844918064, 0.2232837416647202, 0.17617281416437514, 0.14750196113673375, 0.11538422546384088, 0.10745641855681173, 0.08782127705394836, 0.07195752523679634, 0.07534794010871955, 0.08105962750979631, 0.06480029590096215, 0.05336516724911127, 0.05762503254706849, 0.052727126533751036, 0.05823494656587506, 0.056697150527215245, 0.04745458664914726, 0.05179476663071989, 0.0385949634001536, 0.05436827972271609, 0.050752551412230035, 0.042532996240637784, 0.04001903018714417, 0.03343549646226232, 0.044071038799732336, 0.045800615995498825, 0.03611335168025212, 0.045729212389680134, 0.038453463035242004, 0.0373331172091986, 0.0381529616366679, 0.03332783849867489, 0.03253884981193244, 0.04188614959136249, 0.03487623832600124, 0.03218649208297158, 0.035177106811102726, 0.034196902211641955, 0.025537615380499628, 0.0364399392674242, 0.032215675285972266, 0.0281815037382007, 0.03477359829016343, 0.02524375293502555, 0.02820959962479852, 0.023815953772977974, 0.03179106514424948, 0.0292954198307237, 0.03129008031356065, 0.03419249658366767, 0.029332633938892683, 0.022290201286399337, 0.02588718561889198, 0.02564099122061132, 0.021731891525727506, 0.02738675135886359, 0.027082668240475317, 0.02292410321788985, 0.02913816888172806, 0.03139981408502724, 0.023746887387925655, 0.02945236969714941, 0.023004788229671162, 0.023386848784501712, 0.022605334770074998, 0.02365562930383828, 0.020492597317734954, 0.024931359650946974, 0.027232530089497494, 0.02065014942034756, 0.021134244043506025, 0.019396493236460696, 0.019712966633880693, 0.02079523980902759, 0.02151611216544431, 0.0219779476673426, 0.02267083176864175, 0.019741567281210907, 0.01702572901647674, 0.02174500891928609, 0.02239039569386876, 0.018772077392245814, 0.020865490371303766, 0.01932069927295349, 0.023827688053809745, 0.01923214992102429, 0.021034579348707345, 0.020417837027871016, 0.018250035778698114, 0.020078373297771224, 0.019584725744149246, 0.020991279887995158, 0.019834640166142056, 0.016030801141743104, 0.017960193932355137, 0.01914845258776563, 0.020712126886899652, 0.01926167450367578, 0.01894504450264866]
BBSR:98.05
ABSR:95.89
max acc:98.6
