======================================
    IID: 0
    Dataset: mnist
    Model: Mnist_CNN
    Model Init: None
    Aggregation Function: DABA
    Fraction NonIID: 0
    Long attack: 4
    Wide attack: 4
    Wide attack: trust
    Threshold reject: 0.5
    Threshold down: 0.0
    Attack method: badnet
    Fraction of malicious agents: 13.0%
    Poison Frac: 0.2
    Backdoor From 7 to 2
    Attack Begin: 0
    Trigger Shape: square
    Type poisoning: cs
    Trigger Position X: 0
    Trigger Position Y: 0
    Number of agents: 100
    Fraction of agents each turn: 30(30.0%)
    Local batch size: 50
    Local epoch: 3
    Client_LR: 0.01
    Client_Momentum: 0.9
    Global Rounds: 100
======================================
main_task_accuracy=[0, 27.31999969482422, 31.459999084472656, 56.959999084472656, 28.5, 43.18000030517578, 55.91999816894531, 47.939998626708984, 51.720001220703125, 63.45000076293945, 68.68000030517578, 73.48999786376953, 71.26000213623047, 80.13999938964844, 72.5199966430664, 80.51000213623047, 91.54000091552734, 86.11000061035156, 69.4800033569336, 85.18000030517578, 91.93000030517578, 92.23999786376953, 86.88999938964844, 91.37000274658203, 93.7699966430664, 88.22000122070312, 92.80999755859375, 93.75, 93.37000274658203, 88.88999938964844, 83.4000015258789, 93.11000061035156, 90.55000305175781, 92.70999908447266, 95.08999633789062, 93.91999816894531, 94.62999725341797, 95.33000183105469, 95.77999877929688, 95.52999877929688, 86.19000244140625, 94.80000305175781, 96.7300033569336, 92.93000030517578, 90.93000030517578, 85.80999755859375, 95.4000015258789, 97.11000061035156, 97.08000183105469, 94.27999877929688, 96.16000366210938, 90.29000091552734, 95.48999786376953, 85.58000183105469, 95.91000366210938, 97.12999725341797, 97.54000091552734, 97.05000305175781, 92.41000366210938, 91.97000122070312, 93.18000030517578, 96.0199966430664, 96.68000030517578, 97.72000122070312, 96.01000213623047, 96.41999816894531, 96.81999969482422, 97.0199966430664, 97.16999816894531, 92.88999938964844, 94.66000366210938, 84.9000015258789, 94.51000213623047, 97.30000305175781, 97.08000183105469, 97.41000366210938, 95.66000366210938, 94.87999725341797, 96.66000366210938, 97.16000366210938, 97.26000213623047, 96.8499984741211, 96.75, 96.98999786376953, 97.81999969482422, 98.13999938964844, 96.75, 97.30999755859375, 97.31999969482422, 96.19999694824219, 94.88999938964844, 97.9000015258789, 97.79000091552734, 97.5199966430664, 96.95999908447266, 97.48999786376953, 94.6500015258789, 97.05999755859375, 95.91999816894531, 97.33999633789062, 98.16999816894531]
backdoor_accuracy=[0, 28.30739299610895, 0.0, 1.0700389105058365, 4.863813229571984, 0.0, 0.0, 12.743190661478598, 0.0, 12.743190661478598, 0.0, 3.0155642023346303, 0.0, 6.809338521400778, 0.0, 2.529182879377432, 4.571984435797665, 1.556420233463035, 1.0700389105058365, 5.933852140077821, 2.529182879377432, 1.3618677042801557, 12.645914396887159, 1.556420233463035, 10.700389105058365, 0.5836575875486382, 14.007782101167315, 0.5836575875486382, 6.906614785992218, 2.431906614785992, 0.6809338521400778, 1.4591439688715953, 1.1673151750972763, 20.817120622568094, 0.7782101167315175, 11.770428015564203, 0.8754863813229572, 10.992217898832685, 1.1673151750972763, 13.424124513618677, 0.9727626459143969, 9.727626459143968, 8.657587548638132, 5.058365758754864, 15.369649805447471, 23.249027237354085, 33.0739299610895, 16.245136186770427, 34.824902723735406, 16.439688715953306, 8.560311284046692, 22.276264591439688, 11.186770428015564, 50.19455252918288, 7.587548638132295, 27.529182879377434, 4.182879377431907, 3.404669260700389, 21.40077821011673, 10.408560311284047, 1.4591439688715953, 13.132295719844358, 15.272373540856032, 21.40077821011673, 6.128404669260701, 94.8443579766537, 3.8910505836575875, 79.96108949416342, 3.501945525291829, 6.906614785992218, 95.3307392996109, 0.6809338521400778, 97.56809338521401, 7.976653696498055, 88.81322957198444, 12.743190661478598, 25.09727626459144, 29.571984435797667, 67.31517509727627, 36.7704280155642, 90.95330739299611, 84.63035019455253, 99.90272373540856, 57.295719844357976, 93.57976653696498, 99.70817120622569, 99.80544747081711, 67.70428015564202, 97.56809338521401, 95.8171206225681, 91.43968871595331, 76.94552529182879, 99.80544747081711, 100.0, 99.5136186770428, 99.12451361867704, 99.31906614785993, 99.80544747081711, 99.80544747081711, 60.992217898832685, 99.61089494163424]
loss_list=[0.5243926132935786, 0.35579323060471707, 0.297986765136851, 0.26222399293878423, 0.42119556760613713, 0.22439403534744734, 0.24780445957083128, 0.17609410964859715, 0.15966946120272976, 0.1884948880538912, 0.11713274834311228, 0.12735588834861997, 0.13963661837522773, 0.1156224642706664, 0.11907343498818974, 0.10240688145826808, 0.0851242273064198, 0.09243540189124616, 0.13357479060434524, 0.09646841301588184, 0.07643281536335576, 0.06772814535627787, 0.0708444137815128, 0.074973088130871, 0.06172572451276128, 0.07362961214777079, 0.06862266003180535, 0.060078367239227895, 0.0678404341563131, 0.06437539411899242, 0.07411705129322765, 0.06527905498611818, 0.06444636542183482, 0.06641322915585068, 0.059131817639829845, 0.05288743206772298, 0.04754640752159769, 0.05744065396606699, 0.04676243492278103, 0.0464850882770038, 0.06148001678084884, 0.04511550913343663, 0.04498220468053607, 0.048856300474400885, 0.05335613830900321, 0.06274034206651953, 0.047626536952484505, 0.03740237529344558, 0.03890581909001532, 0.042834864348663716, 0.04312500640232889, 0.05040592114723068, 0.05434386216589805, 0.06323747523709829, 0.04565559323882974, 0.0398054068552361, 0.04074753901478369, 0.036046643433055185, 0.04805205088434663, 0.04006997458692606, 0.05163465339198781, 0.04376717192311111, 0.0375722957658106, 0.03538433822307609, 0.03649108271347726, 0.035141471661234554, 0.03176057652840305, 0.0330584727290905, 0.030914552920746484, 0.04814885269278757, 0.03859992127126308, 0.05885327078795117, 0.04232412615566339, 0.03502910366465349, 0.0354626730034283, 0.03452803786829646, 0.036141536107563474, 0.036588667114543, 0.03705359373252528, 0.03443681562535761, 0.031008447879870057, 0.03452719515003538, 0.030449079722745416, 0.028115311017840785, 0.03254776570454427, 0.0303951908858752, 0.029868788660895075, 0.030140679093757523, 0.031118272041296094, 0.03415231402058268, 0.037236165461367716, 0.030142281075273256, 0.02909983010889927, 0.03374958317096215, 0.03198933635826632, 0.02885255892191385, 0.03819347136184046, 0.031283913827510924, 0.03678415301890391, 0.029648758110656887]
BBSR:100.0
ABSR:93.49
max acc:98.17
