======================================
    IID: 0
    Dataset: mnist
    Model: Mnist_CNN
    Model Init: None
    Aggregation Function: avg
    Fraction NonIID: 0
    Long attack: 3
    Wide attack: 3
    Wide attack: trust
    Threshold reject: 0.5
    Threshold down: 0.0
    Attack method: badnet
    Fraction of malicious agents: 20.0%
    Poison Frac: 0.2
    Backdoor From 7 to 2
    Attack Begin: 0
    Trigger Shape: square
    Type poisoning: pgd
    Trigger Position X: 0
    Trigger Position Y: 0
    Number of agents: 100
    Fraction of agents each turn: 30(30.0%)
    Local batch size: 50
    Local epoch: 3
    Client_LR: 0.01
    Client_Momentum: 0.9
    Global Rounds: 100
======================================
main_task_accuracy=[0, 54.650001525878906, 59.709999084472656, 41.720001220703125, 54.45000076293945, 62.790000915527344, 67.94000244140625, 82.94000244140625, 82.93000030517578, 86.20999908447266, 91.27999877929688, 92.88999938964844, 90.61000061035156, 89.69000244140625, 86.23999786376953, 88.0, 88.12999725341797, 94.37000274658203, 95.48999786376953, 95.86000061035156, 95.1500015258789, 96.41999816894531, 96.45999908447266, 95.66000366210938, 95.05000305175781, 96.80000305175781, 96.08000183105469, 95.79000091552734, 95.9800033569336, 96.05000305175781, 97.18000030517578, 97.02999877929688, 97.41999816894531, 97.05999755859375, 95.5, 97.30999755859375, 96.56999969482422, 97.4800033569336, 97.01000213623047, 96.80999755859375, 97.06999969482422, 97.33000183105469, 97.69999694824219, 97.22000122070312, 97.16000366210938, 97.4800033569336, 97.55000305175781, 96.86000061035156, 97.80000305175781, 97.62000274658203, 97.58999633789062, 97.3499984741211, 97.77999877929688, 96.9800033569336, 98.1500015258789, 98.02999877929688, 98.13999938964844, 97.56999969482422, 98.11000061035156, 97.94000244140625, 97.73999786376953, 97.58000183105469, 97.55999755859375, 97.94000244140625, 98.05000305175781, 97.79000091552734, 98.12999725341797, 97.58000183105469, 97.93000030517578, 97.88999938964844, 98.16999816894531, 98.05000305175781, 98.30000305175781, 98.16000366210938, 98.13999938964844, 98.25, 98.33000183105469, 97.80000305175781, 98.26000213623047, 98.0, 97.94000244140625, 98.30999755859375, 98.31999969482422, 98.38999938964844, 98.36000061035156, 97.83000183105469, 98.18000030517578, 98.20999908447266, 98.30999755859375, 97.94000244140625, 98.20999908447266, 98.47000122070312, 98.4800033569336, 98.27999877929688, 98.22000122070312, 98.19999694824219, 98.37999725341797, 98.58999633789062, 98.22000122070312, 98.5199966430664, 98.41000366210938]
backdoor_accuracy=[0, 0.5836575875486382, 0.19455252918287938, 31.71206225680934, 0.0, 2.0428015564202333, 9.33852140077821, 0.8754863813229572, 11.673151750972762, 0.48638132295719844, 3.501945525291829, 21.69260700389105, 1.9455252918287937, 8.949416342412452, 4.377431906614786, 14.688715953307392, 1.1673151750972763, 6.42023346303502, 10.894941634241246, 11.673151750972762, 27.43190661478599, 12.743190661478598, 17.217898832684824, 62.35408560311284, 82.58754863813229, 64.00778210116732, 31.80933852140078, 20.817120622568094, 91.24513618677042, 6.42023346303502, 43.57976653696498, 69.64980544747081, 42.023346303501945, 66.43968871595331, 84.14396887159533, 58.0739299610895, 27.529182879377434, 48.929961089494164, 54.6692607003891, 69.74708171206225, 37.93774319066148, 69.64980544747081, 78.40466926070039, 87.54863813229572, 69.8443579766537, 62.93774319066148, 53.30739299610895, 85.40856031128405, 90.07782101167315, 92.02334630350195, 79.57198443579766, 88.715953307393, 96.98443579766537, 72.47081712062257, 96.20622568093385, 90.85603112840467, 97.66536964980544, 94.45525291828794, 99.31906614785993, 97.76264591439688, 96.98443579766537, 98.05447470817121, 99.41634241245136, 98.24902723735408, 96.49805447470817, 98.83268482490273, 96.3035019455253, 97.08171206225681, 99.0272373540856, 99.31906614785993, 99.61089494163424, 97.66536964980544, 99.31906614785993, 98.34630350194553, 98.63813229571984, 99.5136186770428, 99.5136186770428, 99.61089494163424, 99.31906614785993, 99.90272373540856, 98.5408560311284, 99.80544747081711, 99.5136186770428, 99.80544747081711, 99.70817120622569, 99.90272373540856, 99.61089494163424, 99.90272373540856, 99.90272373540856, 99.80544747081711, 99.90272373540856, 99.90272373540856, 99.90272373540856, 99.80544747081711, 99.90272373540856, 99.90272373540856, 100.0, 100.0, 99.90272373540856, 100.0, 100.0]
loss_list=[0.47405952589940836, 0.2906966797563141, 0.2063438930567085, 0.18926532360089712, 0.18653515933851758, 0.13745624955696065, 0.15765964222017842, 0.1139070495699912, 0.10954112972055378, 0.07151255239617488, 0.08079725541425702, 0.07652594086607274, 0.06505642817220131, 0.07320683356111393, 0.07416208320153461, 0.07149861979805308, 0.06198698822727321, 0.05892959023999304, 0.06821847807288917, 0.0488179281154701, 0.04512278173145957, 0.05214771540068023, 0.043645433992804614, 0.036811178198451436, 0.04429351375151604, 0.0370609548892491, 0.04162369729393605, 0.046209806892900995, 0.04097180735250145, 0.0358062468637735, 0.03563049329067909, 0.02987016567045676, 0.02774886753428751, 0.02828124839968739, 0.04104275271062762, 0.03194423994137073, 0.034635196314040766, 0.031454867557407444, 0.02898597447258853, 0.031425120350284365, 0.027213460040490946, 0.030344847296067685, 0.03361285335708867, 0.03245552007178732, 0.02330829889604561, 0.03348628954940727, 0.02631495398852947, 0.034189879344766555, 0.028604024348880548, 0.029874611917025652, 0.02063207625839532, 0.029242304445141906, 0.0245742306348246, 0.027670763614055634, 0.024115343090157716, 0.029723432001817703, 0.022584381079070123, 0.026467464772147176, 0.024452601101211318, 0.020345008495923366, 0.023703293043831817, 0.025526797996478494, 0.022364948135686052, 0.02304044664354161, 0.019818133189687868, 0.024513882634795977, 0.02386808836051978, 0.03450348029071362, 0.020442933375365773, 0.02440117801316234, 0.023340758785586002, 0.023569832708720352, 0.022975266562494816, 0.023433734449125887, 0.020655785420846028, 0.022936615541590398, 0.022886255651185957, 0.02560132132715112, 0.020713350524091973, 0.01893701313648495, 0.02673623685372124, 0.017953335222002226, 0.01762399118626252, 0.01828466709982207, 0.023547036715768015, 0.025440881642628324, 0.01952446932115337, 0.022520970815537767, 0.018123803633364535, 0.020139167500347124, 0.020878732806281112, 0.022216092958480132, 0.019496732051888337, 0.020673044549945837, 0.01770829816831558, 0.020364959877381666, 0.02125363376101922, 0.01766376365211296, 0.018880112017058095, 0.018182176625447008]
BBSR:100.0
ABSR:99.93
max acc:98.59
