======================================
    IID: 0
    Dataset: mnist
    Model: Mnist_CNN
    Model Init: None
    Aggregation Function: flame
    Fraction NonIID: 0
    Long attack: 3
    Wide attack: 3
    Wide attack: trust
    Threshold reject: 0.5
    Threshold down: 0.0
    Attack method: badnet
    Fraction of malicious agents: 30.0%
    Poison Frac: 0.2
    Backdoor From 7 to 2
    Attack Begin: 0
    Trigger Shape: square
    Type poisoning: cs
    Trigger Position X: 0
    Trigger Position Y: 0
    Number of agents: 100
    Fraction of agents each turn: 30(30.0%)
    Local batch size: 50
    Local epoch: 3
    Client_LR: 0.01
    Client_Momentum: 0.9
    Global Rounds: 100
    Noise in FLAME: 0.001
proportion of malicious are selected:0.6244444444444445
proportion of benign are selected:0.5538095238095239
======================================
main_task_accuracy=[0, 47.9900016784668, 33.63999938964844, 49.439998626708984, 49.81999969482422, 50.63999938964844, 45.90999984741211, 73.81999969482422, 75.62000274658203, 67.58000183105469, 66.13999938964844, 67.19999694824219, 64.9800033569336, 73.62000274658203, 67.81999969482422, 68.33999633789062, 66.91999816894531, 75.01000213623047, 74.12000274658203, 71.80000305175781, 77.13999938964844, 75.72000122070312, 71.6500015258789, 72.7300033569336, 77.41999816894531, 74.98999786376953, 72.36000061035156, 71.5999984741211, 77.26000213623047, 77.7300033569336, 78.87000274658203, 74.91000366210938, 77.5999984741211, 77.80000305175781, 76.66999816894531, 76.13999938964844, 77.94000244140625, 77.81999969482422, 76.33000183105469, 76.83999633789062, 78.0199966430664, 76.68000030517578, 77.73999786376953, 78.41000366210938, 78.05999755859375, 78.12000274658203, 76.98999786376953, 76.62999725341797, 77.02999877929688, 78.37999725341797, 77.30999755859375, 75.5, 78.41999816894531, 78.66000366210938, 78.12999725341797, 78.37000274658203, 77.98999786376953, 78.02999877929688, 79.05000305175781, 78.29000091552734, 77.20999908447266, 78.37999725341797, 78.58000183105469, 77.94999694824219, 78.69000244140625, 78.18000030517578, 76.80999755859375, 78.2300033569336, 78.98999786376953, 78.62999725341797, 78.0, 83.81999969482422, 84.30999755859375, 84.45999908447266, 86.2699966430664, 85.30999755859375, 87.54000091552734, 86.11000061035156, 85.7699966430664, 85.4000015258789, 84.5199966430664, 83.23999786376953, 83.94999694824219, 83.62999725341797, 84.1500015258789, 83.87999725341797, 83.18000030517578, 83.43000030517578, 83.12999725341797, 81.5999984741211, 81.66999816894531, 82.51000213623047, 81.16999816894531, 81.69999694824219, 81.62000274658203, 82.2699966430664, 82.51000213623047, 81.12999725341797, 81.45999908447266, 81.33999633789062, 80.91999816894531]
backdoor_accuracy=[0, 0.0, 0.0, 6.22568093385214, 0.0, 5.3501945525291825, 0.0, 2.0428015564202333, 1.3618677042801557, 1.1673151750972763, 0.09727626459143969, 0.09727626459143969, 0.0, 0.0, 0.6809338521400778, 0.0, 0.2918287937743191, 0.48638132295719844, 0.2918287937743191, 12.062256809338521, 1.556420233463035, 0.7782101167315175, 10.894941634241246, 13.715953307392995, 29.766536964980546, 6.031128404669261, 6.031128404669261, 13.132295719844358, 93.77431906614785, 98.24902723735408, 100.0, 85.11673151750973, 100.0, 100.0, 100.0, 100.0, 100.0, 100.0, 100.0, 100.0, 100.0, 100.0, 100.0, 100.0, 100.0, 100.0, 100.0, 100.0, 100.0, 100.0, 100.0, 100.0, 100.0, 100.0, 100.0, 100.0, 100.0, 100.0, 100.0, 100.0, 100.0, 100.0, 100.0, 100.0, 100.0, 100.0, 100.0, 100.0, 100.0, 100.0, 100.0, 100.0, 100.0, 100.0, 100.0, 100.0, 100.0, 100.0, 100.0, 100.0, 100.0, 100.0, 100.0, 100.0, 100.0, 100.0, 100.0, 100.0, 100.0, 100.0, 100.0, 100.0, 100.0, 100.0, 100.0, 100.0, 100.0, 100.0, 100.0, 100.0, 100.0]
loss_list=[0.5285281971663645, 0.1919360505251335, 0.380131042394028, 0.2476412730101337, 0.2574782477507843, 0.2840424953020281, 0.22339978149357365, 0.1715973188890449, 0.13522051902876314, 0.14335406894500718, 0.12459819168448609, 0.14315795527448685, 0.1535924238598145, 0.11519758761152876, 0.15174593602511435, 0.1446500864817973, 0.15162493233779512, 0.1520195881228022, 0.13081918656571712, 0.1451241183301134, 0.08811825134666222, 0.09016669256680454, 0.11390284527636306, 0.12826509808726136, 0.12786391614737833, 0.1394952714212862, 0.1213095434931813, 0.14041957848971903, 0.12470345645788143, 0.13497285280614027, 0.0592460442157914, 0.13800867091883734, 0.09138153135939844, 0.07356787209412735, 0.12322311213504847, 0.15491029638622045, 0.1450983538842854, 0.11054014071923174, 0.15494835818084252, 0.13277465008250838, 0.13093450478514476, 0.10403525385830101, 0.11029112290927094, 0.1103084827464154, 0.12102062377766862, 0.12850004617065325, 0.0965809668822677, 0.11272174412804106, 0.13970268736274388, 0.10726306963068374, 0.0992441449502958, 0.12486147716484884, 0.11415241039399872, 0.12197091210867414, 0.12128490734301586, 0.1070496957516203, 0.07727973242440694, 0.10977449758351147, 0.11841724285015477, 0.1296911035091458, 0.14628664758730692, 0.1350602068309026, 0.10405125856869829, 0.1600155159156022, 0.07516658122655984, 0.12074773842052308, 0.13923536462966404, 0.13219948336352558, 0.12634704043774728, 0.11804077378826783, 0.17969532426307486, 0.08302137603279602, 0.11205643760898543, 0.0905737545051078, 0.10252591475786432, 0.12264241814041678, 0.07201879714304987, 0.10176421791824959, 0.08871994556957934, 0.05852240720734343, 0.08331060371449789, 0.08641755590231442, 0.08481082571652108, 0.05279565726348443, 0.09954502070383507, 0.08014779690845257, 0.10120213279334464, 0.13629109919641683, 0.09310247398139941, 0.12911200087599287, 0.10834795814479303, 0.14250351065365668, 0.09000043651299997, 0.06567199768148482, 0.1514036728428077, 0.07248002377469585, 0.12866749997443871, 0.10475155636545916, 0.08741630282311895, 0.10833407073841958]
BBSR:100.0
ABSR:100.0
max acc:82.51
