======================================
    IID: 0
    Dataset: mnist
    Model: Mnist_CNN
    Model Init: None
    Aggregation Function: avg
    Fraction NonIID: 0
    Long attack: 5
    Wide attack: 5
    Wide attack: trust
    Threshold reject: 0.5
    Threshold down: 0.0
    Attack method: badnet
    Fraction of malicious agents: 13.0%
    Poison Frac: 0.2
    Backdoor From 7 to 2
    Attack Begin: 0
    Trigger Shape: square
    Type poisoning: cs
    Trigger Position X: 0
    Trigger Position Y: 0
    Number of agents: 100
    Fraction of agents each turn: 30(30.0%)
    Local batch size: 50
    Local epoch: 3
    Client_LR: 0.01
    Client_Momentum: 0.9
    Global Rounds: 100
======================================
main_task_accuracy=[0, 20.950000762939453, 45.40999984741211, 54.150001525878906, 69.54000091552734, 73.16000366210938, 74.62000274658203, 78.1500015258789, 85.81999969482422, 82.43000030517578, 88.36000061035156, 93.6500015258789, 93.68000030517578, 90.9800033569336, 93.62000274658203, 92.94999694824219, 93.23999786376953, 94.31999969482422, 94.12999725341797, 88.55999755859375, 95.47000122070312, 95.77999877929688, 96.2300033569336, 95.6500015258789, 96.12000274658203, 95.93000030517578, 95.97000122070312, 96.41000366210938, 93.83999633789062, 95.47000122070312, 96.19000244140625, 95.73999786376953, 96.70999908447266, 96.80000305175781, 96.06999969482422, 97.36000061035156, 96.9800033569336, 96.55999755859375, 97.31999969482422, 97.25, 97.44000244140625, 97.44000244140625, 97.69000244140625, 97.36000061035156, 97.87999725341797, 96.31999969482422, 97.43000030517578, 97.38999938964844, 97.83999633789062, 97.81999969482422, 97.5199966430664, 97.73999786376953, 97.66000366210938, 97.06999969482422, 97.62000274658203, 97.70999908447266, 97.69000244140625, 97.13999938964844, 98.05999755859375, 97.97000122070312, 98.12000274658203, 98.0199966430664, 97.72000122070312, 97.72000122070312, 98.29000091552734, 98.19999694824219, 98.20999908447266, 98.1500015258789, 97.69999694824219, 98.30000305175781, 97.88999938964844, 97.98999786376953, 97.97000122070312, 98.05999755859375, 98.16000366210938, 98.19999694824219, 98.18000030517578, 98.16000366210938, 98.30999755859375, 98.26000213623047, 98.33000183105469, 98.29000091552734, 97.87999725341797, 98.01000213623047, 98.27999877929688, 98.20999908447266, 98.06999969482422, 98.45999908447266, 98.36000061035156, 98.41999816894531, 97.5199966430664, 98.55000305175781, 98.2699966430664, 98.44999694824219, 98.44999694824219, 98.37000274658203, 98.38999938964844, 98.58000183105469, 98.4800033569336, 98.33999633789062, 98.5199966430664]
backdoor_accuracy=[0, 0.0, 2.431906614785992, 0.0, 0.48638132295719844, 8.560311284046692, 0.19455252918287938, 16.342412451361866, 2.529182879377432, 2.529182879377432, 4.766536964980545, 4.085603112840467, 6.517509727626459, 2.431906614785992, 8.852140077821012, 1.9455252918287937, 10.408560311284047, 8.754863813229573, 4.377431906614786, 8.365758754863814, 4.182879377431907, 4.474708171206226, 6.128404669260701, 12.937743190661479, 5.447470817120623, 8.365758754863814, 18.67704280155642, 8.754863813229573, 23.735408560311285, 20.233463035019454, 18.09338521400778, 8.560311284046692, 18.579766536964982, 11.089494163424124, 7.198443579766537, 11.770428015564203, 17.996108949416342, 12.45136186770428, 17.412451361867703, 35.60311284046693, 57.87937743190661, 31.6147859922179, 55.73929961089494, 49.416342412451364, 44.16342412451362, 52.72373540856031, 55.54474708171206, 75.0, 64.29961089494164, 72.95719844357977, 78.6964980544747, 78.6964980544747, 82.1011673151751, 63.2295719844358, 88.61867704280155, 73.83268482490273, 84.04669260700389, 44.06614785992218, 74.5136186770428, 86.57587548638132, 84.92217898832685, 74.31906614785993, 87.93774319066148, 39.78599221789883, 70.3307392996109, 80.44747081712062, 62.840466926070036, 72.66536964980544, 61.673151750972764, 93.67704280155642, 88.715953307393, 80.35019455252919, 98.44357976653697, 96.59533073929961, 84.63035019455253, 92.80155642023347, 95.3307392996109, 96.59533073929961, 95.13618677042801, 94.06614785992218, 97.95719844357977, 96.01167315175097, 98.34630350194553, 97.17898832684826, 97.76264591439688, 96.78988326848248, 98.44357976653697, 98.34630350194553, 98.63813229571984, 98.63813229571984, 96.40077821011673, 98.15175097276264, 99.0272373540856, 96.88715953307393, 97.47081712062257, 98.34630350194553, 96.59533073929961, 96.78988326848248, 98.44357976653697, 99.12451361867704, 97.47081712062257]
loss_list=[0.47703982685294655, 0.23967297208500649, 0.3365596784086765, 0.22604467713526719, 0.15992308681320855, 0.11880956091227901, 0.13429296995340576, 0.10899051714630993, 0.09873977444984522, 0.08690043141850003, 0.07663327266039106, 0.06541854316608803, 0.05825487718533059, 0.07152400486734847, 0.05438819096877453, 0.06345636262128534, 0.04249637735958354, 0.05530183445173821, 0.0493360642304644, 0.061996313604387135, 0.050681868650376986, 0.04482415148068532, 0.03177264564147124, 0.04306848037184196, 0.03336315310485772, 0.0396801924772856, 0.04198994288121994, 0.04901190939409869, 0.039908581071252586, 0.0453487652246344, 0.04022340252946062, 0.03958814551827087, 0.033024263836865166, 0.03597985427748277, 0.03591928580627806, 0.03482672981502908, 0.04054992852335857, 0.03434180577523254, 0.036935884700091036, 0.033454789840453907, 0.03298461294749836, 0.029454894918254797, 0.030792002363015658, 0.02837871060925042, 0.02598492952130469, 0.03639047777048161, 0.02763213096696462, 0.03014246299000957, 0.029480749433682837, 0.03567877101769896, 0.027970232407592277, 0.0276134529458654, 0.02321235860646674, 0.02442327702884469, 0.022625620243275798, 0.024249940913710962, 0.028133259774108094, 0.029313080518937537, 0.02725025397234114, 0.02663664771874806, 0.02345688926808691, 0.02375952269839449, 0.02874779765757951, 0.02959445532326531, 0.02327359057441984, 0.0237921281920845, 0.024322712214126123, 0.02340913593865646, 0.02775133909020263, 0.02388884800108285, 0.02354422888858741, 0.02541118690216295, 0.023542153640950112, 0.02297228723970153, 0.023737961692374236, 0.021711805254750808, 0.02364130181488442, 0.019972393617568345, 0.020144857921651285, 0.023352678811221318, 0.02248198294482712, 0.016925049033332244, 0.02256025827492031, 0.022987125059258602, 0.02052101050426252, 0.02330625412703674, 0.022223184148139053, 0.01925996636987278, 0.023901931439878475, 0.016646096486183367, 0.022189230730949024, 0.024537295452011606, 0.02234827333051433, 0.017632072929138383, 0.021800225737215722, 0.01743260298516432, 0.017339689738785816, 0.021500231778099618, 0.01656643866669852, 0.01832363957830035]
BBSR:99.12
ABSR:97.83
max acc:98.58
