======================================
    IID: 1
    Dataset: cifar
    Model: resnet
    Model Init: None
    Aggregation Function: avg
    Fraction NonIID: 0
    Long attack: 3
    Wide attack: 3
    Wide attack: trust
    Threshold reject: 0.5
    Threshold down: 0.0
    Attack method: badnet
    Fraction of malicious agents: 13.0%
    Poison Frac: 0.2
    Backdoor From 7 to 2
    Attack Begin: 0
    Trigger Shape: square
    Type poisoning: pgd
    Trigger Position X: 0
    Trigger Position Y: 0
    Number of agents: 100
    Fraction of agents each turn: 30(30.0%)
    Local batch size: 50
    Local epoch: 3
    Client_LR: 0.01
    Client_Momentum: 0.9
    Global Rounds: 100
======================================
main_task_accuracy=[0, 10.260000228881836, 20.3700008392334, 40.599998474121094, 41.790000915527344, 47.099998474121094, 48.400001525878906, 52.47999954223633, 53.83000183105469, 57.33000183105469, 58.150001525878906, 59.95000076293945, 60.310001373291016, 62.09000015258789, 61.72999954223633, 63.599998474121094, 64.16000366210938, 65.16999816894531, 65.7300033569336, 65.11000061035156, 66.58999633789062, 67.08999633789062, 67.45999908447266, 66.98999786376953, 67.3499984741211, 68.25, 65.7300033569336, 67.81999969482422, 68.80999755859375, 69.48999786376953, 68.94000244140625, 69.38999938964844, 69.86000061035156, 70.72000122070312, 69.27999877929688, 70.91999816894531, 71.29000091552734, 71.01000213623047, 71.5999984741211, 71.5199966430664, 71.02999877929688, 72.08999633789062, 72.26000213623047, 72.51000213623047, 72.73999786376953, 72.52999877929688, 72.30999755859375, 72.66999816894531, 72.37000274658203, 72.68000030517578, 72.56999969482422, 72.58999633789062, 72.66999816894531, 72.62000274658203, 72.51000213623047, 72.72000122070312, 72.62999725341797, 72.41999816894531, 72.73999786376953, 72.51000213623047, 72.75, 72.8499984741211, 72.5999984741211, 72.76000213623047, 72.68000030517578, 72.37999725341797, 72.54000091552734, 72.62999725341797, 72.58000183105469, 72.55000305175781, 72.75, 72.66999816894531, 72.6500015258789, 72.58999633789062, 72.51000213623047, 72.6500015258789, 72.51000213623047, 72.55999755859375, 72.47000122070312, 72.43000030517578, 72.47000122070312, 72.5, 72.41000366210938, 72.4800033569336, 72.51000213623047, 72.5, 72.38999938964844, 72.51000213623047, 72.4000015258789, 72.43000030517578, 72.41000366210938, 72.33999633789062, 72.31999969482422, 72.33999633789062, 72.25, 72.29000091552734, 72.37999725341797, 72.38999938964844, 72.3499984741211, 72.25, 72.36000061035156]
backdoor_accuracy=[0, 0.1, 8.7, 3.0, 3.2, 3.7, 3.1, 2.8, 2.6, 2.6, 2.9, 2.9, 2.6, 1.0, 1.1, 2.0, 3.1, 1.5, 1.5, 2.0, 2.1, 1.7, 1.6, 1.8, 0.9, 0.8, 1.1, 0.9, 1.3, 1.1, 1.5, 1.3, 0.8, 1.3, 1.1, 2.0, 1.3, 1.0, 1.5, 1.4, 1.5, 2.0, 1.1, 1.3, 1.7, 2.3, 1.8, 1.6, 1.7, 2.1, 2.1, 2.8, 2.6, 2.6, 1.5, 2.3, 2.6, 2.4, 2.2, 2.4, 2.7, 2.5, 2.6, 2.3, 2.2, 2.5, 2.7, 2.5, 2.5, 2.4, 2.5, 2.9, 2.3, 2.6, 2.5, 2.8, 2.2, 2.7, 2.8, 2.7, 2.8, 2.4, 2.5, 2.7, 2.5, 2.5, 2.4, 2.5, 2.7, 2.8, 2.7, 2.8, 2.8, 2.7, 2.4, 2.6, 2.7, 2.9, 2.9, 3.0, 3.0]
loss_list=[1.988710695770052, 1.5460847437381744, 1.1466846201817196, 0.9555327367120319, 0.7797124340136846, 0.7239293254001271, 0.5982387897579204, 0.5856763100499908, 0.5188973068197569, 0.4777896759555572, 0.46960690787062037, 0.43888996498038374, 0.4281789593481356, 0.4043693749865309, 0.3973228321783245, 0.37558825595304374, 0.32540722420956525, 0.3367536366761972, 0.29877985278972313, 0.300103478251646, 0.24386521718154353, 0.2584122061724258, 0.27663810556754476, 0.23750582436125522, 0.2750259349813374, 0.2721310676085866, 0.21286859419869472, 0.20666746255010365, 0.16630846719154052, 0.19861572581472703, 0.1935780851180769, 0.18735868798387753, 0.129522492050245, 0.16340775565451224, 0.11952410438822375, 0.09334914674245133, 0.1605348599251334, 0.10047958256909624, 0.11567047528372815, 0.10442447508950463, 0.08213993552438399, 0.07465570180191818, 0.05586214115856112, 0.059444747802465114, 0.06650814256126372, 0.055704048699570005, 0.08084054984423952, 0.06025222635116533, 0.04633420497188734, 0.04587021407622766, 0.04003338711345956, 0.039538001177877743, 0.048450696816111714, 0.043908157514718674, 0.03103349838703354, 0.044839797634728416, 0.05004821420781404, 0.04264680607244373, 0.032661499228286435, 0.03748025974954038, 0.038605455057275105, 0.04046632793799897, 0.036801506322258835, 0.03908900274447256, 0.03388464239854431, 0.044284217706153865, 0.04207954942551118, 0.02854720668133167, 0.0403767324518574, 0.04193126442344188, 0.027073949174130873, 0.03270793687469752, 0.04477189792565897, 0.038982317861599676, 0.024454177992997258, 0.03076533265274419, 0.029019050196091276, 0.01332309030276115, 0.024811275943793586, 0.01914182329619912, 0.023733204905406143, 0.034343627610441116, 0.018176461814711924, 0.023416041966815508, 0.017400485865590686, 0.025406298233024746, 0.02039361852091841, 0.017680715806232504, 0.01389902542864244, 0.021090481533497532, 0.019179020704824433, 0.02217898535757235, 0.0325641256851183, 0.017335825711537238, 0.021108985685722375, 0.02944830068320799, 0.02008206582198909, 0.021754570483859023, 0.026098472627701184, 0.01562572502780111]
BBSR:42.37251643853669
ABSR:45.34786836893769
max acc:72.39
