======================================
    IID: 0
    Dataset: fashion_mnist
    Model: Mnist_CNN
    Model Init: None
    Aggregation Function: krum
    Fraction NonIID: 0
    Long attack: 3
    Wide attack: 3
    Wide attack: trust
    Threshold reject: 0.5
    Threshold down: 0.0
    Attack method: dba
    Fraction of malicious agents: 13.0%
    Poison Frac: 0.2
    Backdoor From 7 to 2
    Attack Begin: 0
    Trigger Shape: square
    Type poisoning: 
    Trigger Position X: 0
    Trigger Position Y: 0
    Number of agents: 100
    Fraction of agents each turn: 30(30.0%)
    Local batch size: 50
    Local epoch: 3
    Client_LR: 0.01
    Client_Momentum: 0.9
    Global Rounds: 100
    Proportion of malicious are selected: 0.22
    Average score of malicious clients: 354.9824523925781
    Average score of benign clients: 365.5339660644531
======================================
main_task_accuracy=[0, 50.439998626708984, 66.48999786376953, 72.11000061035156, 74.1500015258789, 73.70999908447266, 74.30000305175781, 76.25, 76.66000366210938, 76.52999877929688, 76.52999877929688, 79.0999984741211, 78.80000305175781, 77.93000030517578, 78.0999984741211, 78.87000274658203, 79.55999755859375, 80.79000091552734, 78.80000305175781, 79.61000061035156, 80.79000091552734, 77.7300033569336, 80.0999984741211, 80.26000213623047, 78.0, 80.83999633789062, 80.52999877929688, 81.16000366210938, 79.26000213623047, 81.0199966430664, 81.8499984741211, 80.77999877929688, 81.19000244140625, 79.36000061035156, 81.33000183105469, 82.5199966430664, 83.19000244140625, 82.9000015258789, 83.61000061035156, 83.94000244140625, 83.16999816894531, 84.04000091552734, 84.05000305175781, 83.47000122070312, 83.66999816894531, 84.02999877929688, 81.06999969482422, 82.61000061035156, 83.06999969482422, 84.12000274658203, 83.08999633789062, 82.48999786376953, 83.11000061035156, 84.6500015258789, 83.94999694824219, 84.16999816894531, 84.16999816894531, 84.56999969482422, 84.30999755859375, 84.66000366210938, 84.58000183105469, 83.41999816894531, 84.22000122070312, 83.12000274658203, 84.56999969482422, 84.93000030517578, 84.79000091552734, 84.62999725341797, 84.38999938964844, 83.44999694824219, 84.22000122070312, 85.22000122070312, 84.2699966430664, 83.79000091552734, 84.94999694824219, 84.83000183105469, 84.9800033569336, 85.1500015258789, 83.52999877929688, 85.02999877929688, 84.30999755859375, 84.86000061035156, 84.75, 84.54000091552734, 84.76000213623047, 82.83999633789062, 85.31999969482422, 85.0199966430664, 85.43000030517578, 82.33999633789062, 85.12000274658203, 85.29000091552734, 84.55999755859375, 84.45999908447266, 85.2699966430664, 84.98999786376953, 85.37999725341797, 85.04000091552734, 84.87000274658203, 84.58999633789062, 84.81999969482422]
backdoor_accuracy=[0, 0.0, 0.0, 0.0, 0.0, 25.4, 94.7, 93.2, 47.7, 4.7, 99.8, 89.0, 90.4, 92.5, 93.2, 90.5, 90.6, 57.7, 71.1, 99.1, 95.1, 98.2, 100.0, 99.3, 98.5, 98.8, 99.6, 99.4, 99.8, 99.8, 99.5, 99.8, 99.8, 97.8, 97.4, 99.4, 99.4, 99.8, 99.8, 98.3, 99.8, 99.8, 99.8, 99.8, 99.8, 99.8, 99.8, 99.8, 99.8, 99.8, 98.6, 99.4, 99.4, 100.0, 99.9, 99.9, 99.9, 99.9, 99.9, 100.0, 99.9, 100.0, 100.0, 99.8, 99.9, 99.8, 100.0, 100.0, 99.8, 100.0, 100.0, 100.0, 100.0, 100.0, 100.0, 100.0, 100.0, 100.0, 99.8, 100.0, 99.8, 100.0, 99.8, 100.0, 100.0, 100.0, 99.9, 100.0, 100.0, 99.8, 100.0, 100.0, 100.0, 100.0, 99.7, 99.9, 99.9, 100.0, 99.9, 100.0, 100.0]
loss_list=[1.4042367680757133, 0.931797352709152, 0.7268432887615981, 0.6447556145765163, 0.6075033868766492, 0.5882078112827407, 0.5280872180368061, 0.545475713543042, 0.5215448327362538, 0.506784221936983, 0.5002027641498932, 0.49298848963032166, 0.5129374263118262, 0.44661404760899365, 0.5313506075905429, 0.4743639747819139, 0.4565075866119176, 0.47507508013880356, 0.4716283178853768, 0.4998278666391142, 0.4777850448050432, 0.4781642107879398, 0.4744393234658572, 0.4702972114431085, 0.5218504192411071, 0.48085522506110107, 0.39671926948897257, 0.48006241234640273, 0.4089796980472144, 0.4302476887073782, 0.42579204891980804, 0.45095179751170456, 0.4738260243708888, 0.4225406443907155, 0.454952190188622, 0.40823570459184283, 0.4560290256894572, 0.42748608478448447, 0.4101341434375003, 0.3556328876219965, 0.42185501583886376, 0.37861189247902344, 0.43346112023314665, 0.42974148546518004, 0.40164351712877827, 0.4402851454982603, 0.39177288005335453, 0.40599890521693005, 0.38187224665932645, 0.40775848336655784, 0.4152599715489756, 0.4272305221400329, 0.35848455262473883, 0.4074923035274777, 0.36227120081721625, 0.42055830022285645, 0.38127500279461607, 0.4150785552945712, 0.3793390660460487, 0.40257619053246124, 0.4124831145413702, 0.3733749430600761, 0.3935163541576239, 0.3775954381631756, 0.375936800366509, 0.347808436759644, 0.37260172871023395, 0.3849656569943936, 0.4330566389175753, 0.35954889235673126, 0.3875528282503149, 0.39689124416973853, 0.36767554885569825, 0.40286481146166025, 0.3927438165725174, 0.40640515614973594, 0.39603138732146126, 0.40880252785842724, 0.33335636810796265, 0.41895348248934305, 0.35771920298812565, 0.3851832026132831, 0.36995169209074924, 0.36719212647607224, 0.40873192110685275, 0.3686397354178889, 0.36690196481434173, 0.3984889154334302, 0.42209005862543425, 0.3897618230346039, 0.3777624611643626, 0.39000568947414177, 0.41429342180059325, 0.3940448571306963, 0.38273215738159644, 0.3516002661393334, 0.36092151850936244, 0.3818399882853825, 0.40894888423176284, 0.38210017173895955]
BBSR:100.0
ABSR:99.94
max acc:85.38
