======================================
    IID: 1
    Dataset: cifar
    Model: resnet
    Model Init: None
    Aggregation Function: DABA
    Fraction NonIID: 0
    Long attack: 3
    Wide attack: 3
    Wide attack: trust
    Threshold reject: 0.5
    Threshold down: 0.0
    Attack method: badnet
    Fraction of malicious agents: 30.0%
    Poison Frac: 0.2
    Backdoor From 7 to 2
    Attack Begin: 0
    Trigger Shape: square
    Type poisoning: pgd
    Trigger Position X: 0
    Trigger Position Y: 0
    Number of agents: 100
    Fraction of agents each turn: 30(30.0%)
    Local batch size: 50
    Local epoch: 3
    Client_LR: 0.01
    Client_Momentum: 0.9
    Global Rounds: 100
======================================
main_task_accuracy=[0, 10.279999732971191, 15.760000228881836, 34.90999984741211, 42.7400016784668, 47.709999084472656, 50.2400016784668, 52.90999984741211, 53.56999969482422, 55.20000076293945, 57.66999816894531, 58.439998626708984, 61.02000045776367, 62.2599983215332, 63.2400016784668, 62.0, 64.12999725341797, 65.29000091552734, 64.04000091552734, 65.36000061035156, 66.08999633789062, 66.27999877929688, 66.93000030517578, 66.44000244140625, 67.7300033569336, 67.37999725341797, 67.41999816894531, 68.7300033569336, 69.01000213623047, 69.4800033569336, 69.0999984741211, 68.93000030517578, 69.2300033569336, 68.88999938964844, 69.23999786376953, 70.27999877929688, 69.83999633789062, 70.06999969482422, 70.38999938964844, 70.62000274658203, 70.23999786376953, 71.52999877929688, 71.83000183105469, 71.97000122070312, 72.04000091552734, 71.9800033569336, 71.63999938964844, 72.18000030517578, 72.23999786376953, 71.98999786376953, 72.44000244140625, 72.9000015258789, 72.6500015258789, 72.4800033569336, 72.2699966430664, 72.73999786376953, 72.70999908447266, 72.36000061035156, 72.7699966430664, 72.8499984741211, 72.68000030517578, 72.56999969482422, 72.58999633789062, 72.58000183105469, 72.55999755859375, 72.7300033569336, 72.73999786376953, 72.56999969482422, 72.63999938964844, 72.7699966430664, 72.7300033569336, 72.66999816894531, 72.72000122070312, 72.68000030517578, 72.62000274658203, 72.5, 72.33000183105469, 72.4000015258789, 72.41000366210938, 72.33000183105469, 72.23999786376953, 72.2699966430664, 72.4800033569336, 72.3499984741211, 72.30999755859375, 72.29000091552734, 72.3499984741211, 72.80000305175781, 72.7300033569336, 72.70999908447266, 72.68000030517578, 72.5999984741211, 72.62999725341797, 72.52999877929688, 72.48999786376953, 72.5199966430664, 72.45999908447266, 72.51000213623047, 72.41999816894531, 72.5199966430664, 72.37000274658203]
backdoor_accuracy=[0, 0.1, 18.7, 7.7, 5.5, 4.7, 2.9, 2.9, 3.6, 2.9, 2.0, 2.8, 2.6, 1.5, 2.9, 1.8, 2.1, 1.1, 1.2, 1.2, 1.3, 1.2, 1.0, 1.5, 1.3, 1.1, 0.7, 1.2, 1.1, 0.8, 1.0, 0.6, 1.4, 0.7, 0.7, 1.5, 0.8, 1.0, 1.5, 1.3, 0.6, 1.8, 0.8, 1.9, 1.5, 1.5, 2.7, 1.0, 1.1, 0.8, 1.4, 2.3, 2.3, 1.5, 1.2, 1.6, 1.3, 1.8, 2.1, 2.3, 2.1, 2.5, 2.6, 1.8, 2.0, 2.1, 2.0, 2.0, 2.3, 2.4, 2.5, 2.6, 2.4, 2.4, 2.3, 2.3, 2.5, 2.2, 2.3, 2.3, 2.4, 2.4, 2.4, 2.4, 2.3, 2.4, 2.4, 1.9, 2.3, 2.2, 2.3, 2.3, 2.4, 2.5, 2.4, 2.3, 2.4, 2.3, 2.3, 2.3, 2.5]
loss_list=[2.008233704831865, 1.5415608616669971, 1.1807515042357974, 1.0036264101664225, 0.8555678521345059, 0.7592187583860422, 0.6550640962231491, 0.633875229118599, 0.5831712682917715, 0.5457262634527352, 0.5283901650562054, 0.476935854330659, 0.4391488484334614, 0.42882536393693754, 0.4362637138904797, 0.40163731098795935, 0.36491240596191754, 0.3842294937868912, 0.35960414023552506, 0.3448692226472, 0.3519911214409189, 0.2876332837570873, 0.31105030324517025, 0.26371062953128577, 0.2930609116822274, 0.2403327771467674, 0.23987952534419796, 0.23654825621077583, 0.1923747530217386, 0.19922962907856953, 0.21551505572369525, 0.21991719478844765, 0.19084139351319104, 0.1661717606278964, 0.14088558339164592, 0.16922673457787213, 0.14760146533139049, 0.14484095908585007, 0.1640512276772642, 0.1551782299570429, 0.08523597069602049, 0.15558172659043018, 0.0992172785254661, 0.07325223040488911, 0.08634823183192769, 0.10443952318539637, 0.0950495369181994, 0.06935370143483549, 0.08764934060273742, 0.06855843275623759, 0.0369277799684399, 0.047496741605120615, 0.05054507844331157, 0.045814084250078956, 0.020684799349659843, 0.04584370409914604, 0.06248446864683906, 0.03207137290346306, 0.020129128221952772, 0.019527814892224136, 0.025987133501395063, 0.02098426435789507, 0.023962147127765798, 0.011835217796890193, 0.022617356328733473, 0.006759761160291319, 0.010874878751767235, 0.014868632560570003, 0.007228318559646143, 0.014085901436661111, 0.0061371182800374095, 0.005468167657478867, 0.005333061072079646, 0.006261121901204911, 0.0072986775853173145, 0.0067473732498021695, 0.00546436089238139, 0.009884268633500648, 0.003661709121758273, 0.002619099214563094, 0.006123144215186282, 0.003449784547766385, 0.002819401725703048, 0.004223712011169281, 0.00946664888801428, 0.001973913449570924, 0.027022252936165187, 0.0022694094007278593, 0.0068746738405186785, 0.003952491499108469, 0.0099054800287801, 0.009053683714527224, 0.008831238075686596, 0.003474504791665822, 0.001983539050496701, 0.00254705419343534, 0.003251573349067863, 0.0016984265766546338, 0.0030450734783597807, 0.001610073828730189]
BBSR:2.5
ABSR:2.37
max acc:72.63
