======================================
    IID: 1
    Dataset: cifar
    Model: resnet
    Model Init: None
    Aggregation Function: fltrust
    Fraction NonIID: 0
    Long attack: 3
    Wide attack: 3
    Wide attack: trust
    Threshold reject: 0.5
    Threshold down: 0.0
    Attack method: dba
    Fraction of malicious agents: 13.0%
    Poison Frac: 0.2
    Backdoor From 7 to 2
    Attack Begin: 0
    Trigger Shape: square
    Type poisoning: 
    Trigger Position X: 0
    Trigger Position Y: 0
    Number of agents: 100
    Fraction of agents each turn: 30(30.0%)
    Local batch size: 50
    Local epoch: 3
    Client_LR: 0.01
    Client_Momentum: 0.9
    Global Rounds: 100
    Dataset In Server: 200
======================================
main_task_accuracy=[0, 10.0, 11.420000076293945, 13.850000381469727, 22.90999984741211, 29.3799991607666, 34.849998474121094, 39.130001068115234, 42.04999923706055, 46.63999938964844, 48.9900016784668, 49.91999816894531, 51.7599983215332, 53.310001373291016, 54.68000030517578, 54.220001220703125, 55.9900016784668, 55.47999954223633, 57.25, 57.970001220703125, 59.099998474121094, 60.2599983215332, 61.15999984741211, 61.040000915527344, 59.0, 60.84000015258789, 57.970001220703125, 63.36000061035156, 63.5, 62.95000076293945, 64.48999786376953, 65.44000244140625, 65.0, 64.37000274658203, 65.73999786376953, 65.29000091552734, 64.0999984741211, 66.1500015258789, 66.02999877929688, 65.29000091552734, 65.62000274658203, 66.05999755859375, 67.37999725341797, 66.62000274658203, 66.29000091552734, 66.19000244140625, 66.5999984741211, 67.37000274658203, 67.0999984741211, 67.08999633789062, 67.52999877929688, 68.4800033569336, 67.06999969482422, 68.91000366210938, 68.62000274658203, 68.56999969482422, 68.66999816894531, 67.79000091552734, 68.22000122070312, 67.2300033569336, 69.13999938964844, 68.75, 69.66000366210938, 69.94000244140625, 70.12000274658203, 68.55000305175781, 69.4000015258789, 70.11000061035156, 68.41000366210938, 69.33999633789062, 70.0199966430664, 69.6500015258789, 71.37000274658203, 69.81999969482422, 70.41999816894531, 71.2300033569336, 69.25, 70.6500015258789, 70.72000122070312, 70.44000244140625, 71.0999984741211, 71.13999938964844, 70.54000091552734, 71.12999725341797, 69.44999694824219, 71.77999877929688, 70.08000183105469, 71.23999786376953, 70.66999816894531, 69.97000122070312, 71.44000244140625, 70.7699966430664, 71.41000366210938, 71.58999633789062, 71.33999633789062, 70.33999633789062, 70.62000274658203, 71.0999984741211, 69.47000122070312, 72.77999877929688, 71.6500015258789]
backdoor_accuracy=[0, 0.0, 10.6, 17.4, 11.5, 10.0, 10.3, 8.0, 7.1, 5.1, 4.0, 4.4, 9.2, 10.4, 8.0, 2.8, 4.0, 4.6, 6.1, 4.3, 3.9, 4.7, 5.0, 6.2, 7.1, 5.8, 0.9, 3.8, 4.8, 3.1, 3.1, 4.6, 3.7, 4.7, 2.7, 3.3, 3.5, 3.1, 2.4, 3.2, 3.6, 4.5, 4.3, 2.9, 1.8, 2.3, 5.6, 4.0, 1.0, 1.4, 6.6, 3.1, 1.2, 5.0, 4.5, 2.5, 3.0, 1.1, 1.0, 6.3, 3.0, 3.7, 3.4, 3.2, 1.8, 2.3, 2.3, 4.0, 3.0, 1.9, 4.5, 2.3, 3.5, 2.5, 1.0, 1.7, 1.4, 4.5, 2.0, 3.6, 1.2, 1.3, 2.6, 4.3, 2.8, 2.4, 2.3, 1.5, 1.9, 5.2, 4.2, 2.4, 3.1, 3.2, 8.1, 2.2, 1.1, 1.5, 3.9, 1.6, 2.2]
loss_list=[1.9712745744652216, 1.615570070478651, 1.193560344643063, 1.0324953625433975, 0.9147765639258757, 0.8599760186341073, 0.80386037538449, 0.7909786130322349, 0.708360879148046, 0.7195300054715738, 0.6727129478959574, 0.7413648356580071, 0.757568557270699, 0.6420033141349752, 0.6680863429639591, 0.8512866139111834, 0.6406297349277885, 0.7317367299371917, 0.6219594444290526, 0.7791465242776193, 0.615063785654234, 0.5783573709824122, 0.6724732019296952, 0.5138806945517556, 0.7208977586982976, 0.5252246997381251, 0.6628109892584485, 0.5513154095992084, 0.4733926985822878, 0.5409613275264726, 0.46407550487447424, 0.5495552906124954, 0.4854695663977569, 0.49694595918861306, 0.4736239967735794, 0.4599024674875868, 0.4886018880114554, 0.4282628891120355, 0.4169347135714876, 0.4820562967830079, 0.41997385832920864, 0.4605510389290027, 0.4125090998907884, 0.46194803837285797, 0.48244255955550924, 0.3721241458056546, 0.4464450148426436, 0.3216987611672892, 0.491582436081048, 0.33044910875808753, 0.37807399290626764, 0.276709964408979, 0.3594121479041901, 0.37779805860171706, 0.33451364092295993, 0.395647718646279, 0.3440405618519677, 0.3623976525848008, 0.32015470931157725, 0.3499843867632767, 0.34230848441799433, 0.32123046930995774, 0.3468394402874401, 0.29322448657935535, 0.2959693783521005, 0.2941046387509495, 0.2901088911760598, 0.29603936547807985, 0.26616310497222007, 0.314030488160885, 0.25907812352036774, 0.26132831310319793, 0.23690528066010705, 0.20382290302620573, 0.24925088736836593, 0.1958745494125954, 0.14449314652081943, 0.25201304987344586, 0.19923614107059417, 0.19123844064772128, 0.24696219664047625, 0.17062457664171235, 0.16263103791192407, 0.18041693090571143, 0.14274344735678623, 0.12447393059766101, 0.14824148278292137, 0.17233017013987084, 0.1629071942633406, 0.15415661134233233, 0.11284677348636456, 0.1276689908332709, 0.15652410784729812, 0.12823258017260944, 0.11839144493091024, 0.1809126241818174, 0.09563444849129558, 0.11657260346646783, 0.12020997337363142, 0.10260825457856601]
BBSR:8.1
ABSR:2.93
max acc:72.78
