======================================
    IID: 0
    Dataset: mnist
    Model: Mnist_CNN
    Model Init: None
    Aggregation Function: RLR
    Fraction NonIID: 0
    Long attack: 3
    Wide attack: 3
    Wide attack: trust
    Threshold reject: 0.5
    Threshold down: 0.0
    Attack method: badnet
    Fraction of malicious agents: 13.0%
    Poison Frac: 0.2
    Backdoor From 7 to 2
    Attack Begin: 0
    Trigger Shape: square
    Type poisoning: pgd
    Trigger Position X: 0
    Trigger Position Y: 0
    Number of agents: 100
    Fraction of agents each turn: 30(30.0%)
    Local batch size: 50
    Local epoch: 3
    Client_LR: 0.01
    Client_Momentum: 0.9
    Global Rounds: 100
    RobustLR_threshold: 4
======================================
main_task_accuracy=[0, 18.3700008392334, 37.810001373291016, 41.68000030517578, 53.47999954223633, 59.7599983215332, 66.18000030517578, 71.33000183105469, 87.62999725341797, 82.63999938964844, 83.05000305175781, 83.37000274658203, 89.58000183105469, 88.7699966430664, 83.5, 87.05000305175781, 89.0199966430664, 89.68000030517578, 92.20999908447266, 94.05000305175781, 93.3499984741211, 93.87999725341797, 94.73999786376953, 93.41000366210938, 94.62999725341797, 93.98999786376953, 95.62999725341797, 95.5999984741211, 92.1500015258789, 93.5199966430664, 95.11000061035156, 95.56999969482422, 95.77999877929688, 95.02999877929688, 94.5199966430664, 93.38999938964844, 94.43000030517578, 95.83000183105469, 96.04000091552734, 96.0, 96.29000091552734, 94.20999908447266, 95.33000183105469, 95.87000274658203, 96.19000244140625, 95.9800033569336, 96.47000122070312, 95.38999938964844, 93.61000061035156, 95.37999725341797, 96.45999908447266, 91.7300033569336, 96.08999633789062, 96.56999969482422, 96.73999786376953, 96.95999908447266, 96.41999816894531, 97.19999694824219, 94.77999877929688, 96.13999938964844, 96.83999633789062, 97.20999908447266, 96.2699966430664, 96.26000213623047, 96.83000183105469, 95.18000030517578, 96.69999694824219, 97.22000122070312, 97.06999969482422, 97.3499984741211, 97.08000183105469, 97.3499984741211, 97.25, 96.7699966430664, 97.23999786376953, 97.12999725341797, 97.30000305175781, 94.51000213623047, 95.77999877929688, 96.94000244140625, 96.18000030517578, 97.41000366210938, 97.33999633789062, 96.91000366210938, 96.69000244140625, 97.08999633789062, 96.86000061035156, 95.6500015258789, 97.45999908447266, 97.4000015258789, 97.58000183105469, 97.41999816894531, 96.61000061035156, 97.05999755859375, 97.37000274658203, 97.22000122070312, 97.38999938964844, 97.55999755859375, 97.0999984741211, 97.52999877929688, 97.16000366210938]
backdoor_accuracy=[0, 0.0, 0.48638132295719844, 0.19455252918287938, 5.058365758754864, 1.9455252918287937, 10.505836575875486, 0.09727626459143969, 1.1673151750972763, 3.21011673151751, 1.8482490272373542, 1.1673151750972763, 1.556420233463035, 3.11284046692607, 5.058365758754864, 2.6264591439688716, 1.7509727626459144, 3.8910505836575875, 1.4591439688715953, 1.9455252918287937, 2.237354085603113, 2.237354085603113, 3.7937743190661477, 1.6536964980544746, 1.4591439688715953, 2.237354085603113, 2.821011673151751, 1.3618677042801557, 2.140077821011673, 6.22568093385214, 1.6536964980544746, 2.0428015564202333, 4.280155642023346, 0.9727626459143969, 6.3229571984435795, 1.7509727626459144, 3.21011673151751, 1.264591439688716, 1.264591439688716, 2.237354085603113, 1.7509727626459144, 1.1673151750972763, 4.766536964980545, 4.863813229571984, 3.0155642023346303, 1.4591439688715953, 1.7509727626459144, 0.9727626459143969, 11.575875486381323, 5.933852140077821, 3.404669260700389, 0.8754863813229572, 7.198443579766537, 2.821011673151751, 2.0428015564202333, 3.11284046692607, 2.821011673151751, 2.140077821011673, 1.8482490272373542, 2.529182879377432, 4.669260700389105, 1.6536964980544746, 0.6809338521400778, 1.9455252918287937, 4.182879377431907, 1.264591439688716, 1.0700389105058365, 2.431906614785992, 1.7509727626459144, 3.9883268482490273, 3.21011673151751, 1.556420233463035, 1.4591439688715953, 3.307392996108949, 3.404669260700389, 1.7509727626459144, 1.3618677042801557, 9.727626459143968, 1.6536964980544746, 2.140077821011673, 2.529182879377432, 4.182879377431907, 1.6536964980544746, 5.447470817120623, 1.264591439688716, 6.712062256809339, 7.879377431906615, 3.21011673151751, 6.22568093385214, 6.42023346303502, 4.182879377431907, 1.8482490272373542, 2.821011673151751, 3.0155642023346303, 4.182879377431907, 1.7509727626459144, 3.6964980544747084, 5.252918287937743, 1.4591439688715953, 1.8482490272373542, 1.8482490272373542]
loss_list=[0.4955367369835611, 0.3100876882731393, 0.25268427286201367, 0.20573282310818244, 0.1948039041423155, 0.14330853526179968, 0.13781772409036272, 0.13388752431743065, 0.10286202497319545, 0.08714030582970193, 0.09144437435423856, 0.08953716526845339, 0.08171046725163, 0.0836791205143507, 0.07986323554751781, 0.07524323953038821, 0.07257363305018599, 0.07492732052889436, 0.08433974165114141, 0.07046425066977377, 0.054693925756240054, 0.06685359444320153, 0.0532928358119509, 0.06314971699651763, 0.054405505258959895, 0.06542614259377184, 0.0662088213389367, 0.056918713925543415, 0.06392728204838284, 0.04930576923429675, 0.06799815894433017, 0.04486696958112924, 0.050480037089129765, 0.05529295834568902, 0.056919093862060864, 0.04507715978066731, 0.05672210643238448, 0.04604937170479526, 0.049113360252653164, 0.03807494320159226, 0.051338242854145746, 0.05609284747031893, 0.05800262092783101, 0.042914791530117034, 0.0415485298396769, 0.050670321837764674, 0.05863490655211348, 0.047683391621337244, 0.0507291787604447, 0.040248187440315934, 0.0516850230053572, 0.06204955751629823, 0.04387330146275154, 0.03814519083477034, 0.05516770654733087, 0.045942923054018134, 0.04883610122763701, 0.043682941015331975, 0.04440834848518592, 0.05311790560600168, 0.0396444142347067, 0.04501640093083973, 0.04580579235862599, 0.04487240058754885, 0.04051150271436931, 0.03784272239092476, 0.05077472741136841, 0.03222637165641558, 0.04098605698070933, 0.03924253286458026, 0.05278892729569413, 0.046719528060338605, 0.03942178232912684, 0.04466334942139824, 0.035292884145963446, 0.041335615818103015, 0.051602821412417364, 0.04257073391885793, 0.04313901406375968, 0.03604256950668952, 0.037275220721982534, 0.045894670098415996, 0.031199488360669367, 0.037546084618936756, 0.04747485766278377, 0.03522462004789461, 0.03586513403180785, 0.0463150950722842, 0.03401231698033366, 0.029932484323015464, 0.030788639992669467, 0.034880665387424445, 0.03743660430897171, 0.035431706800268185, 0.03518025948969016, 0.03654373242813279, 0.038339372409035746, 0.03278117713091158, 0.04682524666849707, 0.03053087802300986]
BBSR:5.25
ABSR:2.77
max acc:97.56
