======================================
    IID: 0
    Dataset: fashion_mnist
    Model: Mnist_CNN
    Model Init: None
    Aggregation Function: DABA
    Fraction NonIID: 0
    Long attack: 3
    Wide attack: 3
    Wide attack: trust
    Threshold reject: 0.5
    Threshold down: 0.0
    Attack method: badnet
    Fraction of malicious agents: 30.0%
    Poison Frac: 0.2
    Backdoor From 7 to 2
    Attack Begin: 0
    Trigger Shape: square
    Type poisoning: 
    Trigger Position X: 0
    Trigger Position Y: 0
    Number of agents: 100
    Fraction of agents each turn: 30(30.0%)
    Local batch size: 50
    Local epoch: 3
    Client_LR: 0.01
    Client_Momentum: 0.9
    Global Rounds: 100
======================================
main_task_accuracy=[0, 63.029998779296875, 72.08999633789062, 72.12000274658203, 75.87999725341797, 75.27999877929688, 77.98999786376953, 72.63999938964844, 77.0199966430664, 76.33999633789062, 79.43000030517578, 80.38999938964844, 76.97000122070312, 80.43000030517578, 77.13999938964844, 82.06999969482422, 80.08999633789062, 80.08999633789062, 76.94999694824219, 83.08000183105469, 84.05999755859375, 83.05999755859375, 84.2699966430664, 84.2699966430664, 82.66999816894531, 84.19999694824219, 79.5, 83.58999633789062, 84.29000091552734, 84.79000091552734, 79.80999755859375, 84.12000274658203, 78.47000122070312, 84.33000183105469, 83.37999725341797, 85.3499984741211, 84.9800033569336, 84.43000030517578, 85.94000244140625, 81.33000183105469, 85.81999969482422, 85.23999786376953, 84.91000366210938, 86.08000183105469, 85.61000061035156, 85.45999908447266, 87.0199966430664, 83.88999938964844, 85.87000274658203, 86.0, 87.29000091552734, 87.29000091552734, 86.4800033569336, 86.9000015258789, 84.69000244140625, 84.7699966430664, 87.12999725341797, 87.5, 86.62000274658203, 86.7300033569336, 87.66000366210938, 85.93000030517578, 86.2300033569336, 87.1500015258789, 86.37000274658203, 84.9800033569336, 83.7699966430664, 87.29000091552734, 87.05000305175781, 85.37000274658203, 85.36000061035156, 85.95999908447266, 86.30999755859375, 87.55999755859375, 84.20999908447266, 87.63999938964844, 84.69999694824219, 87.22000122070312, 87.83000183105469, 86.66000366210938, 85.30000305175781, 87.70999908447266, 85.70999908447266, 88.0999984741211, 88.0999984741211, 88.36000061035156, 87.55999755859375, 88.62000274658203, 85.26000213623047, 87.52999877929688, 86.79000091552734, 87.37000274658203, 84.37000274658203, 88.12000274658203, 85.80999755859375, 88.02999877929688, 86.62999725341797, 87.44000244140625, 87.44000244140625, 87.43000030517578, 88.12999725341797]
backdoor_accuracy=[0, 0.0, 0.0, 0.0, 0.0, 88.5, 99.8, 100.0, 98.8, 100.0, 100.0, 100.0, 100.0, 100.0, 100.0, 100.0, 100.0, 100.0, 100.0, 100.0, 100.0, 100.0, 100.0, 100.0, 100.0, 100.0, 100.0, 100.0, 100.0, 100.0, 100.0, 100.0, 100.0, 100.0, 100.0, 100.0, 100.0, 100.0, 100.0, 100.0, 100.0, 100.0, 100.0, 100.0, 100.0, 100.0, 100.0, 100.0, 100.0, 100.0, 100.0, 100.0, 100.0, 100.0, 100.0, 100.0, 100.0, 100.0, 100.0, 100.0, 100.0, 100.0, 100.0, 100.0, 100.0, 100.0, 100.0, 100.0, 100.0, 100.0, 100.0, 100.0, 100.0, 100.0, 100.0, 100.0, 100.0, 100.0, 100.0, 100.0, 100.0, 100.0, 100.0, 100.0, 100.0, 100.0, 100.0, 100.0, 100.0, 100.0, 100.0, 100.0, 100.0, 100.0, 100.0, 100.0, 100.0, 100.0, 100.0, 100.0, 100.0]
loss_list=[1.3923191810095752, 0.8510031719726545, 0.6476273107445903, 0.5612018360445895, 0.5231914334413078, 0.48743678167876286, 0.46116183154560897, 0.466758988963233, 0.4326432545565897, 0.4197517091339384, 0.4006861427384945, 0.3999138786905893, 0.39703262658720767, 0.4007602428189584, 0.38664070073239226, 0.36386143463767234, 0.3689381680485827, 0.38818476566423965, 0.3984068791554483, 0.35941444548467794, 0.36501967269513347, 0.3385913593694568, 0.34437919188014887, 0.3344600100691121, 0.3269731661856726, 0.3487781446910015, 0.3240474174489026, 0.3351318411736024, 0.31728104953136715, 0.31197762108166466, 0.34050419907671997, 0.3282778058339048, 0.324776959626211, 0.31065595084456377, 0.2913558818779334, 0.2850404802364883, 0.27909508636911157, 0.2846494153038496, 0.28336091142630687, 0.31822384854226754, 0.29696556603949936, 0.2851154881805457, 0.2846746769199079, 0.29439185874157203, 0.2917532809492614, 0.2639581267894418, 0.26852075052275143, 0.28492631164068977, 0.27799272162287875, 0.28497322368504546, 0.24382886392823247, 0.25617381526088273, 0.23072744857830302, 0.24684293228029108, 0.25181839289143676, 0.2778156933202236, 0.24810614721435628, 0.24663108403070108, 0.255153767257515, 0.241810344370013, 0.2726417857015298, 0.25861282043883366, 0.24425690845517373, 0.24025093551069776, 0.2496106429698153, 0.2538718349757363, 0.2480498867074924, 0.2393841112929362, 0.23347198581323023, 0.259356966400864, 0.22633027679769804, 0.24649613522924482, 0.2160671124303782, 0.23452136514501445, 0.23424649949668458, 0.24386186748225652, 0.2831865666986063, 0.22520383744397096, 0.2217831537795805, 0.22159424269985817, 0.23407464829118307, 0.20073488858459448, 0.2483917582771499, 0.20154770027363192, 0.21432697730897757, 0.2295315373395742, 0.21667444869461988, 0.20050413823272617, 0.24619945198366489, 0.2443492219196977, 0.21613841513861662, 0.2186317938793865, 0.22106147961587538, 0.2240167811581934, 0.22467372124945684, 0.2059825844855772, 0.23349628159431396, 0.19988504119251888, 0.20928480963878063, 0.20411401302553714]
BBSR:100.0
ABSR:100.0
max acc:88.13
