======================================
    IID: 0
    Dataset: fashion_mnist
    Model: Mnist_CNN
    Model Init: None
    Aggregation Function: krum
    Fraction NonIID: 0
    Long attack: 3
    Wide attack: 3
    Wide attack: trust
    Threshold reject: 0.5
    Threshold down: 0.0
    Attack method: badnet
    Fraction of malicious agents: 20.0%
    Poison Frac: 0.2
    Backdoor From 7 to 2
    Attack Begin: 0
    Trigger Shape: square
    Type poisoning: cs
    Trigger Position X: 0
    Trigger Position Y: 0
    Number of agents: 100
    Fraction of agents each turn: 30(30.0%)
    Local batch size: 50
    Local epoch: 3
    Client_LR: 0.01
    Client_Momentum: 0.9
    Global Rounds: 100
    Proportion of malicious are selected: 0.46
    Average score of malicious clients: 673.7718505859375
    Average score of benign clients: 318.8069763183594
======================================
main_task_accuracy=[0, 59.220001220703125, 72.12000274658203, 71.6500015258789, 73.70999908447266, 76.37000274658203, 77.08999633789062, 75.83999633789062, 77.4800033569336, 77.80999755859375, 76.91999816894531, 77.2300033569336, 77.68000030517578, 77.0199966430664, 78.7699966430664, 78.11000061035156, 79.20999908447266, 78.25, 79.01000213623047, 77.69000244140625, 80.12999725341797, 80.52999877929688, 80.11000061035156, 81.12000274658203, 80.76000213623047, 80.33000183105469, 80.97000122070312, 80.55999755859375, 80.33999633789062, 81.45999908447266, 81.26000213623047, 79.94999694824219, 81.77999877929688, 81.44000244140625, 82.13999938964844, 82.05999755859375, 81.5999984741211, 81.25, 81.6500015258789, 81.69000244140625, 81.61000061035156, 81.9000015258789, 82.62000274658203, 81.87999725341797, 81.95999908447266, 82.61000061035156, 83.05000305175781, 81.94000244140625, 83.06999969482422, 82.11000061035156, 81.75, 83.1500015258789, 83.55000305175781, 82.5, 83.62999725341797, 82.16999816894531, 83.18000030517578, 83.66000366210938, 82.08000183105469, 83.81999969482422, 83.97000122070312, 83.38999938964844, 83.08999633789062, 83.7300033569336, 83.95999908447266, 83.62999725341797, 83.33999633789062, 84.37999725341797, 83.5999984741211, 84.3499984741211, 84.68000030517578, 83.56999969482422, 84.52999877929688, 82.55000305175781, 84.08000183105469, 84.30000305175781, 84.56999969482422, 84.5199966430664, 84.66999816894531, 83.91000366210938, 84.20999908447266, 83.45999908447266, 84.6500015258789, 84.9000015258789, 84.70999908447266, 84.61000061035156, 84.36000061035156, 84.27999877929688, 82.27999877929688, 84.55000305175781, 84.66999816894531, 84.38999938964844, 84.76000213623047, 83.30999755859375, 84.51000213623047, 85.31999969482422, 84.33000183105469, 85.30000305175781, 85.27999877929688, 84.61000061035156, 85.4800033569336]
backdoor_accuracy=[0, 0.0, 0.0, 96.8, 30.5, 7.5, 0.1, 32.8, 99.4, 100.0, 99.7, 99.9, 99.8, 98.0, 99.7, 96.3, 98.1, 99.9, 100.0, 100.0, 100.0, 99.9, 100.0, 99.9, 99.9, 99.9, 99.9, 100.0, 99.8, 99.8, 99.9, 99.8, 99.8, 99.9, 99.8, 99.8, 99.9, 99.9, 100.0, 100.0, 100.0, 100.0, 100.0, 100.0, 100.0, 100.0, 100.0, 100.0, 100.0, 100.0, 100.0, 100.0, 100.0, 100.0, 100.0, 100.0, 100.0, 100.0, 100.0, 100.0, 100.0, 100.0, 100.0, 100.0, 100.0, 100.0, 100.0, 100.0, 100.0, 100.0, 100.0, 100.0, 100.0, 100.0, 100.0, 100.0, 100.0, 100.0, 100.0, 100.0, 100.0, 100.0, 100.0, 100.0, 100.0, 100.0, 100.0, 100.0, 100.0, 100.0, 100.0, 100.0, 100.0, 100.0, 100.0, 100.0, 100.0, 100.0, 100.0, 100.0, 100.0]
loss_list=[1.4056840921165767, 0.868856729760214, 0.7176530387390544, 0.6423990611538842, 0.5938164470372377, 0.6069950323275946, 0.5001022730988484, 0.5258788790829756, 0.5217399618829842, 0.5344573288397105, 0.493719334465762, 0.5404724383381783, 0.49271766411623474, 0.511835858322404, 0.4935785856373884, 0.45759655126129034, 0.5077078839626025, 0.46199636914663844, 0.500711476582068, 0.4669589367177751, 0.4777872434748269, 0.4698589472307099, 0.46406166805989213, 0.39859387193358053, 0.4749423490630255, 0.46511617299100305, 0.42546601291676917, 0.4928301259047455, 0.4477086217039161, 0.41436793306083597, 0.42963191603776063, 0.4989215022125454, 0.4195870522927078, 0.4280471306302826, 0.42357200646548776, 0.4710737669254066, 0.41767472490642427, 0.48235421528418854, 0.4214064385052079, 0.4225977050692394, 0.3784483563672338, 0.44279187525605307, 0.41646202724702935, 0.4248818676504824, 0.39439182280804275, 0.433826932662891, 0.4336667719435085, 0.39603757172029597, 0.4291996419015858, 0.43646598294791256, 0.4136825057091536, 0.3873852798991181, 0.4024336585361096, 0.38560817844268913, 0.3789061642833985, 0.4208122861813063, 0.3627677657641471, 0.4172554905698808, 0.3874499160356612, 0.39707846693280663, 0.4204361414571327, 0.3805597690244516, 0.40334859292919706, 0.3988670951859267, 0.41545968376513975, 0.3867432504715571, 0.41607889716547947, 0.37953691962692476, 0.36553966595653314, 0.4134396961001955, 0.38573447265834726, 0.3531130505561898, 0.4214960249934207, 0.400668561970815, 0.36685496211327895, 0.3507448970262582, 0.3436986652394774, 0.3793752039041094, 0.39601827303585774, 0.3434353416078482, 0.39703543364518784, 0.3882247907023325, 0.34913338577284286, 0.36956174858000684, 0.3754121236046087, 0.41593695657879665, 0.3353358535785918, 0.4066158194819259, 0.3922668101852414, 0.36398676917845113, 0.3746696376793638, 0.37985736752032395, 0.38325081409679507, 0.38360118535519755, 0.36327940686174715, 0.35135846603489307, 0.3973501336144249, 0.3904753460168851, 0.3974706919648236, 0.37120983498537463]
BBSR:100.0
ABSR:100.0
max acc:85.48
