======================================
    IID: 0
    Dataset: mnist
    Model: Mnist_CNN
    Model Init: None
    Aggregation Function: fltrust
    Fraction NonIID: 0
    Long attack: 3
    Wide attack: 3
    Wide attack: trust
    Threshold reject: 0.5
    Threshold down: 0.0
    Attack method: dba
    Fraction of malicious agents: 20.0%
    Poison Frac: 0.2
    Backdoor From 7 to 2
    Attack Begin: 0
    Trigger Shape: square
    Type poisoning: 
    Trigger Position X: 0
    Trigger Position Y: 0
    Number of agents: 100
    Fraction of agents each turn: 30(30.0%)
    Local batch size: 50
    Local epoch: 3
    Client_LR: 0.01
    Client_Momentum: 0.9
    Global Rounds: 100
    Dataset In Server: 200
======================================
main_task_accuracy=[0, 50.5, 41.40999984741211, 50.84000015258789, 56.790000915527344, 61.209999084472656, 66.16999816894531, 79.2699966430664, 70.80000305175781, 85.41000366210938, 77.9000015258789, 69.41999816894531, 80.0199966430664, 78.4800033569336, 84.38999938964844, 86.87000274658203, 85.54000091552734, 89.44000244140625, 90.0, 88.12999725341797, 91.25, 87.5199966430664, 86.86000061035156, 91.29000091552734, 89.88999938964844, 92.56999969482422, 91.72000122070312, 90.31999969482422, 91.80999755859375, 93.18000030517578, 93.30000305175781, 92.2699966430664, 92.61000061035156, 94.9800033569336, 93.63999938964844, 95.30000305175781, 94.02999877929688, 92.7300033569336, 93.30000305175781, 91.04000091552734, 94.05000305175781, 93.12000274658203, 95.06999969482422, 94.80999755859375, 95.31999969482422, 91.83000183105469, 94.5999984741211, 95.12999725341797, 95.36000061035156, 95.3499984741211, 96.5, 95.75, 95.87999725341797, 95.4800033569336, 96.16000366210938, 96.58000183105469, 95.45999908447266, 96.58999633789062, 95.33000183105469, 96.37000274658203, 96.05000305175781, 96.9000015258789, 96.66000366210938, 95.91999816894531, 96.56999969482422, 95.66999816894531, 96.2300033569336, 95.81999969482422, 96.56999969482422, 96.79000091552734, 95.76000213623047, 96.62999725341797, 96.7300033569336, 97.0199966430664, 96.33000183105469, 96.87000274658203, 95.6500015258789, 97.13999938964844, 96.52999877929688, 97.16999816894531, 96.98999786376953, 96.91000366210938, 96.58000183105469, 96.51000213623047, 97.19999694824219, 96.88999938964844, 97.70999908447266, 96.98999786376953, 97.41000366210938, 96.51000213623047, 97.33999633789062, 97.05000305175781, 97.61000061035156, 96.43000030517578, 97.52999877929688, 96.56999969482422, 97.25, 97.2300033569336, 96.73999786376953, 97.33000183105469, 97.44999694824219]
backdoor_accuracy=[0, 0.0, 0.38910505836575876, 0.0, 20.817120622568094, 0.0, 11.186770428015564, 6.22568093385214, 2.237354085603113, 10.214007782101167, 6.128404669260701, 3.0155642023346303, 3.6964980544747084, 5.155642023346304, 3.0155642023346303, 11.186770428015564, 6.3229571984435795, 7.101167315175097, 5.739299610894942, 7.392996108949417, 4.571984435797665, 12.45136186770428, 0.7782101167315175, 9.630350194552529, 2.3346303501945527, 10.603112840466926, 4.766536964980545, 3.0155642023346303, 3.7937743190661477, 12.354085603112841, 4.085603112840467, 3.6964980544747084, 18.3852140077821, 2.529182879377432, 6.809338521400778, 4.571984435797665, 12.15953307392996, 3.307392996108949, 7.782101167315175, 14.007782101167315, 2.9182879377431905, 11.381322957198444, 3.5992217898832686, 13.424124513618677, 2.9182879377431905, 5.447470817120623, 4.571984435797665, 7.782101167315175, 4.669260700389105, 19.06614785992218, 3.11284046692607, 14.785992217898833, 4.571984435797665, 13.326848249027238, 4.766536964980545, 5.3501945525291825, 12.937743190661479, 4.280155642023346, 6.614785992217898, 10.700389105058365, 6.22568093385214, 7.782101167315175, 5.642023346303502, 6.517509727626459, 8.463035019455253, 7.490272373540856, 8.852140077821012, 10.019455252918288, 5.058365758754864, 12.15953307392996, 4.863813229571984, 8.268482490272374, 14.785992217898833, 11.964980544747082, 22.17898832684825, 9.14396887159533, 28.59922178988327, 5.739299610894942, 4.377431906614786, 17.120622568093385, 7.684824902723736, 12.84046692607004, 3.21011673151751, 24.124513618677042, 8.365758754863814, 27.140077821011673, 10.116731517509727, 14.883268482490273, 9.82490272373541, 29.280155642023345, 6.031128404669261, 15.46692607003891, 7.003891050583658, 24.027237354085603, 8.463035019455253, 8.754863813229573, 25.291828793774318, 9.24124513618677, 6.3229571984435795, 29.182879377431906, 29.669260700389106]
loss_list=[0.4912479181313844, 0.439769650788462, 0.3097575255272441, 0.24126622730720768, 0.23263182222613762, 0.20289632970242819, 0.17832445956579054, 0.19673002950084487, 0.1634767072838845, 0.12044087283409491, 0.12203952942423443, 0.12898272993690577, 0.1326201484734168, 0.12202924393813112, 0.10839130313956345, 0.10406834495156866, 0.10716353320522452, 0.09869119445467911, 0.0892923687211325, 0.08465029464395421, 0.07739803086390082, 0.08379546530141538, 0.0687891975798988, 0.08196537628111925, 0.08209899125959096, 0.06859694409381241, 0.07625807420503752, 0.08431649084448756, 0.07084687511225503, 0.05344037403996735, 0.06607093101916854, 0.057933665919681444, 0.06132764813303818, 0.06187583198922353, 0.06908928216005833, 0.0413641432672154, 0.049148894404375504, 0.05350329249892805, 0.056252942326242665, 0.05348927976589428, 0.04493747651510436, 0.051054153371010276, 0.051746047958676544, 0.060331355218595936, 0.0522822943127488, 0.05198311025819516, 0.05226450138893257, 0.05735247972943654, 0.04576677893889272, 0.049716477775046314, 0.0498875084804298, 0.04769853813284828, 0.04084506659619936, 0.04875411554483652, 0.050878397222813065, 0.04848138763858334, 0.05072736643361093, 0.047596183380497106, 0.04938998490547354, 0.03362504144454304, 0.05300589406443311, 0.04656191012060647, 0.0422871708442087, 0.04569507734582988, 0.040536437654954134, 0.04185835088766113, 0.04241709283158997, 0.03705038357141477, 0.039017540475317594, 0.03632825798816961, 0.047332732418289676, 0.04039453535848649, 0.034929032121588974, 0.03712003486634932, 0.035527135012883924, 0.0370267308375592, 0.035019743040805164, 0.043146489772672866, 0.04110629847248485, 0.03368532130165836, 0.03959795389525713, 0.03985627981926942, 0.035810834676486485, 0.045186131568515434, 0.03766786708940483, 0.03547023465838304, 0.03542208953963236, 0.040331109152986065, 0.033721905372219606, 0.03385895345773986, 0.03273156280564529, 0.03801087992807966, 0.03249957226386858, 0.03750911934218486, 0.026714456919990633, 0.040365335664461106, 0.030913094247954267, 0.03475335751470981, 0.03362650012706688, 0.026333317669021954]
BBSR:29.67
ABSR:16.34
max acc:97.61
