======================================
    IID: 0
    Dataset: mnist
    Model: Mnist_CNN
    Model Init: None
    Aggregation Function: flame
    Fraction NonIID: 0
    Long attack: 3
    Wide attack: 3
    Wide attack: trust
    Threshold reject: 0.5
    Threshold down: 0.0
    Attack method: dba
    Fraction of malicious agents: 13.0%
    Poison Frac: 0.2
    Backdoor From 7 to 2
    Attack Begin: 0
    Trigger Shape: square
    Type poisoning: 
    Trigger Position X: 0
    Trigger Position Y: 0
    Number of agents: 100
    Fraction of agents each turn: 30(30.0%)
    Local batch size: 50
    Local epoch: 3
    Client_LR: 0.01
    Client_Momentum: 0.9
    Global Rounds: 100
    Noise in FLAME: 0.001
proportion of malicious are selected:0.6133333333333333
proportion of benign are selected:0.5633333333333334
======================================
main_task_accuracy=[0, 19.25, 19.290000915527344, 37.7400016784668, 30.3799991607666, 46.470001220703125, 48.34000015258789, 60.72999954223633, 66.12999725341797, 69.2699966430664, 67.95999908447266, 66.0199966430664, 65.54000091552734, 71.43000030517578, 75.27999877929688, 68.08000183105469, 65.58000183105469, 69.73999786376953, 76.3499984741211, 77.55999755859375, 76.58999633789062, 78.06999969482422, 77.37000274658203, 77.61000061035156, 76.62000274658203, 78.19000244140625, 76.73999786376953, 77.08999633789062, 78.33000183105469, 78.02999877929688, 75.62000274658203, 77.97000122070312, 77.45999908447266, 76.04000091552734, 74.41999816894531, 75.37999725341797, 77.25, 77.55000305175781, 78.33999633789062, 78.0999984741211, 78.8499984741211, 77.55000305175781, 76.37000274658203, 78.23999786376953, 77.6500015258789, 76.7699966430664, 76.68000030517578, 77.37000274658203, 76.7300033569336, 79.19000244140625, 78.70999908447266, 79.05999755859375, 78.20999908447266, 79.20999908447266, 78.04000091552734, 77.75, 79.05000305175781, 78.98999786376953, 79.25, 79.01000213623047, 79.23999786376953, 79.16999816894531, 79.38999938964844, 77.79000091552734, 79.2300033569336, 78.45999908447266, 79.45999908447266, 78.41000366210938, 78.56999969482422, 79.44000244140625, 77.76000213623047, 79.43000030517578, 79.18000030517578, 78.83999633789062, 78.48999786376953, 78.06999969482422, 78.3499984741211, 79.5999984741211, 78.93000030517578, 79.48999786376953, 79.86000061035156, 79.68000030517578, 79.48999786376953, 79.6500015258789, 79.38999938964844, 79.43000030517578, 79.55000305175781, 79.61000061035156, 79.4000015258789, 79.58000183105469, 79.43000030517578, 78.30000305175781, 78.63999938964844, 78.9800033569336, 79.05999755859375, 78.94999694824219, 79.6500015258789, 79.61000061035156, 79.04000091552734, 79.44999694824219, 78.41999816894531]
backdoor_accuracy=[0, 0.0, 16.926070038910506, 0.0, 1.8482490272373542, 0.6809338521400778, 0.5836575875486382, 0.38910505836575876, 8.268482490272374, 0.5836575875486382, 3.307392996108949, 2.431906614785992, 2.529182879377432, 3.21011673151751, 2.0428015564202333, 1.556420233463035, 1.0700389105058365, 12.54863813229572, 2.431906614785992, 4.182879377431907, 3.0155642023346303, 3.6964980544747084, 3.8910505836575875, 2.3346303501945527, 2.237354085603113, 2.821011673151751, 3.5992217898832686, 7.879377431906615, 3.8910505836575875, 5.739299610894942, 2.6264591439688716, 12.743190661478598, 4.669260700389105, 11.186770428015564, 30.544747081712064, 9.53307392996109, 3.5992217898832686, 11.575875486381323, 10.992217898832685, 6.031128404669261, 8.949416342412452, 9.922178988326849, 78.40466926070039, 62.840466926070036, 17.315175097276263, 8.073929961089494, 16.245136186770427, 50.38910505836576, 51.65369649805447, 53.40466926070039, 53.793774319066145, 72.37354085603113, 26.459143968871594, 19.55252918287938, 16.926070038910506, 11.964980544747082, 11.089494163424124, 10.116731517509727, 64.29961089494164, 55.73929961089494, 88.32684824902724, 48.15175097276265, 42.4124513618677, 18.28793774319066, 94.06614785992218, 74.22178988326849, 72.08171206225681, 78.21011673151752, 88.61867704280155, 96.49805447470817, 91.63424124513618, 96.20622568093385, 87.84046692607004, 92.41245136186771, 98.05447470817121, 95.03891050583658, 99.31906614785993, 97.56809338521401, 96.88715953307393, 93.3852140077821, 99.22178988326849, 99.12451361867704, 96.40077821011673, 97.37354085603113, 96.69260700389106, 99.80544747081711, 99.5136186770428, 99.5136186770428, 98.24902723735408, 99.5136186770428, 99.90272373540856, 99.31906614785993, 99.61089494163424, 99.12451361867704, 99.80544747081711, 99.90272373540856, 99.90272373540856, 99.5136186770428, 99.22178988326849, 100.0, 99.41634241245136]
loss_list=[0.6049521795010624, 0.5650108199556997, 0.5707805766573606, 0.3401280740442046, 0.28549086152054, 0.29621748712012497, 0.2547340759997624, 0.22221169819269296, 0.21208305404565403, 0.1537616937069612, 0.1884627534986298, 0.15976233444023274, 0.14411990685943357, 0.1374151467568929, 0.1592645573482172, 0.1552106040269809, 0.1379432228695011, 0.197347685509874, 0.1630317779295614, 0.15779113917064733, 0.13878633213966263, 0.11438930077327122, 0.1393707429851301, 0.13921965921753124, 0.14516698206928053, 0.16629938047510073, 0.1697445855042801, 0.14860748025564646, 0.14801935714086284, 0.14120539427480236, 0.18947701398615763, 0.14033426109881278, 0.1399203822433694, 0.12273719394446729, 0.1319278372965161, 0.16644288522414374, 0.1628019781346026, 0.16110851837777532, 0.1368643749572, 0.13841987307947956, 0.17396046574451626, 0.13306093585960505, 0.20699994501031294, 0.1350149564862237, 0.129538630426117, 0.16618120940014583, 0.12524659425749277, 0.16006787520108778, 0.17914959693536597, 0.12228977524327928, 0.16126576385624294, 0.1070050848244418, 0.12776708903691175, 0.15197954483891765, 0.15249827155115478, 0.17172339505813713, 0.15615399170883304, 0.19490208593930006, 0.16531816402274888, 0.12019133627813584, 0.16688598091339021, 0.12648848649505026, 0.12134019580928326, 0.16723094642284927, 0.123433073025385, 0.17914095804231892, 0.108502594822987, 0.13293539591955697, 0.15921412567929016, 0.10693959073073085, 0.1403929059140178, 0.14661109987545326, 0.10547451787285249, 0.11569284283751029, 0.12631238193558766, 0.14915440773341765, 0.13275212971297737, 0.10246885460064799, 0.1802773693891661, 0.14326470571264116, 0.12014035421891292, 0.14050718221876896, 0.1857457070564135, 0.1485073065022605, 0.1661701217849829, 0.17668479218776154, 0.1734029198741566, 0.15014850189469608, 0.1890878519140051, 0.14627760258885286, 0.13009494414752804, 0.16188433260404406, 0.16795074966211587, 0.12740925609701229, 0.12317308043637941, 0.14453000844843183, 0.19532091362857879, 0.1456476769764646, 0.14603479982628886, 0.12739575340732354]
BBSR:100.0
ABSR:99.58
max acc:79.65
