======================================
    IID: 0
    Dataset: mnist
    Model: Mnist_CNN
    Model Init: None
    Aggregation Function: flame
    Fraction NonIID: 0
    Long attack: 3
    Wide attack: 3
    Wide attack: trust
    Threshold reject: 0.5
    Threshold down: 0.0
    Attack method: badnet
    Fraction of malicious agents: 20.0%
    Poison Frac: 0.2
    Backdoor From 7 to 2
    Attack Begin: 0
    Trigger Shape: square
    Type poisoning: cs
    Trigger Position X: 0
    Trigger Position Y: 0
    Number of agents: 100
    Fraction of agents each turn: 30(30.0%)
    Local batch size: 50
    Local epoch: 3
    Client_LR: 0.01
    Client_Momentum: 0.9
    Global Rounds: 100
    Noise in FLAME: 0.001
proportion of malicious are selected:0.615
proportion of benign are selected:0.55125
======================================
main_task_accuracy=[0, 20.719999313354492, 39.349998474121094, 40.2400016784668, 62.04999923706055, 58.790000915527344, 58.61000061035156, 52.720001220703125, 63.75, 74.69999694824219, 69.38999938964844, 67.70999908447266, 67.72000122070312, 67.33999633789062, 67.4800033569336, 68.01000213623047, 66.26000213623047, 67.22000122070312, 68.0, 66.83000183105469, 68.62999725341797, 75.9000015258789, 75.41999816894531, 73.5, 72.19999694824219, 77.58000183105469, 75.4800033569336, 76.98999786376953, 77.37000274658203, 77.69999694824219, 76.55000305175781, 76.16000366210938, 77.02999877929688, 76.80999755859375, 76.06999969482422, 72.6500015258789, 78.04000091552734, 78.13999938964844, 83.18000030517578, 82.93000030517578, 81.9000015258789, 79.12999725341797, 80.61000061035156, 80.01000213623047, 80.9800033569336, 79.0199966430664, 79.69000244140625, 79.22000122070312, 79.80999755859375, 80.51000213623047, 80.05999755859375, 79.7699966430664, 78.11000061035156, 80.08000183105469, 79.9000015258789, 79.86000061035156, 79.43000030517578, 79.11000061035156, 79.94000244140625, 79.61000061035156, 79.05999755859375, 79.16000366210938, 78.94999694824219, 79.47000122070312, 79.83000183105469, 78.6500015258789, 80.33999633789062, 80.25, 79.88999938964844, 79.76000213623047, 79.08999633789062, 79.54000091552734, 79.87999725341797, 77.93000030517578, 79.41999816894531, 78.87999725341797, 79.20999908447266, 79.33999633789062, 79.5199966430664, 79.41000366210938, 87.77999877929688, 85.97000122070312, 85.43000030517578, 84.87999725341797, 84.63999938964844, 83.9000015258789, 83.31999969482422, 83.52999877929688, 83.08999633789062, 82.76000213623047, 82.69999694824219, 82.25, 81.87999725341797, 82.19000244140625, 82.11000061035156, 82.25, 84.0, 83.44999694824219, 83.0999984741211, 83.06999969482422, 82.5]
backdoor_accuracy=[0, 0.0, 0.0, 0.0, 1.7509727626459144, 15.17509727626459, 0.09727626459143969, 9.53307392996109, 0.38910505836575876, 2.140077821011673, 1.9455252918287937, 1.8482490272373542, 1.9455252918287937, 3.11284046692607, 2.6264591439688716, 6.906614785992218, 3.307392996108949, 16.926070038910506, 0.8754863813229572, 11.478599221789883, 7.003891050583658, 27.723735408560312, 8.365758754863814, 15.17509727626459, 20.622568093385215, 41.05058365758755, 23.832684824902724, 90.56420233463035, 29.280155642023345, 47.568093385214006, 59.33852140077821, 87.2568093385214, 65.36964980544747, 88.91050583657588, 99.80544747081711, 20.038910505836576, 99.80544747081711, 97.17898832684826, 99.80544747081711, 88.715953307393, 98.83268482490273, 99.12451361867704, 97.66536964980544, 82.29571984435798, 96.88715953307393, 99.41634241245136, 98.92996108949416, 99.70817120622569, 100.0, 100.0, 100.0, 99.80544747081711, 99.70817120622569, 100.0, 100.0, 100.0, 100.0, 99.80544747081711, 100.0, 100.0, 100.0, 100.0, 100.0, 100.0, 100.0, 100.0, 100.0, 100.0, 100.0, 100.0, 100.0, 100.0, 100.0, 100.0, 100.0, 100.0, 100.0, 100.0, 100.0, 100.0, 100.0, 100.0, 100.0, 100.0, 100.0, 100.0, 100.0, 100.0, 100.0, 100.0, 100.0, 100.0, 100.0, 100.0, 100.0, 100.0, 100.0, 100.0, 100.0, 100.0, 100.0]
loss_list=[0.4127721671696618, 0.42124920937246596, 0.27092411426597907, 0.3063913811744133, 0.2181671407768872, 0.28474079561012505, 0.18543575652751737, 0.22629272995284297, 0.19883695220873224, 0.15803565690534402, 0.16774612045985385, 0.19254785741652197, 0.14753876208926658, 0.15314855614409412, 0.16328721513653027, 0.16775170575364914, 0.16446585622959703, 0.156506206608573, 0.12904412657149156, 0.13651805786300383, 0.1591914744291614, 0.11720935842787239, 0.1003174751178446, 0.10619583799315135, 0.1501108213093728, 0.10546097558767879, 0.13980395850431954, 0.09371485509293703, 0.0981276077356768, 0.09603431614149374, 0.106944081463453, 0.13331262167125077, 0.10712885623342942, 0.08833092064500819, 0.12477612658395046, 0.13218002741917148, 0.12697569776605128, 0.15200678094266554, 0.08583819863478773, 0.0808154189886192, 0.10927093728700445, 0.09148167751477732, 0.09175151369070784, 0.09092021627529735, 0.09967263265759457, 0.06637230644894265, 0.12431906450626154, 0.08033054602079885, 0.08565537570307222, 0.093556964345813, 0.09509071759904957, 0.07327172489016626, 0.08185955651476856, 0.10325516891079713, 0.08358643142626207, 0.07700916586847809, 0.10717392188977419, 0.07912722349496877, 0.11890107786053057, 0.13928100161187676, 0.12852634878413818, 0.13254847396234798, 0.13572966003032352, 0.08980149655630716, 0.0859093867165621, 0.13371970835260713, 0.08180826079415378, 0.10414716399129047, 0.10928334121214113, 0.08992979667138629, 0.11020527192018946, 0.11107632698869516, 0.06827902901654068, 0.06187401595051714, 0.09303565013448468, 0.08579780737998798, 0.10291391206037519, 0.11799176374436755, 0.09134981701545769, 0.13871907749249646, 0.07736307857921555, 0.08438987625298133, 0.1103080697943449, 0.12759690323965273, 0.09272178186248124, 0.0853914905990316, 0.09534515871450393, 0.08593153809422455, 0.08840646307083415, 0.07224814473021061, 0.10176961958439713, 0.10247011001197778, 0.07615534251635578, 0.07578834240279106, 0.07404812336779452, 0.09829116816639652, 0.08072329899983721, 0.09491188970122443, 0.10506892090566286, 0.08687157009418303]
BBSR:100.0
ABSR:100.0
max acc:84.0
