======================================
    IID: 0
    Dataset: fashion_mnist
    Model: Mnist_CNN
    Model Init: None
    Aggregation Function: fltrust
    Fraction NonIID: 0
    Long attack: 3
    Wide attack: 3
    Wide attack: trust
    Threshold reject: 0.5
    Threshold down: 0.0
    Attack method: badnet
    Fraction of malicious agents: 30.0%
    Poison Frac: 0.2
    Backdoor From 7 to 2
    Attack Begin: 0
    Trigger Shape: square
    Type poisoning: pgd
    Trigger Position X: 0
    Trigger Position Y: 0
    Number of agents: 100
    Fraction of agents each turn: 30(30.0%)
    Local batch size: 50
    Local epoch: 3
    Client_LR: 0.01
    Client_Momentum: 0.9
    Global Rounds: 100
    Dataset In Server: 200
======================================
main_task_accuracy=[0, 62.849998474121094, 68.43000030517578, 69.9000015258789, 72.33000183105469, 73.41000366210938, 74.13999938964844, 74.87000274658203, 75.88999938964844, 76.80999755859375, 77.13999938964844, 77.26000213623047, 77.87000274658203, 78.63999938964844, 79.51000213623047, 79.68000030517578, 79.72000122070312, 80.26000213623047, 80.38999938964844, 80.43000030517578, 80.62999725341797, 80.91000366210938, 80.94000244140625, 81.08000183105469, 81.7699966430664, 81.91999816894531, 81.9000015258789, 82.27999877929688, 82.01000213623047, 82.2699966430664, 82.56999969482422, 82.6500015258789, 82.66000366210938, 82.91000366210938, 83.44999694824219, 83.30999755859375, 83.11000061035156, 83.79000091552734, 84.22000122070312, 84.16999816894531, 84.01000213623047, 84.0, 84.55999755859375, 84.4000015258789, 84.7300033569336, 84.86000061035156, 85.0, 85.0999984741211, 85.22000122070312, 85.19000244140625, 84.97000122070312, 85.04000091552734, 85.38999938964844, 85.5, 85.2699966430664, 85.6500015258789, 85.2300033569336, 85.5199966430664, 85.41999816894531, 85.44000244140625, 85.7300033569336, 85.6500015258789, 85.80000305175781, 85.94000244140625, 85.80000305175781, 86.19000244140625, 86.29000091552734, 86.12000274658203, 86.41999816894531, 86.23999786376953, 86.33000183105469, 86.30999755859375, 86.1500015258789, 86.37000274658203, 86.72000122070312, 86.69999694824219, 86.62000274658203, 86.91999816894531, 86.54000091552734, 86.1500015258789, 87.30000305175781, 86.95999908447266, 87.0999984741211, 87.05000305175781, 87.1500015258789, 87.20999908447266, 87.0, 86.97000122070312, 87.44000244140625, 87.19999694824219, 87.30000305175781, 87.3499984741211, 87.51000213623047, 87.56999969482422, 87.27999877929688, 87.37999725341797, 87.5999984741211, 87.77999877929688, 87.45999908447266, 85.44999694824219, 87.05000305175781]
backdoor_accuracy=[0, 0.0, 0.0, 0.0, 0.3, 0.6, 1.8, 4.5, 7.6, 15.0, 20.0, 32.5, 36.4, 41.7, 34.2, 41.5, 61.5, 64.3, 77.5, 89.6, 89.7, 85.8, 90.9, 90.5, 89.3, 95.0, 95.6, 97.3, 97.3, 97.8, 97.9, 99.2, 98.6, 98.6, 99.7, 99.7, 99.9, 99.8, 99.8, 99.7, 99.9, 99.8, 99.8, 99.8, 100.0, 100.0, 100.0, 99.9, 100.0, 100.0, 100.0, 100.0, 99.8, 99.9, 99.8, 100.0, 100.0, 100.0, 100.0, 100.0, 100.0, 100.0, 100.0, 100.0, 100.0, 100.0, 100.0, 100.0, 100.0, 100.0, 100.0, 100.0, 100.0, 100.0, 100.0, 100.0, 100.0, 100.0, 100.0, 100.0, 100.0, 100.0, 100.0, 100.0, 100.0, 100.0, 100.0, 100.0, 100.0, 100.0, 100.0, 100.0, 100.0, 100.0, 100.0, 100.0, 100.0, 100.0, 100.0, 100.0, 100.0]
loss_list=[1.381580756880619, 1.0658333940086542, 0.8514133315119478, 0.7317700490079543, 0.6844908325484506, 0.6341378520070402, 0.5861796055127073, 0.5760941096478039, 0.5439802970323296, 0.5156823527895742, 0.5064685724123761, 0.4872853359000551, 0.4840511695033422, 0.4887471647864139, 0.48166890796963824, 0.4497333098616866, 0.4322858141528236, 0.424061284041791, 0.45811279831385165, 0.41226929709729215, 0.4079523728884481, 0.41253050812692554, 0.4147478279692155, 0.4251654679369595, 0.4544454252416336, 0.4070118270124551, 0.39467201944854524, 0.3869097847353529, 0.37497971387649026, 0.4071733482044052, 0.3952729052760534, 0.3797408090317966, 0.39781851278686975, 0.3728180819156546, 0.3721791089270952, 0.3784777459585005, 0.3753839612145115, 0.3882781036543072, 0.36266615950950865, 0.3548278856746577, 0.3767120582086068, 0.3426693501985735, 0.35686878407443, 0.3713151190153979, 0.3506338595205711, 0.34121315516531475, 0.3673165129842581, 0.3266206841294963, 0.3596636069524619, 0.3311251166725049, 0.3396423384995648, 0.3428601080689717, 0.3303196055228236, 0.3457871901078356, 0.33324390355566574, 0.3371726519255726, 0.320907252340543, 0.3264601927285116, 0.3303804294930564, 0.33589328035746735, 0.33780887746424587, 0.33801911108333754, 0.32731543039144184, 0.3115725973965945, 0.30295154041852107, 0.33458043102312973, 0.33958965718608203, 0.311474909481627, 0.2929140373960966, 0.30414866976508936, 0.30615294194193904, 0.291145524561957, 0.31430753566048764, 0.29451612338285743, 0.2886901558066407, 0.30278452357484237, 0.2867870521110793, 0.2997247714273356, 0.2856329908594489, 0.28453142370131823, 0.27280627029292565, 0.29805346608713823, 0.2873158180844729, 0.3123239535941846, 0.286805470822448, 0.28787828424117634, 0.2687164693967336, 0.31060705110430725, 0.2773133132641238, 0.2976591080841091, 0.2617871220878981, 0.28464250904335464, 0.2619068649562972, 0.27048178905690157, 0.3045136920624862, 0.26898210671971795, 0.28482915153899396, 0.24292355558179596, 0.2667473150624169, 0.25122987531056556]
BBSR:100.0
ABSR:100.0
max acc:87.78
