======================================
    IID: 1
    Dataset: cifar
    Model: resnet
    Model Init: None
    Aggregation Function: avg
    Fraction NonIID: 0
    Long attack: 3
    Wide attack: 3
    Wide attack: trust
    Threshold reject: 0.5
    Threshold down: 0.0
    Attack method: badnet
    Fraction of malicious agents: 13.0%
    Poison Frac: 0.2
    Backdoor From 7 to 2
    Attack Begin: 0
    Trigger Shape: square
    Type poisoning: 
    Trigger Position X: 0
    Trigger Position Y: 0
    Number of agents: 100
    Fraction of agents each turn: 30(30.0%)
    Local batch size: 50
    Local epoch: 3
    Client_LR: 0.01
    Client_Momentum: 0.9
    Global Rounds: 100
======================================
main_task_accuracy=[0, 10.0, 31.239999771118164, 43.150001525878906, 45.2400016784668, 50.63999938964844, 51.91999816894531, 56.91999816894531, 58.61000061035156, 60.7400016784668, 62.72999954223633, 63.41999816894531, 64.19999694824219, 64.62000274658203, 64.69000244140625, 66.37000274658203, 65.72000122070312, 66.77999877929688, 66.9000015258789, 67.19999694824219, 67.31999969482422, 67.81999969482422, 67.7300033569336, 68.4800033569336, 69.44000244140625, 68.44000244140625, 69.25, 69.76000213623047, 67.97000122070312, 70.45999908447266, 70.37000274658203, 69.8499984741211, 70.97000122070312, 71.47000122070312, 72.2300033569336, 72.4000015258789, 72.77999877929688, 71.9800033569336, 72.58999633789062, 72.31999969482422, 72.9000015258789, 72.75, 73.1500015258789, 72.80000305175781, 72.94999694824219, 73.12000274658203, 72.9000015258789, 72.98999786376953, 73.0, 72.5999984741211, 72.94999694824219, 73.06999969482422, 73.08999633789062, 72.97000122070312, 72.75, 72.79000091552734, 72.69999694824219, 72.62999725341797, 72.73999786376953, 72.86000061035156, 72.80999755859375, 72.75, 72.61000061035156, 72.79000091552734, 72.62000274658203, 72.37999725341797, 72.45999908447266, 72.62999725341797, 72.55999755859375, 72.48999786376953, 72.5199966430664, 72.30999755859375, 72.26000213623047, 72.51000213623047, 72.19999694824219, 72.27999877929688, 72.26000213623047, 72.41000366210938, 72.41000366210938, 72.33000183105469, 72.44000244140625, 72.5199966430664, 72.41999816894531, 72.30000305175781, 72.33999633789062, 72.38999938964844, 72.37999725341797, 72.37999725341797, 72.4000015258789, 72.4000015258789, 72.30999755859375, 72.30000305175781, 72.2699966430664, 72.33000183105469, 72.29000091552734, 72.37000274658203, 72.27999877929688, 72.33999633789062, 72.20999908447266, 72.33000183105469, 72.22000122070312]
backdoor_accuracy=[0, 0.0, 3.5, 4.2, 2.4, 4.6, 3.4, 2.2, 3.0, 2.3, 2.6, 1.6, 2.5, 1.0, 1.5, 2.1, 2.3, 2.1, 2.4, 0.3, 1.4, 1.9, 1.6, 1.1, 0.9, 1.3, 1.3, 1.1, 1.3, 1.5, 1.8, 1.4, 2.7, 2.0, 1.9, 2.3, 2.8, 4.0, 2.7, 2.7, 2.6, 2.5, 2.6, 2.2, 2.2, 2.8, 3.0, 2.3, 3.0, 3.5, 4.3, 3.4, 3.7, 3.1, 3.0, 3.6, 3.8, 3.3, 3.7, 3.1, 3.3, 4.0, 3.3, 3.6, 4.1, 3.6, 3.3, 3.0, 3.7, 3.7, 3.9, 3.3, 3.5, 3.1, 4.0, 4.0, 3.2, 3.8, 3.7, 4.2, 3.7, 3.4, 4.0, 4.2, 3.7, 4.0, 3.8, 3.8, 3.0, 3.6, 3.6, 3.3, 3.6, 3.7, 3.6, 3.8, 3.9, 3.8, 3.7, 3.7, 4.1]
loss_list=[1.9904542634222244, 1.5549415275785659, 1.1255454457137324, 0.9552715962628524, 0.7590305587814912, 0.7175716584755316, 0.6021797354105446, 0.5448963859097825, 0.5174774900099469, 0.48765849287518187, 0.4063401412653427, 0.41923724529747325, 0.41163468767164485, 0.34037460659423646, 0.3630557667019053, 0.38689700474755634, 0.30081243789858286, 0.32834938239771877, 0.26860762029782764, 0.26686242180462505, 0.31571386279796976, 0.26386286335428144, 0.21447582428343595, 0.22318799389603858, 0.1999533488627316, 0.19886894352863438, 0.19622560674479853, 0.20064118866032607, 0.17430317047401334, 0.18004765035985562, 0.16916056356560955, 0.15426685227236403, 0.13846384840383605, 0.09638960076508939, 0.0815458296588622, 0.07847260056820231, 0.06764698371439913, 0.036162294288191746, 0.1296199471566231, 0.0645316576834173, 0.05267021247140494, 0.05026643769919045, 0.03792035889737437, 0.042106421630887785, 0.025938255113691813, 0.011689369479459453, 0.04020795261099312, 0.02377549379106818, 0.03570022844441055, 0.02722437291085953, 0.010618814539452107, 0.008814915021082722, 0.013532234932483537, 0.009777026239413924, 0.009187253598744671, 0.006986123821002871, 0.010347640778410194, 0.011009790659300052, 0.004545498152987825, 0.006329045822882713, 0.003988315055822669, 0.0032971485407809575, 0.00609565696567491, 0.004370866540040071, 0.004350485266849218, 0.002638734830042166, 0.003914800005974635, 0.0015947183789588358, 0.0022128174151455626, 0.0011957916644880445, 0.002350630692720491, 0.0023932784648948457, 0.002572528133621543, 0.004245038062314658, 0.0018965190463414827, 0.006428189833103614, 0.0013137221697171399, 0.00527832046614397, 0.0017212186618012814, 0.0013210099924536836, 0.0011869849417821064, 0.0009779394066814955, 0.0018409012536075254, 0.002032430967309564, 0.001169712925402564, 0.00114389068385612, 0.0010714954312020888, 0.0024704897952162546, 0.0013038218472421353, 0.0008324193872168608, 0.001916995529342482, 0.000986169024343124, 0.0010006415100118223, 0.0007734047647196956, 0.003075385691999044, 0.0008452781817646204, 0.0006977981672793653, 0.0015108314050141616, 0.000619535652084677, 0.0011587595404044906]
BBSR:4.1
ABSR:3.72
max acc:72.37
