======================================
    IID: 0
    Dataset: mnist
    Model: Mnist_CNN
    Model Init: None
    Aggregation Function: DABA
    Fraction NonIID: 0
    Long attack: 3
    Wide attack: 3
    Wide attack: trust
    Threshold reject: 0.5
    Threshold down: 0.0
    Attack method: badnet
    Fraction of malicious agents: 30.0%
    Poison Frac: 0.2
    Backdoor From 7 to 2
    Attack Begin: 0
    Trigger Shape: square
    Type poisoning: 
    Trigger Position X: 0
    Trigger Position Y: 0
    Number of agents: 100
    Fraction of agents each turn: 30(30.0%)
    Local batch size: 50
    Local epoch: 3
    Client_LR: 0.01
    Client_Momentum: 0.9
    Global Rounds: 100
======================================
main_task_accuracy=[0, 16.65999984741211, 18.469999313354492, 26.799999237060547, 29.959999084472656, 52.75, 53.02000045776367, 67.48999786376953, 52.75, 55.31999969482422, 75.20999908447266, 76.77999877929688, 70.5, 84.36000061035156, 76.61000061035156, 86.58000183105469, 91.56999969482422, 75.36000061035156, 80.7699966430664, 89.48999786376953, 92.63999938964844, 92.5999984741211, 92.19999694824219, 88.13999938964844, 93.19999694824219, 94.38999938964844, 94.33999633789062, 95.01000213623047, 95.36000061035156, 94.2300033569336, 94.94000244140625, 95.37999725341797, 95.36000061035156, 92.25, 88.70999908447266, 91.05999755859375, 93.05000305175781, 94.1500015258789, 96.5999984741211, 91.76000213623047, 94.08999633789062, 96.83999633789062, 95.81999969482422, 83.12000274658203, 93.97000122070312, 91.83000183105469, 95.54000091552734, 95.4800033569336, 95.45999908447266, 94.05999755859375, 96.66999816894531, 96.9000015258789, 95.94999694824219, 94.69000244140625, 96.83000183105469, 97.30000305175781, 97.58999633789062, 96.04000091552734, 96.20999908447266, 97.08999633789062, 97.47000122070312, 97.05000305175781, 96.76000213623047, 96.36000061035156, 96.66000366210938, 97.29000091552734, 91.97000122070312, 95.93000030517578, 96.97000122070312, 96.12999725341797, 97.11000061035156, 96.18000030517578, 97.88999938964844, 97.91999816894531, 97.5199966430664, 97.58000183105469, 97.48999786376953, 96.7300033569336, 97.69999694824219, 94.58000183105469, 94.58000183105469, 96.51000213623047, 87.26000213623047, 94.62999725341797, 94.43000030517578, 97.7699966430664, 97.36000061035156, 95.08999633789062, 97.72000122070312, 97.08000183105469, 97.37000274658203, 97.12999725341797, 97.55000305175781, 98.25, 97.56999969482422, 97.73999786376953, 96.76000213623047, 98.0199966430664, 97.38999938964844, 95.33999633789062, 97.52999877929688]
backdoor_accuracy=[0, 0.2918287937743191, 0.0, 0.0, 42.509727626459146, 0.0, 29.377431906614785, 14.494163424124514, 0.0, 0.2918287937743191, 40.36964980544747, 16.439688715953306, 0.48638132295719844, 30.544747081712064, 3.9883268482490273, 1.0700389105058365, 32.782101167315176, 0.48638132295719844, 13.618677042801556, 48.540856031128406, 43.77431906614786, 77.43190661478599, 59.43579766536965, 21.20622568093385, 21.69260700389105, 97.76264591439688, 98.24902723735408, 100.0, 19.55252918287938, 100.0, 38.81322957198444, 98.34630350194553, 100.0, 100.0, 13.229571984435797, 100.0, 23.249027237354085, 100.0, 99.80544747081711, 99.90272373540856, 100.0, 99.90272373540856, 99.90272373540856, 99.31906614785993, 100.0, 54.86381322957198, 100.0, 100.0, 100.0, 99.70817120622569, 100.0, 100.0, 100.0, 100.0, 100.0, 100.0, 100.0, 100.0, 100.0, 100.0, 100.0, 100.0, 100.0, 100.0, 100.0, 100.0, 100.0, 100.0, 100.0, 100.0, 100.0, 100.0, 100.0, 100.0, 100.0, 100.0, 100.0, 100.0, 100.0, 100.0, 100.0, 100.0, 100.0, 100.0, 100.0, 100.0, 100.0, 100.0, 100.0, 100.0, 100.0, 100.0, 100.0, 100.0, 100.0, 100.0, 100.0, 100.0, 100.0, 100.0, 100.0]
loss_list=[0.4478542022300246, 0.3658643015199982, 0.4781073033712741, 0.2679292210237339, 0.23364348565481263, 0.23871167742617722, 0.22640364386956294, 0.1230745697232898, 0.17843401043327398, 0.16617677286122043, 0.14723164192716856, 0.11912318446424508, 0.12190840824238862, 0.1067265670410706, 0.08912907657674518, 0.074798890981201, 0.06794710957036572, 0.08704997160308367, 0.14699601831003153, 0.07000517924896107, 0.07662831151203843, 0.05851262841729158, 0.06336192967134514, 0.06433315595863796, 0.061752799752837796, 0.05431612055736291, 0.05429402799793352, 0.04606745345511534, 0.04846519182408007, 0.05455977905544399, 0.04726771164882393, 0.03907068665806939, 0.03926793045392137, 0.04575450228571705, 0.06789306263567091, 0.06339707685443179, 0.0471322291989534, 0.045670881022726546, 0.049834079002113195, 0.05029305908501592, 0.04716731795349375, 0.04038658239285839, 0.03988004627000574, 0.07168901627396533, 0.06059239968867846, 0.06532015013631862, 0.040299994598594825, 0.03724803337167099, 0.042907448409442155, 0.04274371782633446, 0.03680750117833938, 0.03450062530300111, 0.03796430459220656, 0.043133041973064425, 0.03505867354514782, 0.03530847371734561, 0.03031077419710807, 0.03909276900478324, 0.03347933080649513, 0.03350322234180849, 0.03597689901630811, 0.033732426548620395, 0.03155321316990938, 0.029488604418188732, 0.03431746497878714, 0.02920409200831557, 0.04167873657063683, 0.0351303870241527, 0.03422378504480202, 0.031306699467857184, 0.03222614481814356, 0.02898298105556271, 0.028447636186786418, 0.029734196128157916, 0.03416912053529207, 0.027908082361572318, 0.026864418800829817, 0.032741815067857095, 0.025665656827888794, 0.03569118383212357, 0.038007578677285776, 0.030242479844576342, 0.04866831447252385, 0.039254365867553306, 0.03659468906752524, 0.023111582184740898, 0.029751280678881806, 0.035863858915687344, 0.02885367366021272, 0.026910328691490255, 0.0293239825730228, 0.023670203911556595, 0.027694990066656364, 0.024441651410447938, 0.023869391736974745, 0.026757154717420698, 0.029041909842652338, 0.02510503697060179, 0.028069452936909642, 0.035844383817666386]
BBSR:100.0
ABSR:100.0
max acc:98.25
