======================================
    IID: 0
    Dataset: mnist
    Model: Mnist_CNN
    Model Init: None
    Aggregation Function: flame
    Fraction NonIID: 0
    Long attack: 3
    Wide attack: 3
    Wide attack: trust
    Threshold reject: 0.5
    Threshold down: 0.0
    Attack method: badnet
    Fraction of malicious agents: 30.0%
    Poison Frac: 0.2
    Backdoor From 7 to 2
    Attack Begin: 0
    Trigger Shape: square
    Type poisoning: 
    Trigger Position X: 0
    Trigger Position Y: 0
    Number of agents: 100
    Fraction of agents each turn: 30(30.0%)
    Local batch size: 50
    Local epoch: 3
    Client_LR: 0.01
    Client_Momentum: 0.9
    Global Rounds: 100
    Noise in FLAME: 0.001
proportion of malicious are selected:0.5533333333333333
proportion of benign are selected:0.5795238095238096
======================================
main_task_accuracy=[0, 29.0, 15.970000267028809, 41.88999938964844, 42.79999923706055, 50.79999923706055, 51.52000045776367, 55.86000061035156, 58.9900016784668, 65.55999755859375, 70.63999938964844, 73.7300033569336, 69.1500015258789, 72.48999786376953, 76.41999816894531, 74.36000061035156, 76.55999755859375, 74.83999633789062, 84.81999969482422, 75.01000213623047, 68.11000061035156, 73.63999938964844, 76.7699966430664, 77.66000366210938, 77.08000183105469, 76.16999816894531, 76.66000366210938, 76.16000366210938, 77.87000274658203, 86.69999694824219, 86.69999694824219, 84.63999938964844, 84.20999908447266, 84.27999877929688, 82.8499984741211, 82.41999816894531, 83.4000015258789, 83.25, 81.93000030517578, 80.62999725341797, 79.98999786376953, 85.93000030517578, 86.30999755859375, 85.37000274658203, 84.80999755859375, 82.91000366210938, 82.0999984741211, 83.58000183105469, 83.19999694824219, 87.5999984741211, 86.83999633789062, 87.86000061035156, 87.29000091552734, 86.0999984741211, 86.0, 84.70999908447266, 84.45999908447266, 83.19000244140625, 83.45999908447266, 83.83999633789062, 83.54000091552734, 83.4000015258789, 80.25, 82.68000030517578, 82.95999908447266, 83.02999877929688, 81.01000213623047, 81.26000213623047, 81.2300033569336, 79.58000183105469, 80.22000122070312, 80.30000305175781, 81.44000244140625, 80.08000183105469, 79.30999755859375, 79.75, 80.22000122070312, 79.4000015258789, 79.66999816894531, 83.12000274658203, 83.68000030517578, 84.27999877929688, 84.12999725341797, 83.37000274658203, 83.29000091552734, 83.87999725341797, 84.37000274658203, 84.2699966430664, 84.19000244140625, 83.69999694824219, 83.41000366210938, 82.66000366210938, 82.9000015258789, 83.25, 82.8499984741211, 81.87999725341797, 83.13999938964844, 83.19000244140625, 82.80000305175781, 82.12999725341797, 83.08999633789062]
backdoor_accuracy=[0, 0.0, 76.26459143968872, 0.0, 0.0, 0.09727626459143969, 0.0, 3.6964980544747084, 0.9727626459143969, 10.505836575875486, 0.6809338521400778, 3.6964980544747084, 18.3852140077821, 10.311284046692608, 4.863813229571984, 2.140077821011673, 8.949416342412452, 3.21011673151751, 12.743190661478598, 15.17509727626459, 29.182879377431906, 76.36186770428016, 62.64591439688716, 75.38910505836576, 71.40077821011673, 88.52140077821012, 84.92217898832685, 85.60311284046692, 80.35019455252919, 20.233463035019454, 26.459143968871594, 55.1556420233463, 67.70428015564202, 76.16731517509727, 87.64591439688716, 76.26459143968872, 74.12451361867704, 80.73929961089495, 80.05836575875486, 77.72373540856032, 76.07003891050584, 16.342412451361866, 36.18677042801556, 42.8988326848249, 56.22568093385214, 75.87548638132296, 43.190661478599225, 99.90272373540856, 98.92996108949416, 99.80544747081711, 99.61089494163424, 96.69260700389106, 100.0, 99.22178988326849, 100.0, 98.44357976653697, 100.0, 99.41634241245136, 99.80544747081711, 98.92996108949416, 100.0, 100.0, 100.0, 100.0, 100.0, 100.0, 100.0, 100.0, 100.0, 100.0, 100.0, 100.0, 100.0, 100.0, 100.0, 100.0, 100.0, 100.0, 100.0, 100.0, 100.0, 100.0, 100.0, 100.0, 100.0, 100.0, 100.0, 100.0, 100.0, 100.0, 100.0, 100.0, 100.0, 100.0, 100.0, 100.0, 100.0, 100.0, 100.0, 100.0, 100.0]
loss_list=[0.4433180771172208, 0.3704147763417176, 0.42701321424095745, 0.2786100056618141, 0.22101341195283294, 0.19005265403257324, 0.25661527149186114, 0.20665383732156678, 0.2741130956772261, 0.23264436107230838, 0.1895668200199982, 0.18067199689471178, 0.1847550234461314, 0.19722781968184802, 0.13995585262229668, 0.16696895771442966, 0.19315730614828666, 0.26876047816243304, 0.1110759291973457, 0.19802937455080166, 0.13319771508390077, 0.1502102510267143, 0.16927222492743535, 0.13546722394881175, 0.13970415007291243, 0.1468549028462492, 0.11684694819575071, 0.1499163144104397, 0.19483805455798325, 0.12476112961812733, 0.09071024425765772, 0.11021396764382058, 0.11828974320728694, 0.07930474737082739, 0.1067775981051157, 0.13203203272704309, 0.12881947872711885, 0.13299119642735052, 0.11386093681527089, 0.08518616876328096, 0.17256958219183097, 0.09232539370188535, 0.11427347831791747, 0.10513884389551277, 0.10736943379234956, 0.10183240405538298, 0.11413944988825218, 0.08216590777681977, 0.13331133327914607, 0.08150715474488754, 0.11362060527058576, 0.16306743741865684, 0.09678491858023693, 0.07757778471178223, 0.09785155823301113, 0.07110442547351609, 0.10754058932333786, 0.12016227288600317, 0.08736451836218975, 0.09152240184706674, 0.11759196554311543, 0.113165317080445, 0.09143361441022235, 0.12347258536356999, 0.11660976940366585, 0.06585440599281095, 0.14377719258085384, 0.09359692741893268, 0.0951226369990837, 0.13557710507069967, 0.08508765235595109, 0.12124785505595127, 0.07551934350581324, 0.11234140261808626, 0.08279365617805924, 0.09350781806478382, 0.0860388074128454, 0.1133579874273173, 0.15089642454100255, 0.10298758143271797, 0.15091629454579836, 0.10435180975433096, 0.10857147494275167, 0.09764031648264151, 0.0637953147164866, 0.19063632553125526, 0.1557024156548838, 0.12349906990839053, 0.08250960595444382, 0.08006746415903594, 0.11416772232149056, 0.11261838626801653, 0.10932836891763703, 0.12729417802510656, 0.11959363634784313, 0.09806252073077916, 0.07876344534676151, 0.10433181161192816, 0.14710473633326163, 0.08024656927665666]
BBSR:100.0
ABSR:100.0
max acc:83.25
