======================================
    IID: 0
    Dataset: fashion_mnist
    Model: Mnist_CNN
    Model Init: None
    Aggregation Function: flame
    Fraction NonIID: 0
    Long attack: 3
    Wide attack: 3
    Wide attack: trust
    Threshold reject: 0.5
    Threshold down: 0.0
    Attack method: dba
    Fraction of malicious agents: 13.0%
    Poison Frac: 0.2
    Backdoor From 7 to 2
    Attack Begin: 0
    Trigger Shape: square
    Type poisoning: 
    Trigger Position X: 0
    Trigger Position Y: 0
    Number of agents: 100
    Fraction of agents each turn: 30(30.0%)
    Local batch size: 50
    Local epoch: 3
    Client_LR: 0.01
    Client_Momentum: 0.9
    Global Rounds: 100
    Noise in FLAME: 0.001
proportion of malicious are selected:0.5566666666666666
proportion of benign are selected:0.5351851851851852
======================================
main_task_accuracy=[0, 60.86000061035156, 70.5999984741211, 74.11000061035156, 76.12999725341797, 76.88999938964844, 78.0199966430664, 78.61000061035156, 79.62000274658203, 81.08999633789062, 81.1500015258789, 82.41000366210938, 82.56999969482422, 83.26000213623047, 83.2300033569336, 83.0999984741211, 84.18000030517578, 84.16000366210938, 84.31999969482422, 85.08000183105469, 84.6500015258789, 85.05000305175781, 85.12999725341797, 85.22000122070312, 85.75, 85.45999908447266, 85.5999984741211, 86.30999755859375, 86.37999725341797, 86.29000091552734, 86.2699966430664, 86.54000091552734, 86.87000274658203, 86.63999938964844, 86.44000244140625, 86.9800033569336, 87.20999908447266, 87.02999877929688, 87.45999908447266, 86.94999694824219, 87.4000015258789, 87.31999969482422, 87.44999694824219, 87.69999694824219, 87.80999755859375, 87.69000244140625, 87.58999633789062, 87.79000091552734, 87.77999877929688, 87.63999938964844, 87.66999816894531, 87.79000091552734, 87.76000213623047, 87.72000122070312, 87.51000213623047, 88.02999877929688, 88.2300033569336, 87.91000366210938, 87.81999969482422, 88.01000213623047, 88.0199966430664, 88.2699966430664, 88.3499984741211, 88.0999984741211, 88.37000274658203, 88.2300033569336, 88.37999725341797, 88.4000015258789, 87.87000274658203, 88.52999877929688, 88.5999984741211, 88.23999786376953, 88.29000091552734, 88.4800033569336, 88.4000015258789, 88.47000122070312, 88.4000015258789, 88.66000366210938, 88.9000015258789, 88.83000183105469, 88.6500015258789, 88.56999969482422, 88.55000305175781, 88.58999633789062, 89.0199966430664, 88.48999786376953, 88.93000030517578, 88.69000244140625, 88.87000274658203, 88.75, 88.86000061035156, 88.66999816894531, 89.12000274658203, 88.9000015258789, 88.91000366210938, 89.01000213623047, 89.08999633789062, 89.11000061035156, 88.86000061035156, 88.72000122070312, 89.12999725341797]
backdoor_accuracy=[0, 34.2, 0.0, 0.0, 0.2, 3.1, 7.1, 13.7, 47.8, 15.9, 52.1, 61.0, 77.2, 63.8, 82.4, 68.9, 79.5, 89.9, 96.7, 94.8, 94.4, 95.8, 97.5, 98.5, 97.4, 99.3, 99.5, 99.5, 99.5, 99.6, 99.6, 99.6, 99.6, 99.7, 99.8, 99.6, 99.7, 99.7, 99.6, 99.6, 99.8, 99.8, 99.8, 99.7, 99.9, 99.7, 99.8, 99.8, 99.8, 99.8, 99.8, 99.8, 99.8, 99.8, 99.8, 99.8, 99.8, 99.8, 99.9, 99.9, 99.8, 99.8, 99.9, 99.9, 99.9, 99.8, 99.9, 99.9, 99.9, 99.9, 99.9, 99.9, 99.9, 99.9, 99.9, 99.9, 99.9, 99.9, 99.9, 99.9, 99.9, 99.9, 99.9, 99.9, 99.9, 99.9, 99.9, 99.9, 99.9, 99.9, 99.9, 99.9, 99.9, 99.9, 99.9, 99.9, 99.9, 99.9, 99.9, 99.9, 99.9]
loss_list=[1.4652695638714015, 0.8955065008666778, 0.6717054779882784, 0.5913539152937355, 0.5390773266277932, 0.5051482920017507, 0.4618192536411463, 0.461607994608305, 0.45642931473751863, 0.4117032206927736, 0.4049606660242986, 0.39882387598907504, 0.41912457270340775, 0.3711744521399614, 0.3851854220584587, 0.3591388588909197, 0.3846792761788324, 0.33895511320895616, 0.35811646799039504, 0.3809300242474786, 0.35646836964965417, 0.36702182447813736, 0.3503199469229138, 0.3187975863270738, 0.3539328143518004, 0.36496544445830365, 0.32606765328802995, 0.330550495673109, 0.3306364788156418, 0.34479893496329034, 0.3186511704594725, 0.3105027294510768, 0.31336213216806447, 0.3232041719024656, 0.3110151600817011, 0.2804228108531485, 0.29906904773303755, 0.28641922310753554, 0.30431728915276895, 0.29770967517462044, 0.3040443268294135, 0.3076128600682649, 0.2910604163762872, 0.2863476507158743, 0.2752462640991089, 0.29397917231544846, 0.2910582067651882, 0.27861032502173827, 0.2872086974361014, 0.28950383178889766, 0.2501591520435694, 0.2900419692543369, 0.24564203074270935, 0.29947049008958315, 0.24582705254390555, 0.2604823527512727, 0.2771380747978886, 0.26594557058824986, 0.2610673233383783, 0.26302897253384194, 0.26440081024300993, 0.25954929966203594, 0.26620391806484095, 0.26463178828772566, 0.2538201270452528, 0.2578665836317534, 0.26480161178236206, 0.2678067163202084, 0.2575911534605203, 0.25352165910277374, 0.29345407281760816, 0.23515789912737628, 0.25835486811896163, 0.2539686445664201, 0.2500107681930617, 0.27180165961660724, 0.245181492723835, 0.24616260219158398, 0.24651761435282724, 0.26833270147649774, 0.2647923482193921, 0.2669030052902936, 0.23385984312949912, 0.24658366452419644, 0.235813014768064, 0.23535332977426832, 0.24540533188006117, 0.24282797625184885, 0.260109098031427, 0.2354372438444342, 0.2506075371022301, 0.22295142384073527, 0.24734082853732012, 0.22242217256032198, 0.24204557255186418, 0.23792730032776796, 0.2249125522699345, 0.22368131098854874, 0.24567538465856126, 0.24251913762289204]
BBSR:99.9
ABSR:99.9
max acc:89.13
