======================================
    IID: 1
    Dataset: cifar
    Model: resnet
    Model Init: None
    Aggregation Function: DABA
    Fraction NonIID: 0
    Long attack: 3
    Wide attack: 3
    Wide attack: trust
    Threshold reject: 0.5
    Threshold down: 0.0
    Attack method: dba
    Fraction of malicious agents: 30.0%
    Poison Frac: 0.2
    Backdoor From 7 to 2
    Attack Begin: 0
    Trigger Shape: square
    Type poisoning: 
    Trigger Position X: 0
    Trigger Position Y: 0
    Number of agents: 100
    Fraction of agents each turn: 30(30.0%)
    Local batch size: 50
    Local epoch: 3
    Client_LR: 0.01
    Client_Momentum: 0.9
    Global Rounds: 100
======================================
main_task_accuracy=[0, 10.0, 33.68000030517578, 45.27000045776367, 48.77000045776367, 52.150001525878906, 54.619998931884766, 56.72999954223633, 59.16999816894531, 60.65999984741211, 62.560001373291016, 62.84000015258789, 63.220001220703125, 63.9900016784668, 64.80999755859375, 66.0, 66.0, 65.36000061035156, 65.6500015258789, 67.47000122070312, 66.29000091552734, 66.3499984741211, 67.5199966430664, 67.69000244140625, 68.13999938964844, 68.98999786376953, 68.69000244140625, 70.33999633789062, 70.02999877929688, 69.6500015258789, 71.0, 70.58000183105469, 71.68000030517578, 70.05000305175781, 70.88999938964844, 71.72000122070312, 72.38999938964844, 71.9000015258789, 72.0999984741211, 73.11000061035156, 72.5, 72.93000030517578, 72.94000244140625, 73.0199966430664, 72.80000305175781, 72.91999816894531, 73.19999694824219, 72.86000061035156, 73.3499984741211, 73.16000366210938, 73.02999877929688, 73.30999755859375, 73.44999694824219, 73.31999969482422, 73.12999725341797, 73.36000061035156, 73.20999908447266, 73.26000213623047, 73.13999938964844, 73.37999725341797, 73.19999694824219, 73.16999816894531, 73.30999755859375, 73.11000061035156, 73.11000061035156, 72.81999969482422, 73.06999969482422, 73.05000305175781, 72.63999938964844, 73.13999938964844, 73.26000213623047, 73.05999755859375, 72.93000030517578, 73.0, 73.0, 72.9800033569336, 72.86000061035156, 72.9000015258789, 72.77999877929688, 72.98999786376953, 72.95999908447266, 72.93000030517578, 73.0999984741211, 73.11000061035156, 72.87000274658203, 72.80999755859375, 72.9000015258789, 72.91000366210938, 72.70999908447266, 72.63999938964844, 72.76000213623047, 72.63999938964844, 72.52999877929688, 72.62000274658203, 72.56999969482422, 72.7300033569336, 72.66000366210938, 72.72000122070312, 72.52999877929688, 72.61000061035156, 72.55999755859375]
backdoor_accuracy=[0, 0.0, 9.2, 3.9, 2.4, 2.9, 6.0, 2.4, 3.3, 2.0, 2.5, 2.5, 1.6, 1.8, 1.7, 1.0, 1.4, 1.4, 1.1, 3.1, 1.0, 2.5, 2.3, 1.0, 2.1, 0.9, 1.1, 1.1, 3.1, 3.0, 2.2, 1.9, 2.0, 1.8, 2.6, 2.4, 2.5, 1.8, 2.0, 2.6, 2.8, 2.2, 3.5, 3.4, 4.3, 2.7, 3.1, 5.2, 3.8, 3.7, 2.9, 3.2, 2.7, 3.1, 3.4, 4.1, 3.2, 2.7, 2.8, 4.3, 4.2, 4.6, 4.2, 3.9, 4.2, 3.7, 3.7, 3.4, 4.0, 3.5, 3.2, 3.5, 3.6, 3.8, 4.0, 4.1, 3.8, 4.4, 4.3, 4.2, 4.5, 3.9, 4.6, 4.8, 4.6, 4.4, 4.9, 4.3, 4.4, 4.5, 4.8, 4.9, 4.8, 4.4, 4.9, 3.9, 4.8, 4.6, 4.8, 4.8, 4.9]
loss_list=[1.9984892266326475, 1.5094024662839043, 1.1445891124010084, 0.9481135153770449, 0.7722408016274372, 0.6810957368628846, 0.6268114063226514, 0.5501820276594827, 0.5084170318022372, 0.45700093532601993, 0.48638254858967334, 0.40037318696992263, 0.3787378576025367, 0.4091656219783343, 0.32012550442583027, 0.30759918916142653, 0.29735288607474003, 0.30857537352428255, 0.2885373303896955, 0.23409441928767283, 0.26109568970381386, 0.23977855152864422, 0.2921432296403994, 0.19550996916058164, 0.19045913873706014, 0.21441298438908735, 0.17840547476403626, 0.1611063036329061, 0.21526399307754923, 0.16465932614739157, 0.13641486009957993, 0.12843480252531464, 0.16550900869834653, 0.1381378030282859, 0.09168633613735437, 0.08923845328041352, 0.13421358922412363, 0.0735849243561582, 0.0751675700076804, 0.10226646824364759, 0.056027894172972686, 0.06414590435076711, 0.048357465426993755, 0.051993589116124596, 0.031599400696512826, 0.04513958590357408, 0.023369264543677364, 0.02669866312524795, 0.0160586612347591, 0.07405596726189187, 0.049405265324458, 0.02617084787696108, 0.01114741116849473, 0.040492034506104474, 0.018713558519149152, 0.014603964741691016, 0.021755816124463714, 0.03246868937282771, 0.00966368098701221, 0.009691776188329742, 0.005689584684069915, 0.0037487872665870883, 0.005249572355177306, 0.024914590213480147, 0.0048870808149675, 0.007045937950557952, 0.0023911877033889243, 0.0034008272791268414, 0.026944284004308025, 0.0038214384280177505, 0.006615348253205107, 0.0038928350607198405, 0.008020888427304775, 0.002138088110837594, 0.0012981462602167288, 0.003917215510446113, 0.0015704414501184752, 0.0013154995779526264, 0.0045666457372943925, 0.010597193952902066, 0.0026595572636142605, 0.0014611834772383897, 0.003160465901681972, 0.0016960059558429443, 0.0057455468642809955, 0.0011854470709578083, 0.0010707739589270204, 0.0018530802760182675, 0.0009650952756459851, 0.0014560536142380442, 0.0009995820261489523, 0.0009303160288901481, 0.00137975088676386, 0.0012819648249084517, 0.0009696838001562152, 0.0016906137220050574, 0.0008687386992338968, 0.0007133668044358879, 0.0010741095170184662, 0.0011500371380841698]
BBSR:4.9
ABSR:4.68
max acc:72.73
