======================================
    IID: 1
    Dataset: cifar
    Model: resnet
    Model Init: None
    Aggregation Function: DABA
    Fraction NonIID: 0
    Long attack: 3
    Wide attack: 3
    Wide attack: trust
    Threshold reject: 0.5
    Threshold down: 0.0
    Attack method: dba
    Fraction of malicious agents: 20.0%
    Poison Frac: 0.2
    Backdoor From 7 to 2
    Attack Begin: 0
    Trigger Shape: square
    Type poisoning: 
    Trigger Position X: 0
    Trigger Position Y: 0
    Number of agents: 100
    Fraction of agents each turn: 30(30.0%)
    Local batch size: 50
    Local epoch: 3
    Client_LR: 0.01
    Client_Momentum: 0.9
    Global Rounds: 100
======================================
main_task_accuracy=[0, 10.010000228881836, 30.139999389648438, 40.33000183105469, 45.18000030517578, 48.099998474121094, 52.27000045776367, 53.13999938964844, 58.66999816894531, 60.349998474121094, 60.36000061035156, 61.9900016784668, 63.040000915527344, 63.54999923706055, 63.189998626708984, 65.70999908447266, 65.2300033569336, 64.20999908447266, 65.83000183105469, 67.38999938964844, 66.5999984741211, 67.33999633789062, 68.30000305175781, 67.79000091552734, 69.05999755859375, 69.77999877929688, 68.75, 70.05999755859375, 70.26000213623047, 70.05999755859375, 70.08000183105469, 70.80999755859375, 71.22000122070312, 70.3499984741211, 71.30000305175781, 70.62000274658203, 70.91000366210938, 72.31999969482422, 71.22000122070312, 71.7300033569336, 72.06999969482422, 71.20999908447266, 72.0, 72.12999725341797, 72.29000091552734, 72.5199966430664, 72.27999877929688, 72.76000213623047, 72.5, 72.54000091552734, 72.44000244140625, 72.33999633789062, 72.52999877929688, 72.25, 72.29000091552734, 72.5199966430664, 72.33000183105469, 72.16000366210938, 72.20999908447266, 72.19000244140625, 72.19999694824219, 72.0, 72.22000122070312, 72.29000091552734, 72.11000061035156, 72.23999786376953, 72.25, 72.18000030517578, 72.08999633789062, 72.1500015258789, 71.91999816894531, 71.83000183105469, 72.0999984741211, 71.81999969482422, 71.80999755859375, 71.9000015258789, 71.83000183105469, 71.80000305175781, 71.81999969482422, 71.72000122070312, 71.72000122070312, 71.81999969482422, 71.69999694824219, 71.69999694824219, 71.5999984741211, 71.62000274658203, 71.58999633789062, 71.75, 71.69000244140625, 71.68000030517578, 71.73999786376953, 71.72000122070312, 71.79000091552734, 71.83000183105469, 71.7699966430664, 71.80999755859375, 71.81999969482422, 71.93000030517578, 71.79000091552734, 71.7300033569336, 71.7300033569336]
backdoor_accuracy=[0, 0.0, 20.5, 13.4, 3.4, 6.3, 5.7, 3.3, 4.4, 4.9, 4.1, 2.8, 2.7, 2.7, 2.0, 3.8, 1.4, 4.8, 3.3, 2.0, 1.7, 1.7, 2.4, 1.6, 1.9, 3.5, 1.3, 2.1, 2.3, 2.7, 1.7, 2.9, 2.9, 3.6, 3.1, 2.4, 3.2, 4.3, 2.2, 3.5, 3.1, 1.8, 2.4, 4.3, 5.2, 5.3, 3.5, 5.3, 4.8, 4.9, 4.1, 5.2, 5.9, 4.3, 4.3, 5.7, 4.8, 4.9, 4.9, 4.8, 5.1, 5.2, 5.2, 5.4, 5.3, 6.1, 5.2, 5.4, 4.9, 5.0, 5.6, 4.8, 5.7, 5.2, 5.5, 5.1, 5.1, 6.0, 5.9, 5.4, 5.6, 5.3, 5.5, 6.0, 5.8, 5.8, 5.7, 5.8, 5.5, 5.7, 5.8, 5.9, 5.9, 6.0, 5.6, 6.0, 6.1, 5.8, 5.8, 6.1, 5.5]
loss_list=[1.9961510770850712, 1.472173112630844, 1.124267598423693, 0.9218294475641516, 0.7661076355891094, 0.6635881494647926, 0.5967567041847439, 0.5662554432203372, 0.48696838363384204, 0.5081635120552448, 0.43579800425925186, 0.4227116196975113, 0.3887526146239704, 0.3738403734243992, 0.3762548140964161, 0.30354949402208947, 0.2994197672176071, 0.3451619323058468, 0.30509058854956594, 0.26563861299875297, 0.24155940145564578, 0.213585114608674, 0.23220514022331276, 0.20907930008161607, 0.16742750687524677, 0.21644392769331008, 0.17611557225075858, 0.1774200712774311, 0.17158168232844517, 0.15256100529015784, 0.1284850066077585, 0.1295574767671577, 0.15338255035962597, 0.11429144683791997, 0.10552769709430224, 0.1286737587670925, 0.10400185511415153, 0.1173372860384148, 0.06877219591949446, 0.07454177468588265, 0.09602321552086827, 0.05232489785509339, 0.037465113182875535, 0.04737304236578187, 0.06558799160104374, 0.047347444913725154, 0.025690003122371206, 0.023196956689062062, 0.032022426849289326, 0.02516314326336012, 0.016191498842543096, 0.011924049661029132, 0.011494034447758976, 0.01575885176192969, 0.022155432037672854, 0.005243229749741862, 0.004323979423724166, 0.004320714562005984, 0.003584643401263748, 0.0035784353757723404, 0.007776298872825767, 0.004324883336214244, 0.002348619003993614, 0.0022013230380091243, 0.017685940640771555, 0.007327302544225758, 0.0034151730770503896, 0.0031416888682482143, 0.003131167178604907, 0.002831485946598049, 0.002343900809743597, 0.0039080036145686696, 0.0016675017597622677, 0.002393797956715894, 0.0017674280926197146, 0.0012039834956279565, 0.0010628471653035374, 0.0011826254312149508, 0.0017970939408163147, 0.001891356513563854, 0.0023232325314004104, 0.0025055461357422044, 0.0014860165721054528, 0.0009897658637702182, 0.0008625096610679366, 0.0009875823831114554, 0.0014278600365085167, 0.0020433823664886097, 0.0008223343150408862, 0.001650790322593012, 0.0008966057316704086, 0.0015688852084228227, 0.0007936094815846041, 0.002205096243835416, 0.0007542220836734892, 0.0008013361591858686, 0.0007044212794021909, 0.0006594139231714913, 0.0006961431910733356, 0.0006697852563148544]
BBSR:6.1
ABSR:5.87
max acc:71.93
