======================================
    IID: 1
    Dataset: cifar
    Model: resnet
    Model Init: None
    Aggregation Function: flame
    Fraction NonIID: 0
    Long attack: 3
    Wide attack: 3
    Wide attack: trust
    Threshold reject: 0.5
    Threshold down: 0.0
    Attack method: badnet
    Fraction of malicious agents: 13.0%
    Poison Frac: 0.2
    Backdoor From 7 to 2
    Attack Begin: 0
    Trigger Shape: square
    Type poisoning: pgd
    Trigger Position X: 0
    Trigger Position Y: 0
    Number of agents: 100
    Fraction of agents each turn: 30(30.0%)
    Local batch size: 50
    Local epoch: 3
    Client_LR: 0.01
    Client_Momentum: 0.9
    Global Rounds: 100
    Noise in FLAME: 0.001
proportion of malicious are selected:0.8966666666666666
proportion of benign are selected:0.4985185185185185
======================================
main_task_accuracy=[0, 10.039999961853027, 38.0099983215332, 46.04999923706055, 50.54999923706055, 51.220001220703125, 54.349998474121094, 54.189998626708984, 55.40999984741211, 57.41999816894531, 59.91999816894531, 60.61000061035156, 59.099998474121094, 61.470001220703125, 61.029998779296875, 62.08000183105469, 62.2599983215332, 61.959999084472656, 62.36000061035156, 63.06999969482422, 63.08000183105469, 62.560001373291016, 61.66999816894531, 64.2699966430664, 63.91999816894531, 64.44999694824219, 65.11000061035156, 65.37999725341797, 64.0999984741211, 64.87000274658203, 64.73999786376953, 66.62999725341797, 65.0, 65.87999725341797, 66.58999633789062, 66.69999694824219, 66.51000213623047, 65.93000030517578, 66.30999755859375, 66.23999786376953, 66.62000274658203, 67.05999755859375, 67.41999816894531, 67.29000091552734, 66.05999755859375, 67.18000030517578, 66.22000122070312, 67.13999938964844, 67.43000030517578, 67.05999755859375, 66.4000015258789, 67.23999786376953, 67.76000213623047, 67.30999755859375, 68.20999908447266, 67.44999694824219, 65.7699966430664, 67.58000183105469, 68.22000122070312, 68.16999816894531, 68.0999984741211, 68.23999786376953, 68.91000366210938, 68.77999877929688, 68.38999938964844, 69.5, 68.87999725341797, 68.69999694824219, 69.41999816894531, 68.94000244140625, 68.38999938964844, 68.12999725341797, 68.52999877929688, 69.7699966430664, 70.04000091552734, 68.76000213623047, 68.66000366210938, 69.20999908447266, 68.41000366210938, 70.08999633789062, 70.38999938964844, 69.8499984741211, 70.04000091552734, 69.41000366210938, 68.83000183105469, 69.73999786376953, 69.58000183105469, 69.88999938964844, 68.9000015258789, 70.16000366210938, 69.36000061035156, 70.5199966430664, 69.95999908447266, 70.16999816894531, 69.9800033569336, 69.70999908447266, 70.08000183105469, 70.18000030517578, 70.5199966430664, 69.80999755859375, 69.9800033569336]
backdoor_accuracy=[0, 0.0, 6.3, 4.9, 1.9, 6.2, 1.2, 6.1, 1.5, 2.3, 3.9, 3.6, 6.3, 1.7, 0.4, 1.5, 3.0, 3.6, 1.2, 0.9, 1.1, 0.6, 0.7, 1.6, 1.9, 1.2, 3.5, 3.3, 5.0, 3.8, 2.3, 4.1, 1.9, 0.9, 1.4, 1.5, 0.9, 1.8, 1.7, 1.2, 0.8, 0.5, 0.7, 0.7, 0.8, 2.8, 2.5, 1.1, 1.6, 3.5, 2.4, 5.0, 2.5, 1.3, 1.4, 1.2, 1.3, 2.3, 2.8, 2.3, 0.8, 1.9, 4.2, 3.4, 1.0, 1.8, 4.0, 1.5, 2.3, 1.1, 1.6, 2.2, 2.5, 5.8, 3.6, 0.9, 1.6, 1.9, 3.6, 2.7, 1.2, 2.1, 2.2, 1.0, 0.6, 2.6, 1.9, 3.9, 2.0, 3.7, 4.1, 2.4, 3.1, 2.3, 1.8, 1.6, 2.0, 3.8, 1.7, 1.8, 1.7]
loss_list=[1.990173508856032, 1.5608485958311287, 1.1934660743011374, 1.0230851089292101, 0.8544888284802437, 0.7440223972416588, 0.6686542183616095, 0.6419872897821997, 0.5761500347405671, 0.5606316278233296, 0.5115048446920185, 0.5129999727900657, 0.5018581204633745, 0.4527077159326937, 0.4997391387199362, 0.4350097332832714, 0.43193191653014046, 0.41922529642366696, 0.4243187725130055, 0.4536272845044731, 0.46136126772604064, 0.43877065822999517, 0.433814369396617, 0.42353079278022054, 0.40966329925590084, 0.3785523254848603, 0.3832688113358907, 0.4004161020637387, 0.36196793104987596, 0.39158029748023376, 0.36240416851619056, 0.37734124865900304, 0.37115880477500873, 0.3861415781877522, 0.3541711808841985, 0.3464501927492933, 0.41378451821135553, 0.3813060972270452, 0.3765190270387878, 0.34035629521227556, 0.32488468129084325, 0.358068473785081, 0.34680379622460655, 0.3573397711395388, 0.38409394115209583, 0.3746744545176625, 0.34719982916670333, 0.37122462520117155, 0.34799991834701766, 0.3942084015952424, 0.3368284630413271, 0.280173056067692, 0.3648326804913167, 0.3077642820333131, 0.3504833917689717, 0.4018049646117206, 0.3305775852982576, 0.36432764580732, 0.30715073970922574, 0.3388339989860024, 0.2834196918830276, 0.2833424784160323, 0.3160002818729522, 0.3427519087850427, 0.2861158843452317, 0.3600347009971221, 0.32247954934162826, 0.2884575335934965, 0.32317533292704154, 0.35560824918353723, 0.3093196175325041, 0.2679742960057532, 0.34306547985438046, 0.3195434178986275, 0.3689590943809081, 0.28753508085566054, 0.29072944785364807, 0.3061687264718219, 0.24460379223442744, 0.2968301405201459, 0.2872773449441108, 0.30129934280464016, 0.29019399324871814, 0.33902395513684785, 0.3186709249609461, 0.3137875529665811, 0.28594197664280524, 0.31890075620237945, 0.32623111894250745, 0.28077813807719704, 0.2578165578624855, 0.293482620435146, 0.33759377284311803, 0.30555692638011855, 0.3532615840184088, 0.3067899473916946, 0.2813141824620672, 0.40736222458123755, 0.30375151492034397, 0.2733807732180382]
BBSR:14.489992341181416
ABSR:17.145776386074225
max acc:70.52
