======================================
    IID: 0
    Dataset: mnist
    Model: Mnist_CNN
    Model Init: None
    Aggregation Function: avg
    Fraction NonIID: 0
    Long attack: 5
    Wide attack: 5
    Wide attack: trust
    Threshold reject: 0.5
    Threshold down: 0.0
    Attack method: badnet
    Fraction of malicious agents: 13.0%
    Poison Frac: 0.2
    Backdoor From 7 to 2
    Attack Begin: 0
    Trigger Shape: square
    Type poisoning: cs
    Trigger Position X: 0
    Trigger Position Y: 0
    Number of agents: 100
    Fraction of agents each turn: 30(30.0%)
    Local batch size: 50
    Local epoch: 3
    Client_LR: 0.01
    Client_Momentum: 0.9
    Global Rounds: 100
======================================
main_task_accuracy=[0, 14.569999694824219, 49.95000076293945, 54.11000061035156, 65.8499984741211, 80.36000061035156, 88.13999938964844, 80.63999938964844, 82.0999984741211, 81.97000122070312, 86.6500015258789, 94.4000015258789, 89.33000183105469, 90.16999816894531, 89.01000213623047, 92.04000091552734, 94.37999725341797, 94.68000030517578, 95.98999786376953, 96.33999633789062, 95.86000061035156, 96.16999816894531, 95.88999938964844, 96.55000305175781, 95.08000183105469, 96.80000305175781, 97.05999755859375, 96.5199966430664, 96.58000183105469, 97.19000244140625, 96.76000213623047, 97.08000183105469, 97.38999938964844, 97.29000091552734, 96.73999786376953, 97.41999816894531, 96.6500015258789, 97.12000274658203, 97.70999908447266, 97.41999816894531, 97.06999969482422, 97.27999877929688, 97.93000030517578, 97.69999694824219, 97.2300033569336, 97.70999908447266, 97.37999725341797, 97.48999786376953, 97.87000274658203, 97.76000213623047, 97.47000122070312, 97.05000305175781, 98.06999969482422, 98.12000274658203, 97.44999694824219, 98.08999633789062, 98.1500015258789, 98.05999755859375, 97.9800033569336, 98.12999725341797, 98.20999908447266, 97.94000244140625, 97.98999786376953, 98.08000183105469, 97.7699966430664, 98.13999938964844, 98.30000305175781, 98.38999938964844, 98.33999633789062, 98.33999633789062, 98.23999786376953, 98.2699966430664, 98.13999938964844, 98.33000183105469, 98.36000061035156, 98.20999908447266, 98.33000183105469, 98.22000122070312, 98.05000305175781, 98.16000366210938, 98.44000244140625, 98.43000030517578, 98.26000213623047, 98.45999908447266, 98.27999877929688, 98.36000061035156, 98.44000244140625, 98.45999908447266, 98.16999816894531, 98.27999877929688, 98.36000061035156, 98.44999694824219, 98.6500015258789, 98.38999938964844, 98.52999877929688, 98.47000122070312, 98.66000366210938, 98.29000091552734, 98.5999984741211, 98.75, 98.43000030517578]
backdoor_accuracy=[0, 0.0, 0.38910505836575876, 5.739299610894942, 0.09727626459143969, 5.642023346303502, 3.21011673151751, 2.6264591439688716, 1.8482490272373542, 3.11284046692607, 2.9182879377431905, 3.307392996108949, 8.365758754863814, 0.9727626459143969, 1.7509727626459144, 11.284046692607005, 1.6536964980544746, 3.7937743190661477, 2.3346303501945527, 5.739299610894942, 3.0155642023346303, 6.809338521400778, 3.0155642023346303, 9.82490272373541, 1.9455252918287937, 2.821011673151751, 9.630350194552529, 2.0428015564202333, 10.019455252918288, 8.463035019455253, 1.8482490272373542, 3.0155642023346303, 5.836575875486381, 7.2957198443579765, 17.704280155642024, 2.9182879377431905, 14.688715953307392, 2.821011673151751, 8.268482490272374, 2.821011673151751, 2.821011673151751, 9.33852140077821, 7.684824902723736, 11.575875486381323, 3.5992217898832686, 7.976653696498055, 14.299610894941635, 9.33852140077821, 20.136186770428015, 32.976653696498055, 9.630350194552529, 31.80933852140078, 23.735408560311285, 23.443579766536963, 14.396887159533074, 24.41634241245136, 29.474708171206224, 41.536964980544745, 50.38910505836576, 39.007782101167315, 42.704280155642024, 25.0, 32.68482490272373, 59.63035019455253, 32.68482490272373, 42.4124513618677, 66.63424124513618, 82.29571984435798, 61.478599221789885, 67.8988326848249, 56.03112840466926, 93.48249027237354, 53.988326848249024, 93.48249027237354, 41.43968871595331, 63.03501945525292, 86.7704280155642, 95.3307392996109, 89.49416342412451, 46.59533073929961, 85.11673151750973, 67.21789883268482, 87.06225680933852, 91.147859922179, 91.73151750972762, 97.76264591439688, 91.24513618677042, 96.69260700389106, 66.53696498054475, 97.47081712062257, 79.96108949416342, 92.31517509727627, 90.85603112840467, 85.3112840466926, 94.55252918287938, 95.13618677042801, 95.03891050583658, 94.64980544747081, 95.13618677042801, 95.91439688715953, 95.62256809338521]
loss_list=[0.46214259122989393, 0.27402945837950676, 0.21383498384005215, 0.1963695480498644, 0.1381649861949256, 0.12443200869706635, 0.09607429085555576, 0.07320098080090406, 0.08540167848663158, 0.07761786907821447, 0.07834796728010136, 0.05716295787116278, 0.06525779241287952, 0.06414555103861302, 0.07001524537488289, 0.06882747745633837, 0.05453406162670696, 0.055756157441473456, 0.04516194159642716, 0.037940858511318384, 0.03743793776922237, 0.03828619582629506, 0.041315253457346476, 0.03199801442356246, 0.042773240899929864, 0.03771342270236733, 0.04001344387892422, 0.03284306320095133, 0.03260672929034091, 0.03286745028627773, 0.022220804384173124, 0.03849837426638845, 0.03149436810655079, 0.02313424800784305, 0.03537218860272558, 0.03318795278711083, 0.036505972383932, 0.02963620338281282, 0.029193939346903345, 0.02966041203649789, 0.031263777712665114, 0.031103050923497074, 0.029709067768636858, 0.024277696630044008, 0.027046640285487603, 0.027463642272003434, 0.027162215278963953, 0.02640633319599591, 0.02430257777702969, 0.028427753393561087, 0.02357517745948203, 0.026074838543573675, 0.028322120999551604, 0.027609568312685122, 0.03093518866297654, 0.024254768641177784, 0.023153386448158796, 0.023478820179240478, 0.027146083851055994, 0.022781990954883653, 0.023704078468445373, 0.021505279016789353, 0.021041812511743637, 0.021159295122547262, 0.025930118019388514, 0.024329311205477305, 0.026499037631266646, 0.024324880912095743, 0.025065552382094188, 0.02349722391529022, 0.020844768771443183, 0.019325295993839874, 0.021267743189947664, 0.021307294462781512, 0.02050844617439094, 0.020875442757407475, 0.02239068857586093, 0.018755903091280616, 0.019223745521719158, 0.021891710005350874, 0.017934041154562673, 0.019988690590518464, 0.018665532156572982, 0.021700657616768197, 0.021238284947981037, 0.020819236654153705, 0.01968033100248686, 0.01966358921152516, 0.02214095335575476, 0.017279992578607593, 0.020488818762343687, 0.019337641084047206, 0.021382016596353255, 0.020229261141863904, 0.02153591525382575, 0.020707197288187672, 0.017590323402111297, 0.01704185647853816, 0.017820545876368696, 0.0189632315133645]
BBSR:95.91
ABSR:93.45
max acc:98.75
