======================================
    IID: 1
    Dataset: cifar
    Model: resnet
    Model Init: None
    Aggregation Function: DABA
    Fraction NonIID: 0
    Long attack: 3
    Wide attack: 3
    Wide attack: trust
    Threshold reject: 0.5
    Threshold down: 0.0
    Attack method: dba
    Fraction of malicious agents: 20.0%
    Poison Frac: 0.2
    Backdoor From 7 to 2
    Attack Begin: 0
    Trigger Shape: square
    Type poisoning: 
    Trigger Position X: 0
    Trigger Position Y: 0
    Number of agents: 100
    Fraction of agents each turn: 30(30.0%)
    Local batch size: 50
    Local epoch: 3
    Client_LR: 0.01
    Client_Momentum: 0.9
    Global Rounds: 100
======================================
main_task_accuracy=[0, 10.5600004196167, 36.81999969482422, 40.54999923706055, 45.060001373291016, 50.47999954223633, 54.959999084472656, 57.38999938964844, 60.099998474121094, 61.900001525878906, 62.130001068115234, 63.529998779296875, 64.69000244140625, 65.36000061035156, 65.69999694824219, 66.3499984741211, 66.01000213623047, 66.37999725341797, 66.80999755859375, 65.83999633789062, 67.20999908447266, 68.22000122070312, 68.02999877929688, 69.73999786376953, 69.13999938964844, 69.87999725341797, 68.70999908447266, 70.5999984741211, 70.55999755859375, 69.19000244140625, 70.77999877929688, 71.58000183105469, 70.51000213623047, 72.22000122070312, 71.80000305175781, 71.25, 71.7300033569336, 72.16999816894531, 71.9000015258789, 72.37000274658203, 73.0, 72.73999786376953, 72.95999908447266, 73.0199966430664, 72.63999938964844, 72.94999694824219, 72.94000244140625, 72.95999908447266, 72.9800033569336, 73.08999633789062, 73.16000366210938, 73.2300033569336, 73.04000091552734, 73.22000122070312, 72.93000030517578, 73.0999984741211, 72.88999938964844, 72.79000091552734, 73.1500015258789, 72.97000122070312, 72.73999786376953, 72.87000274658203, 72.93000030517578, 72.75, 72.91999816894531, 73.0199966430664, 72.80000305175781, 72.69999694824219, 72.76000213623047, 72.87999725341797, 72.8499984741211, 72.7300033569336, 72.54000091552734, 72.58999633789062, 72.58999633789062, 72.69000244140625, 72.69000244140625, 72.75, 72.5999984741211, 72.56999969482422, 72.66000366210938, 72.51000213623047, 72.41999816894531, 72.55999755859375, 72.4800033569336, 72.38999938964844, 72.37000274658203, 72.37000274658203, 72.33000183105469, 72.41999816894531, 72.37000274658203, 72.44000244140625, 72.58000183105469, 72.4800033569336, 72.51000213623047, 72.52999877929688, 72.41999816894531, 72.51000213623047, 72.44999694824219, 72.5199966430664, 72.47000122070312]
backdoor_accuracy=[0, 1.0, 8.5, 2.3, 2.5, 4.2, 3.7, 4.3, 3.2, 2.0, 3.7, 1.8, 3.8, 2.1, 3.8, 2.7, 1.6, 2.0, 2.0, 1.1, 1.6, 2.3, 2.0, 1.3, 1.8, 1.6, 2.6, 2.4, 1.7, 2.5, 2.2, 2.5, 2.0, 2.0, 2.0, 3.0, 1.7, 1.8, 3.0, 2.7, 3.4, 2.7, 4.4, 3.8, 2.7, 2.8, 4.9, 2.4, 3.9, 3.8, 4.1, 5.8, 3.0, 4.1, 4.1, 4.3, 4.3, 3.7, 4.7, 3.9, 4.0, 3.9, 4.5, 3.7, 4.1, 4.7, 4.5, 4.2, 5.1, 4.7, 4.7, 4.9, 4.8, 5.0, 4.7, 4.8, 4.6, 4.9, 5.0, 4.8, 4.7, 4.8, 4.9, 4.9, 5.0, 4.7, 4.8, 4.8, 5.0, 4.7, 4.7, 5.1, 4.8, 4.9, 4.5, 5.1, 5.1, 5.0, 4.8, 4.8, 4.9]
loss_list=[1.9644242179393767, 1.459581414461136, 1.1062497374746532, 0.9103861322502294, 0.7672724559903145, 0.6667310664264693, 0.5838062626909878, 0.5635864337533714, 0.484027353235417, 0.48219078803641946, 0.42217456557684474, 0.4286210559991499, 0.36322731966980626, 0.38114541824079223, 0.3505338408570323, 0.35861830212486284, 0.3151954465918243, 0.3210701483048292, 0.2574870663653645, 0.2832344175005952, 0.2325795163783348, 0.237275596680637, 0.18436446206644172, 0.22665328657720238, 0.23130366314771691, 0.22408027965265012, 0.18009734307247624, 0.15528040853316064, 0.1831931765858705, 0.12558339577194094, 0.12008562175324188, 0.15688780414250988, 0.11528667773715116, 0.08441674551150453, 0.15467449482989545, 0.0940836198947444, 0.09626061013317667, 0.10928232200366135, 0.07602983588423942, 0.0659306688872554, 0.07554006041887784, 0.05443048906790662, 0.06022371258683658, 0.052922490632659504, 0.0369209939061289, 0.048068257089342106, 0.029392585899396275, 0.017022208341319737, 0.04076903328367431, 0.03303497669076832, 0.015426971448468975, 0.013876285237201956, 0.015321644845696735, 0.011108488204675571, 0.01651789488642761, 0.015851752778673674, 0.011739382037259124, 0.010848384514473664, 0.003890486570291817, 0.006265374459229254, 0.0062856721365824346, 0.004447724917651308, 0.003676633200035819, 0.017718190888004356, 0.00285297578776307, 0.005302644910746796, 0.002388246972986963, 0.00398427690641256, 0.002230282248767455, 0.003022052483170734, 0.0027727203171363925, 0.0033859713703148168, 0.003017203866378017, 0.0038509271685244224, 0.004594660577479064, 0.0015996887317467356, 0.003355717582906234, 0.001363750139393637, 0.0010433646096902926, 0.0021248357461526104, 0.0010396521837457032, 0.0009751867690243266, 0.001056074143675182, 0.0011620389143677636, 0.0022517294777369694, 0.0009360093493160095, 0.0009114871845425418, 0.0008577482170706691, 0.0017949730369663382, 0.0008323985686244365, 0.0007997952046167076, 0.0017609562688934, 0.0007690043071973682, 0.0012226161305281696, 0.0007277559968093152, 0.0007916828641949299, 0.003034592638327416, 0.0006587388669706543, 0.0006555501215674061, 0.0007318420262971712]
BBSR:5.1
ABSR:4.9
max acc:72.58
