======================================
    IID: 0
    Dataset: mnist
    Model: Mnist_CNN
    Model Init: None
    Aggregation Function: flame
    Fraction NonIID: 0
    Long attack: 4
    Wide attack: 4
    Wide attack: trust
    Threshold reject: 0.5
    Threshold down: 0.0
    Attack method: dba
    Fraction of malicious agents: 13.0%
    Poison Frac: 0.2
    Backdoor From 7 to 2
    Attack Begin: 0
    Trigger Shape: square
    Type poisoning: 
    Trigger Position X: 0
    Trigger Position Y: 0
    Number of agents: 100
    Fraction of agents each turn: 30(30.0%)
    Local batch size: 50
    Local epoch: 3
    Client_LR: 0.01
    Client_Momentum: 0.9
    Global Rounds: 100
    Noise in FLAME: 0.001
proportion of malicious are selected:0.5766666666666667
proportion of benign are selected:0.5496296296296296
======================================
main_task_accuracy=[0, 23.729999542236328, 16.829999923706055, 34.16999816894531, 47.130001068115234, 59.150001525878906, 49.09000015258789, 59.439998626708984, 63.209999084472656, 66.56999969482422, 68.9800033569336, 70.52999877929688, 70.43000030517578, 76.44999694824219, 76.33000183105469, 76.83000183105469, 76.1500015258789, 77.22000122070312, 75.37999725341797, 77.4000015258789, 75.63999938964844, 75.73999786376953, 74.83000183105469, 77.44999694824219, 75.58999633789062, 77.02999877929688, 76.69000244140625, 76.83000183105469, 77.43000030517578, 76.01000213623047, 75.6500015258789, 77.54000091552734, 77.3499984741211, 76.33999633789062, 76.83000183105469, 76.5, 78.01000213623047, 77.55000305175781, 77.5199966430664, 77.5, 78.08999633789062, 77.69000244140625, 77.87999725341797, 78.26000213623047, 77.9800033569336, 77.43000030517578, 77.97000122070312, 78.41999816894531, 84.91999816894531, 79.31999969482422, 79.66999816894531, 78.5999984741211, 78.87999725341797, 78.87999725341797, 78.0199966430664, 78.38999938964844, 78.83000183105469, 78.81999969482422, 78.7300033569336, 78.72000122070312, 78.58000183105469, 78.36000061035156, 78.26000213623047, 78.37999725341797, 78.5199966430664, 78.3499984741211, 78.45999908447266, 78.06999969482422, 78.02999877929688, 78.54000091552734, 78.20999908447266, 78.72000122070312, 78.55999755859375, 78.51000213623047, 78.16000366210938, 78.55999755859375, 78.75, 78.5, 78.43000030517578, 78.79000091552734, 78.87000274658203, 78.63999938964844, 86.6500015258789, 84.8499984741211, 83.23999786376953, 82.5199966430664, 81.69000244140625, 81.38999938964844, 80.83999633789062, 80.69000244140625, 80.30999755859375, 79.36000061035156, 79.0199966430664, 80.25, 80.08999633789062, 79.55999755859375, 79.25, 79.22000122070312, 79.80000305175781, 79.4800033569336, 79.62000274658203]
backdoor_accuracy=[0, 0.09727626459143969, 0.0, 35.992217898832685, 29.085603112840467, 2.6264591439688716, 3.11284046692607, 26.653696498054476, 56.71206225680934, 22.470817120622566, 12.54863813229572, 30.252918287937742, 29.961089494163424, 21.30350194552529, 47.37354085603113, 14.591439688715953, 26.556420233463037, 29.280155642023345, 18.8715953307393, 36.38132295719844, 33.75486381322957, 47.66536964980545, 42.509727626459146, 50.0, 12.645914396887159, 55.05836575875487, 24.31906614785992, 28.11284046692607, 20.525291828793776, 25.77821011673152, 32.00389105058366, 23.638132295719846, 19.55252918287938, 12.45136186770428, 31.71206225680934, 20.428015564202333, 47.762645914396884, 17.023346303501945, 34.143968871595334, 27.43190661478599, 23.735408560311285, 30.35019455252918, 39.59143968871595, 43.09338521400778, 18.8715953307393, 26.556420233463037, 37.840466926070036, 37.840466926070036, 11.964980544747082, 30.252918287937742, 25.389105058365757, 52.52918287937743, 51.070038910505836, 29.280155642023345, 62.45136186770428, 46.400778210116734, 41.24513618677043, 34.63035019455253, 47.17898832684825, 34.143968871595334, 47.08171206225681, 37.06225680933852, 25.389105058365757, 32.976653696498055, 41.63424124513619, 46.78988326848249, 54.961089494163424, 50.87548638132296, 57.00389105058366, 39.88326848249027, 39.78599221789883, 42.023346303501945, 41.63424124513619, 38.521400778210115, 18.67704280155642, 28.59922178988327, 32.490272373540854, 52.91828793774319, 34.143968871595334, 36.478599221789885, 36.57587548638132, 27.529182879377434, 42.023346303501945, 34.63035019455253, 52.04280155642024, 38.61867704280156, 51.84824902723735, 41.82879377431907, 41.43968871595331, 33.36575875486381, 52.82101167315175, 63.13229571984436, 65.85603112840467, 36.673151750972764, 41.34241245136187, 42.31517509727627, 37.54863813229572, 46.49805447470817, 32.39299610894942, 45.719844357976655, 35.70038910505836]
loss_list=[0.5827865370166954, 0.3145444124324019, 0.3465152956953007, 0.3183537747029243, 0.25239863093416787, 0.2138819590481414, 0.26630165638237274, 0.12786988286440829, 0.10728093831284205, 0.13945840757514646, 0.13255211736650072, 0.12956249404015538, 0.15704077671825875, 0.11159353881474941, 0.1519668657218227, 0.11699071494234117, 0.12819382079528818, 0.11007978797894213, 0.15379558016670197, 0.16718127182891224, 0.12433267867649467, 0.09625841201412934, 0.1301865884054119, 0.09636463431610531, 0.13687402775849244, 0.14092521278742826, 0.13582218000143945, 0.13222881706203107, 0.10846963569752391, 0.11703936975420381, 0.15295101288150964, 0.11776904957819373, 0.13032193506082895, 0.12353946694613485, 0.11155140479202946, 0.1331699411075459, 0.13944832376363084, 0.10459406965415348, 0.13055797591864582, 0.1351400498404363, 0.12366646803547007, 0.15127883099396253, 0.16149023762129885, 0.11276437644932066, 0.14393851616227446, 0.1309682511248919, 0.15133704784540994, 0.16279801783342215, 0.07268247482415176, 0.10807460631699944, 0.09833636759858193, 0.10450576327910636, 0.09859404411113279, 0.1123927689185385, 0.09681693256090225, 0.12701935036349368, 0.10628472646488524, 0.0946977325180999, 0.10826880349424545, 0.08870312372357886, 0.07716023685807709, 0.12058126230585944, 0.10211436196042609, 0.1226655839788035, 0.09207766501940615, 0.11390800851049344, 0.12714419443859112, 0.08233327405722077, 0.12800039090313547, 0.09668044305207943, 0.14514594368400985, 0.11251616161485269, 0.10387719126544456, 0.14038392231466226, 0.14901472100572777, 0.1381270181285149, 0.08836988979183329, 0.10881867721585153, 0.12613295937891586, 0.13462436735852817, 0.11950498201868694, 0.15575632516142995, 0.10393039574028543, 0.08913016762326299, 0.0933563521789902, 0.08783732777942285, 0.10798616456012275, 0.11481736119156317, 0.09877020486336915, 0.11970085762343573, 0.12075806114040949, 0.08870402069790585, 0.12762061307132613, 0.08418605062607201, 0.08930200713457769, 0.11451527916416789, 0.12375254032846182, 0.12141245134335209, 0.12324989964962617, 0.12396980833396705]
BBSR:65.86
ABSR:44.72
max acc:80.25
