======================================
    IID: 0
    Dataset: mnist
    Model: Mnist_CNN
    Model Init: None
    Aggregation Function: krum
    Fraction NonIID: 0
    Long attack: 3
    Wide attack: 3
    Wide attack: trust
    Threshold reject: 0.5
    Threshold down: 0.0
    Attack method: badnet
    Fraction of malicious agents: 13.0%
    Poison Frac: 0.2
    Backdoor From 7 to 2
    Attack Begin: 0
    Trigger Shape: square
    Type poisoning: cs
    Trigger Position X: 0
    Trigger Position Y: 0
    Number of agents: 100
    Fraction of agents each turn: 30(30.0%)
    Local batch size: 50
    Local epoch: 3
    Client_LR: 0.01
    Client_Momentum: 0.9
    Global Rounds: 100
    Proportion of malicious are selected: 0.33
    Average score of malicious clients: 594.650634765625
    Average score of benign clients: 735.2200927734375
======================================
main_task_accuracy=[0, 18.729999542236328, 18.950000762939453, 19.520000457763672, 19.700000762939453, 17.780000686645508, 18.010000228881836, 18.799999237060547, 19.18000030517578, 19.809999465942383, 19.479999542236328, 21.030000686645508, 26.829999923706055, 26.010000228881836, 26.110000610351562, 25.290000915527344, 19.889999389648438, 20.260000228881836, 28.459999084472656, 27.479999542236328, 24.399999618530273, 19.950000762939453, 22.559999465942383, 30.229999542236328, 34.61000061035156, 20.440000534057617, 33.02000045776367, 32.41999816894531, 32.029998779296875, 38.02000045776367, 30.6200008392334, 39.369998931884766, 39.16999816894531, 38.599998474121094, 31.459999084472656, 45.7599983215332, 44.900001525878906, 45.79999923706055, 42.93000030517578, 43.04999923706055, 38.43000030517578, 36.41999816894531, 43.189998626708984, 46.310001373291016, 46.91999816894531, 46.83000183105469, 46.709999084472656, 43.58000183105469, 40.7599983215332, 44.0099983215332, 44.540000915527344, 45.099998474121094, 42.650001525878906, 39.709999084472656, 30.110000610351562, 45.970001220703125, 44.34000015258789, 43.400001525878906, 44.310001373291016, 42.77000045776367, 41.7400016784668, 46.29999923706055, 43.560001373291016, 50.52000045776367, 49.97999954223633, 50.900001525878906, 48.88999938964844, 42.72999954223633, 46.970001220703125, 56.7400016784668, 38.060001373291016, 41.59000015258789, 38.869998931884766, 45.59000015258789, 50.38999938964844, 49.880001068115234, 47.130001068115234, 50.88999938964844, 49.5, 46.47999954223633, 44.790000915527344, 49.119998931884766, 46.34000015258789, 45.11000061035156, 43.81999969482422, 49.119998931884766, 48.16999816894531, 48.220001220703125, 45.369998931884766, 44.93000030517578, 45.849998474121094, 46.0099983215332, 46.08000183105469, 45.84000015258789, 46.72999954223633, 47.31999969482422, 46.75, 46.0, 45.93000030517578, 46.459999084472656, 46.56999969482422]
backdoor_accuracy=[0, 0.0, 0.0, 90.85603112840467, 96.10894941634241, 0.0, 0.0, 94.06614785992218, 42.80155642023346, 0.0, 0.0, 3.9883268482490273, 82.68482490272373, 86.284046692607, 7.976653696498055, 34.04669260700389, 0.0, 0.0, 46.69260700389105, 73.44357976653697, 3.0155642023346303, 0.0, 0.0, 0.0, 86.57587548638132, 53.599221789883266, 75.09727626459144, 68.09338521400778, 66.05058365758755, 100.0, 76.55642023346303, 100.0, 100.0, 100.0, 7.684824902723736, 100.0, 100.0, 99.90272373540856, 100.0, 39.494163424124515, 54.280155642023345, 32.87937743190661, 92.02334630350195, 58.17120622568093, 60.40856031128405, 58.268482490272376, 57.00389105058366, 30.155642023346303, 45.81712062256809, 32.295719844357976, 25.875486381322958, 28.69649805447471, 0.48638132295719844, 22.762645914396888, 0.0, 100.0, 100.0, 100.0, 100.0, 100.0, 100.0, 100.0, 99.80544747081711, 100.0, 100.0, 100.0, 100.0, 100.0, 100.0, 100.0, 100.0, 100.0, 100.0, 81.90661478599222, 96.88715953307393, 95.03891050583658, 83.17120622568093, 97.95719844357977, 96.49805447470817, 85.01945525291829, 77.43190661478599, 94.26070038910505, 88.52140077821012, 81.80933852140078, 76.26459143968872, 96.49805447470817, 97.08171206225681, 96.3035019455253, 22.762645914396888, 23.735408560311285, 36.38132295719844, 38.42412451361868, 40.36964980544747, 54.08560311284047, 72.95719844357977, 73.73540856031128, 63.715953307392994, 57.39299610894942, 56.809338521400775, 55.54474708171206, 54.474708171206224]
loss_list=[0.5354044191004209, 0.8966487621619417, 0.6621457802482823, 0.7969763346377822, 0.7507540369467129, 0.8339805511623776, 0.9231124114846688, 0.7647640985425941, 1.0997326447947264, 0.5950571074724155, 0.8009187294181289, 0.8192805881715304, 0.7808728985457154, 0.8587243646064747, 0.8578063070985141, 0.6100126870283114, 0.9798304783043609, 0.6368526012220816, 0.8697333850432277, 0.7150438569321995, 0.715892401880808, 0.709336946466261, 0.7026362195094408, 0.7453375629003184, 0.776013404543264, 0.9531817970905735, 0.7029115534856323, 0.7151436685349181, 0.8649468002243709, 0.6957184623772726, 0.7632707433174144, 0.8147254121022949, 0.671256122254107, 0.4880244501625514, 0.6140947583326367, 0.7333678520328182, 0.6797535908475025, 0.7193906895653037, 0.6741520533734862, 0.5452806108242927, 0.682141324507684, 0.6525007720829732, 0.6353126362881566, 0.7781670227434512, 0.7409587039035949, 0.6558789916857872, 0.5346199109895465, 0.5716419218821847, 0.590986820582731, 0.506709731443489, 0.6249955851224793, 0.6831395214701439, 0.7713630955701943, 0.6575805412986607, 0.7973370300945645, 0.63108860233005, 0.8141883662157766, 0.7838487220552958, 0.7319080152872764, 0.6973730851412964, 0.8594854678315683, 0.7284249383892034, 0.6144579702080885, 0.6930130580268556, 0.6777215065517491, 0.5646724865615436, 0.5368514427013341, 0.9025917859252682, 0.4103600644665171, 0.5394761536714233, 0.553650988164353, 0.51746507198018, 0.5432967588145072, 0.4635946026239356, 0.49766108484632066, 0.5023843139024258, 0.47716062070291326, 0.48257468914779794, 0.4346351206728198, 0.5188379097259181, 0.4670187929582508, 0.48951439632627214, 0.5862388802507904, 0.4561176308906128, 0.4938693836485057, 0.5292161244116197, 0.6153918648926197, 0.5709606179401885, 0.48846133188347113, 0.40525726064311984, 0.42163654213485624, 0.42992034924332406, 0.5613391415752529, 0.4153786545126818, 0.5523361301017723, 0.5095935163453962, 0.5187511347341468, 0.48008166911096434, 0.502873884585335, 0.45433985154248285]
BBSR:73.74
ABSR:56.75
max acc:47.32
