======================================
    IID: 0
    Dataset: mnist
    Model: Mnist_CNN
    Model Init: None
    Aggregation Function: flame
    Fraction NonIID: 0
    Long attack: 3
    Wide attack: 3
    Wide attack: trust
    Threshold reject: 0.5
    Threshold down: 0.0
    Attack method: badnet
    Fraction of malicious agents: 20.0%
    Poison Frac: 0.2
    Backdoor From 7 to 2
    Attack Begin: 0
    Trigger Shape: square
    Type poisoning: 
    Trigger Position X: 0
    Trigger Position Y: 0
    Number of agents: 100
    Fraction of agents each turn: 30(30.0%)
    Local batch size: 50
    Local epoch: 3
    Client_LR: 0.01
    Client_Momentum: 0.9
    Global Rounds: 100
    Noise in FLAME: 0.001
proportion of malicious are selected:0.5216666666666666
proportion of benign are selected:0.5929166666666666
======================================
main_task_accuracy=[0, 21.260000228881836, 37.099998474121094, 45.13999938964844, 31.469999313354492, 52.650001525878906, 57.209999084472656, 63.45000076293945, 70.93000030517578, 73.6500015258789, 69.04000091552734, 62.02000045776367, 68.01000213623047, 67.30999755859375, 75.5, 71.4000015258789, 75.16999816894531, 71.45999908447266, 57.7400016784668, 73.62000274658203, 78.2699966430664, 76.13999938964844, 72.86000061035156, 71.94000244140625, 80.62000274658203, 86.20999908447266, 85.83999633789062, 86.08000183105469, 82.8499984741211, 83.11000061035156, 84.52999877929688, 85.13999938964844, 80.04000091552734, 83.66000366210938, 81.08999633789062, 83.62999725341797, 80.94999694824219, 80.02999877929688, 82.05000305175781, 82.23999786376953, 81.83000183105469, 81.7699966430664, 81.93000030517578, 81.0999984741211, 77.0, 79.33999633789062, 79.05999755859375, 80.83999633789062, 78.27999877929688, 81.3499984741211, 80.31999969482422, 79.05999755859375, 81.12999725341797, 80.33999633789062, 82.0, 80.80000305175781, 80.5999984741211, 80.23999786376953, 87.4000015258789, 86.41999816894531, 85.94999694824219, 85.44999694824219, 84.70999908447266, 84.87999725341797, 83.37999725341797, 83.76000213623047, 83.48999786376953, 82.5, 83.05999755859375, 80.91000366210938, 82.94000244140625, 81.16000366210938, 80.81999969482422, 80.2699966430664, 82.33999633789062, 80.79000091552734, 78.7300033569336, 81.41999816894531, 81.54000091552734, 80.18000030517578, 79.55999755859375, 80.41999816894531, 87.2300033569336, 87.5199966430664, 86.91000366210938, 85.4000015258789, 86.97000122070312, 85.45999908447266, 84.62000274658203, 82.98999786376953, 83.94000244140625, 84.05000305175781, 83.04000091552734, 83.73999786376953, 83.20999908447266, 82.91000366210938, 81.6500015258789, 82.63999938964844, 88.27999877929688, 88.58000183105469, 88.0999984741211]
backdoor_accuracy=[0, 0.0, 0.0, 0.0, 1.9455252918287937, 0.0, 0.0, 8.171206225680933, 5.058365758754864, 6.031128404669261, 27.529182879377434, 2.821011673151751, 30.836575875486382, 3.307392996108949, 1.3618677042801557, 1.556420233463035, 5.058365758754864, 6.42023346303502, 0.2918287937743191, 10.894941634241246, 5.252918287937743, 8.657587548638132, 9.82490272373541, 9.922178988326849, 15.46692607003891, 1.7509727626459144, 4.474708171206226, 2.0428015564202333, 4.377431906614786, 2.9182879377431905, 6.712062256809339, 5.3501945525291825, 9.43579766536965, 10.700389105058365, 9.14396887159533, 15.56420233463035, 9.922178988326849, 14.202334630350194, 17.120622568093385, 17.996108949416342, 15.46692607003891, 18.28793774319066, 18.77431906614786, 33.36575875486381, 11.089494163424124, 24.80544747081712, 25.68093385214008, 29.182879377431906, 26.361867704280154, 23.346303501945524, 35.311284046692606, 15.46692607003891, 2.140077821011673, 1.556420233463035, 5.836575875486381, 2.6264591439688716, 2.3346303501945527, 1.6536964980544746, 2.3346303501945527, 1.6536964980544746, 3.501945525291829, 2.140077821011673, 2.0428015564202333, 2.3346303501945527, 2.0428015564202333, 3.21011673151751, 2.9182879377431905, 1.9455252918287937, 2.7237354085603114, 1.9455252918287937, 1.8482490272373542, 1.264591439688716, 1.1673151750972763, 2.431906614785992, 2.821011673151751, 4.669260700389105, 1.0700389105058365, 2.0428015564202333, 2.9182879377431905, 1.9455252918287937, 0.6809338521400778, 1.8482490272373542, 2.821011673151751, 1.1673151750972763, 2.3346303501945527, 0.48638132295719844, 1.556420233463035, 0.5836575875486382, 2.431906614785992, 0.8754863813229572, 0.38910505836575876, 0.5836575875486382, 0.5836575875486382, 1.9455252918287937, 0.5836575875486382, 1.0700389105058365, 0.48638132295719844, 1.264591439688716, 1.6536964980544746, 0.9727626459143969, 1.4591439688715953]
loss_list=[0.5058865730822937, 0.3378769966988981, 0.3871929466320843, 0.31129367017738513, 0.22762863311800516, 0.1719707069320529, 0.20491994985847922, 0.17171697258356866, 0.1392278734259478, 0.13969660579848234, 0.19015020391538995, 0.1602837149619414, 0.1477618129240806, 0.17021187011239985, 0.14939537348402493, 0.12749855906294957, 0.1169755910721027, 0.13255571234610733, 0.20028295813026797, 0.16610938754416857, 0.13666788642707456, 0.10434324957667145, 0.12214151932126946, 0.15652541320966798, 0.09947607184085466, 0.13377819626098386, 0.08954711179828134, 0.09235079738915454, 0.11786357405500635, 0.10647140157138034, 0.128090115574477, 0.0848696871039694, 0.130037686261917, 0.12679216128558943, 0.10854059894443857, 0.06895794238689094, 0.08314153530397893, 0.1193189863979716, 0.07361663979375392, 0.10820320397496103, 0.09792116672613718, 0.10460143508947034, 0.10438380384132998, 0.07501841107493519, 0.1315543789660885, 0.10545414933212979, 0.09642815669903619, 0.09298290530280241, 0.11983509521204612, 0.13412372903965603, 0.09185343723504533, 0.13627922638453596, 0.13036220682096092, 0.10712301101182756, 0.08695980926174542, 0.11092679971045721, 0.09043120349549101, 0.13153915194915627, 0.08241783383149884, 0.10178087251136272, 0.1052294443317955, 0.08985350668157098, 0.11657022360471261, 0.07599747699365342, 0.10722739803713265, 0.10189981600807835, 0.10832370141772257, 0.07284825725471429, 0.09036922267710401, 0.11118347993761682, 0.0891167314689956, 0.09385572057956475, 0.09599861873432558, 0.11827303048966993, 0.1059019253906031, 0.0751071702670352, 0.09835765901256238, 0.09019009315598825, 0.1101630714734433, 0.11417361026937842, 0.12856257487143644, 0.12417784992423586, 0.10272356282972213, 0.08440058872568215, 0.08559204204938607, 0.08595399404333512, 0.080667950852179, 0.11049653894216009, 0.08161481971742308, 0.08686570786310015, 0.12033977322237065, 0.079189115781894, 0.10478959674326507, 0.09147493009296527, 0.07093766828929811, 0.09026922697480957, 0.11732442039306981, 0.11920938610662798, 0.10256502689104358, 0.11519717228456029]
BBSR:1.95
ABSR:1.06
max acc:88.58
