======================================
    IID: 0
    Dataset: mnist
    Model: Mnist_CNN
    Model Init: None
    Aggregation Function: flame
    Fraction NonIID: 0
    Long attack: 3
    Wide attack: 3
    Wide attack: trust
    Threshold reject: 0.5
    Threshold down: 0.0
    Attack method: badnet
    Fraction of malicious agents: 13.0%
    Poison Frac: 0.2
    Backdoor From 7 to 2
    Attack Begin: 0
    Trigger Shape: square
    Type poisoning: 
    Trigger Position X: 0
    Trigger Position Y: 0
    Number of agents: 100
    Fraction of agents each turn: 30(30.0%)
    Local batch size: 50
    Local epoch: 3
    Client_LR: 0.01
    Client_Momentum: 0.9
    Global Rounds: 100
    Noise in FLAME: 0.001
proportion of malicious are selected:0.5566666666666666
proportion of benign are selected:0.5633333333333334
======================================
main_task_accuracy=[0, 33.34000015258789, 49.279998779296875, 31.18000030517578, 43.5, 58.5099983215332, 57.290000915527344, 65.48999786376953, 62.18000030517578, 62.650001525878906, 61.20000076293945, 65.13999938964844, 68.7300033569336, 71.83999633789062, 75.6500015258789, 71.73999786376953, 70.48999786376953, 68.48999786376953, 74.4800033569336, 72.12999725341797, 75.12999725341797, 75.69999694824219, 75.80000305175781, 78.08000183105469, 77.98999786376953, 77.91000366210938, 76.76000213623047, 77.31999969482422, 77.25, 75.97000122070312, 76.38999938964844, 77.48999786376953, 79.0, 78.55000305175781, 77.88999938964844, 77.0, 78.6500015258789, 78.93000030517578, 78.3499984741211, 76.76000213623047, 78.54000091552734, 77.33000183105469, 79.16999816894531, 78.86000061035156, 78.54000091552734, 78.23999786376953, 78.75, 78.4000015258789, 78.80000305175781, 79.02999877929688, 78.16000366210938, 77.95999908447266, 79.55999755859375, 79.68000030517578, 79.41999816894531, 79.37999725341797, 79.68000030517578, 79.5999984741211, 78.62999725341797, 78.4800033569336, 79.52999877929688, 79.66999816894531, 82.48999786376953, 83.22000122070312, 81.94999694824219, 84.12999725341797, 85.16999816894531, 85.01000213623047, 82.94000244140625, 83.76000213623047, 82.98999786376953, 78.62000274658203, 82.87999725341797, 83.05000305175781, 83.70999908447266, 84.20999908447266, 83.7300033569336, 83.69000244140625, 84.13999938964844, 84.22000122070312, 83.16000366210938, 82.83999633789062, 82.9800033569336, 82.33999633789062, 82.13999938964844, 82.37999725341797, 83.0199966430664, 83.05000305175781, 82.87000274658203, 82.4000015258789, 82.29000091552734, 82.86000061035156, 82.54000091552734, 82.83999633789062, 82.7300033569336, 82.7699966430664, 82.23999786376953, 80.91999816894531, 82.36000061035156, 81.55999755859375, 82.37999725341797]
backdoor_accuracy=[0, 0.0, 0.09727626459143969, 1.0700389105058365, 5.544747081712062, 1.9455252918287937, 1.1673151750972763, 0.0, 11.867704280155642, 3.5992217898832686, 9.82490272373541, 0.9727626459143969, 3.21011673151751, 2.6264591439688716, 1.7509727626459144, 2.3346303501945527, 12.54863813229572, 19.941634241245136, 11.673151750972762, 1.9455252918287937, 25.09727626459144, 35.01945525291829, 36.18677042801556, 18.19066147859922, 15.46692607003891, 36.478599221789885, 11.478599221789883, 35.992217898832685, 5.3501945525291825, 6.3229571984435795, 87.06225680933852, 72.37354085603113, 31.420233463035018, 19.163424124513618, 70.42801556420234, 80.44747081712062, 31.32295719844358, 37.7431906614786, 85.7976653696498, 4.377431906614786, 11.964980544747082, 9.14396887159533, 50.68093385214008, 41.43968871595331, 13.229571984435797, 7.003891050583658, 15.75875486381323, 15.17509727626459, 75.29182879377431, 98.34630350194553, 72.08171206225681, 31.80933852140078, 98.15175097276264, 97.17898832684826, 87.84046692607004, 96.69260700389106, 92.21789883268482, 98.63813229571984, 92.60700389105058, 85.70038910505836, 91.24513618677042, 90.75875486381322, 98.15175097276264, 99.22178988326849, 73.15175097276264, 91.43968871595331, 92.8988326848249, 88.52140077821012, 67.41245136186771, 97.85992217898833, 91.147859922179, 40.175097276264594, 99.0272373540856, 94.94163424124514, 98.5408560311284, 98.73540856031128, 99.5136186770428, 94.3579766536965, 97.17898832684826, 99.41634241245136, 97.47081712062257, 98.34630350194553, 99.5136186770428, 99.61089494163424, 98.05447470817121, 99.12451361867704, 98.83268482490273, 98.34630350194553, 99.0272373540856, 98.15175097276264, 99.31906614785993, 99.31906614785993, 98.83268482490273, 99.80544747081711, 99.31906614785993, 100.0, 99.22178988326849, 98.44357976653697, 99.70817120622569, 99.41634241245136, 100.0]
loss_list=[0.447539293586756, 0.28439877804227903, 0.30993327337044085, 0.36734284811682716, 0.24539055056600073, 0.18881005885118438, 0.21775415570520307, 0.2444760937861771, 0.1608758231014846, 0.1616555799730164, 0.17321476458071708, 0.172800667549693, 0.19909438350127215, 0.14315359622102208, 0.1577803270475976, 0.17403992216953393, 0.15629187719975307, 0.15493727089669843, 0.13954261909584206, 0.13868804894476924, 0.1521750808380234, 0.11836144210400662, 0.15651171009153547, 0.1262871403631968, 0.11108963130148575, 0.11764553483221876, 0.1720831847481426, 0.08784922462622559, 0.13018782519650957, 0.1365455585056702, 0.11768180488920188, 0.12194318070620987, 0.09716623959836358, 0.12863597346340647, 0.13456293888581342, 0.11776663284729354, 0.14665223880240258, 0.11697481199883555, 0.10837969905418277, 0.1151166247670716, 0.1013186435908975, 0.10052367209659278, 0.12000684208925715, 0.11048276994248814, 0.11605209113921053, 0.1391139411833944, 0.09872044841458152, 0.1135121981788363, 0.11681707285867816, 0.1369883892431713, 0.08854148617922813, 0.1452781308223022, 0.09463159131934186, 0.11588203384491867, 0.13076173016542944, 0.1182698922159464, 0.1367699088159842, 0.10120160233468535, 0.09483935560379231, 0.13629262299044453, 0.11562968691017654, 0.16701209050918334, 0.09460125363121742, 0.08265476937036713, 0.10461475550580433, 0.10407027892945458, 0.0876979005421874, 0.10003685827338775, 0.09600911678621067, 0.12126151896980794, 0.04127362764135309, 0.13640169824401255, 0.09202040459189714, 0.11765664735452029, 0.14006782716265084, 0.11261131578212749, 0.08554815807663402, 0.11334674825204215, 0.07984311069433433, 0.08813425004785477, 0.10880030059746368, 0.11246682205463489, 0.10036318728643451, 0.11573886587775756, 0.10129034555680122, 0.12382227273685106, 0.10968703708253678, 0.11312303711175492, 0.059051565580447635, 0.09890411055500287, 0.10380467361693092, 0.09483416387379993, 0.11137075028942722, 0.13926728600191998, 0.13094379773634313, 0.10056352872983625, 0.09857571342143424, 0.11286562123974576, 0.0832857031141556, 0.10115662965884327]
BBSR:100.0
ABSR:99.41
max acc:82.86
