======================================
    IID: 0
    Dataset: fashion_mnist
    Model: Mnist_CNN
    Model Init: None
    Aggregation Function: DABA
    Fraction NonIID: 0
    Long attack: 3
    Wide attack: 3
    Wide attack: trust
    Threshold reject: 0.5
    Threshold down: 0.0
    Attack method: dba
    Fraction of malicious agents: 30.0%
    Poison Frac: 0.2
    Backdoor From 7 to 2
    Attack Begin: 0
    Trigger Shape: square
    Type poisoning: 
    Trigger Position X: 0
    Trigger Position Y: 0
    Number of agents: 100
    Fraction of agents each turn: 30(30.0%)
    Local batch size: 50
    Local epoch: 3
    Client_LR: 0.01
    Client_Momentum: 0.9
    Global Rounds: 100
======================================
main_task_accuracy=[0, 64.19999694824219, 71.98999786376953, 74.01000213623047, 74.08999633789062, 75.27999877929688, 78.08999633789062, 77.8499984741211, 77.79000091552734, 78.98999786376953, 69.0, 77.06999969482422, 79.55999755859375, 80.62000274658203, 79.97000122070312, 79.97000122070312, 79.97000122070312, 81.2699966430664, 77.88999938964844, 82.76000213623047, 76.20999908447266, 80.9800033569336, 81.44999694824219, 77.88999938964844, 81.7300033569336, 76.19999694824219, 83.47000122070312, 79.26000213623047, 83.18000030517578, 83.58000183105469, 79.68000030517578, 83.87999725341797, 84.8499984741211, 82.06999969482422, 81.61000061035156, 82.76000213623047, 84.69000244140625, 83.4000015258789, 84.56999969482422, 76.66999816894531, 85.98999786376953, 85.29000091552734, 83.33999633789062, 84.66999816894531, 85.52999877929688, 86.26000213623047, 84.33999633789062, 86.33000183105469, 85.6500015258789, 86.20999908447266, 83.48999786376953, 87.16999816894531, 87.04000091552734, 85.66999816894531, 86.20999908447266, 81.91999816894531, 87.18000030517578, 84.5, 87.48999786376953, 87.37000274658203, 87.04000091552734, 81.44999694824219, 86.38999938964844, 86.51000213623047, 87.08000183105469, 83.11000061035156, 87.62999725341797, 83.5999984741211, 86.93000030517578, 85.47000122070312, 81.41000366210938, 86.7699966430664, 87.33999633789062, 82.06999969482422, 86.95999908447266, 86.33999633789062, 88.3499984741211, 86.48999786376953, 86.73999786376953, 87.01000213623047, 86.18000030517578, 88.58000183105469, 86.2300033569336, 87.7699966430664, 87.56999969482422, 85.3499984741211, 88.16000366210938, 85.45999908447266, 87.30999755859375, 88.88999938964844, 87.30000305175781, 88.12999725341797, 88.20999908447266, 88.66000366210938, 87.94000244140625, 85.12000274658203, 88.18000030517578, 88.79000091552734, 88.31999969482422, 89.19000244140625, 88.20999908447266]
backdoor_accuracy=[0, 0.0, 0.0, 13.4, 90.0, 99.9, 100.0, 99.8, 100.0, 100.0, 99.9, 100.0, 100.0, 100.0, 100.0, 100.0, 100.0, 100.0, 100.0, 100.0, 100.0, 100.0, 100.0, 100.0, 100.0, 100.0, 100.0, 100.0, 100.0, 100.0, 100.0, 100.0, 100.0, 100.0, 100.0, 100.0, 100.0, 100.0, 100.0, 99.9, 100.0, 100.0, 100.0, 100.0, 100.0, 100.0, 100.0, 100.0, 100.0, 100.0, 100.0, 100.0, 100.0, 100.0, 100.0, 100.0, 100.0, 100.0, 100.0, 100.0, 100.0, 99.8, 100.0, 100.0, 100.0, 100.0, 100.0, 100.0, 100.0, 100.0, 99.5, 100.0, 100.0, 99.8, 100.0, 100.0, 100.0, 100.0, 100.0, 100.0, 100.0, 100.0, 100.0, 100.0, 100.0, 100.0, 100.0, 100.0, 100.0, 100.0, 100.0, 100.0, 100.0, 100.0, 100.0, 100.0, 100.0, 100.0, 100.0, 100.0, 100.0]
loss_list=[1.4240585488301736, 0.8611996372816738, 0.600174050129674, 0.5934267379895405, 0.538045504482256, 0.4720931182994886, 0.48418613299727437, 0.48953963279448176, 0.4305877918239544, 0.43155833406166894, 0.47544686414853293, 0.45008045410806385, 0.3661349726840853, 0.40731622916128907, 0.400323297035087, 0.3722853406746353, 0.38266801169763015, 0.4317670749155459, 0.38899750265948196, 0.355394646787533, 0.4042298633467268, 0.3743594214527144, 0.3352833851551017, 0.37141559233682014, 0.365346306203692, 0.3428784352037367, 0.3346422590246354, 0.3629663925066039, 0.3333818728242207, 0.31515861479220564, 0.33143968806015667, 0.3255703202931694, 0.29190690501903493, 0.3307426843171318, 0.320896465614162, 0.30699921040278344, 0.3072383695247549, 0.3237249312163503, 0.3092602338572894, 0.3053632468330088, 0.3077192251570523, 0.3147476431223805, 0.26520230960169877, 0.300498809720631, 0.2967934917831035, 0.27805540775535287, 0.30579798736919955, 0.2872163975576836, 0.27436227998868734, 0.2612662176687822, 0.28447847598128845, 0.28480941381788366, 0.24201617277468795, 0.28042508850426034, 0.28863304020767966, 0.2911690881993208, 0.24451158285416938, 0.26450896455250966, 0.25400021996487065, 0.21991300852624354, 0.29121853381188384, 0.2823042853838868, 0.25073473891933207, 0.2629394848141129, 0.25028722600114567, 0.2761387052773326, 0.24574137569094698, 0.2694259158818534, 0.25007384174882813, 0.2568963665773885, 0.29151813360620976, 0.24131144362294837, 0.24680018532434828, 0.24446122210162388, 0.26976307748851397, 0.24670596569259143, 0.23148060304078244, 0.24995675148890803, 0.23231902308072205, 0.22802007298882074, 0.2314347027938951, 0.23638714967743943, 0.217381770838121, 0.21050572438441492, 0.24443161819233664, 0.22622169905958736, 0.2159548321445645, 0.23855025821227432, 0.2354015404065311, 0.20836281419938638, 0.22929864040817374, 0.2377239932737279, 0.19928712336674195, 0.20684269463505459, 0.23268217163470883, 0.2183846445512717, 0.1983090996621521, 0.21062165852118697, 0.21221954756485367, 0.18665826137100042]
BBSR:100.0
ABSR:100.0
max acc:89.19
