======================================
    IID: 0
    Dataset: mnist
    Model: Mnist_CNN
    Model Init: None
    Aggregation Function: RLR
    Fraction NonIID: 0
    Long attack: 3
    Wide attack: 3
    Wide attack: trust
    Threshold reject: 0.5
    Threshold down: 0.0
    Attack method: badnet
    Fraction of malicious agents: 13.0%
    Poison Frac: 0.2
    Backdoor From 7 to 2
    Attack Begin: 0
    Trigger Shape: square
    Type poisoning: 
    Trigger Position X: 0
    Trigger Position Y: 0
    Number of agents: 100
    Fraction of agents each turn: 30(30.0%)
    Local batch size: 50
    Local epoch: 3
    Client_LR: 0.01
    Client_Momentum: 0.9
    Global Rounds: 100
    RobustLR_threshold: 4
======================================
main_task_accuracy=[0, 21.920000076293945, 38.0, 56.5099983215332, 66.12999725341797, 70.79000091552734, 76.16000366210938, 87.33000183105469, 79.26000213623047, 90.98999786376953, 80.02999877929688, 85.75, 90.6500015258789, 89.30000305175781, 87.23999786376953, 85.9000015258789, 89.4000015258789, 93.37999725341797, 95.3499984741211, 92.16999816894531, 87.38999938964844, 86.63999938964844, 90.51000213623047, 94.08000183105469, 93.93000030517578, 94.37000274658203, 94.37999725341797, 94.75, 95.80999755859375, 95.73999786376953, 94.2300033569336, 96.06999969482422, 95.4000015258789, 95.72000122070312, 95.18000030517578, 95.5199966430664, 94.51000213623047, 95.0199966430664, 95.98999786376953, 93.5, 96.12999725341797, 96.48999786376953, 95.5, 96.58999633789062, 96.08999633789062, 96.30999755859375, 96.0199966430664, 95.69999694824219, 95.91999816894531, 95.9000015258789, 95.77999877929688, 95.6500015258789, 96.02999877929688, 96.7300033569336, 96.76000213623047, 95.93000030517578, 96.58000183105469, 96.97000122070312, 95.86000061035156, 96.19000244140625, 96.79000091552734, 97.04000091552734, 96.91000366210938, 96.6500015258789, 96.2300033569336, 96.9800033569336, 97.0999984741211, 96.31999969482422, 97.23999786376953, 96.5999984741211, 96.05999755859375, 96.30999755859375, 95.6500015258789, 96.55000305175781, 96.37000274658203, 97.05000305175781, 96.83999633789062, 96.98999786376953, 97.2300033569336, 96.7300033569336, 96.83999633789062, 96.33000183105469, 96.0, 97.41999816894531, 96.61000061035156, 96.69000244140625, 96.44999694824219, 96.27999877929688, 95.62000274658203, 95.19999694824219, 96.83000183105469, 97.75, 97.63999938964844, 97.16999816894531, 97.0999984741211, 97.0999984741211, 97.41999816894531, 97.47000122070312, 97.37999725341797, 97.48999786376953, 97.5]
backdoor_accuracy=[0, 4.377431906614786, 0.0, 0.8754863813229572, 0.7782101167315175, 6.42023346303502, 1.556420233463035, 13.326848249027238, 0.48638132295719844, 6.3229571984435795, 2.0428015564202333, 2.9182879377431905, 6.3229571984435795, 1.8482490272373542, 2.7237354085603114, 2.237354085603113, 3.21011673151751, 3.8910505836575875, 2.9182879377431905, 2.431906614785992, 3.0155642023346303, 1.8482490272373542, 3.11284046692607, 3.8910505836575875, 6.128404669260701, 2.431906614785992, 1.7509727626459144, 2.3346303501945527, 5.933852140077821, 4.377431906614786, 3.0155642023346303, 3.7937743190661477, 4.280155642023346, 3.11284046692607, 4.182879377431907, 5.3501945525291825, 6.809338521400778, 4.863813229571984, 5.252918287937743, 1.3618677042801557, 3.0155642023346303, 3.0155642023346303, 4.474708171206226, 2.6264591439688716, 7.879377431906615, 6.22568093385214, 3.404669260700389, 4.766536964980545, 2.140077821011673, 3.6964980544747084, 4.474708171206226, 2.529182879377432, 6.517509727626459, 2.237354085603113, 3.307392996108949, 3.11284046692607, 4.961089494163424, 11.575875486381323, 3.0155642023346303, 2.237354085603113, 9.24124513618677, 6.809338521400778, 7.198443579766537, 5.155642023346304, 4.474708171206226, 6.517509727626459, 5.155642023346304, 4.669260700389105, 7.198443579766537, 21.40077821011673, 8.560311284046692, 3.307392996108949, 11.478599221789883, 9.922178988326849, 7.2957198443579765, 11.964980544747082, 7.782101167315175, 26.070038910505836, 10.408560311284047, 7.198443579766537, 6.614785992217898, 2.431906614785992, 2.431906614785992, 7.101167315175097, 9.630350194552529, 6.42023346303502, 12.54863813229572, 6.22568093385214, 3.0155642023346303, 29.377431906614785, 6.22568093385214, 11.284046692607005, 11.089494163424124, 18.28793774319066, 2.140077821011673, 4.085603112840467, 26.945525291828794, 12.54863813229572, 8.171206225680933, 11.381322957198444, 8.657587548638132]
loss_list=[0.481929624342982, 0.34281340430195956, 0.19443199061249278, 0.16159512668476678, 0.17924766832195552, 0.1594608203852554, 0.1207118611656041, 0.12226140771993467, 0.1107955743405759, 0.0819926835732389, 0.05975941759106409, 0.08532619552737118, 0.0788858697480998, 0.08738849070181684, 0.0849100883120533, 0.08130423371555898, 0.07703124372061576, 0.06666702225414635, 0.06694962024359993, 0.07354695954797832, 0.06799466690451741, 0.06772677608577311, 0.054333371142597085, 0.07297010628524839, 0.06791435551287077, 0.05094026815357792, 0.051644986207000594, 0.061684277914422214, 0.051621027689072375, 0.04553194265921615, 0.058715075102135035, 0.04506842027377442, 0.04349516091418964, 0.05149255746846424, 0.04770787568759638, 0.04796358995160297, 0.05488454172831723, 0.05348013987165308, 0.05223155310954872, 0.048686058524968136, 0.04678017008259631, 0.03958183594003491, 0.05406025648056907, 0.050535480751975996, 0.05309679786202338, 0.04079524936136385, 0.0466565919932598, 0.049193943370644165, 0.04161896091997016, 0.0547696540417324, 0.050861052757426244, 0.04499820395199376, 0.049371947907137566, 0.04356394179419318, 0.04174048563191014, 0.049564568842175895, 0.04061794409818606, 0.046702208208573626, 0.03876710940922553, 0.044136924577812, 0.043234351298024, 0.04313025505262762, 0.04775031282364083, 0.036617042751825736, 0.04789947383702867, 0.04144456980970423, 0.04222441608680596, 0.04627540196968856, 0.03689223206320054, 0.04298226690472023, 0.046200745025221854, 0.043325837012482944, 0.04014392247637861, 0.044632819203724215, 0.053575482616028285, 0.03591934143185059, 0.04747195466708878, 0.03835594341583374, 0.04027635320764383, 0.044569189201777465, 0.03760853287944344, 0.044156377815435445, 0.04080573881689527, 0.028909668667954955, 0.03561151947300981, 0.03689935052760487, 0.03276426378349775, 0.029276484552564083, 0.03806190204214039, 0.0430527705915192, 0.036039511523780474, 0.03891131834330397, 0.04375744394246415, 0.04467460797437085, 0.03503834994868635, 0.04240661421820407, 0.03188290758379976, 0.0359607148668, 0.031719112925494466, 0.029218790406342544]
BBSR:26.95
ABSR:11.46
max acc:97.75
