======================================
    IID: 0
    Dataset: mnist
    Model: Mnist_CNN
    Model Init: None
    Aggregation Function: RLR
    Fraction NonIID: 0
    Long attack: 5
    Wide attack: 5
    Wide attack: trust
    Threshold reject: 0.5
    Threshold down: 0.0
    Attack method: badnet
    Fraction of malicious agents: 13.0%
    Poison Frac: 0.2
    Backdoor From 7 to 2
    Attack Begin: 0
    Trigger Shape: square
    Type poisoning: cs
    Trigger Position X: 0
    Trigger Position Y: 0
    Number of agents: 100
    Fraction of agents each turn: 30(30.0%)
    Local batch size: 50
    Local epoch: 3
    Client_LR: 0.01
    Client_Momentum: 0.9
    Global Rounds: 100
    RobustLR_threshold: 4
======================================
main_task_accuracy=[0, 35.77000045776367, 60.20000076293945, 49.41999816894531, 60.369998931884766, 56.290000915527344, 75.5999984741211, 68.6500015258789, 79.56999969482422, 75.05999755859375, 83.0199966430664, 81.4800033569336, 86.3499984741211, 86.62999725341797, 87.30999755859375, 85.73999786376953, 91.72000122070312, 86.20999908447266, 83.87999725341797, 84.4000015258789, 90.44999694824219, 89.4800033569336, 92.6500015258789, 92.37999725341797, 94.45999908447266, 92.41000366210938, 94.06999969482422, 94.58000183105469, 94.97000122070312, 94.69000244140625, 93.87999725341797, 95.27999877929688, 94.70999908447266, 95.2699966430664, 95.52999877929688, 95.37999725341797, 94.9800033569336, 95.94000244140625, 94.72000122070312, 95.93000030517578, 95.94999694824219, 95.83999633789062, 96.41000366210938, 95.58999633789062, 96.6500015258789, 94.58000183105469, 96.05000305175781, 95.97000122070312, 95.45999908447266, 96.97000122070312, 96.69999694824219, 96.58999633789062, 96.80999755859375, 97.08999633789062, 97.12999725341797, 97.01000213623047, 96.31999969482422, 96.47000122070312, 95.11000061035156, 94.94000244140625, 95.97000122070312, 97.08999633789062, 96.29000091552734, 96.6500015258789, 96.56999969482422, 97.20999908447266, 97.05999755859375, 96.81999969482422, 96.70999908447266, 97.18000030517578, 97.06999969482422, 97.41999816894531, 97.19000244140625, 96.86000061035156, 97.08999633789062, 97.48999786376953, 97.02999877929688, 97.5199966430664, 97.48999786376953, 97.33999633789062, 97.55000305175781, 97.12999725341797, 96.55000305175781, 96.73999786376953, 96.63999938964844, 97.26000213623047, 97.4000015258789, 96.62000274658203, 96.79000091552734, 97.56999969482422, 96.83999633789062, 96.4000015258789, 96.6500015258789, 96.63999938964844, 96.69000244140625, 97.05000305175781, 97.0199966430664, 97.77999877929688, 96.62000274658203, 95.97000122070312, 95.94000244140625]
backdoor_accuracy=[0, 7.490272373540856, 15.85603112840467, 2.6264591439688716, 4.182879377431907, 0.8754863813229572, 11.575875486381323, 6.906614785992218, 0.38910505836575876, 1.1673151750972763, 15.75875486381323, 2.140077821011673, 3.5992217898832686, 2.431906614785992, 5.155642023346304, 2.821011673151751, 10.700389105058365, 2.7237354085603114, 3.404669260700389, 4.474708171206226, 2.0428015564202333, 2.237354085603113, 2.140077821011673, 1.7509727626459144, 4.182879377431907, 6.809338521400778, 3.501945525291829, 1.556420233463035, 3.7937743190661477, 5.933852140077821, 10.116731517509727, 4.766536964980545, 2.3346303501945527, 2.3346303501945527, 1.6536964980544746, 4.863813229571984, 10.700389105058365, 1.8482490272373542, 3.8910505836575875, 3.21011673151751, 0.9727626459143969, 2.529182879377432, 2.431906614785992, 5.739299610894942, 1.6536964980544746, 0.5836575875486382, 4.280155642023346, 1.6536964980544746, 3.0155642023346303, 2.3346303501945527, 7.101167315175097, 5.447470817120623, 3.404669260700389, 3.7937743190661477, 3.307392996108949, 2.821011673151751, 3.21011673151751, 2.529182879377432, 4.474708171206226, 3.11284046692607, 4.474708171206226, 6.031128404669261, 1.556420233463035, 4.669260700389105, 2.529182879377432, 1.264591439688716, 9.43579766536965, 3.307392996108949, 2.6264591439688716, 2.431906614785992, 6.031128404669261, 4.182879377431907, 4.863813229571984, 4.961089494163424, 5.3501945525291825, 3.11284046692607, 1.8482490272373542, 2.9182879377431905, 3.11284046692607, 5.933852140077821, 3.11284046692607, 2.529182879377432, 1.7509727626459144, 17.704280155642024, 2.0428015564202333, 4.474708171206226, 3.11284046692607, 3.7937743190661477, 1.8482490272373542, 5.155642023346304, 4.961089494163424, 3.307392996108949, 6.3229571984435795, 4.766536964980545, 2.140077821011673, 2.140077821011673, 1.4591439688715953, 2.3346303501945527, 4.085603112840467, 4.280155642023346, 1.7509727626459144]
loss_list=[0.5045151358814289, 0.35976399635900724, 0.28128165455869325, 0.21571014172771358, 0.20713083438815133, 0.18133588958437524, 0.13896249716376072, 0.13135632464463545, 0.1259030206531895, 0.11814343265083598, 0.11921468383447537, 0.09951938591579625, 0.08067596767916442, 0.07574613900410486, 0.08744257216102068, 0.09844461236853323, 0.08003979608178796, 0.07746015348998005, 0.08191368762933497, 0.08971746261079265, 0.0581352216444144, 0.07227663916905265, 0.0577995676720244, 0.054694251116271, 0.0685379613250337, 0.051482622777920185, 0.05746012811158756, 0.04797598128004395, 0.05736263910270188, 0.0579775313232702, 0.061247216843374766, 0.04662770355681789, 0.05130510920265307, 0.05881660206882236, 0.04995824210066826, 0.05331313377279801, 0.05259126579855113, 0.06447121231932126, 0.06860857912268314, 0.04808880856510549, 0.05029225602218093, 0.056347064175234246, 0.03935621818315241, 0.048408581586195286, 0.04728957747513286, 0.04890512287802541, 0.04559292610284518, 0.04069628153891713, 0.05308496015731308, 0.04602296355342538, 0.033676126351013434, 0.037552291122315264, 0.04378709499024692, 0.049045820053933986, 0.05480625103268171, 0.039844286520382154, 0.04018800444313155, 0.04003427929631206, 0.03727990171766322, 0.0468122339139997, 0.0546100468920824, 0.04795637215262881, 0.04196617957474868, 0.04503935625116071, 0.03837802518720187, 0.041575838755305176, 0.040971661571302255, 0.03674594324800763, 0.04344378557062753, 0.038291561980688234, 0.04522530013854457, 0.04354008115703252, 0.04195366944332531, 0.04087282956797651, 0.04406877181902967, 0.040355184311489684, 0.034588013602336785, 0.03713502464065599, 0.04274499925201051, 0.03946235048122433, 0.036774672299020185, 0.029794269991921755, 0.036643293478539195, 0.03881099550038069, 0.03946875432541367, 0.040428887741802484, 0.03059866428233688, 0.0398396194471448, 0.03846361986713224, 0.03402187616046536, 0.03354081395593834, 0.03265405265044597, 0.0309360127156661, 0.030043879965171345, 0.03305492617956692, 0.04351375278976588, 0.0416612007538428, 0.03718667410672181, 0.03351157637854645, 0.028021374054227048]
BBSR:6.32
ABSR:3.26
max acc:97.78
