======================================
    IID: 0
    Dataset: mnist
    Model: Mnist_CNN
    Model Init: None
    Aggregation Function: fltrust
    Fraction NonIID: 0
    Long attack: 3
    Wide attack: 3
    Wide attack: trust
    Threshold reject: 0.5
    Threshold down: 0.0
    Attack method: badnet
    Fraction of malicious agents: 13.0%
    Poison Frac: 0.2
    Backdoor From 7 to 2
    Attack Begin: 0
    Trigger Shape: square
    Type poisoning: cs
    Trigger Position X: 0
    Trigger Position Y: 0
    Number of agents: 100
    Fraction of agents each turn: 30(30.0%)
    Local batch size: 50
    Local epoch: 3
    Client_LR: 0.01
    Client_Momentum: 0.9
    Global Rounds: 100
    Dataset In Server: 200
======================================
main_task_accuracy=[0, 50.869998931884766, 42.650001525878906, 45.939998626708984, 76.81999969482422, 64.43000030517578, 74.08999633789062, 62.060001373291016, 74.16999816894531, 86.12000274658203, 79.38999938964844, 82.69000244140625, 82.94999694824219, 84.80000305175781, 89.41999816894531, 80.56999969482422, 89.72000122070312, 79.04000091552734, 88.97000122070312, 90.66999816894531, 92.56999969482422, 88.72000122070312, 93.48999786376953, 89.95999908447266, 89.18000030517578, 92.05999755859375, 93.72000122070312, 93.86000061035156, 91.08999633789062, 93.8499984741211, 92.44000244140625, 93.55999755859375, 91.6500015258789, 95.4000015258789, 95.19000244140625, 94.88999938964844, 93.95999908447266, 95.01000213623047, 95.44999694824219, 93.75, 94.25, 95.05000305175781, 95.8499984741211, 95.80000305175781, 95.37999725341797, 95.61000061035156, 95.94999694824219, 95.7699966430664, 95.06999969482422, 96.11000061035156, 96.33999633789062, 96.02999877929688, 95.9800033569336, 95.02999877929688, 96.08999633789062, 93.37000274658203, 95.87000274658203, 92.81999969482422, 96.8499984741211, 96.70999908447266, 97.08999633789062, 96.4000015258789, 95.52999877929688, 96.55999755859375, 97.0199966430664, 95.5, 94.22000122070312, 96.75, 96.55000305175781, 96.83000183105469, 97.02999877929688, 97.20999908447266, 96.7300033569336, 96.88999938964844, 97.23999786376953, 97.08000183105469, 97.37999725341797, 97.16999816894531, 96.54000091552734, 97.4000015258789, 97.5999984741211, 96.58000183105469, 97.0199966430664, 96.83999633789062, 97.43000030517578, 97.3499984741211, 97.52999877929688, 96.19999694824219, 97.69999694824219, 96.94000244140625, 97.8499984741211, 95.81999969482422, 97.08000183105469, 97.0, 97.83999633789062, 97.69000244140625, 97.66000366210938, 97.41999816894531, 97.93000030517578, 97.97000122070312, 97.79000091552734]
backdoor_accuracy=[0, 4.085603112840467, 0.5836575875486382, 0.19455252918287938, 4.571984435797665, 0.09727626459143969, 1.264591439688716, 0.7782101167315175, 1.1673151750972763, 3.404669260700389, 4.377431906614786, 7.2957198443579765, 1.9455252918287937, 2.6264591439688716, 3.404669260700389, 1.9455252918287937, 5.447470817120623, 0.9727626459143969, 9.24124513618677, 2.140077821011673, 5.739299610894942, 2.821011673151751, 4.182879377431907, 4.961089494163424, 2.140077821011673, 5.155642023346304, 3.7937743190661477, 3.9883268482490273, 1.1673151750972763, 4.182879377431907, 1.0700389105058365, 7.003891050583658, 0.9727626459143969, 3.501945525291829, 2.0428015564202333, 4.182879377431907, 3.7937743190661477, 2.431906614785992, 3.11284046692607, 4.766536964980545, 2.0428015564202333, 6.712062256809339, 1.4591439688715953, 3.6964980544747084, 1.8482490272373542, 3.8910505836575875, 2.9182879377431905, 2.7237354085603114, 3.21011673151751, 4.863813229571984, 3.0155642023346303, 3.501945525291829, 2.7237354085603114, 3.6964980544747084, 4.377431906614786, 3.21011673151751, 2.9182879377431905, 3.501945525291829, 2.237354085603113, 8.171206225680933, 2.6264591439688716, 3.0155642023346303, 5.544747081712062, 2.6264591439688716, 2.821011673151751, 3.21011673151751, 1.264591439688716, 5.447470817120623, 3.21011673151751, 4.280155642023346, 6.031128404669261, 3.5992217898832686, 3.307392996108949, 9.43579766536965, 1.556420233463035, 3.6964980544747084, 3.501945525291829, 4.571984435797665, 1.3618677042801557, 3.8910505836575875, 3.307392996108949, 6.128404669260701, 3.501945525291829, 9.14396887159533, 1.4591439688715953, 7.2957198443579765, 1.9455252918287937, 16.828793774319067, 1.556420233463035, 10.019455252918288, 2.0428015564202333, 3.21011673151751, 1.9455252918287937, 6.712062256809339, 2.7237354085603114, 6.712062256809339, 3.5992217898832686, 6.031128404669261, 2.431906614785992, 3.7937743190661477, 3.0155642023346303]
loss_list=[0.5124131037704628, 0.3689829882941835, 0.2711642988215846, 0.24497845563834855, 0.22899723904386832, 0.17543008106235045, 0.15125388899020678, 0.13344128362084992, 0.15860545440872456, 0.13111748492548125, 0.1313948230867496, 0.1084794472584726, 0.11610229985092797, 0.11437630482915959, 0.0959155004959214, 0.07940755476229112, 0.08001887293002079, 0.09408699939117317, 0.08880403242098918, 0.06573469683469162, 0.09234056480556618, 0.0738844039875338, 0.07535992825377233, 0.08255651618118184, 0.07919573870441153, 0.0722228813473361, 0.06223064836086461, 0.056487476761509364, 0.0783267090427854, 0.06615121262376265, 0.0645042854690969, 0.0639409950232536, 0.06968509213739353, 0.04266797978726406, 0.05865933564603078, 0.04979061255650984, 0.05503070359247987, 0.05053708687700738, 0.05487446394956342, 0.06022406395675599, 0.04755415134260175, 0.04901126227859758, 0.05787070200715041, 0.05180341670797051, 0.050032764051244016, 0.04383737439627345, 0.05854968271371338, 0.040063660929765016, 0.045774343684171215, 0.04889148014778168, 0.042602812161657136, 0.03946776792232085, 0.04566087977601067, 0.04401591063395279, 0.03838976966340139, 0.04201509797310237, 0.0466315120407227, 0.046840837177142526, 0.04442870133267125, 0.04480776301459529, 0.03557322921227768, 0.03438323067792269, 0.04107964799672639, 0.039181151762441226, 0.04132592149768344, 0.04388436764703304, 0.03362676961945983, 0.037089582900059016, 0.04384214685855355, 0.03331329233735835, 0.042811211810859756, 0.040334662586297726, 0.04486250051903836, 0.03705656848451399, 0.03861086044998142, 0.03868510252048168, 0.03159070982753009, 0.03248969946687232, 0.036429580653639146, 0.039615375770934165, 0.036374131034502676, 0.03540346557730363, 0.030153563208942784, 0.033865383612859436, 0.03717572679157027, 0.030304662654100867, 0.03598815539058069, 0.044516849282309284, 0.032573868672895204, 0.040528333902691706, 0.03559884162196534, 0.04225555575094693, 0.03204219245558766, 0.027088152695160978, 0.03897757376830595, 0.033261794962504226, 0.03242522296309697, 0.037424551466413956, 0.028311075644711494, 0.040836827492011576]
BBSR:6.71
ABSR:4.02
max acc:97.97
