======================================
    IID: 0
    Dataset: fashion_mnist
    Model: Mnist_CNN
    Model Init: None
    Aggregation Function: RLR
    Fraction NonIID: 0
    Long attack: 3
    Wide attack: 3
    Wide attack: trust
    Threshold reject: 0.5
    Threshold down: 0.0
    Attack method: badnet
    Fraction of malicious agents: 20.0%
    Poison Frac: 0.2
    Backdoor From 7 to 2
    Attack Begin: 0
    Trigger Shape: square
    Type poisoning: cs
    Trigger Position X: 0
    Trigger Position Y: 0
    Number of agents: 100
    Fraction of agents each turn: 30(30.0%)
    Local batch size: 50
    Local epoch: 3
    Client_LR: 0.01
    Client_Momentum: 0.9
    Global Rounds: 100
    RobustLR_threshold: 4
======================================
main_task_accuracy=[0, 58.279998779296875, 69.5, 73.69999694824219, 74.81999969482422, 76.80999755859375, 77.4800033569336, 78.06999969482422, 78.98999786376953, 79.81999969482422, 80.0999984741211, 80.62999725341797, 81.55999755859375, 81.80999755859375, 82.45999908447266, 82.88999938964844, 83.0, 83.19999694824219, 83.87999725341797, 84.31999969482422, 84.69000244140625, 84.5999984741211, 84.87999725341797, 84.95999908447266, 85.04000091552734, 85.2300033569336, 85.5, 85.61000061035156, 85.55000305175781, 85.91999816894531, 85.94999694824219, 86.18000030517578, 86.16999816894531, 86.12000274658203, 86.20999908447266, 86.5, 86.69999694824219, 86.69000244140625, 86.62000274658203, 86.7300033569336, 86.9800033569336, 86.94999694824219, 86.98999786376953, 87.2699966430664, 87.19000244140625, 87.0, 86.95999908447266, 87.2699966430664, 87.33000183105469, 87.16000366210938, 87.62000274658203, 87.48999786376953, 87.66000366210938, 87.5999984741211, 87.73999786376953, 87.70999908447266, 87.70999908447266, 87.73999786376953, 87.88999938964844, 88.0, 88.0, 88.1500015258789, 88.02999877929688, 88.0199966430664, 87.94999694824219, 88.11000061035156, 88.02999877929688, 88.1500015258789, 88.20999908447266, 88.26000213623047, 88.19999694824219, 88.36000061035156, 88.51000213623047, 88.44999694824219, 88.4800033569336, 88.58000183105469, 88.37999725341797, 88.44000244140625, 88.52999877929688, 88.56999969482422, 88.58999633789062, 88.4800033569336, 88.69000244140625, 88.6500015258789, 88.73999786376953, 88.54000091552734, 88.76000213623047, 88.58999633789062, 88.87000274658203, 88.91999816894531, 88.93000030517578, 88.91999816894531, 88.94000244140625, 88.91999816894531, 88.98999786376953, 88.9000015258789, 88.80999755859375, 89.01000213623047, 89.08000183105469, 89.06999969482422, 89.16999816894531]
backdoor_accuracy=[0, 0.0, 0.0, 0.0, 0.0, 0.2, 0.6, 2.2, 4.2, 24.2, 47.6, 65.0, 76.1, 86.2, 92.6, 93.8, 95.9, 97.7, 98.7, 99.5, 99.7, 99.7, 99.8, 99.8, 99.8, 99.8, 99.9, 99.9, 99.9, 99.9, 99.9, 99.9, 99.9, 99.9, 99.9, 99.9, 100.0, 100.0, 100.0, 100.0, 100.0, 100.0, 100.0, 100.0, 100.0, 100.0, 100.0, 100.0, 100.0, 100.0, 100.0, 100.0, 100.0, 100.0, 100.0, 100.0, 100.0, 100.0, 100.0, 100.0, 100.0, 100.0, 100.0, 100.0, 100.0, 100.0, 100.0, 100.0, 100.0, 100.0, 100.0, 100.0, 100.0, 100.0, 100.0, 100.0, 100.0, 100.0, 100.0, 100.0, 100.0, 100.0, 100.0, 100.0, 100.0, 100.0, 100.0, 100.0, 100.0, 100.0, 100.0, 100.0, 100.0, 100.0, 100.0, 100.0, 100.0, 100.0, 100.0, 100.0, 100.0]
loss_list=[1.4080960750027944, 0.9292130022689147, 0.6718126284855384, 0.5942203965727929, 0.5345236202219018, 0.5210360937510377, 0.5025623864459772, 0.43696666615152796, 0.4572408229802493, 0.425662745287021, 0.42361940207580717, 0.4069987110172708, 0.38894537492068826, 0.36681812659802815, 0.4017911333038851, 0.3895848982794969, 0.35341292383080275, 0.38819352120712947, 0.35680202674810535, 0.34512007937387185, 0.33216634243726734, 0.3683330443687737, 0.3534296658441977, 0.35875030339316083, 0.32830997172191195, 0.3354161562398076, 0.33222406635198887, 0.3023027220499461, 0.3147028568959623, 0.33081775366984034, 0.29717571620518957, 0.3007412386747698, 0.3079850266032197, 0.28574937362292846, 0.3013665882353153, 0.2948140373694951, 0.31839413208611034, 0.2928853064534013, 0.27068642945270294, 0.2795324358675214, 0.2941827862937416, 0.2758486314607715, 0.28964615840188873, 0.2955552914628276, 0.2809028850902837, 0.2785360453874563, 0.2506668324577967, 0.2680422043255357, 0.243596734225543, 0.27080022354989697, 0.27476655201365546, 0.2777866513778766, 0.2640136356637986, 0.2696950823379059, 0.2755314453229032, 0.2703113485886543, 0.2678694794402906, 0.26499629481523124, 0.2680969164844741, 0.2751484967492245, 0.25097418134273203, 0.22622989542885794, 0.24794437711782477, 0.24028715128423986, 0.23536776108667254, 0.24801535323279458, 0.23095505077529835, 0.2535291715732051, 0.24047482168577886, 0.238519380176095, 0.2364081057461186, 0.24367782893349174, 0.22751155116560834, 0.22763303175430608, 0.24271849633918874, 0.2540710272405435, 0.22239734320383928, 0.23639954338367616, 0.2403039437425495, 0.23661806408522856, 0.2504025354670982, 0.2135940344366073, 0.23683850219714697, 0.2335599860271301, 0.24291535444316212, 0.22284155100480552, 0.22641589059666906, 0.20682652273422322, 0.22114287699158816, 0.23574448758736252, 0.2229758221224916, 0.22446949298286606, 0.23492202812253873, 0.2337182808391474, 0.21791433840903832, 0.2119192702169702, 0.209332201126273, 0.2086242449754435, 0.2172097512037942, 0.20021252671808554]
BBSR:100.0
ABSR:100.0
max acc:89.17
