======================================
    IID: 0
    Dataset: fashion_mnist
    Model: Mnist_CNN
    Model Init: None
    Aggregation Function: flame
    Fraction NonIID: 0
    Long attack: 3
    Wide attack: 3
    Wide attack: trust
    Threshold reject: 0.5
    Threshold down: 0.0
    Attack method: dba
    Fraction of malicious agents: 20.0%
    Poison Frac: 0.2
    Backdoor From 7 to 2
    Attack Begin: 0
    Trigger Shape: square
    Type poisoning: 
    Trigger Position X: 0
    Trigger Position Y: 0
    Number of agents: 100
    Fraction of agents each turn: 30(30.0%)
    Local batch size: 50
    Local epoch: 3
    Client_LR: 0.01
    Client_Momentum: 0.9
    Global Rounds: 100
    Noise in FLAME: 0.001
proportion of malicious are selected:0.7566666666666667
proportion of benign are selected:0.4791666666666667
======================================
main_task_accuracy=[0, 58.34000015258789, 70.87000274658203, 74.68000030517578, 75.12000274658203, 77.41000366210938, 78.08000183105469, 79.80999755859375, 80.11000061035156, 80.76000213623047, 81.83000183105469, 82.16999816894531, 82.36000061035156, 82.91999816894531, 83.5199966430664, 83.41999816894531, 83.29000091552734, 84.36000061035156, 84.12999725341797, 84.41999816894531, 84.83000183105469, 84.88999938964844, 84.91000366210938, 85.08999633789062, 85.22000122070312, 85.33999633789062, 85.58000183105469, 85.8499984741211, 85.77999877929688, 85.7699966430664, 86.01000213623047, 86.19000244140625, 85.94000244140625, 86.4000015258789, 86.31999969482422, 86.6500015258789, 86.68000030517578, 86.9000015258789, 86.8499984741211, 86.20999908447266, 86.83000183105469, 87.05999755859375, 86.72000122070312, 87.11000061035156, 87.23999786376953, 87.18000030517578, 86.91000366210938, 87.33000183105469, 87.63999938964844, 87.30000305175781, 87.58000183105469, 87.68000030517578, 86.83999633789062, 87.81999969482422, 87.88999938964844, 87.19000244140625, 87.19999694824219, 87.7699966430664, 87.81999969482422, 87.11000061035156, 87.94000244140625, 88.0, 87.45999908447266, 88.01000213623047, 88.06999969482422, 87.83000183105469, 87.48999786376953, 88.43000030517578, 88.19999694824219, 87.88999938964844, 88.44000244140625, 88.6500015258789, 87.9800033569336, 88.06999969482422, 88.44999694824219, 88.0199966430664, 88.11000061035156, 88.73999786376953, 88.58999633789062, 88.2699966430664, 88.2699966430664, 88.69999694824219, 88.37999725341797, 88.29000091552734, 88.8499984741211, 88.77999877929688, 88.29000091552734, 88.87000274658203, 88.79000091552734, 88.0199966430664, 88.7699966430664, 88.70999908447266, 88.5199966430664, 88.73999786376953, 88.91999816894531, 88.68000030517578, 88.62999725341797, 89.08000183105469, 88.69999694824219, 88.30999755859375, 88.9800033569336]
backdoor_accuracy=[0, 0.0, 0.0, 1.8, 40.0, 75.8, 93.6, 97.2, 98.9, 99.7, 99.8, 99.8, 99.8, 99.8, 99.8, 99.8, 99.8, 99.9, 99.8, 99.9, 100.0, 100.0, 100.0, 100.0, 100.0, 100.0, 100.0, 100.0, 100.0, 100.0, 100.0, 100.0, 100.0, 100.0, 100.0, 100.0, 100.0, 100.0, 100.0, 100.0, 100.0, 100.0, 100.0, 100.0, 100.0, 100.0, 100.0, 100.0, 100.0, 100.0, 100.0, 100.0, 100.0, 100.0, 100.0, 100.0, 100.0, 100.0, 100.0, 100.0, 100.0, 100.0, 100.0, 100.0, 100.0, 100.0, 100.0, 100.0, 100.0, 100.0, 100.0, 100.0, 100.0, 100.0, 100.0, 100.0, 100.0, 100.0, 100.0, 100.0, 100.0, 100.0, 100.0, 100.0, 100.0, 100.0, 100.0, 100.0, 100.0, 100.0, 100.0, 100.0, 100.0, 100.0, 100.0, 100.0, 100.0, 100.0, 100.0, 100.0, 100.0]
loss_list=[1.4046377598687456, 0.8311010453160163, 0.6192722642725266, 0.5295990189192472, 0.5320807262013356, 0.49388526575294905, 0.46551967242525694, 0.46218747173746416, 0.40790798733079875, 0.4082919715800219, 0.3973364986927697, 0.38921656896946594, 0.3859817325103062, 0.36573880884658394, 0.3864831378545474, 0.3773731628777804, 0.3457368503945569, 0.3575428402879172, 0.38610212223397355, 0.3444263211072043, 0.32395062013356773, 0.34764300130859566, 0.33650750992819667, 0.3106643357072716, 0.3344761436632663, 0.3299739361464701, 0.29014173017607797, 0.31750952099208474, 0.31066640982128396, 0.2850106089134459, 0.3010007937059358, 0.3402603438986397, 0.28470670974778906, 0.28083718929922696, 0.2941737923495195, 0.2966586378678955, 0.25780898554043635, 0.284112994928189, 0.3026625101213101, 0.2651617413214235, 0.27904115775255145, 0.28923103292300195, 0.2803675968441422, 0.2691645841976559, 0.2640821000975039, 0.2813767202232998, 0.25371266915807844, 0.2935523157456406, 0.27179402540938025, 0.2734386153657127, 0.2516106568121662, 0.28360442505735495, 0.2698717009189918, 0.2671622912106277, 0.26369987569266445, 0.2614293127182733, 0.23774129220594967, 0.269489438900793, 0.27401017300543135, 0.2543872663233843, 0.2533925429279743, 0.2552208204960657, 0.2707411917443905, 0.24903844927644564, 0.26108590252697467, 0.2867445918041523, 0.22721637938930478, 0.27967923339542555, 0.22444510215255256, 0.23368333268013816, 0.24617261757073852, 0.25041176284214967, 0.2538407378761029, 0.22858502823273066, 0.22598066372210507, 0.2339729772001091, 0.26230512205338863, 0.2617195764832474, 0.24319989986338267, 0.240808430786624, 0.23870880607584555, 0.2439526327764961, 0.23854966835394775, 0.2267196671174908, 0.23634575681277994, 0.2525381083634717, 0.2533699765404755, 0.23817532034849545, 0.24038980894342624, 0.22317208035469605, 0.24829301851698096, 0.2511465026841808, 0.23479776492480323, 0.21809980562301703, 0.23282591353377532, 0.24902854822920986, 0.21093574960077938, 0.24224828672767793, 0.23754303047123052, 0.23102641981440009]
BBSR:100.0
ABSR:100.0
max acc:89.08
