======================================
    IID: 1
    Dataset: cifar
    Model: resnet
    Model Init: None
    Aggregation Function: DABA
    Fraction NonIID: 0
    Long attack: 3
    Wide attack: 3
    Wide attack: trust
    Threshold reject: 0.5
    Threshold down: 0.0
    Attack method: badnet
    Fraction of malicious agents: 20.0%
    Poison Frac: 0.2
    Backdoor From 7 to 2
    Attack Begin: 0
    Trigger Shape: square
    Type poisoning: cs
    Trigger Position X: 0
    Trigger Position Y: 0
    Number of agents: 100
    Fraction of agents each turn: 30(30.0%)
    Local batch size: 50
    Local epoch: 3
    Client_LR: 0.01
    Client_Momentum: 0.9
    Global Rounds: 100
======================================
main_task_accuracy=[0, 10.819999694824219, 15.550000190734863, 33.900001525878906, 40.060001373291016, 45.689998626708984, 48.7400016784668, 52.83000183105469, 54.75, 56.959999084472656, 59.33000183105469, 59.02000045776367, 61.20000076293945, 60.0099983215332, 62.15999984741211, 63.290000915527344, 63.81999969482422, 65.31999969482422, 66.01000213623047, 66.36000061035156, 65.81999969482422, 66.69999694824219, 67.47000122070312, 67.95999908447266, 67.1500015258789, 66.41000366210938, 68.08999633789062, 69.7300033569336, 68.94000244140625, 68.56999969482422, 69.44999694824219, 69.13999938964844, 69.02999877929688, 69.86000061035156, 70.37999725341797, 69.0999984741211, 71.0, 70.33000183105469, 71.51000213623047, 71.94000244140625, 72.4000015258789, 71.44000244140625, 71.69999694824219, 72.37000274658203, 71.9000015258789, 72.68000030517578, 72.45999908447266, 72.7699966430664, 72.54000091552734, 72.30999755859375, 72.52999877929688, 72.41000366210938, 72.04000091552734, 72.52999877929688, 72.70999908447266, 72.62999725341797, 72.30999755859375, 72.62000274658203, 72.54000091552734, 72.41000366210938, 72.55999755859375, 72.75, 72.66999816894531, 72.52999877929688, 72.58999633789062, 72.5, 72.6500015258789, 72.56999969482422, 72.58000183105469, 72.37000274658203, 72.5199966430664, 72.56999969482422, 72.54000091552734, 72.5999984741211, 72.47000122070312, 72.52999877929688, 72.63999938964844, 72.58999633789062, 72.4800033569336, 72.44000244140625, 72.37999725341797, 72.45999908447266, 72.47000122070312, 72.33999633789062, 72.2699966430664, 72.3499984741211, 72.27999877929688, 72.19999694824219, 72.1500015258789, 72.27999877929688, 72.20999908447266, 72.30999755859375, 72.30000305175781, 72.27999877929688, 72.23999786376953, 72.27999877929688, 72.23999786376953, 72.2699966430664, 72.30000305175781, 72.26000213623047, 72.29000091552734]
backdoor_accuracy=[0, 3.9, 10.5, 5.4, 4.7, 5.0, 6.5, 5.2, 4.8, 5.1, 4.4, 3.6, 2.6, 4.8, 4.2, 3.6, 3.5, 3.9, 2.5, 1.5, 2.1, 3.2, 2.3, 1.9, 1.6, 2.1, 2.0, 1.9, 1.6, 1.9, 2.7, 2.2, 1.2, 1.4, 1.7, 2.0, 2.1, 1.6, 1.4, 1.9, 1.5, 1.8, 2.1, 1.7, 2.7, 2.4, 2.2, 1.6, 1.9, 1.9, 2.0, 2.0, 1.7, 2.0, 1.6, 2.1, 2.4, 2.3, 2.8, 2.9, 2.5, 2.8, 2.5, 2.1, 2.0, 1.6, 2.0, 1.9, 2.4, 2.4, 1.9, 2.4, 2.7, 2.2, 2.4, 2.6, 2.6, 2.2, 2.3, 2.2, 2.2, 2.3, 2.2, 2.2, 2.4, 2.2, 2.3, 2.5, 2.1, 2.1, 2.3, 2.1, 2.2, 2.3, 2.2, 2.1, 2.2, 2.0, 2.2, 2.2, 2.2]
loss_list=[1.9761742749479083, 1.4793134202559783, 1.1631049593289693, 0.9679790181087123, 0.847287784036663, 0.7323056684434415, 0.6833068781511652, 0.6038621885163916, 0.5943258287385106, 0.5150986733949846, 0.517155575040314, 0.47525092028909255, 0.46234215054247124, 0.40751038959870733, 0.4071302113744119, 0.4032565077704688, 0.3870787155835166, 0.38623278241811515, 0.33410411507615606, 0.359799124528654, 0.3223276719647563, 0.325153148010787, 0.35064037021146055, 0.2715526786746664, 0.27603350730819826, 0.2537157997250971, 0.21910416213485104, 0.276003262587409, 0.23106736224843188, 0.24354271051991314, 0.2184873268132409, 0.19034323904120054, 0.23296485836721123, 0.1626428688629272, 0.2277773325218974, 0.19477314762098505, 0.19444411533225014, 0.14118228597501808, 0.16778031948746905, 0.1398570016314948, 0.1346414096672864, 0.14405798372243428, 0.12640727244110567, 0.17891324856079235, 0.1177110431356252, 0.11282722733358645, 0.10980752969807427, 0.12602783099774065, 0.13399575050305834, 0.09976351523454972, 0.09142199213157357, 0.12748987985959195, 0.08153777036757673, 0.08143649897977917, 0.09535456560015317, 0.08045060567984669, 0.08756977571662798, 0.09460791285117412, 0.08332037419908576, 0.10432598058625848, 0.0947584830315706, 0.10488059224591575, 0.10580830423281033, 0.09584462534468104, 0.1020178107565476, 0.11635627532339028, 0.09959602285053634, 0.1040196043826452, 0.10531110839861667, 0.11715383211550132, 0.10759740838389717, 0.0948409312644637, 0.09707551636710479, 0.11318119412115064, 0.12075958916388725, 0.11935028753015407, 0.1261225725589126, 0.10756093515762284, 0.11257881634975395, 0.1172162068809525, 0.12268231831392365, 0.11190673640191864, 0.11655466804707731, 0.12591791191194918, 0.11945891826145168, 0.10718254207992386, 0.11183146646977142, 0.12848234569065325, 0.1326603307163168, 0.12587015530285298, 0.11462116646240855, 0.1416577874574997, 0.1321677788726811, 0.13667705612761596, 0.11971398265265937, 0.13493463140407894, 0.13096852090363328, 0.1259603377825826, 0.1380369084044974, 0.10889179248867248]
BBSR:2.3
ABSR:2.17
max acc:72.31
