======================================
    IID: 0
    Dataset: fashion_mnist
    Model: Mnist_CNN
    Model Init: None
    Aggregation Function: krum
    Fraction NonIID: 0
    Long attack: 3
    Wide attack: 3
    Wide attack: trust
    Threshold reject: 0.5
    Threshold down: 0.0
    Attack method: badnet
    Fraction of malicious agents: 13.0%
    Poison Frac: 0.2
    Backdoor From 7 to 2
    Attack Begin: 0
    Trigger Shape: square
    Type poisoning: 
    Trigger Position X: 0
    Trigger Position Y: 0
    Number of agents: 100
    Fraction of agents each turn: 30(30.0%)
    Local batch size: 50
    Local epoch: 3
    Client_LR: 0.01
    Client_Momentum: 0.9
    Global Rounds: 100
    Proportion of malicious are selected: 0.37
    Average score of malicious clients: 371.2904968261719
    Average score of benign clients: 398.9637451171875
======================================
main_task_accuracy=[0, 60.529998779296875, 66.5199966430664, 72.31999969482422, 70.81999969482422, 70.94999694824219, 73.80999755859375, 75.62999725341797, 77.12999725341797, 73.37000274658203, 77.66000366210938, 77.72000122070312, 77.87000274658203, 74.08999633789062, 79.48999786376953, 77.55999755859375, 79.7300033569336, 80.58999633789062, 81.52999877929688, 81.55000305175781, 77.8499984741211, 78.94000244140625, 80.93000030517578, 81.41000366210938, 81.19000244140625, 81.58000183105469, 81.7300033569336, 82.23999786376953, 82.2699966430664, 81.94000244140625, 81.30000305175781, 80.44000244140625, 81.9000015258789, 81.38999938964844, 82.33999633789062, 83.06999969482422, 83.30000305175781, 80.01000213623047, 82.48999786376953, 84.2699966430664, 83.72000122070312, 83.87000274658203, 82.93000030517578, 83.25, 82.05999755859375, 83.08000183105469, 83.01000213623047, 82.91999816894531, 83.7699966430664, 83.37999725341797, 81.4800033569336, 82.83000183105469, 84.08999633789062, 83.61000061035156, 83.66000366210938, 83.97000122070312, 83.2300033569336, 83.66000366210938, 84.16999816894531, 83.37000274658203, 83.94000244140625, 84.30999755859375, 83.33000183105469, 84.48999786376953, 83.56999969482422, 82.55000305175781, 83.27999877929688, 83.22000122070312, 83.37000274658203, 83.44999694824219, 82.75, 84.33000183105469, 84.37000274658203, 84.05000305175781, 83.41999816894531, 84.38999938964844, 83.75, 83.77999877929688, 83.94999694824219, 84.54000091552734, 84.3499984741211, 84.16000366210938, 83.94999694824219, 84.31999969482422, 83.94000244140625, 83.19999694824219, 82.72000122070312, 84.26000213623047, 84.7300033569336, 84.75, 84.37000274658203, 84.81999969482422, 84.33000183105469, 84.5999984741211, 83.88999938964844, 83.55999755859375, 84.44999694824219, 85.0199966430664, 84.25, 84.98999786376953, 84.69000244140625]
backdoor_accuracy=[0, 0.0, 0.0, 0.0, 0.0, 0.0, 0.0, 0.0, 0.0, 0.0, 99.9, 99.9, 99.9, 98.3, 88.8, 96.1, 100.0, 99.8, 98.8, 99.9, 98.3, 92.3, 98.4, 99.9, 99.2, 99.9, 99.3, 99.7, 99.1, 99.2, 100.0, 100.0, 100.0, 100.0, 100.0, 100.0, 100.0, 100.0, 99.9, 100.0, 100.0, 100.0, 99.9, 100.0, 100.0, 99.9, 100.0, 100.0, 100.0, 100.0, 100.0, 99.9, 100.0, 100.0, 100.0, 100.0, 100.0, 100.0, 100.0, 100.0, 100.0, 100.0, 100.0, 100.0, 100.0, 100.0, 100.0, 100.0, 100.0, 100.0, 100.0, 100.0, 100.0, 100.0, 100.0, 100.0, 99.9, 100.0, 100.0, 100.0, 100.0, 100.0, 100.0, 100.0, 100.0, 100.0, 100.0, 100.0, 100.0, 100.0, 100.0, 100.0, 100.0, 100.0, 100.0, 100.0, 100.0, 100.0, 100.0, 100.0, 100.0]
loss_list=[1.431262276570002, 0.874746077838871, 0.7116109818772033, 0.6075712547396068, 0.6207393064129132, 0.5645293916679092, 0.504650202103787, 0.5249522395707944, 0.49668652296618176, 0.5273315968888778, 0.48603497300710935, 0.48807161620093714, 0.47393006438872337, 0.4609939877564709, 0.4646155724301934, 0.44260315874384504, 0.45803313011096575, 0.4483095537664162, 0.4420897126128827, 0.4619785529595834, 0.45096009569587536, 0.460890638862771, 0.4070213279583388, 0.439058285696363, 0.41496610119248983, 0.4207978426754751, 0.4328311387690956, 0.408850731190156, 0.42373908335274024, 0.4557642268465349, 0.41054735834951755, 0.43259465332074026, 0.4693613831712692, 0.4262637559876398, 0.39645595604001915, 0.4140337428966261, 0.4386175935812019, 0.4287866585508541, 0.3673597554434781, 0.39639059901065016, 0.3858484083001882, 0.3927707820923792, 0.3916865201942899, 0.4238347498760387, 0.43842997771722303, 0.398956104569758, 0.42047830585355844, 0.39311865572731386, 0.3533066029509496, 0.4167751513559509, 0.42445253504233216, 0.3926897603173361, 0.415015921338582, 0.402552444204964, 0.39090378828027667, 0.4711874820464463, 0.39062589521312885, 0.43497280047034753, 0.39418570128166014, 0.4390895865581654, 0.37338747193571176, 0.4236409376427118, 0.3920706104444064, 0.4003171415265469, 0.41705379085356564, 0.4363365194354964, 0.43366744705838045, 0.3946395068839021, 0.40325985497070677, 0.39255426698019386, 0.40007269051555466, 0.40276019236986976, 0.44849818646907813, 0.3544736349161852, 0.4015166423602582, 0.4059781762482427, 0.41068926216965473, 0.4355277476901257, 0.3939256830261676, 0.3744748772553133, 0.42998385975014464, 0.41354169935069934, 0.39439761130348355, 0.36774221534185386, 0.41185557347015234, 0.4270779302550688, 0.3664284222811045, 0.3841174282715655, 0.3990597999327023, 0.41178410580312774, 0.4255547040004145, 0.3575819701762628, 0.4142434520946591, 0.43703714656057185, 0.36384826711620455, 0.3570802572752453, 0.4130700766290021, 0.41747309954522205, 0.3930383037910495, 0.40159174141870746]
BBSR:100.0
ABSR:100.0
max acc:85.02
