======================================
    IID: 0
    Dataset: fashion_mnist
    Model: Mnist_CNN
    Model Init: None
    Aggregation Function: RLR
    Fraction NonIID: 0
    Long attack: 3
    Wide attack: 3
    Wide attack: trust
    Threshold reject: 0.5
    Threshold down: 0.0
    Attack method: badnet
    Fraction of malicious agents: 13.0%
    Poison Frac: 0.2
    Backdoor From 7 to 2
    Attack Begin: 0
    Trigger Shape: square
    Type poisoning: 
    Trigger Position X: 0
    Trigger Position Y: 0
    Number of agents: 100
    Fraction of agents each turn: 30(30.0%)
    Local batch size: 50
    Local epoch: 3
    Client_LR: 0.01
    Client_Momentum: 0.9
    Global Rounds: 100
    RobustLR_threshold: 4
======================================
main_task_accuracy=[0, 57.2400016784668, 71.94000244140625, 74.73999786376953, 76.54000091552734, 78.41000366210938, 78.13999938964844, 79.45999908447266, 80.22000122070312, 80.54000091552734, 81.33000183105469, 81.41000366210938, 82.13999938964844, 82.69999694824219, 82.93000030517578, 83.18000030517578, 83.63999938964844, 84.22000122070312, 84.5199966430664, 84.5999984741211, 84.52999877929688, 84.98999786376953, 85.41999816894531, 85.01000213623047, 85.25, 85.69999694824219, 85.94999694824219, 85.91000366210938, 86.2699966430664, 86.22000122070312, 86.4000015258789, 86.33000183105469, 86.43000030517578, 86.41999816894531, 86.55000305175781, 86.88999938964844, 86.91999816894531, 86.91000366210938, 87.11000061035156, 87.0, 87.2300033569336, 87.0999984741211, 87.4800033569336, 87.4800033569336, 87.37000274658203, 87.54000091552734, 87.79000091552734, 87.63999938964844, 87.7300033569336, 87.63999938964844, 87.86000061035156, 88.05000305175781, 87.95999908447266, 88.0199966430664, 88.0, 88.12000274658203, 88.06999969482422, 88.06999969482422, 88.18000030517578, 88.37000274658203, 88.25, 88.30999755859375, 88.2300033569336, 88.30999755859375, 88.3499984741211, 88.31999969482422, 88.48999786376953, 88.48999786376953, 88.61000061035156, 88.62000274658203, 88.69999694824219, 88.69000244140625, 88.58000183105469, 88.56999969482422, 88.69999694824219, 88.69000244140625, 88.68000030517578, 88.75, 88.9000015258789, 88.76000213623047, 88.76000213623047, 88.83999633789062, 88.8499984741211, 88.91000366210938, 89.0199966430664, 88.93000030517578, 88.93000030517578, 89.08999633789062, 89.16000366210938, 89.25, 89.05000305175781, 89.19000244140625, 89.11000061035156, 89.31999969482422, 89.31999969482422, 89.30999755859375, 89.5199966430664, 89.33000183105469, 89.38999938964844, 89.37999725341797, 89.2699966430664]
backdoor_accuracy=[0, 1.8, 0.0, 0.1, 0.0, 0.2, 0.3, 0.4, 1.7, 1.4, 1.3, 12.0, 15.9, 31.0, 47.7, 58.3, 70.7, 70.5, 85.9, 84.7, 90.4, 88.8, 93.7, 94.5, 93.6, 96.0, 96.5, 97.2, 97.2, 97.4, 98.4, 98.8, 98.5, 99.2, 99.3, 99.1, 99.4, 99.3, 99.5, 99.6, 99.6, 99.7, 99.8, 99.8, 99.6, 99.7, 99.8, 99.8, 99.8, 99.7, 99.7, 99.7, 99.7, 99.7, 99.7, 99.7, 99.7, 99.8, 99.8, 99.8, 99.8, 99.7, 99.7, 99.7, 99.7, 99.7, 99.7, 99.7, 99.7, 99.7, 99.6, 99.7, 99.7, 99.7, 99.7, 99.7, 99.7, 99.7, 99.7, 99.7, 99.7, 99.7, 99.7, 99.7, 99.7, 99.8, 99.8, 99.7, 99.8, 99.7, 99.7, 99.7, 99.8, 99.7, 99.7, 99.7, 99.7, 99.7, 99.7, 99.7, 99.8]
loss_list=[1.4376003771744394, 0.8655111056786995, 0.6198937155996208, 0.5634030483525108, 0.5519868182363332, 0.4809821489784453, 0.4588755937224186, 0.44430697476836273, 0.42009814407814433, 0.42977466800560554, 0.4365800173263308, 0.41666030148734096, 0.3934857554871727, 0.4215160098616724, 0.3819659168521563, 0.3772680702584761, 0.38503970858399517, 0.3577774623615875, 0.3418439485960537, 0.370299591841521, 0.34299367716604917, 0.3404454713652808, 0.3228666156461394, 0.3244226391599687, 0.33579151768375326, 0.3193043638193221, 0.29740416546938603, 0.3151082645963739, 0.3145487141140081, 0.32329533594074067, 0.30513276999678324, 0.30965817978743604, 0.33323335355078737, 0.2916418031375441, 0.2907206314512425, 0.29093065437067434, 0.298955213766614, 0.29480156636693416, 0.27849358641025085, 0.27938703323059055, 0.29856744133349916, 0.2847690123340322, 0.2733603984807377, 0.2880528754761649, 0.2747569256634624, 0.2684091293597939, 0.27056116244790185, 0.26783083443081485, 0.26467302384337893, 0.26488186981253053, 0.27054083473566504, 0.2597778208760752, 0.26600368643800426, 0.24310014493832438, 0.2517328358324314, 0.2630089333625855, 0.2637995409158369, 0.2467443402649628, 0.25482088933974784, 0.2682074177837758, 0.2754870139959234, 0.25834535133714476, 0.25382083223235835, 0.2512579768413195, 0.25292746517462317, 0.24790151512629724, 0.25702692775262725, 0.26398441310178616, 0.24020194006842324, 0.2296674717804072, 0.2235754624509287, 0.2508483345378881, 0.23052418915106465, 0.23228037877836166, 0.23210321004261023, 0.21846490114651346, 0.22972368991554332, 0.2520141880752312, 0.24378785627238728, 0.24476576950401066, 0.24370625349865468, 0.23236058749155036, 0.2236989339347929, 0.24006405982913245, 0.23289582929056554, 0.22966186084129198, 0.21618024095358257, 0.22603021775268842, 0.2130544048794373, 0.22555203030955184, 0.22930416672800982, 0.2196810383142696, 0.22122468992947014, 0.22157297635416467, 0.21503459073396192, 0.21524926794830845, 0.22701252284114837, 0.2082442941799484, 0.2112516899437954, 0.20728398856741412]
BBSR:99.8
ABSR:99.72
max acc:89.52
