======================================
    IID: 1
    Dataset: cifar
    Model: resnet
    Model Init: None
    Aggregation Function: flame
    Fraction NonIID: 0
    Long attack: 3
    Wide attack: 3
    Wide attack: trust
    Threshold reject: 0.5
    Threshold down: 0.0
    Attack method: badnet
    Fraction of malicious agents: 13.0%
    Poison Frac: 0.2
    Backdoor From 7 to 2
    Attack Begin: 0
    Trigger Shape: square
    Type poisoning: pgd
    Trigger Position X: 0
    Trigger Position Y: 0
    Number of agents: 100
    Fraction of agents each turn: 30(30.0%)
    Local batch size: 50
    Local epoch: 3
    Client_LR: 0.01
    Client_Momentum: 0.9
    Global Rounds: 100
    Noise in FLAME: 0.001
proportion of malicious are selected:0.8933333333333333
proportion of benign are selected:0.5
======================================
main_task_accuracy=[0, 10.510000228881836, 35.33000183105469, 43.83000183105469, 44.959999084472656, 52.540000915527344, 52.220001220703125, 54.619998931884766, 58.34000015258789, 58.560001373291016, 57.59000015258789, 58.439998626708984, 61.88999938964844, 62.189998626708984, 60.900001525878906, 61.66999816894531, 62.310001373291016, 63.18000030517578, 62.20000076293945, 62.5, 62.61000061035156, 63.13999938964844, 63.900001525878906, 62.380001068115234, 64.66999816894531, 64.55000305175781, 65.0, 64.86000061035156, 65.47000122070312, 63.31999969482422, 63.7400016784668, 64.76000213623047, 66.16999816894531, 66.69000244140625, 66.33999633789062, 66.62999725341797, 65.52999877929688, 66.62999725341797, 65.29000091552734, 66.44000244140625, 67.04000091552734, 65.12999725341797, 65.91000366210938, 66.54000091552734, 66.62000274658203, 65.95999908447266, 67.62000274658203, 65.51000213623047, 67.9000015258789, 67.73999786376953, 67.52999877929688, 67.3499984741211, 67.51000213623047, 67.12000274658203, 67.52999877929688, 66.44999694824219, 66.4800033569336, 67.33000183105469, 68.55000305175781, 67.88999938964844, 67.0999984741211, 67.98999786376953, 67.69999694824219, 67.45999908447266, 68.93000030517578, 68.6500015258789, 67.98999786376953, 68.95999908447266, 68.1500015258789, 68.75, 68.88999938964844, 69.37999725341797, 68.38999938964844, 69.25, 68.7300033569336, 68.79000091552734, 67.37999725341797, 67.11000061035156, 68.16999816894531, 68.75, 66.51000213623047, 68.83000183105469, 69.58000183105469, 68.55000305175781, 69.36000061035156, 69.5, 68.37000274658203, 68.4000015258789, 68.22000122070312, 68.6500015258789, 68.73999786376953, 68.44999694824219, 69.44000244140625, 69.5, 69.55000305175781, 69.02999877929688, 70.52999877929688, 67.58999633789062, 69.0, 68.19000244140625, 69.31999969482422]
backdoor_accuracy=[0, 1.0, 5.0, 1.7, 0.9, 5.2, 7.7, 11.0, 2.2, 5.8, 5.6, 7.7, 1.6, 2.6, 1.2, 0.6, 2.4, 1.8, 2.5, 1.2, 0.7, 0.5, 1.0, 0.5, 0.4, 1.0, 1.8, 0.4, 0.7, 0.5, 0.4, 0.3, 1.2, 2.0, 3.4, 2.5, 2.5, 4.5, 1.2, 2.7, 1.2, 0.6, 5.0, 3.6, 1.6, 1.2, 1.6, 0.8, 1.1, 1.3, 2.1, 2.4, 1.4, 2.9, 5.1, 1.8, 2.2, 2.3, 2.7, 1.7, 2.4, 3.2, 3.4, 2.3, 2.3, 0.6, 1.7, 0.6, 0.7, 0.7, 1.6, 1.6, 3.6, 1.5, 0.8, 0.9, 1.3, 0.5, 2.8, 1.8, 0.5, 2.3, 1.9, 1.0, 2.4, 2.1, 3.7, 1.7, 2.0, 2.9, 2.4, 2.8, 2.4, 2.7, 2.6, 1.1, 3.2, 5.3, 7.4, 4.9, 2.3]
loss_list=[1.9612945222854619, 1.4345528733068038, 1.0675528382427162, 0.9292562669515608, 0.7398419105427132, 0.6886645425069664, 0.6323130933402313, 0.5920729158570368, 0.5377923398692575, 0.5345321727026668, 0.5170332710072397, 0.4735266657090849, 0.4796318488857813, 0.46901013815154624, 0.4806633334606886, 0.4521274530628903, 0.43885641130722236, 0.4408565648717599, 0.42640577711992805, 0.3997749614674185, 0.39902151353864207, 0.40641743545937864, 0.3842149378348969, 0.40259090247977947, 0.4298760299539815, 0.40175101588687123, 0.35829848901368677, 0.34684492789157156, 0.4018049653148693, 0.39859016664843594, 0.36047366531927955, 0.38052023667117785, 0.32489455737846185, 0.35805183720567985, 0.35646333733159635, 0.3604249433552226, 0.3208073833227779, 0.3508632245344213, 0.3515765436573162, 0.35085364140570163, 0.3697533034895443, 0.36712577763220505, 0.35629164393370355, 0.33949206774174756, 0.314595899790422, 0.34945366245694465, 0.3673579609435465, 0.33766866869655326, 0.2936853610020544, 0.3336466687995319, 0.3008166118871626, 0.3372686603308344, 0.3936938190620598, 0.3620519344581084, 0.3286640918197938, 0.2883752084673486, 0.3149851925148524, 0.3162349863867792, 0.36202028223830796, 0.3435346768382523, 0.30996292135652365, 0.2651349680762117, 0.34126018929605695, 0.3520649820022906, 0.3399345450750034, 0.28790854330640286, 0.30441575339943594, 0.28178204928783496, 0.3291960751135937, 0.2648275478137657, 0.2746839118024542, 0.3158460380204229, 0.29504818504805574, 0.2943029296413685, 0.27514023253331993, 0.34408214882895755, 0.30477769706760427, 0.34662809733275535, 0.265435862685295, 0.30400879921909, 0.29904155838924146, 0.23761016371013183, 0.31239937827353265, 0.30330341565474445, 0.26113976579909737, 0.3108170351554225, 0.32152542966624936, 0.3409029138688411, 0.29768726592935196, 0.27145647987594007, 0.3145142503747613, 0.3230991663183602, 0.31735017604116966, 0.23530789502999852, 0.26617245102624615, 0.32261342900494744, 0.3160900483640014, 0.3760819679265841, 0.2947254844899806, 0.3128563763284021]
BBSR:7.4
ABSR:3.47
max acc:70.53
