======================================
    IID: 1
    Dataset: cifar
    Model: resnet
    Model Init: None
    Aggregation Function: fltrust
    Fraction NonIID: 0
    Long attack: 3
    Wide attack: 3
    Wide attack: trust
    Threshold reject: 0.5
    Threshold down: 0.0
    Attack method: badnet
    Fraction of malicious agents: 13.0%
    Poison Frac: 0.2
    Backdoor From 7 to 2
    Attack Begin: 0
    Trigger Shape: square
    Type poisoning: pgd
    Trigger Position X: 0
    Trigger Position Y: 0
    Number of agents: 100
    Fraction of agents each turn: 30(30.0%)
    Local batch size: 50
    Local epoch: 3
    Client_LR: 0.01
    Client_Momentum: 0.9
    Global Rounds: 100
    Dataset In Server: 200
======================================
main_task_accuracy=[0, 10.0, 10.0, 12.329999923706055, 19.040000915527344, 26.510000228881836, 33.20000076293945, 39.5099983215332, 44.189998626708984, 47.310001373291016, 49.279998779296875, 52.13999938964844, 50.52000045776367, 48.709999084472656, 51.83000183105469, 54.25, 52.650001525878906, 57.7599983215332, 58.31999969482422, 57.68000030517578, 59.099998474121094, 55.04999923706055, 58.209999084472656, 54.130001068115234, 59.849998474121094, 60.93000030517578, 61.11000061035156, 60.7599983215332, 61.90999984741211, 63.38999938964844, 64.58000183105469, 63.86000061035156, 62.18000030517578, 62.95000076293945, 65.12999725341797, 63.70000076293945, 64.72000122070312, 64.2699966430664, 64.33000183105469, 65.8499984741211, 66.66000366210938, 65.94000244140625, 67.0199966430664, 67.37000274658203, 66.5999984741211, 67.58000183105469, 67.7300033569336, 66.66999816894531, 68.0, 67.0999984741211, 67.45999908447266, 68.9000015258789, 68.23999786376953, 68.77999877929688, 68.9000015258789, 68.54000091552734, 69.3499984741211, 68.83000183105469, 68.02999877929688, 69.58000183105469, 69.23999786376953, 68.7300033569336, 69.3499984741211, 69.69999694824219, 69.30000305175781, 70.72000122070312, 71.13999938964844, 70.62000274658203, 69.80000305175781, 70.58999633789062, 71.36000061035156, 69.95999908447266, 69.94999694824219, 70.88999938964844, 69.94999694824219, 70.26000213623047, 70.6500015258789, 68.75, 70.20999908447266, 70.22000122070312, 71.75, 71.83000183105469, 71.62999725341797, 71.62000274658203, 70.3499984741211, 71.94000244140625, 72.30999755859375, 70.30999755859375, 71.45999908447266, 71.48999786376953, 70.12000274658203, 72.11000061035156, 69.30000305175781, 71.87000274658203, 70.73999786376953, 72.27999877929688, 72.3499984741211, 71.66999816894531, 71.69999694824219, 68.8499984741211, 71.69999694824219]
backdoor_accuracy=[0, 0.0, 0.0, 8.7, 9.8, 9.3, 6.8, 3.8, 3.4, 2.6, 3.6, 5.6, 9.0, 25.6, 18.5, 9.5, 4.8, 2.1, 2.3, 4.1, 5.2, 4.3, 3.5, 2.1, 4.7, 4.4, 3.9, 3.7, 2.5, 6.0, 4.0, 2.5, 1.5, 2.3, 3.2, 5.4, 4.3, 4.0, 3.3, 2.5, 2.1, 1.7, 4.5, 4.0, 2.9, 2.5, 3.2, 4.1, 3.7, 2.6, 5.4, 3.1, 2.5, 1.8, 1.6, 3.0, 4.6, 3.1, 2.7, 4.3, 3.3, 0.4, 1.3, 3.3, 2.9, 3.0, 1.5, 2.3, 2.5, 2.3, 2.5, 1.4, 2.0, 4.5, 3.2, 2.2, 2.6, 2.9, 1.9, 1.5, 2.9, 2.4, 3.4, 2.8, 1.6, 4.6, 2.3, 1.9, 3.5, 1.7, 1.1, 1.0, 1.0, 3.6, 3.3, 2.8, 1.9, 1.1, 2.0, 1.2, 0.8]
loss_list=[1.9931077379650544, 1.5871617805957796, 1.204633160763317, 1.0431327574451765, 0.9360991191532876, 0.8723797939552201, 0.8322009835971728, 0.7376552915738688, 0.7278849857631656, 0.6964464318007231, 0.7035454602368796, 1.0562788793113496, 0.7150806711169168, 0.858235305390424, 0.6855214433620375, 0.637178373825219, 0.6534058618597273, 0.7592216307007604, 0.5648280825778945, 0.7621206947494971, 0.5920459690886654, 0.7559201345031358, 0.6171638818747467, 0.623833829162694, 0.6539682470624231, 0.5653065741269125, 0.4875206847571664, 0.5744025711107276, 0.49217766276483116, 0.5817302462789748, 0.49993976401579054, 0.4835758057340152, 0.46790823036080437, 0.47682624815187113, 0.4413445948486009, 0.5229489534822965, 0.46142401455177207, 0.4551573794749048, 0.398118884662011, 0.4213534671063018, 0.364047134956345, 0.35163578382266375, 0.5200472438923962, 0.3821016461195218, 0.3434717413987446, 0.40697003603744736, 0.3603925250067065, 0.3650145678126461, 0.32658606279693136, 0.3491543338657358, 0.3992574765509279, 0.40046657402676333, 0.2675868378354547, 0.3476451277456685, 0.303139289801992, 0.4091835127869855, 0.31142720423328374, 0.29433117490455823, 0.3441314261379496, 0.3079970880136696, 0.2881342922303723, 0.30046604524385956, 0.2909742827022759, 0.32208581791492175, 0.2632558746747802, 0.29572001374126156, 0.1840920035539117, 0.22482350100853693, 0.2170421172215396, 0.21122958201688663, 0.22531236439872174, 0.211011242673396, 0.1820080100205572, 0.1710100497500712, 0.20041177520269737, 0.24027162442229583, 0.20995319881120753, 0.21750387052850176, 0.17238350217250026, 0.21083788566174916, 0.1986069017119654, 0.15434124803759103, 0.12986707991454752, 0.17966535447145968, 0.1920182581384304, 0.15815611325812323, 0.09538845666477251, 0.165549474541072, 0.09917439943198889, 0.09574554060770123, 0.14747020898878369, 0.10391543146843711, 0.18511200658362617, 0.10465846581623835, 0.14899876083208555, 0.10940053145899178, 0.10502262994892791, 0.13928382330910408, 0.06963713604090217, 0.18794493232944254]
BBSR:22.680201520347527
ABSR:24.146500635814125
max acc:72.35
