======================================
    IID: 0
    Dataset: mnist
    Model: Mnist_CNN
    Model Init: None
    Aggregation Function: avg
    Fraction NonIID: 0
    Long attack: 4
    Wide attack: 4
    Wide attack: trust
    Threshold reject: 0.5
    Threshold down: 0.0
    Attack method: badnet
    Fraction of malicious agents: 13.0%
    Poison Frac: 0.2
    Backdoor From 7 to 2
    Attack Begin: 0
    Trigger Shape: square
    Type poisoning: pgd
    Trigger Position X: 0
    Trigger Position Y: 0
    Number of agents: 100
    Fraction of agents each turn: 30(30.0%)
    Local batch size: 50
    Local epoch: 3
    Client_LR: 0.01
    Client_Momentum: 0.9
    Global Rounds: 100
======================================
main_task_accuracy=[0, 35.970001220703125, 62.060001373291016, 65.66999816894531, 64.52999877929688, 78.41000366210938, 82.30999755859375, 77.6500015258789, 85.4000015258789, 82.83999633789062, 85.47000122070312, 84.91000366210938, 88.2699966430664, 92.97000122070312, 92.36000061035156, 94.18000030517578, 93.80000305175781, 94.25, 95.36000061035156, 95.5999984741211, 95.47000122070312, 96.7300033569336, 96.2300033569336, 96.37999725341797, 97.0999984741211, 95.98999786376953, 95.58000183105469, 96.9800033569336, 97.0, 96.86000061035156, 97.08999633789062, 96.91999816894531, 96.75, 96.26000213623047, 97.33999633789062, 96.52999877929688, 96.18000030517578, 97.69999694824219, 97.62999725341797, 97.73999786376953, 97.69999694824219, 97.87000274658203, 97.62000274658203, 97.9000015258789, 98.0, 98.12000274658203, 97.9800033569336, 97.95999908447266, 97.58000183105469, 97.69000244140625, 97.98999786376953, 98.19000244140625, 97.37999725341797, 97.88999938964844, 97.9800033569336, 98.1500015258789, 97.98999786376953, 98.30000305175781, 98.02999877929688, 97.7699966430664, 98.4800033569336, 97.55999755859375, 97.98999786376953, 98.19000244140625, 98.41000366210938, 98.44999694824219, 98.20999908447266, 98.33000183105469, 98.30000305175781, 98.4800033569336, 98.55000305175781, 98.48999786376953, 97.97000122070312, 98.33000183105469, 98.25, 98.37999725341797, 98.52999877929688, 98.54000091552734, 98.30999755859375, 98.63999938964844, 98.37000274658203, 98.2699966430664, 98.55999755859375, 98.48999786376953, 98.48999786376953, 98.5999984741211, 98.72000122070312, 98.69999694824219, 98.58000183105469, 98.66000366210938, 98.6500015258789, 98.63999938964844, 98.47000122070312, 98.4000015258789, 98.7300033569336, 98.58000183105469, 98.55000305175781, 98.45999908447266, 98.55000305175781, 98.69999694824219, 97.9000015258789]
backdoor_accuracy=[0, 0.0, 12.062256809338521, 0.0, 1.3618677042801557, 21.20622568093385, 0.19455252918287938, 6.42023346303502, 1.556420233463035, 1.3618677042801557, 5.3501945525291825, 1.4591439688715953, 4.863813229571984, 2.140077821011673, 6.42023346303502, 3.404669260700389, 4.377431906614786, 8.949416342412452, 10.311284046692608, 4.182879377431907, 8.754863813229573, 6.031128404669261, 15.46692607003891, 7.587548638132295, 18.579766536964982, 18.8715953307393, 10.894941634241246, 10.797665369649806, 4.571984435797665, 18.28793774319066, 10.116731517509727, 27.140077821011673, 17.315175097276263, 4.280155642023346, 12.937743190661479, 25.875486381322958, 10.992217898832685, 21.40077821011673, 11.186770428015564, 23.151750972762645, 32.295719844357976, 30.544747081712064, 30.836575875486382, 32.976653696498055, 37.45136186770428, 43.77431906614786, 36.96498054474708, 81.71206225680933, 33.94941634241245, 73.34630350194553, 85.60311284046692, 91.63424124513618, 71.20622568093385, 72.08171206225681, 81.71206225680933, 71.88715953307393, 90.46692607003891, 87.7431906614786, 89.10505836575875, 92.21789883268482, 91.82879377431907, 92.60700389105058, 64.49416342412451, 84.24124513618678, 93.19066147859922, 86.38132295719845, 65.46692607003891, 87.35408560311284, 58.56031128404669, 89.29961089494164, 88.13229571984436, 69.16342412451363, 60.01945525291829, 82.97665369649805, 91.73151750972762, 84.8249027237354, 93.28793774319067, 91.43968871595331, 96.40077821011673, 93.19066147859922, 96.69260700389106, 71.59533073929961, 93.19066147859922, 95.03891050583658, 93.8715953307393, 94.8443579766537, 95.3307392996109, 94.74708171206225, 97.08171206225681, 94.94163424124514, 96.20622568093385, 95.3307392996109, 99.0272373540856, 92.31517509727627, 95.62256809338521, 94.8443579766537, 95.03891050583658, 92.8988326848249, 97.08171206225681, 98.34630350194553, 92.50972762645914]
loss_list=[0.4563989364013041, 0.2754546385746442, 0.21254377700070556, 0.167531283086876, 0.16127792953742437, 0.1313534027098651, 0.11205648207186202, 0.09471030836014356, 0.0887553518800319, 0.08630029923166907, 0.08231735369817006, 0.0700016297783025, 0.06173337773401472, 0.05320600484427562, 0.060674526787225784, 0.0680914106013457, 0.05603134934636502, 0.04793133172985954, 0.05323361244623458, 0.04876269909417883, 0.04085597371413751, 0.04628152983072027, 0.04025285213180388, 0.0442244479691162, 0.03768728777602976, 0.030914315861864387, 0.034676814894704595, 0.0396050898495268, 0.037433105465487206, 0.03559946947117719, 0.03220384262037072, 0.03493438101534795, 0.0340388223325304, 0.03575486326053605, 0.03444049869173456, 0.03334713247736364, 0.03427066809950758, 0.031452425590898836, 0.030186429610339304, 0.02721498522140438, 0.030359353438926432, 0.025432833097068366, 0.027973287929987052, 0.02657135498701962, 0.028162929208615507, 0.022472256153973785, 0.026368118412252138, 0.02638190417245175, 0.027190213535657475, 0.028946575904006736, 0.024103103405512367, 0.02767876276143987, 0.030472548224800364, 0.024931433729412863, 0.022298662604310626, 0.02607509060608356, 0.023042530011040094, 0.021174981294977423, 0.020476719681028467, 0.024438056576541013, 0.022496362824572277, 0.02243949984555604, 0.024631721399333634, 0.02511145683924404, 0.023571856858578873, 0.015687922195440396, 0.022906023389530083, 0.019897633844920874, 0.023403413197702057, 0.021234385585473397, 0.022869276311864046, 0.022252284621765997, 0.02038781070106639, 0.023497831550431177, 0.020353458434380373, 0.022137511539634207, 0.019927158672740683, 0.02108837626475056, 0.021135314202238388, 0.02090696464051444, 0.020415444222906993, 0.020952914105637106, 0.018845893389897252, 0.01988801676795512, 0.023615680688094845, 0.019853140302220747, 0.019856185012406654, 0.0161741708165137, 0.019830713536656, 0.01701702436391523, 0.01796255312802091, 0.021827493470357454, 0.016029266085847243, 0.016093680199050758, 0.017196640443197526, 0.021503844108018304, 0.018655173612455257, 0.019600390046362007, 0.02233180004234567, 0.016740242123973088]
BBSR:99.03
ABSR:95.3
max acc:98.73
