======================================
    IID: 0
    Dataset: mnist
    Model: Mnist_CNN
    Model Init: None
    Aggregation Function: RLR
    Fraction NonIID: 0
    Long attack: 3
    Wide attack: 3
    Wide attack: trust
    Threshold reject: 0.5
    Threshold down: 0.0
    Attack method: dba
    Fraction of malicious agents: 20.0%
    Poison Frac: 0.2
    Backdoor From 7 to 2
    Attack Begin: 0
    Trigger Shape: square
    Type poisoning: 
    Trigger Position X: 0
    Trigger Position Y: 0
    Number of agents: 100
    Fraction of agents each turn: 30(30.0%)
    Local batch size: 50
    Local epoch: 3
    Client_LR: 0.01
    Client_Momentum: 0.9
    Global Rounds: 100
    RobustLR_threshold: 4
======================================
main_task_accuracy=[0, 47.38999938964844, 40.18000030517578, 41.790000915527344, 54.290000915527344, 72.33999633789062, 86.9000015258789, 77.68000030517578, 88.9800033569336, 83.55000305175781, 81.98999786376953, 87.37000274658203, 88.7300033569336, 88.55999755859375, 90.48999786376953, 89.56999969482422, 94.08000183105469, 92.62999725341797, 91.05000305175781, 94.08999633789062, 90.05999755859375, 87.36000061035156, 93.08000183105469, 95.63999938964844, 91.86000061035156, 94.0, 94.86000061035156, 94.31999969482422, 94.18000030517578, 95.7300033569336, 96.11000061035156, 96.55000305175781, 95.2300033569336, 96.22000122070312, 96.62999725341797, 96.4000015258789, 96.48999786376953, 96.22000122070312, 96.1500015258789, 95.54000091552734, 96.52999877929688, 96.94000244140625, 96.37999725341797, 96.68000030517578, 96.83000183105469, 96.86000061035156, 96.2699966430664, 95.9800033569336, 96.4000015258789, 96.55999755859375, 96.94999694824219, 95.73999786376953, 96.62000274658203, 96.9000015258789, 96.87999725341797, 96.86000061035156, 96.94999694824219, 96.5199966430664, 96.7300033569336, 96.38999938964844, 96.52999877929688, 97.2699966430664, 97.5, 96.80000305175781, 97.20999908447266, 96.88999938964844, 96.5999984741211, 97.05000305175781, 96.38999938964844, 97.06999969482422, 97.43000030517578, 96.66000366210938, 96.83999633789062, 97.12000274658203, 96.83999633789062, 96.81999969482422, 97.0999984741211, 97.44000244140625, 97.54000091552734, 97.22000122070312, 97.1500015258789, 97.37000274658203, 96.8499984741211, 97.55000305175781, 96.63999938964844, 95.98999786376953, 96.5199966430664, 97.56999969482422, 97.72000122070312, 97.58000183105469, 97.5999984741211, 97.5199966430664, 96.94000244140625, 97.7699966430664, 97.22000122070312, 97.5999984741211, 97.54000091552734, 96.83000183105469, 97.02999877929688, 97.0, 97.37000274658203]
backdoor_accuracy=[0, 20.719844357976655, 0.09727626459143969, 0.6809338521400778, 27.33463035019455, 0.38910505836575876, 6.031128404669261, 2.0428015564202333, 5.739299610894942, 15.46692607003891, 2.0428015564202333, 1.556420233463035, 3.21011673151751, 7.782101167315175, 5.058365758754864, 1.3618677042801557, 5.933852140077821, 5.836575875486381, 5.739299610894942, 11.575875486381323, 2.7237354085603114, 4.085603112840467, 4.571984435797665, 3.0155642023346303, 1.6536964980544746, 21.011673151750973, 10.992217898832685, 1.9455252918287937, 2.529182879377432, 4.182879377431907, 2.431906614785992, 6.3229571984435795, 4.377431906614786, 8.560311284046692, 9.630350194552529, 5.058365758754864, 11.186770428015564, 4.377431906614786, 16.828793774319067, 7.782101167315175, 4.280155642023346, 10.311284046692608, 5.642023346303502, 15.272373540856032, 4.571984435797665, 13.035019455252918, 17.023346303501945, 9.24124513618677, 16.53696498054475, 6.809338521400778, 3.6964980544747084, 10.116731517509727, 7.782101167315175, 10.603112840466926, 37.54863813229572, 7.101167315175097, 20.038910505836576, 8.365758754863814, 13.229571984435797, 49.80544747081712, 17.704280155642024, 19.747081712062258, 29.571984435797667, 16.245136186770427, 13.715953307392995, 11.575875486381323, 29.961089494163424, 8.949416342412452, 16.439688715953306, 19.06614785992218, 16.245136186770427, 6.517509727626459, 9.24124513618677, 57.976653696498055, 21.011673151750973, 26.361867704280154, 50.778210116731515, 43.96887159533074, 51.55642023346304, 56.1284046692607, 75.58365758754864, 42.80155642023346, 32.490272373540854, 21.011673151750973, 15.17509727626459, 12.937743190661479, 29.377431906614785, 37.45136186770428, 31.420233463035018, 35.01945525291829, 14.688715953307392, 17.509727626459146, 19.06614785992218, 64.2023346303502, 27.237354085603112, 13.035019455252918, 62.06225680933852, 90.46692607003891, 32.490272373540854, 60.01945525291829, 60.89494163424124]
loss_list=[0.4345681649306298, 0.3811148627176524, 0.27998549271816525, 0.2259905532202668, 0.1817519369642676, 0.1446011909574281, 0.11890059833625208, 0.1132205587030366, 0.1020433325873302, 0.09082285087546361, 0.09465501411470569, 0.09088513635341065, 0.07157155499162633, 0.0869224089540714, 0.08510779142560318, 0.08012369418906302, 0.07474280431360122, 0.07786355178806001, 0.0748830496183986, 0.07168836444432804, 0.07483288815132766, 0.06880241945665995, 0.059026761570684656, 0.06426068089966934, 0.06962834311831849, 0.05340521969095033, 0.06135434936107447, 0.06311928846183093, 0.054451788699356345, 0.0453944796741311, 0.06065276995769274, 0.044624133185396424, 0.04543760449328041, 0.059920499024994266, 0.046555932403416836, 0.05142760251300613, 0.04700849595050114, 0.059754453750642804, 0.053137333503396965, 0.044824527673941954, 0.055943333388063836, 0.04501410997907106, 0.04737797043991317, 0.05095430823586166, 0.04727183147248228, 0.04191747151420989, 0.04647595235274483, 0.04238117751178882, 0.041510031433563084, 0.04511464376169147, 0.03915439260893428, 0.03745159193720651, 0.03772812147597689, 0.046424938123978195, 0.0436097496336513, 0.04363765590105836, 0.03841461712026662, 0.035856849319277524, 0.04448495972389187, 0.042009869204435495, 0.04624788549885718, 0.03965732204738954, 0.031969814265752745, 0.03915914580008087, 0.0334709669098369, 0.029976151421440955, 0.04072794328847973, 0.037697159083473035, 0.04281079003642903, 0.038550056893983824, 0.032941975040853166, 0.036796203565704184, 0.034218255661500586, 0.036174282041964226, 0.0414863604449031, 0.032203656453852765, 0.03918519115134708, 0.0421587671865532, 0.034450634797983576, 0.035387286318829904, 0.03800909534607822, 0.034409825623141314, 0.043621128283224404, 0.0376507654468247, 0.029802199356772942, 0.034513483074694165, 0.03478521571504187, 0.04562542057331679, 0.03464815891361128, 0.031944007340349315, 0.03894249674146564, 0.02914412148528942, 0.036339191281677036, 0.03426928206125443, 0.045835185205421666, 0.030671810346482815, 0.030134748932968518, 0.033608583793074305, 0.03418884677798931, 0.03618702684678286]
BBSR:90.47
ABSR:44.7
max acc:97.77
