======================================
    IID: 0
    Dataset: fashion_mnist
    Model: Mnist_CNN
    Model Init: None
    Aggregation Function: DABA
    Fraction NonIID: 0
    Long attack: 3
    Wide attack: 3
    Wide attack: trust
    Threshold reject: 0.5
    Threshold down: 0.0
    Attack method: badnet
    Fraction of malicious agents: 20.0%
    Poison Frac: 0.2
    Backdoor From 7 to 2
    Attack Begin: 0
    Trigger Shape: square
    Type poisoning: pgd
    Trigger Position X: 0
    Trigger Position Y: 0
    Number of agents: 100
    Fraction of agents each turn: 30(30.0%)
    Local batch size: 50
    Local epoch: 3
    Client_LR: 0.01
    Client_Momentum: 0.9
    Global Rounds: 100
======================================
main_task_accuracy=[0, 59.41999816894531, 72.77999877929688, 74.81999969482422, 75.66999816894531, 76.83000183105469, 77.04000091552734, 78.86000061035156, 77.62999725341797, 78.62000274658203, 78.47000122070312, 81.0999984741211, 77.83000183105469, 81.76000213623047, 76.43000030517578, 78.61000061035156, 81.0, 81.83999633789062, 83.9000015258789, 83.75, 79.16000366210938, 84.83999633789062, 81.1500015258789, 84.19999694824219, 84.45999908447266, 83.69999694824219, 80.95999908447266, 85.2699966430664, 80.86000061035156, 84.20999908447266, 85.37999725341797, 85.62999725341797, 81.41999816894531, 84.94999694824219, 84.69999694824219, 86.1500015258789, 86.25, 86.44999694824219, 85.47000122070312, 83.98999786376953, 86.70999908447266, 86.2300033569336, 85.25, 86.4800033569336, 86.4800033569336, 81.33000183105469, 86.20999908447266, 86.9800033569336, 85.25, 85.80999755859375, 83.33999633789062, 87.69000244140625, 86.72000122070312, 86.81999969482422, 87.63999938964844, 86.80999755859375, 86.80999755859375, 87.16000366210938, 87.54000091552734, 87.19000244140625, 87.45999908447266, 86.31999969482422, 85.58999633789062, 86.55000305175781, 87.80000305175781, 86.69999694824219, 87.98999786376953, 87.1500015258789, 87.38999938964844, 87.38999938964844, 87.61000061035156, 86.86000061035156, 87.3499984741211, 86.63999938964844, 88.06999969482422, 87.51000213623047, 87.51000213623047, 88.19000244140625, 88.22000122070312, 88.33000183105469, 87.43000030517578, 87.05000305175781, 87.38999938964844, 87.4000015258789, 87.23999786376953, 88.26000213623047, 84.72000122070312, 87.75, 87.0199966430664, 86.75, 88.68000030517578, 88.80999755859375, 86.6500015258789, 87.0199966430664, 88.80000305175781, 88.16000366210938, 87.83000183105469, 88.94999694824219, 85.7699966430664, 87.79000091552734, 88.94000244140625]
backdoor_accuracy=[0, 0.0, 0.0, 5.0, 78.4, 94.5, 95.9, 99.8, 99.9, 99.9, 100.0, 99.8, 100.0, 100.0, 100.0, 99.9, 99.9, 100.0, 100.0, 100.0, 100.0, 100.0, 100.0, 100.0, 100.0, 100.0, 100.0, 100.0, 100.0, 100.0, 100.0, 100.0, 100.0, 100.0, 100.0, 100.0, 100.0, 100.0, 100.0, 100.0, 100.0, 100.0, 100.0, 100.0, 100.0, 100.0, 100.0, 100.0, 100.0, 100.0, 100.0, 100.0, 100.0, 100.0, 100.0, 100.0, 100.0, 100.0, 100.0, 100.0, 100.0, 100.0, 100.0, 100.0, 100.0, 100.0, 100.0, 100.0, 100.0, 100.0, 100.0, 100.0, 100.0, 100.0, 100.0, 100.0, 100.0, 100.0, 100.0, 100.0, 100.0, 100.0, 100.0, 100.0, 100.0, 100.0, 100.0, 100.0, 100.0, 100.0, 100.0, 100.0, 100.0, 100.0, 100.0, 100.0, 100.0, 100.0, 100.0, 100.0, 100.0]
loss_list=[1.4654716020381007, 0.8670765040649306, 0.6486344255369019, 0.5851921455727684, 0.5079519799255111, 0.47120377302721705, 0.47044322321674337, 0.4401533276394562, 0.43096970368038723, 0.4115580157135372, 0.39656675219949755, 0.38644694565208965, 0.39852605294091287, 0.38692260631532577, 0.40430568898165664, 0.3785014551684813, 0.3607656973241656, 0.39211071254340585, 0.36029636246255703, 0.35778583037080586, 0.34516998168632956, 0.33842673958106734, 0.3334030718439155, 0.34037707343835516, 0.35002478522559, 0.3282176341758006, 0.2977908430414067, 0.300636209802771, 0.29571681123709787, 0.31483624139455724, 0.2949502445619416, 0.28498576870533054, 0.2897807144663401, 0.29221030679979815, 0.3097508523544227, 0.2789517214280312, 0.27226536184618316, 0.27813566390907873, 0.27525802385751846, 0.2652139934676665, 0.2856366940584309, 0.2808630028463624, 0.2675681269158506, 0.26137037470384883, 0.28536665698996294, 0.28910357018725746, 0.248196997086483, 0.23735591833289993, 0.2893784550087596, 0.2770478672658403, 0.2801508687350347, 0.24893820795954927, 0.26113876674013836, 0.26115189300401614, 0.26063213842334576, 0.24858977792750075, 0.2543269453570247, 0.24045523206737857, 0.25706080817100074, 0.2307940118463227, 0.22394065537179514, 0.25309301155998754, 0.25973226362839336, 0.25085438369531876, 0.2183690352184284, 0.2351341271152099, 0.21763813496498324, 0.2668208989383722, 0.24250231857446058, 0.23465826970318124, 0.24553671943851643, 0.2408935522971053, 0.24431672352711084, 0.2471114939182169, 0.2570444440848574, 0.20932410600319232, 0.23581115672088881, 0.22853677572889464, 0.22608078199059323, 0.2464335826673994, 0.23552444436483913, 0.24049362766004553, 0.2208715189024116, 0.23728938127902366, 0.22069578991719968, 0.23777132837653714, 0.24757440165288883, 0.21934991354053773, 0.21257906836043622, 0.229451060909088, 0.223590854641602, 0.22473475848048646, 0.23353134942482467, 0.23573583109925186, 0.20229614225940576, 0.22970663970853725, 0.22122507479766176, 0.22256669660521392, 0.22554865731357554, 0.2167376354000427]
BBSR:100.0
ABSR:100.0
max acc:88.95
