======================================
    IID: 0
    Dataset: mnist
    Model: Mnist_CNN
    Model Init: None
    Aggregation Function: fltrust
    Fraction NonIID: 0
    Long attack: 4
    Wide attack: 4
    Wide attack: trust
    Threshold reject: 0.5
    Threshold down: 0.0
    Attack method: dba
    Fraction of malicious agents: 13.0%
    Poison Frac: 0.2
    Backdoor From 7 to 2
    Attack Begin: 0
    Trigger Shape: square
    Type poisoning: 
    Trigger Position X: 0
    Trigger Position Y: 0
    Number of agents: 100
    Fraction of agents each turn: 30(30.0%)
    Local batch size: 50
    Local epoch: 3
    Client_LR: 0.01
    Client_Momentum: 0.9
    Global Rounds: 100
    Dataset In Server: 200
======================================
main_task_accuracy=[0, 9.800000190734863, 56.97999954223633, 64.16000366210938, 65.58999633789062, 53.709999084472656, 75.37000274658203, 68.20999908447266, 80.37999725341797, 82.73999786376953, 80.9800033569336, 84.23999786376953, 79.63999938964844, 76.08999633789062, 80.51000213623047, 86.06999969482422, 86.05000305175781, 88.77999877929688, 91.2699966430664, 89.48999786376953, 90.05000305175781, 88.48999786376953, 90.0199966430664, 89.98999786376953, 88.69999694824219, 89.29000091552734, 90.54000091552734, 93.7300033569336, 91.94000244140625, 90.81999969482422, 91.23999786376953, 93.5, 93.13999938964844, 94.30999755859375, 91.9000015258789, 93.5, 93.41999816894531, 94.88999938964844, 88.01000213623047, 92.27999877929688, 87.54000091552734, 94.62000274658203, 95.38999938964844, 94.83000183105469, 94.06999969482422, 94.87000274658203, 94.88999938964844, 96.05999755859375, 95.12999725341797, 96.13999938964844, 95.36000061035156, 95.91000366210938, 96.12000274658203, 96.18000030517578, 94.31999969482422, 96.47000122070312, 96.12000274658203, 96.4000015258789, 96.30999755859375, 95.98999786376953, 97.01000213623047, 95.31999969482422, 95.62000274658203, 96.81999969482422, 96.58999633789062, 95.1500015258789, 96.48999786376953, 95.70999908447266, 96.93000030517578, 95.76000213623047, 96.77999877929688, 97.02999877929688, 96.51000213623047, 96.87000274658203, 96.13999938964844, 95.69000244140625, 96.98999786376953, 96.73999786376953, 96.7699966430664, 96.79000091552734, 92.80999755859375, 97.29000091552734, 96.48999786376953, 97.12999725341797, 96.7699966430664, 97.44999694824219, 97.16000366210938, 96.80000305175781, 97.16999816894531, 97.05000305175781, 96.36000061035156, 97.48999786376953, 97.29000091552734, 97.6500015258789, 94.0999984741211, 97.29000091552734, 95.93000030517578, 97.58999633789062, 97.44000244140625, 97.79000091552734, 96.80000305175781]
backdoor_accuracy=[0, 0.0, 6.42023346303502, 0.19455252918287938, 4.863813229571984, 0.0, 10.408560311284047, 0.38910505836575876, 7.490272373540856, 0.9727626459143969, 5.058365758754864, 1.264591439688716, 3.307392996108949, 1.6536964980544746, 2.431906614785992, 2.7237354085603114, 1.3618677042801557, 4.377431906614786, 3.21011673151751, 1.264591439688716, 5.3501945525291825, 2.431906614785992, 3.6964980544747084, 2.3346303501945527, 1.8482490272373542, 2.529182879377432, 5.447470817120623, 1.556420233463035, 4.377431906614786, 1.6536964980544746, 7.101167315175097, 1.8482490272373542, 2.431906614785992, 2.431906614785992, 5.3501945525291825, 1.1673151750972763, 1.7509727626459144, 2.140077821011673, 3.9883268482490273, 2.529182879377432, 2.6264591439688716, 3.11284046692607, 3.21011673151751, 1.7509727626459144, 5.739299610894942, 1.3618677042801557, 6.809338521400778, 1.1673151750972763, 3.7937743190661477, 1.264591439688716, 5.544747081712062, 1.0700389105058365, 4.182879377431907, 1.7509727626459144, 10.505836575875486, 1.264591439688716, 5.739299610894942, 2.140077821011673, 2.9182879377431905, 3.8910505836575875, 2.237354085603113, 2.140077821011673, 2.6264591439688716, 4.863813229571984, 1.6536964980544746, 12.354085603112841, 1.264591439688716, 1.7509727626459144, 1.264591439688716, 2.431906614785992, 1.264591439688716, 2.529182879377432, 3.8910505836575875, 2.140077821011673, 5.544747081712062, 2.237354085603113, 3.0155642023346303, 2.529182879377432, 4.280155642023346, 1.7509727626459144, 2.9182879377431905, 1.7509727626459144, 11.089494163424124, 0.9727626459143969, 3.8910505836575875, 1.6536964980544746, 2.237354085603113, 2.0428015564202333, 3.6964980544747084, 1.0700389105058365, 2.140077821011673, 3.501945525291829, 1.556420233463035, 2.6264591439688716, 6.22568093385214, 3.5992217898832686, 2.9182879377431905, 2.529182879377432, 4.863813229571984, 2.237354085603113, 5.155642023346304]
loss_list=[0.4911991197816054, 0.46888925099028295, 0.3625646055192853, 0.28801701958643194, 0.21076330981766433, 0.20185750777692885, 0.2077189213068291, 0.17082058713310808, 0.12536483173773913, 0.14369487221112745, 0.12443439957062631, 0.12958966775935435, 0.11021926072895197, 0.13954810856318636, 0.11486211361545992, 0.11549548098487851, 0.08890751975713088, 0.0899475491870292, 0.09909215165604193, 0.07522174196362018, 0.09098753493664494, 0.07371311534664231, 0.07954019764449415, 0.08640081115141854, 0.06725058806055631, 0.06362120265701646, 0.07832617823480183, 0.0697486731076634, 0.06301834104091673, 0.0682627427539823, 0.0687317868518631, 0.06100007168503167, 0.05757573003651231, 0.06338537141830074, 0.05798614867052597, 0.06328573741909853, 0.06234291722875444, 0.044223662535741656, 0.04643496092116816, 0.058882293362636215, 0.06285721075595711, 0.05227199187089712, 0.047228191132750716, 0.05124477464918143, 0.0610977538179618, 0.054234677497220635, 0.0499580348793589, 0.04133602744826233, 0.06132267665712935, 0.047313424693900326, 0.04571723678914911, 0.0438497897997115, 0.04884179430520672, 0.05200087854348633, 0.04792334838346131, 0.039554391331959295, 0.03152143590276233, 0.05699588350738913, 0.04273126534866944, 0.039517128339281386, 0.04018415283287326, 0.040927177878244216, 0.055429963648624604, 0.03729482198529616, 0.03869528382543872, 0.043612479241127336, 0.05176759482015301, 0.03565926631547208, 0.041484913354634494, 0.03621847984873603, 0.047025229699614264, 0.03169281320576144, 0.03654026703847989, 0.028983733505503484, 0.041766138435358736, 0.044848853402139684, 0.03739764905333646, 0.03300040067500918, 0.03244041410098265, 0.044021625611548564, 0.049196639407637105, 0.03356317254960902, 0.03493908283423718, 0.03376015893308752, 0.03479158792463049, 0.03829159301533918, 0.03521998766764115, 0.04088476978525024, 0.03758764615831015, 0.03375077268392479, 0.033756440702443366, 0.03214973186181986, 0.03767346019765054, 0.02621046585204801, 0.03459735644637097, 0.03073769798994502, 0.040043498896619165, 0.03497529956663123, 0.032711501728043296, 0.026306964044138206]
BBSR:6.23
ABSR:3.52
max acc:97.79
