======================================
    IID: 0
    Dataset: mnist
    Model: Mnist_CNN
    Model Init: None
    Aggregation Function: avg
    Fraction NonIID: 0
    Long attack: 5
    Wide attack: 5
    Wide attack: trust
    Threshold reject: 0.5
    Threshold down: 0.0
    Attack method: badnet
    Fraction of malicious agents: 13.0%
    Poison Frac: 0.2
    Backdoor From 7 to 2
    Attack Begin: 0
    Trigger Shape: square
    Type poisoning: pgd
    Trigger Position X: 0
    Trigger Position Y: 0
    Number of agents: 100
    Fraction of agents each turn: 30(30.0%)
    Local batch size: 50
    Local epoch: 3
    Client_LR: 0.01
    Client_Momentum: 0.9
    Global Rounds: 100
======================================
main_task_accuracy=[0, 46.63999938964844, 48.61000061035156, 48.709999084472656, 76.05999755859375, 78.16000366210938, 81.26000213623047, 73.04000091552734, 75.69000244140625, 81.11000061035156, 73.93000030517578, 74.9000015258789, 85.63999938964844, 89.43000030517578, 94.33000183105469, 93.73999786376953, 94.37999725341797, 95.30000305175781, 95.19000244140625, 95.54000091552734, 94.68000030517578, 94.41000366210938, 95.05000305175781, 93.68000030517578, 95.97000122070312, 95.3499984741211, 94.68000030517578, 96.94000244140625, 96.73999786376953, 96.37999725341797, 96.91999816894531, 96.94000244140625, 96.48999786376953, 96.41999816894531, 95.44000244140625, 96.69000244140625, 97.0, 97.55999755859375, 97.16000366210938, 97.37999725341797, 97.5, 97.22000122070312, 97.47000122070312, 96.94999694824219, 97.68000030517578, 97.55999755859375, 97.66000366210938, 97.48999786376953, 97.68000030517578, 97.69000244140625, 97.76000213623047, 98.05000305175781, 97.61000061035156, 97.5999984741211, 97.94999694824219, 97.45999908447266, 98.06999969482422, 98.27999877929688, 98.0199966430664, 97.88999938964844, 97.66000366210938, 96.75, 98.31999969482422, 97.94999694824219, 97.91000366210938, 97.9800033569336, 97.70999908447266, 97.66999816894531, 98.29000091552734, 98.22000122070312, 98.33999633789062, 98.36000061035156, 98.30999755859375, 98.44000244140625, 98.2300033569336, 98.31999969482422, 97.91000366210938, 98.31999969482422, 98.48999786376953, 98.38999938964844, 98.5199966430664, 98.4000015258789, 98.48999786376953, 98.54000091552734, 98.36000061035156, 98.44000244140625, 98.33000183105469, 98.5, 98.30999755859375, 98.58000183105469, 98.33999633789062, 98.55000305175781, 98.51000213623047, 98.63999938964844, 98.48999786376953, 98.69999694824219, 98.3499984741211, 98.5, 98.43000030517578, 98.37000274658203, 98.69000244140625]
backdoor_accuracy=[0, 8.657587548638132, 0.48638132295719844, 0.09727626459143969, 5.933852140077821, 0.38910505836575876, 11.478599221789883, 0.38910505836575876, 4.766536964980545, 11.575875486381323, 0.2918287937743191, 1.4591439688715953, 2.237354085603113, 2.140077821011673, 1.556420233463035, 3.21011673151751, 3.501945525291829, 7.684824902723736, 2.237354085603113, 3.11284046692607, 3.9883268482490273, 6.031128404669261, 7.490272373540856, 5.058365758754864, 10.019455252918288, 8.560311284046692, 23.929961089494164, 12.354085603112841, 28.50194552529183, 9.33852140077821, 26.556420233463037, 14.299610894941635, 7.976653696498055, 16.53696498054475, 8.268482490272374, 7.490272373540856, 21.108949416342412, 15.75875486381323, 38.91050583657587, 5.447470817120623, 27.042801556420233, 4.571984435797665, 27.140077821011673, 52.33463035019455, 22.56809338521401, 26.167315175097276, 21.108949416342412, 39.202334630350194, 35.505836575875485, 75.09727626459144, 55.252918287937746, 71.01167315175097, 59.824902723735406, 34.53307392996109, 81.03112840466926, 39.59143968871595, 78.59922178988327, 67.8988326848249, 61.18677042801556, 87.2568093385214, 96.59533073929961, 83.26848249027238, 94.8443579766537, 90.27237354085604, 93.09338521400778, 96.40077821011673, 88.91050583657588, 98.34630350194553, 92.02334630350195, 96.10894941634241, 94.45525291828794, 96.20622568093385, 97.17898832684826, 96.01167315175097, 96.01167315175097, 96.10894941634241, 92.8988326848249, 97.27626459143968, 97.47081712062257, 98.5408560311284, 96.49805447470817, 99.22178988326849, 98.34630350194553, 97.76264591439688, 97.27626459143968, 98.63813229571984, 99.12451361867704, 99.41634241245136, 98.92996108949416, 98.15175097276264, 97.47081712062257, 98.92996108949416, 98.5408560311284, 99.12451361867704, 98.15175097276264, 99.31906614785993, 98.73540856031128, 99.70817120622569, 99.0272373540856, 99.31906614785993, 99.22178988326849]
loss_list=[0.47394257249722205, 0.22764052476697552, 0.1897389090946583, 0.19044423453693413, 0.1704512050709092, 0.12246183563671105, 0.10519041020186568, 0.09917921136477928, 0.09101156124601464, 0.08879190223776931, 0.10428564663563268, 0.08938882583334876, 0.07998732457416913, 0.06357228801762242, 0.06462917309104647, 0.060239924192950677, 0.05413272256022732, 0.047263821409854, 0.05092555443438136, 0.05185191362728312, 0.04246658196374215, 0.04696697395754187, 0.040402286705201754, 0.04757245222949813, 0.042275179587790146, 0.03806479073247388, 0.04960058624071194, 0.046545474872576015, 0.03670780651235369, 0.035026923163696, 0.041718668009259025, 0.03447052802483051, 0.04706739128241311, 0.03952041263961158, 0.040982439087678804, 0.033838314583952346, 0.033970584844852596, 0.02790566278199722, 0.02915264260824822, 0.031265216692339844, 0.03352550114103173, 0.030565396910997654, 0.029136277409041348, 0.029162908749255315, 0.028290221219237084, 0.027712555498740736, 0.030538093376050686, 0.03334669209376162, 0.027824473291632748, 0.026625928940014955, 0.024483567040145978, 0.026364324946884798, 0.02636264901071739, 0.026528531859115998, 0.026842070332122114, 0.0261167659574417, 0.02404564972311447, 0.025977237724198927, 0.025176138547799605, 0.024425653271302708, 0.02406284758492564, 0.02743663973697951, 0.021363962975636606, 0.029674615698498774, 0.02246296460954991, 0.022451652842016567, 0.0231060636376183, 0.023484546078782653, 0.020378171799172874, 0.023357892650819875, 0.022312126283773978, 0.02024858765552038, 0.02336807226762585, 0.01908263970950354, 0.024353714123054596, 0.01756228729187045, 0.024348505269128115, 0.02183614427067121, 0.01765658037171001, 0.02045173662919242, 0.021957682144039002, 0.018306423800102164, 0.019523682930507373, 0.018247024967423125, 0.020864154981333483, 0.01730039651964871, 0.02483880522730066, 0.02066085872689481, 0.021120576147271544, 0.01775551599425747, 0.01969206888537051, 0.017652198430407835, 0.019769416903071182, 0.01697211736750224, 0.024540657102409005, 0.014272470063017653, 0.01779464688337599, 0.019630043486075808, 0.017883303786296986, 0.020731499269060174]
BBSR:99.71
ABSR:99.01
max acc:98.7
