======================================
    IID: 1
    Dataset: cifar
    Model: resnet
    Model Init: None
    Aggregation Function: avg
    Fraction NonIID: 0
    Long attack: 3
    Wide attack: 3
    Wide attack: trust
    Threshold reject: 0.5
    Threshold down: 0.0
    Attack method: dba
    Fraction of malicious agents: 30.0%
    Poison Frac: 0.2
    Backdoor From 7 to 2
    Attack Begin: 0
    Trigger Shape: square
    Type poisoning: 
    Trigger Position X: 0
    Trigger Position Y: 0
    Number of agents: 100
    Fraction of agents each turn: 30(30.0%)
    Local batch size: 50
    Local epoch: 3
    Client_LR: 0.01
    Client_Momentum: 0.9
    Global Rounds: 100
======================================
main_task_accuracy=[0, 10.0, 33.58000183105469, 43.34000015258789, 48.04999923706055, 51.720001220703125, 53.529998779296875, 57.22999954223633, 59.31999969482422, 61.02000045776367, 61.75, 63.91999816894531, 64.05999755859375, 64.62000274658203, 64.70999908447266, 65.5999984741211, 66.4800033569336, 66.02999877929688, 66.73999786376953, 67.70999908447266, 66.91999816894531, 68.33999633789062, 67.97000122070312, 68.66000366210938, 68.62000274658203, 69.05999755859375, 69.18000030517578, 69.81999969482422, 70.5199966430664, 71.37999725341797, 70.52999877929688, 71.36000061035156, 71.12000274658203, 71.43000030517578, 71.83999633789062, 71.87999725341797, 72.31999969482422, 72.12999725341797, 71.91999816894531, 72.69000244140625, 72.86000061035156, 72.37000274658203, 72.5, 72.30000305175781, 72.75, 73.08999633789062, 72.94000244140625, 73.08000183105469, 73.05999755859375, 72.25, 73.18000030517578, 73.26000213623047, 73.30999755859375, 73.25, 73.30999755859375, 73.01000213623047, 73.18000030517578, 73.05999755859375, 73.27999877929688, 73.63999938964844, 73.41999816894531, 73.54000091552734, 73.33000183105469, 73.4800033569336, 73.4800033569336, 73.73999786376953, 73.51000213623047, 73.43000030517578, 73.55999755859375, 73.6500015258789, 73.41999816894531, 73.43000030517578, 73.2300033569336, 73.05999755859375, 73.06999969482422, 73.30000305175781, 73.16999816894531, 73.08000183105469, 73.11000061035156, 73.05000305175781, 73.18000030517578, 73.06999969482422, 73.05000305175781, 73.12000274658203, 73.19999694824219, 73.06999969482422, 73.04000091552734, 73.0199966430664, 73.0999984741211, 73.06999969482422, 73.01000213623047, 72.94000244140625, 72.94000244140625, 73.05000305175781, 72.91999816894531, 72.94999694824219, 73.08000183105469, 73.0999984741211, 72.97000122070312, 72.95999908447266, 72.91000366210938]
backdoor_accuracy=[0, 0.0, 10.5, 3.7, 2.9, 4.5, 5.3, 4.3, 2.2, 3.2, 2.4, 1.8, 2.1, 2.5, 2.7, 2.1, 1.9, 1.2, 1.9, 2.8, 2.4, 1.5, 2.1, 2.5, 2.1, 2.1, 1.1, 1.4, 3.3, 2.1, 1.4, 3.7, 3.4, 2.9, 2.7, 2.7, 3.4, 2.4, 3.5, 4.1, 2.7, 4.5, 3.9, 4.2, 4.6, 3.7, 4.5, 4.7, 3.2, 4.8, 5.3, 4.5, 4.8, 4.1, 6.7, 5.8, 5.3, 3.2, 4.3, 3.7, 4.1, 3.9, 4.8, 3.5, 4.3, 6.2, 4.1, 3.4, 3.6, 4.3, 3.9, 4.2, 4.8, 5.5, 5.1, 5.0, 4.7, 4.9, 5.0, 4.9, 5.1, 4.4, 4.9, 4.5, 5.4, 5.1, 4.9, 5.1, 4.9, 4.7, 4.8, 4.9, 4.7, 4.4, 4.6, 5.3, 5.0, 4.7, 5.0, 4.8, 4.2]
loss_list=[1.9744237444135875, 1.497649950252639, 1.1295491297708617, 0.9464271919926008, 0.7522239458395377, 0.7007410815192594, 0.6223719317466022, 0.5557065320097737, 0.5132650597641865, 0.4842020692386561, 0.4143469144797159, 0.3978661629371345, 0.44826605215668686, 0.38204069006774155, 0.33965284185691014, 0.35708193316538306, 0.32267051456547857, 0.26389280735308096, 0.2728206959009792, 0.2963825254680383, 0.22460518719292144, 0.30150604608054793, 0.2528484233153156, 0.20830863899913518, 0.21900611407537432, 0.17923034331036938, 0.1926023276602953, 0.13799190468542896, 0.1588293344735737, 0.15712647788989773, 0.12634639752446675, 0.13017217071248322, 0.13792859523427778, 0.07068847844079655, 0.110612712422347, 0.07102963223846422, 0.11190882677167087, 0.10591890946347525, 0.051433200096297586, 0.03701146862844729, 0.0653986675967139, 0.09547510677612282, 0.11734097017039961, 0.06013565386490276, 0.04506699928987979, 0.060935641350418644, 0.030309148467689128, 0.04298245887284993, 0.05616581321574308, 0.03264516251501239, 0.03908220289582258, 0.022372463323117694, 0.011523437352572928, 0.009096267784318319, 0.040188669512701586, 0.03184542141165972, 0.045594416801177436, 0.01770457553680495, 0.02262636017995344, 0.011949336178076917, 0.02689799484609264, 0.010178287194285075, 0.005287705680998947, 0.00656680521794543, 0.026535259757252384, 0.006428935715117002, 0.014050154937592903, 0.005506634840550962, 0.0040279577405696425, 0.004570391534911729, 0.0022749060821499576, 0.007013173477284404, 0.0035012279582507396, 0.006034006411969635, 0.002253518074964328, 0.0018485822416389255, 0.0015147231773719088, 0.0015619314250782024, 0.0014602444196902473, 0.001976831907353092, 0.0021587015542900187, 0.0011241160505839312, 0.0011481763443993661, 0.0018961810925975436, 0.0012531492731310816, 0.0011263150965694672, 0.001030256667104873, 0.0009221623123772184, 0.0008835967977130268, 0.0007879286621917141, 0.0010570345286558017, 0.0016947727855343452, 0.0022620255384471323, 0.0008610390351774793, 0.001174884572659115, 0.0012374867201530536, 0.0021016377001231174, 0.0015735792909254084, 0.000981194804731381, 0.0010609143150779549]
BBSR:5.3
ABSR:4.76
max acc:73.1
