======================================
    IID: 0
    Dataset: mnist
    Model: Mnist_CNN
    Model Init: None
    Aggregation Function: fltrust
    Fraction NonIID: 0
    Long attack: 3
    Wide attack: 3
    Wide attack: trust
    Threshold reject: 0.5
    Threshold down: 0.0
    Attack method: dba
    Fraction of malicious agents: 13.0%
    Poison Frac: 0.2
    Backdoor From 7 to 2
    Attack Begin: 0
    Trigger Shape: square
    Type poisoning: 
    Trigger Position X: 0
    Trigger Position Y: 0
    Number of agents: 100
    Fraction of agents each turn: 30(30.0%)
    Local batch size: 50
    Local epoch: 3
    Client_LR: 0.01
    Client_Momentum: 0.9
    Global Rounds: 100
    Dataset In Server: 200
======================================
main_task_accuracy=[0, 28.020000457763672, 37.15999984741211, 32.5099983215332, 59.689998626708984, 78.81999969482422, 65.80000305175781, 65.69999694824219, 70.73999786376953, 75.41000366210938, 73.72000122070312, 79.88999938964844, 77.48999786376953, 84.70999908447266, 83.52999877929688, 89.69000244140625, 86.54000091552734, 86.25, 88.23999786376953, 85.12999725341797, 86.81999969482422, 88.97000122070312, 77.0199966430664, 88.69000244140625, 90.0199966430664, 90.30000305175781, 90.69000244140625, 90.83999633789062, 90.81999969482422, 92.2699966430664, 93.2300033569336, 91.83000183105469, 88.70999908447266, 94.1500015258789, 92.51000213623047, 93.8499984741211, 93.7699966430664, 91.23999786376953, 93.2699966430664, 94.94999694824219, 94.4800033569336, 93.58999633789062, 95.02999877929688, 94.77999877929688, 93.20999908447266, 92.08000183105469, 92.30000305175781, 91.93000030517578, 94.05999755859375, 96.13999938964844, 95.27999877929688, 95.81999969482422, 94.30000305175781, 95.94000244140625, 96.12999725341797, 95.0199966430664, 95.83999633789062, 96.1500015258789, 96.27999877929688, 95.33999633789062, 95.88999938964844, 95.88999938964844, 96.1500015258789, 93.08999633789062, 96.5, 96.7300033569336, 94.91000366210938, 96.37000274658203, 96.22000122070312, 96.5199966430664, 95.72000122070312, 95.02999877929688, 96.98999786376953, 96.62999725341797, 94.7300033569336, 96.33000183105469, 96.91999816894531, 96.1500015258789, 95.62000274658203, 97.18000030517578, 96.16999816894531, 97.11000061035156, 97.44999694824219, 96.27999877929688, 97.62000274658203, 96.56999969482422, 96.2300033569336, 96.9800033569336, 97.26000213623047, 97.13999938964844, 97.58999633789062, 96.80999755859375, 97.25, 97.37000274658203, 96.83000183105469, 97.58000183105469, 96.33000183105469, 97.33000183105469, 96.45999908447266, 96.8499984741211, 97.73999786376953]
backdoor_accuracy=[0, 0.0, 0.0, 0.0, 19.941634241245136, 0.6809338521400778, 1.6536964980544746, 1.6536964980544746, 3.21011673151751, 9.33852140077821, 2.237354085603113, 3.404669260700389, 0.8754863813229572, 4.669260700389105, 0.6809338521400778, 4.182879377431907, 2.7237354085603114, 2.9182879377431905, 3.5992217898832686, 2.9182879377431905, 1.264591439688716, 2.9182879377431905, 1.9455252918287937, 4.863813229571984, 2.431906614785992, 3.307392996108949, 2.9182879377431905, 2.529182879377432, 3.5992217898832686, 6.906614785992218, 1.7509727626459144, 3.0155642023346303, 1.6536964980544746, 9.630350194552529, 1.3618677042801557, 3.7937743190661477, 2.140077821011673, 9.82490272373541, 2.237354085603113, 7.198443579766537, 2.6264591439688716, 2.9182879377431905, 2.821011673151751, 7.782101167315175, 2.0428015564202333, 2.7237354085603114, 10.214007782101167, 3.0155642023346303, 7.684824902723736, 5.058365758754864, 8.754863813229573, 3.307392996108949, 12.062256809338521, 3.21011673151751, 9.82490272373541, 2.9182879377431905, 7.490272373540856, 3.21011673151751, 11.575875486381323, 1.4591439688715953, 33.268482490272376, 1.264591439688716, 14.591439688715953, 1.264591439688716, 11.867704280155642, 5.447470817120623, 5.739299610894942, 7.198443579766537, 6.614785992217898, 4.474708171206226, 8.949416342412452, 2.7237354085603114, 12.645914396887159, 4.863813229571984, 10.797665369649806, 4.474708171206226, 12.645914396887159, 5.642023346303502, 7.198443579766537, 5.642023346303502, 43.8715953307393, 3.7937743190661477, 16.731517509727627, 1.3618677042801557, 10.214007782101167, 4.182879377431907, 37.54863813229572, 4.085603112840467, 9.82490272373541, 4.961089494163424, 25.875486381322958, 3.9883268482490273, 31.90661478599222, 4.377431906614786, 45.038910505836576, 6.906614785992218, 7.198443579766537, 7.490272373540856, 39.202334630350194, 5.058365758754864, 15.17509727626459]
loss_list=[0.5116944657940998, 0.43020494840425016, 0.2708856281952791, 0.2712177651624091, 0.2405932412401953, 0.1976280203318627, 0.1601108836445206, 0.15171877713881887, 0.13131959554153372, 0.13782183091808267, 0.13084577020148633, 0.11431675618501382, 0.12050403720605649, 0.12048931734541295, 0.11899619951742396, 0.09174974629547632, 0.0848876700176042, 0.0829526854234512, 0.07915037138119106, 0.0989223917055397, 0.08185420315700202, 0.07403361740095589, 0.08899634559670042, 0.09412169128964099, 0.07430125966521936, 0.06238416920258395, 0.08324225889843948, 0.06506804261957377, 0.06627587883950542, 0.07408863771839243, 0.06383802822131594, 0.08409362335833538, 0.0788178095738801, 0.06361940155574763, 0.06670352899692852, 0.06601447835463807, 0.059043956037195235, 0.055527829950569325, 0.05466835810705336, 0.05610851227158647, 0.06053853891347756, 0.053607344719528625, 0.04960328897670043, 0.05517330876244344, 0.053842092092825, 0.045284524148476564, 0.04819561736333267, 0.06340529276535796, 0.06784643808614502, 0.04542966868713289, 0.04857898430154532, 0.04078288439737469, 0.04680244112914219, 0.05416839170244365, 0.0350823236841231, 0.04461789085506791, 0.04535479832366008, 0.050158827889149965, 0.049194358644570016, 0.03792266720371483, 0.03694128260037842, 0.04193770736470424, 0.04106398468279792, 0.03777540551868299, 0.04670471343972403, 0.03809614145114372, 0.052771434449942006, 0.035273577630222416, 0.038212858087721215, 0.03653632661581476, 0.04982360982464629, 0.03544447978211169, 0.03254727998772327, 0.03670901328035956, 0.04345442828394537, 0.03807768842232699, 0.03160883334775791, 0.03718848542230965, 0.04189244394582319, 0.03830373835482137, 0.032270294682607274, 0.039390783201674134, 0.03326614212931745, 0.0412772969660056, 0.032383330438700904, 0.03415021464139509, 0.0325182888549433, 0.04029959044398513, 0.03685935170631493, 0.037882243482324156, 0.027096703841379546, 0.04046108897810997, 0.036764201962331856, 0.027070358030289086, 0.03267219308953813, 0.03156860900778441, 0.043006950679733286, 0.033081909633735786, 0.038945324929105074, 0.035376603200636285]
BBSR:45.04
ABSR:16.63
max acc:97.74
