======================================
    IID: 0
    Dataset: mnist
    Model: Mnist_CNN
    Model Init: None
    Aggregation Function: RLR
    Fraction NonIID: 0
    Long attack: 3
    Wide attack: 3
    Wide attack: trust
    Threshold reject: 0.5
    Threshold down: 0.0
    Attack method: dba
    Fraction of malicious agents: 30.0%
    Poison Frac: 0.2
    Backdoor From 7 to 2
    Attack Begin: 0
    Trigger Shape: square
    Type poisoning: 
    Trigger Position X: 0
    Trigger Position Y: 0
    Number of agents: 100
    Fraction of agents each turn: 30(30.0%)
    Local batch size: 50
    Local epoch: 3
    Client_LR: 0.01
    Client_Momentum: 0.9
    Global Rounds: 100
    RobustLR_threshold: 4
======================================
main_task_accuracy=[0, 37.970001220703125, 37.02000045776367, 30.389999389648438, 55.939998626708984, 65.9000015258789, 85.37999725341797, 75.30000305175781, 84.77999877929688, 89.3499984741211, 81.22000122070312, 90.76000213623047, 91.20999908447266, 90.2300033569336, 92.55999755859375, 91.77999877929688, 94.56999969482422, 94.62999725341797, 93.43000030517578, 93.83999633789062, 90.5999984741211, 87.01000213623047, 93.0199966430664, 92.80000305175781, 92.51000213623047, 93.01000213623047, 93.18000030517578, 92.8499984741211, 93.27999877929688, 95.47000122070312, 95.29000091552734, 95.4000015258789, 94.68000030517578, 93.76000213623047, 95.2300033569336, 94.16000366210938, 95.48999786376953, 95.91000366210938, 96.19000244140625, 95.26000213623047, 95.1500015258789, 94.83999633789062, 95.43000030517578, 95.56999969482422, 96.55000305175781, 95.4800033569336, 95.1500015258789, 96.83999633789062, 95.6500015258789, 96.2699966430664, 96.61000061035156, 96.33999633789062, 96.2699966430664, 96.25, 96.9800033569336, 96.68000030517578, 96.91999816894531, 94.9800033569336, 97.25, 97.0199966430664, 96.69999694824219, 97.4000015258789, 94.94999694824219, 96.5199966430664, 95.75, 96.30999755859375, 96.41000366210938, 96.02999877929688, 96.86000061035156, 97.16999816894531, 96.41999816894531, 97.26000213623047, 97.33000183105469, 97.2699966430664, 97.08999633789062, 97.0199966430664, 97.44000244140625, 97.37000274658203, 97.38999938964844, 97.68000030517578, 97.55999755859375, 97.16000366210938, 97.52999877929688, 97.4800033569336, 97.77999877929688, 97.81999969482422, 97.43000030517578, 97.51000213623047, 97.61000061035156, 97.70999908447266, 96.86000061035156, 97.73999786376953, 97.5, 97.45999908447266, 97.87000274658203, 96.91000366210938, 97.52999877929688, 97.66000366210938, 97.47000122070312, 97.66999816894531, 96.77999877929688]
backdoor_accuracy=[0, 65.6614785992218, 2.0428015564202333, 8.852140077821012, 5.836575875486381, 1.9455252918287937, 8.073929961089494, 1.9455252918287937, 4.474708171206226, 8.268482490272374, 3.8910505836575875, 5.058365758754864, 5.3501945525291825, 6.3229571984435795, 7.101167315175097, 7.587548638132295, 9.82490272373541, 12.354085603112841, 11.770428015564203, 12.743190661478598, 7.879377431906615, 8.073929961089494, 79.08560311284047, 19.06614785992218, 13.813229571984436, 23.638132295719846, 20.233463035019454, 8.171206225680933, 19.260700389105057, 34.143968871595334, 27.91828793774319, 62.64591439688716, 85.50583657587549, 19.163424124513618, 32.782101167315176, 32.00389105058366, 37.35408560311284, 66.147859922179, 30.544747081712064, 94.74708171206225, 69.3579766536965, 77.82101167315174, 94.55252918287938, 69.06614785992218, 74.31906614785993, 93.09338521400778, 97.85992217898833, 88.81322957198444, 92.31517509727627, 97.08171206225681, 93.19066147859922, 85.99221789883268, 94.3579766536965, 96.49805447470817, 99.0272373540856, 98.63813229571984, 97.37354085603113, 95.91439688715953, 98.83268482490273, 97.27626459143968, 99.41634241245136, 98.73540856031128, 99.70817120622569, 98.5408560311284, 99.22178988326849, 99.12451361867704, 99.31906614785993, 96.78988326848248, 98.63813229571984, 99.5136186770428, 99.22178988326849, 99.22178988326849, 99.70817120622569, 99.31906614785993, 99.70817120622569, 99.90272373540856, 99.90272373540856, 99.80544747081711, 100.0, 99.80544747081711, 99.80544747081711, 100.0, 100.0, 100.0, 99.80544747081711, 100.0, 99.90272373540856, 99.80544747081711, 100.0, 100.0, 99.80544747081711, 99.90272373540856, 100.0, 99.90272373540856, 100.0, 100.0, 100.0, 100.0, 100.0, 100.0, 100.0]
loss_list=[0.4250258600370095, 0.4005850914640037, 0.2817310031874715, 0.2298373593220683, 0.20990634278153655, 0.1553712002704481, 0.16231799631452923, 0.12209039357420007, 0.09348708737670648, 0.120145593211412, 0.11246723407161958, 0.09880956156739547, 0.08361271777566977, 0.09682533451831929, 0.08080929865912855, 0.0874854169309763, 0.09812330302075847, 0.07422248039399372, 0.05941999052639364, 0.06992248631996788, 0.08861061335506085, 0.08954782378098601, 0.0829453444267199, 0.061574269509284754, 0.059565449131907665, 0.06209922873442823, 0.08174482699518346, 0.056119453233168755, 0.05570883330317055, 0.060740887633615334, 0.06627422315045235, 0.07142288250675285, 0.073455674933064, 0.05101097580875473, 0.0494074641657494, 0.05241607444054222, 0.062391921508331664, 0.049096841141759204, 0.05466344934491434, 0.05824978382140222, 0.059796505753987435, 0.053216278787439425, 0.05003469995526709, 0.054475339064907764, 0.04951683599793419, 0.06423964125312784, 0.06710562048026555, 0.054913322544689024, 0.052397634183311705, 0.04715987230798205, 0.05242515233528854, 0.049307075414287645, 0.05528108539868405, 0.049377101266960315, 0.044667477228142266, 0.05149410478030534, 0.05094236910497462, 0.05328863829747877, 0.0334873395997466, 0.054134280565655724, 0.04613988714442796, 0.033543974742588425, 0.05095760175040411, 0.057713870383577594, 0.03752782296080839, 0.04589813008099968, 0.04429836354654214, 0.041204348488628875, 0.0374396818293194, 0.04486476194229947, 0.04705363174843745, 0.038057206126658735, 0.04686215137742633, 0.04651335234112299, 0.029671252913372092, 0.03873534266319208, 0.04437006162613418, 0.0369758419515018, 0.03933699848302234, 0.03565829614868384, 0.03595401626426346, 0.045950530083961834, 0.040196231510011816, 0.0448689207265315, 0.030005945427611223, 0.041603385671900264, 0.03806484495615691, 0.03713826423888636, 0.04024582163190238, 0.03776160847604249, 0.04241372262135981, 0.0317424970061223, 0.037159865565065016, 0.038779176000513636, 0.03230161844179151, 0.03625540717851241, 0.04089155471259197, 0.030676669339120784, 0.04396393322089673, 0.03765303715245782]
BBSR:100.0
ABSR:99.98
max acc:97.87
