======================================
    IID: 0
    Dataset: mnist
    Model: Mnist_CNN
    Model Init: None
    Aggregation Function: fltrust
    Fraction NonIID: 0
    Long attack: 3
    Wide attack: 3
    Wide attack: trust
    Threshold reject: 0.5
    Threshold down: 0.0
    Attack method: badnet
    Fraction of malicious agents: 30.0%
    Poison Frac: 0.2
    Backdoor From 7 to 2
    Attack Begin: 0
    Trigger Shape: square
    Type poisoning: 
    Trigger Position X: 0
    Trigger Position Y: 0
    Number of agents: 100
    Fraction of agents each turn: 30(30.0%)
    Local batch size: 50
    Local epoch: 3
    Client_LR: 0.01
    Client_Momentum: 0.9
    Global Rounds: 100
    Dataset In Server: 200
======================================
main_task_accuracy=[0, 25.040000915527344, 34.47999954223633, 47.290000915527344, 43.29999923706055, 62.029998779296875, 55.56999969482422, 79.55000305175781, 77.80000305175781, 84.04000091552734, 79.87000274658203, 71.63999938964844, 87.98999786376953, 78.95999908447266, 91.20999908447266, 82.55000305175781, 90.75, 91.33999633789062, 88.41999816894531, 90.26000213623047, 88.48999786376953, 86.94000244140625, 89.7699966430664, 91.56999969482422, 91.01000213623047, 89.44000244140625, 94.36000061035156, 93.5199966430664, 88.93000030517578, 92.01000213623047, 92.73999786376953, 92.79000091552734, 84.87000274658203, 95.22000122070312, 93.6500015258789, 95.77999877929688, 93.73999786376953, 94.87999725341797, 90.33999633789062, 95.81999969482422, 93.75, 95.81999969482422, 95.55000305175781, 95.88999938964844, 94.93000030517578, 95.37999725341797, 95.45999908447266, 95.36000061035156, 95.63999938964844, 94.68000030517578, 96.33999633789062, 93.91999816894531, 94.94000244140625, 92.81999969482422, 92.31999969482422, 96.30999755859375, 95.45999908447266, 95.58999633789062, 95.83999633789062, 92.69999694824219, 95.5999984741211, 96.83999633789062, 95.88999938964844, 95.68000030517578, 94.87999725341797, 96.91000366210938, 96.0199966430664, 95.61000061035156, 96.5999984741211, 95.80999755859375, 97.5999984741211, 96.77999877929688, 97.06999969482422, 96.5199966430664, 97.26000213623047, 95.94999694824219, 97.37999725341797, 96.6500015258789, 97.08999633789062, 95.77999877929688, 96.72000122070312, 96.80000305175781, 95.12000274658203, 97.19000244140625, 96.20999908447266, 97.51000213623047, 96.73999786376953, 96.47000122070312, 97.2699966430664, 97.12000274658203, 97.73999786376953, 97.2699966430664, 96.83000183105469, 96.68000030517578, 96.3499984741211, 97.75, 97.31999969482422, 97.4800033569336, 95.79000091552734, 97.16000366210938, 96.58999633789062]
backdoor_accuracy=[0, 8.560311284046692, 1.0700389105058365, 0.0, 0.6809338521400778, 3.5992217898832686, 0.7782101167315175, 0.6809338521400778, 2.9182879377431905, 2.9182879377431905, 3.5992217898832686, 5.544747081712062, 3.9883268482490273, 1.4591439688715953, 4.669260700389105, 3.9883268482490273, 2.3346303501945527, 5.642023346303502, 3.0155642023346303, 3.7937743190661477, 4.863813229571984, 2.431906614785992, 14.785992217898833, 1.8482490272373542, 16.731517509727627, 5.447470817120623, 4.863813229571984, 12.15953307392996, 2.0428015564202333, 7.684824902723736, 5.447470817120623, 11.770428015564203, 1.6536964980544746, 30.35019455252918, 3.404669260700389, 17.023346303501945, 2.3346303501945527, 18.8715953307393, 2.140077821011673, 35.21400778210117, 3.9883268482490273, 34.72762645914397, 3.9883268482490273, 11.478599221789883, 4.085603112840467, 13.229571984435797, 7.101167315175097, 6.906614785992218, 8.560311284046692, 5.3501945525291825, 33.0739299610895, 6.3229571984435795, 6.614785992217898, 32.490272373540854, 7.490272373540856, 77.23735408560312, 10.019455252918288, 22.373540856031127, 21.98443579766537, 40.95330739299611, 38.91050583657587, 42.31517509727627, 41.63424124513619, 13.229571984435797, 72.37354085603113, 85.99221789883268, 90.46692607003891, 77.52918287937743, 98.63813229571984, 93.09338521400778, 99.41634241245136, 68.96887159533074, 96.01167315175097, 93.48249027237354, 98.5408560311284, 95.13618677042801, 98.63813229571984, 85.70038910505836, 95.91439688715953, 69.3579766536965, 99.70817120622569, 94.16342412451363, 99.0272373540856, 98.15175097276264, 98.15175097276264, 99.12451361867704, 82.49027237354086, 99.31906614785993, 76.94552529182879, 98.24902723735408, 95.3307392996109, 95.91439688715953, 79.47470817120623, 96.88715953307393, 96.49805447470817, 99.90272373540856, 95.23346303501945, 99.31906614785993, 98.5408560311284, 96.20622568093385, 99.12451361867704]
loss_list=[0.451614533093479, 0.3835711326802544, 0.29548584948040973, 0.18375267305730744, 0.21602734817396524, 0.20882351806293584, 0.19025069029028338, 0.16508045987714895, 0.1681880070737226, 0.14596448325850087, 0.12492379677817397, 0.13343977994093342, 0.11914088948711075, 0.11626154633383669, 0.08350258754116331, 0.108281867920438, 0.10617250849438142, 0.0912797658405064, 0.09092204742277868, 0.08300910516719019, 0.06981943068965922, 0.08073916080918254, 0.06020286110996635, 0.07041536620447228, 0.06292693979808736, 0.07800456063469904, 0.07112024828162383, 0.04554781100083696, 0.08967884134126539, 0.07150263815034724, 0.07148055092201443, 0.05574608426765725, 0.0714822539803055, 0.05648588202428796, 0.05399469124965549, 0.053341591033350115, 0.04559529458113794, 0.043190802548029754, 0.05798756605278892, 0.04903235548827259, 0.05845389808831639, 0.0523750426359714, 0.05506885401678936, 0.05734240202760361, 0.05229383270426903, 0.03774899357444025, 0.04773428300911795, 0.04308536696969683, 0.04984466943519032, 0.04885515563511614, 0.03624032745107477, 0.04837108136246228, 0.05054331563289, 0.0457687750113704, 0.04785756869973406, 0.03516669742170773, 0.036681395527361244, 0.0418572105729821, 0.045676502035231215, 0.04674241524782734, 0.042908017558682586, 0.038487629457619764, 0.03962617661332705, 0.039110715402970224, 0.0460567625949796, 0.039386537640450046, 0.03680889500517806, 0.03627625670614636, 0.03245384595071528, 0.041961974958518486, 0.034772015963421186, 0.04599689332531003, 0.04112275810975322, 0.030488936080728477, 0.031055294139686655, 0.031483332769635296, 0.033005887218935416, 0.030948740328346967, 0.02780370146318878, 0.0348432833106179, 0.0317518157807811, 0.038954516448078236, 0.03642016404998008, 0.024794873803643657, 0.033119789757574625, 0.03661254937194861, 0.030144120350049552, 0.024410287393193553, 0.032776617373582125, 0.036377006086148064, 0.03453313115946984, 0.03181222781476824, 0.037089383887202065, 0.027132268688115184, 0.03647076490920488, 0.027731777974638275, 0.023595603118361706, 0.029523770464592227, 0.03396315462454548, 0.03928707148532336]
BBSR:99.9
ABSR:95.71
max acc:97.75
