======================================
    IID: 0
    Dataset: mnist
    Model: Mnist_CNN
    Model Init: None
    Aggregation Function: krum
    Fraction NonIID: 0
    Long attack: 3
    Wide attack: 3
    Wide attack: trust
    Threshold reject: 0.5
    Threshold down: 0.0
    Attack method: badnet
    Fraction of malicious agents: 20.0%
    Poison Frac: 0.2
    Backdoor From 7 to 2
    Attack Begin: 0
    Trigger Shape: square
    Type poisoning: pgd
    Trigger Position X: 0
    Trigger Position Y: 0
    Number of agents: 100
    Fraction of agents each turn: 30(30.0%)
    Local batch size: 50
    Local epoch: 3
    Client_LR: 0.01
    Client_Momentum: 0.9
    Global Rounds: 100
    Proportion of malicious are selected: 0.59
    Average score of malicious clients: 703.2781982421875
    Average score of benign clients: 391.0438232421875
======================================
main_task_accuracy=[0, 27.969999313354492, 36.709999084472656, 33.220001220703125, 41.279998779296875, 30.299999237060547, 46.4900016784668, 41.599998474121094, 44.29999923706055, 16.780000686645508, 51.13999938964844, 30.1200008392334, 31.049999237060547, 55.189998626708984, 48.47999954223633, 64.80999755859375, 65.56999969482422, 71.7300033569336, 31.229999542236328, 53.060001373291016, 23.309999465942383, 59.720001220703125, 20.420000076293945, 53.7400016784668, 66.13999938964844, 57.66999816894531, 67.0999984741211, 62.58000183105469, 67.75, 33.290000915527344, 62.880001068115234, 58.790000915527344, 57.209999084472656, 78.9800033569336, 40.91999816894531, 75.87000274658203, 59.29999923706055, 71.73999786376953, 62.0099983215332, 73.95999908447266, 65.22000122070312, 77.02999877929688, 66.18000030517578, 79.4800033569336, 70.5999984741211, 73.12999725341797, 75.4000015258789, 73.5199966430664, 72.13999938964844, 71.8499984741211, 85.44999694824219, 81.25, 79.72000122070312, 75.12000274658203, 76.62000274658203, 74.72000122070312, 85.20999908447266, 81.8499984741211, 80.77999877929688, 76.04000091552734, 69.87999725341797, 76.0999984741211, 74.91000366210938, 78.51000213623047, 74.7300033569336, 73.52999877929688, 77.87999725341797, 75.66999816894531, 72.33999633789062, 71.51000213623047, 68.62999725341797, 73.80000305175781, 73.37999725341797, 73.52999877929688, 72.87999725341797, 72.54000091552734, 83.41000366210938, 81.22000122070312, 80.26000213623047, 76.86000061035156, 79.20999908447266, 77.80999755859375, 77.45999908447266, 77.01000213623047, 76.30000305175781, 85.95999908447266, 85.0, 82.04000091552734, 60.650001525878906, 79.06999969482422, 85.05999755859375, 81.72000122070312, 80.13999938964844, 81.62000274658203, 80.94999694824219, 80.43000030517578, 79.9000015258789, 63.709999084472656, 80.55000305175781, 84.04000091552734, 70.91999816894531]
backdoor_accuracy=[0, 0.0, 62.54863813229572, 81.22568093385215, 1.4591439688715953, 0.0, 0.0, 58.36575875486381, 38.81322957198444, 0.0, 59.72762645914397, 0.0, 0.2918287937743191, 98.5408560311284, 75.58365758754864, 99.70817120622569, 100.0, 99.12451361867704, 40.75875486381323, 60.70038910505836, 0.48638132295719844, 75.68093385214007, 0.6809338521400778, 32.87937743190661, 99.61089494163424, 74.41634241245136, 99.80544747081711, 89.2023346303502, 100.0, 40.56420233463035, 76.07003891050584, 55.54474708171206, 64.00778210116732, 99.90272373540856, 79.47470817120623, 98.63813229571984, 82.58754863813229, 93.3852140077821, 83.46303501945525, 99.80544747081711, 89.88326848249027, 96.3035019455253, 67.02334630350195, 98.05447470817121, 79.86381322957199, 91.53696498054475, 84.3385214007782, 80.73929961089495, 78.59922178988327, 78.40466926070039, 99.80544747081711, 97.76264591439688, 96.98443579766537, 93.28793774319067, 99.80544747081711, 95.62256809338521, 98.05447470817121, 94.8443579766537, 94.55252918287938, 85.50583657587549, 93.19066147859922, 87.45136186770428, 87.54863813229572, 97.47081712062257, 87.2568093385214, 83.56031128404669, 95.3307392996109, 87.7431906614786, 90.6614785992218, 73.44357976653697, 69.55252918287938, 85.01945525291829, 77.91828793774319, 76.26459143968872, 74.5136186770428, 73.05447470817121, 99.0272373540856, 95.71984435797665, 94.55252918287938, 84.14396887159533, 93.8715953307393, 89.88326848249027, 88.42412451361868, 87.84046692607004, 86.18677042801556, 99.80544747081711, 99.0272373540856, 97.08171206225681, 90.56420233463035, 100.0, 100.0, 99.80544747081711, 99.12451361867704, 99.80544747081711, 98.83268482490273, 98.73540856031128, 98.24902723735408, 16.53696498054475, 98.92996108949416, 99.90272373540856, 95.13618677042801]
loss_list=[0.4644318425998025, 0.8614936928158194, 0.4724442346556686, 0.44287978457133437, 0.5452277535207899, 0.4305442057640352, 0.2852922241291045, 0.26500339094206476, 0.3163094497738591, 0.3540702817778828, 0.2419408586476303, 0.46995600038955204, 0.26696445213551917, 0.23338451820803394, 0.20729979510331673, 0.16852125653757025, 0.17405394605037952, 0.1686532961459677, 0.3892331757527833, 0.1608708767587196, 0.34182255841273224, 0.19765232550962922, 0.4816569519269306, 0.20198820437559037, 0.17570831447818547, 0.21309613586199175, 0.16420062984420966, 0.19248952857542265, 0.1494602286835726, 0.2904714283515301, 0.1711557868521787, 0.17181291313326558, 0.17512813967136828, 0.1456413631064596, 0.24950535558815318, 0.13568503219993644, 0.16573364443206334, 0.11780252707099809, 0.18761582043184052, 0.14300295650751246, 0.18615871225824518, 0.11855283793403325, 0.15359926910716742, 0.1357673274187881, 0.15394610996736302, 0.1240242638609999, 0.11426399890637527, 0.15033687002967086, 0.12316699146956474, 0.12167452406810962, 0.10345624143652629, 0.1333775319370523, 0.1364170946752677, 0.13914292753778673, 0.10586636537498707, 0.13406339883139717, 0.11213272615177214, 0.12727129298132345, 0.12437285761436762, 0.11979375799849229, 0.12431401046639394, 0.12176991850040052, 0.1154538618780036, 0.09856649100930576, 0.10959224749290526, 0.13565300631186103, 0.10506440964725922, 0.12053760706266868, 0.11989926095483765, 0.1371686291274986, 0.13596680146519013, 0.12714225494174014, 0.11155788269186233, 0.1379036011149414, 0.14079922275586476, 0.14129109989548033, 0.11816132508406745, 0.10263454359875962, 0.10238731835750584, 0.11519590171583952, 0.09182949109171828, 0.10919074154868609, 0.1027810546736704, 0.10514685540031012, 0.12145860241532518, 0.10070662756152945, 0.07665119324262303, 0.11495900663297694, 0.16328551633925506, 0.1373209364922308, 0.07467403668591253, 0.12186333908516737, 0.10846089260202443, 0.08193880774739777, 0.10683774664591178, 0.10508254575928905, 0.11972858062881048, 0.16056458375677282, 0.09688139773403706, 0.10384788072944501]
BBSR:99.9
ABSR:90.51
max acc:84.04
