======================================
    IID: 0
    Dataset: mnist
    Model: Mnist_CNN
    Model Init: None
    Aggregation Function: fltrust
    Fraction NonIID: 0
    Long attack: 3
    Wide attack: 3
    Wide attack: trust
    Threshold reject: 0.5
    Threshold down: 0.0
    Attack method: badnet
    Fraction of malicious agents: 13.0%
    Poison Frac: 0.2
    Backdoor From 7 to 2
    Attack Begin: 0
    Trigger Shape: square
    Type poisoning: cs
    Trigger Position X: 0
    Trigger Position Y: 0
    Number of agents: 100
    Fraction of agents each turn: 30(30.0%)
    Local batch size: 50
    Local epoch: 3
    Client_LR: 0.01
    Client_Momentum: 0.9
    Global Rounds: 100
    Dataset In Server: 200
======================================
main_task_accuracy=[0, 25.329999923706055, 39.91999816894531, 63.970001220703125, 60.650001525878906, 60.939998626708984, 55.65999984741211, 66.58999633789062, 70.55999755859375, 76.83000183105469, 77.3499984741211, 77.23999786376953, 79.04000091552734, 86.91999816894531, 83.5199966430664, 88.0999984741211, 85.66000366210938, 82.11000061035156, 84.1500015258789, 90.86000061035156, 90.61000061035156, 91.93000030517578, 83.83000183105469, 89.69000244140625, 91.63999938964844, 86.8499984741211, 93.08000183105469, 90.30999755859375, 88.97000122070312, 90.25, 88.62999725341797, 94.61000061035156, 93.61000061035156, 92.25, 92.31999969482422, 93.73999786376953, 92.8499984741211, 92.62999725341797, 94.66000366210938, 94.72000122070312, 95.22000122070312, 94.45999908447266, 94.80000305175781, 95.52999877929688, 94.18000030517578, 94.95999908447266, 94.6500015258789, 93.47000122070312, 95.29000091552734, 82.31999969482422, 93.23999786376953, 96.0199966430664, 96.16000366210938, 96.12999725341797, 90.30000305175781, 95.68000030517578, 95.6500015258789, 96.41000366210938, 93.8499984741211, 95.69000244140625, 96.08000183105469, 96.37000274658203, 95.0199966430664, 95.66000366210938, 96.29000091552734, 96.55999755859375, 95.83000183105469, 96.30000305175781, 96.33999633789062, 96.38999938964844, 96.54000091552734, 96.33000183105469, 96.2300033569336, 96.95999908447266, 96.80000305175781, 96.27999877929688, 95.73999786376953, 97.05999755859375, 96.79000091552734, 96.77999877929688, 97.2699966430664, 96.91000366210938, 94.87999725341797, 97.02999877929688, 96.44000244140625, 97.41999816894531, 95.7300033569336, 97.56999969482422, 97.5, 97.33000183105469, 96.8499984741211, 97.33000183105469, 96.0999984741211, 97.41000366210938, 96.87000274658203, 97.61000061035156, 97.51000213623047, 97.44999694824219, 97.0999984741211, 97.41999816894531, 96.95999908447266]
backdoor_accuracy=[0, 0.0, 0.0, 0.0, 0.19455252918287938, 0.9727626459143969, 0.09727626459143969, 1.4591439688715953, 1.7509727626459144, 7.587548638132295, 0.5836575875486382, 3.9883268482490273, 2.140077821011673, 3.11284046692607, 1.3618677042801557, 7.587548638132295, 1.1673151750972763, 2.529182879377432, 2.9182879377431905, 3.6964980544747084, 1.7509727626459144, 6.906614785992218, 0.9727626459143969, 4.571984435797665, 1.556420233463035, 1.3618677042801557, 5.836575875486381, 1.3618677042801557, 1.8482490272373542, 1.9455252918287937, 2.140077821011673, 3.11284046692607, 1.8482490272373542, 1.4591439688715953, 5.3501945525291825, 2.3346303501945527, 2.431906614785992, 2.7237354085603114, 2.0428015564202333, 1.4591439688715953, 3.9883268482490273, 1.1673151750972763, 2.9182879377431905, 2.3346303501945527, 3.11284046692607, 6.031128404669261, 3.11284046692607, 3.5992217898832686, 2.6264591439688716, 2.3346303501945527, 3.21011673151751, 1.4591439688715953, 4.377431906614786, 1.264591439688716, 2.9182879377431905, 2.0428015564202333, 2.237354085603113, 2.431906614785992, 1.9455252918287937, 2.3346303501945527, 4.182879377431907, 2.0428015564202333, 2.140077821011673, 1.1673151750972763, 4.085603112840467, 1.4591439688715953, 3.0155642023346303, 1.6536964980544746, 4.571984435797665, 1.3618677042801557, 4.280155642023346, 1.4591439688715953, 3.307392996108949, 2.9182879377431905, 2.3346303501945527, 1.9455252918287937, 2.0428015564202333, 2.6264591439688716, 3.404669260700389, 2.7237354085603114, 7.003891050583658, 2.6264591439688716, 4.377431906614786, 2.821011673151751, 2.7237354085603114, 3.501945525291829, 11.089494163424124, 3.5992217898832686, 4.669260700389105, 2.9182879377431905, 3.501945525291829, 3.0155642023346303, 6.3229571984435795, 3.11284046692607, 8.073929961089494, 3.7937743190661477, 10.797665369649806, 1.9455252918287937, 8.852140077821012, 1.7509727626459144, 8.268482490272374]
loss_list=[0.5432330032181041, 0.46902305681444884, 0.40155775078163136, 0.29887266109203703, 0.21582099072390584, 0.18458474559547824, 0.1705990025871649, 0.16941916405516205, 0.15498442101755658, 0.14374717851516505, 0.12756125636199178, 0.13741299471998278, 0.13477022143261924, 0.10262555630687292, 0.11698593908943208, 0.10460793980979805, 0.09103877950669904, 0.09455823899850443, 0.09630178804680671, 0.09561768492331943, 0.08798953531495031, 0.08655161646581598, 0.09050592436460352, 0.07680299135787366, 0.06691727580362168, 0.09539413147766097, 0.07379539954971527, 0.062471854886704696, 0.05847284498978886, 0.09100941165601079, 0.07063564363398044, 0.06378580802006956, 0.06208246840418007, 0.06328443203752497, 0.07138623523800143, 0.0675084875155352, 0.06194038993583455, 0.05494666625261794, 0.04867996259493663, 0.05814332689265893, 0.05372976871298354, 0.05323944415042127, 0.05343187280537586, 0.047381657243656845, 0.06539119141722168, 0.04162428739462766, 0.044830557963528, 0.04719898173426225, 0.04026476100035448, 0.07469316813542812, 0.04925567513902684, 0.043487082468304, 0.04562580034163343, 0.0481117232517532, 0.05454665845458421, 0.053586843229626355, 0.04436508516159486, 0.037436244185569206, 0.04416749937043788, 0.03517189289507398, 0.05318564995438129, 0.04277339748589078, 0.0339589129301915, 0.042072529905720295, 0.03869307213671372, 0.03671547023889159, 0.04105535991551612, 0.04015988618372117, 0.04215592261825939, 0.03650301537969731, 0.034760044921931306, 0.03980024843224716, 0.03991769590948963, 0.03578930338218815, 0.035639061996289176, 0.04281224325224946, 0.04455620673878154, 0.03609176313004317, 0.036061407496609035, 0.03851426152689339, 0.03171742618006787, 0.031977103406696926, 0.03907603055130324, 0.038527464734937185, 0.03702319591290293, 0.03748011191110375, 0.03348074574670952, 0.0331191874456948, 0.027228236393953793, 0.033990151769203544, 0.03729002531151634, 0.036821372271438654, 0.038479448268503254, 0.0378789494396788, 0.03333752694898122, 0.03512250876703286, 0.034092337260422725, 0.031207300608856816, 0.02493451041584926, 0.025313177645259418]
BBSR:10.8
ABSR:5.59
max acc:97.61
