======================================
    IID: 1
    Dataset: cifar
    Model: resnet
    Model Init: None
    Aggregation Function: RLR
    Fraction NonIID: 0
    Long attack: 3
    Wide attack: 3
    Wide attack: trust
    Threshold reject: 0.5
    Threshold down: 0.0
    Attack method: badnet
    Fraction of malicious agents: 30.0%
    Poison Frac: 0.2
    Backdoor From 7 to 2
    Attack Begin: 0
    Trigger Shape: square
    Type poisoning: cs
    Trigger Position X: 0
    Trigger Position Y: 0
    Number of agents: 100
    Fraction of agents each turn: 30(30.0%)
    Local batch size: 50
    Local epoch: 3
    Client_LR: 0.01
    Client_Momentum: 0.9
    Global Rounds: 100
    RobustLR_threshold: 4
======================================
main_task_accuracy=[0, 11.819999694824219, 17.93000030517578, 28.979999542236328, 39.060001373291016, 43.22999954223633, 46.959999084472656, 48.779998779296875, 51.959999084472656, 54.45000076293945, 56.4900016784668, 57.09000015258789, 59.31999969482422, 60.119998931884766, 60.66999816894531, 61.279998779296875, 62.189998626708984, 63.130001068115234, 63.63999938964844, 63.63999938964844, 63.619998931884766, 64.04000091552734, 63.900001525878906, 65.02999877929688, 65.04000091552734, 64.80000305175781, 64.70999908447266, 64.98999786376953, 64.81999969482422, 65.58999633789062, 65.9800033569336, 66.66000366210938, 66.58999633789062, 66.52999877929688, 65.86000061035156, 65.7300033569336, 64.88999938964844, 65.26000213623047, 65.2699966430664, 66.88999938964844, 66.52999877929688, 67.37000274658203, 68.16999816894531, 69.27999877929688, 68.69999694824219, 68.13999938964844, 67.2300033569336, 66.5999984741211, 66.52999877929688, 67.22000122070312, 67.30000305175781, 68.56999969482422, 67.41999816894531, 67.8499984741211, 68.04000091552734, 67.08000183105469, 67.8499984741211, 67.80999755859375, 68.7300033569336, 67.30999755859375, 68.41000366210938, 70.69000244140625, 69.5199966430664, 69.79000091552734, 68.76000213623047, 68.5199966430664, 67.7300033569336, 69.27999877929688, 70.61000061035156, 67.58000183105469, 68.80000305175781, 70.6500015258789, 70.33000183105469, 69.56999969482422, 69.77999877929688, 70.02999877929688, 68.2300033569336, 69.0, 68.45999908447266, 69.52999877929688, 68.16999816894531, 69.95999908447266, 69.83000183105469, 70.61000061035156, 71.19000244140625, 71.29000091552734, 69.5199966430664, 71.55999755859375, 71.23999786376953, 71.29000091552734, 69.23999786376953, 70.95999908447266, 71.36000061035156, 70.91999816894531, 71.47000122070312, 71.62999725341797, 71.02999877929688, 71.31999969482422, 71.19000244140625, 71.29000091552734, 71.44999694824219]
backdoor_accuracy=[0, 8.1, 40.5, 20.2, 9.2, 3.9, 3.7, 3.7, 3.5, 3.7, 3.2, 4.7, 2.7, 1.8, 2.6, 2.3, 1.8, 2.6, 2.6, 2.8, 2.6, 2.6, 2.7, 2.2, 2.1, 1.5, 1.7, 2.5, 1.5, 2.0, 2.4, 1.9, 1.6, 1.1, 0.9, 1.2, 1.1, 1.6, 1.6, 1.5, 1.2, 1.2, 1.9, 1.4, 1.7, 1.9, 1.5, 1.1, 1.3, 1.1, 1.3, 1.0, 1.9, 1.1, 1.5, 1.7, 1.0, 0.9, 2.3, 1.4, 2.8, 2.7, 2.4, 1.6, 1.1, 0.6, 1.8, 1.1, 2.3, 1.5, 1.5, 2.1, 2.4, 2.5, 2.2, 1.5, 3.5, 0.7, 1.9, 2.0, 1.8, 2.7, 0.9, 3.6, 1.7, 3.0, 3.6, 3.9, 4.5, 2.5, 2.9, 2.0, 2.4, 2.8, 2.4, 3.0, 1.9, 3.6, 2.2, 2.2, 2.0]
loss_list=[1.980129432810677, 1.592855806218253, 1.2550010610951317, 1.06212648363577, 0.959085952076647, 0.8524853657599952, 0.7769730300621853, 0.7129359335121179, 0.6564436129397817, 0.6213214739370676, 0.5874153553984232, 0.5692821819211048, 0.5112964026671317, 0.5242774235084652, 0.5043579008513027, 0.4554594224794871, 0.47300114485124733, 0.4360374143533408, 0.4341626909416583, 0.4336738408770826, 0.3781523681928714, 0.42277580711576684, 0.38643000868873467, 0.34363621226304936, 0.3226921852222747, 0.3476117624896061, 0.3484307952395952, 0.32991772834108113, 0.33024763293978243, 0.3151403724184882, 0.3289349470411738, 0.3067384497350495, 0.2752978902584356, 0.264734452075532, 0.3010474658280146, 0.26775855671459187, 0.2672621687020485, 0.2494540341074268, 0.22413634341054905, 0.22876903200897178, 0.2226132284943014, 0.17478152550873344, 0.2516840915420714, 0.2275842037508523, 0.22058184825672972, 0.1854032677509046, 0.18196598842636583, 0.2146481486210056, 0.1580480017680545, 0.1745423353102524, 0.156182145595861, 0.17570015241521306, 0.18354015246505798, 0.13359951719880983, 0.24269387714351373, 0.1678660795051514, 0.16144367064051846, 0.13747096001694448, 0.17100707669936427, 0.13842072598862512, 0.06537306755315513, 0.12256091561284847, 0.10574908768978071, 0.1262121037399629, 0.10069206383874797, 0.09795607701157374, 0.07044533149636764, 0.05504772980965856, 0.1258840527236397, 0.09053894036097013, 0.05005943949263181, 0.09800154501795381, 0.07743940469449931, 0.08495033363734063, 0.07199354289977541, 0.107930913705285, 0.07200415052100047, 0.09419701080720791, 0.0647402383840381, 0.08792208594397784, 0.0736230353262767, 0.07072961367104047, 0.07381872447142895, 0.04340926499377626, 0.060279019222636836, 0.06972388963497199, 0.035539468092861674, 0.049837459428082286, 0.04347538915753427, 0.08487308944848741, 0.039968246154021475, 0.04875333709561448, 0.05145568113999212, 0.03706648382924161, 0.04587410156048363, 0.055043927780906325, 0.04332777738054574, 0.03424847348620663, 0.048832237691781806, 0.019919256049781526]
BBSR:3.6
ABSR:2.45
max acc:71.63
