======================================
    IID: 0
    Dataset: fashion_mnist
    Model: Mnist_CNN
    Model Init: None
    Aggregation Function: RLR
    Fraction NonIID: 0
    Long attack: 3
    Wide attack: 3
    Wide attack: trust
    Threshold reject: 0.5
    Threshold down: 0.0
    Attack method: badnet
    Fraction of malicious agents: 13.0%
    Poison Frac: 0.2
    Backdoor From 7 to 2
    Attack Begin: 0
    Trigger Shape: square
    Type poisoning: cs
    Trigger Position X: 0
    Trigger Position Y: 0
    Number of agents: 100
    Fraction of agents each turn: 30(30.0%)
    Local batch size: 50
    Local epoch: 3
    Client_LR: 0.01
    Client_Momentum: 0.9
    Global Rounds: 100
    RobustLR_threshold: 4
======================================
main_task_accuracy=[0, 61.13999938964844, 67.94000244140625, 73.48999786376953, 76.0, 76.6500015258789, 77.88999938964844, 78.70999908447266, 79.26000213623047, 80.04000091552734, 80.63999938964844, 80.45999908447266, 80.94999694824219, 81.75, 81.93000030517578, 82.62999725341797, 82.70999908447266, 83.27999877929688, 83.05999755859375, 83.73999786376953, 84.2699966430664, 84.58999633789062, 84.81999969482422, 85.13999938964844, 85.4000015258789, 85.48999786376953, 85.52999877929688, 85.68000030517578, 85.52999877929688, 85.75, 85.7699966430664, 85.76000213623047, 86.23999786376953, 86.18000030517578, 86.47000122070312, 86.73999786376953, 86.66999816894531, 86.66999816894531, 86.69999694824219, 86.83999633789062, 86.93000030517578, 86.95999908447266, 86.91999816894531, 86.94000244140625, 87.19000244140625, 87.52999877929688, 87.5199966430664, 87.63999938964844, 87.68000030517578, 87.56999969482422, 87.48999786376953, 87.79000091552734, 87.93000030517578, 87.88999938964844, 87.87999725341797, 87.81999969482422, 87.87000274658203, 88.08000183105469, 88.2300033569336, 87.87000274658203, 88.12999725341797, 88.16000366210938, 88.37999725341797, 88.44999694824219, 88.37000274658203, 88.47000122070312, 88.41999816894531, 88.5199966430664, 88.69000244140625, 88.55999755859375, 88.66000366210938, 88.66999816894531, 88.83000183105469, 88.91999816894531, 88.83999633789062, 88.76000213623047, 88.9800033569336, 88.79000091552734, 88.93000030517578, 88.94999694824219, 88.94999694824219, 89.05000305175781, 89.12000274658203, 89.05000305175781, 89.05999755859375, 89.13999938964844, 89.08999633789062, 89.08000183105469, 89.27999877929688, 89.20999908447266, 89.27999877929688, 88.93000030517578, 89.36000061035156, 89.26000213623047, 89.41000366210938, 89.38999938964844, 89.43000030517578, 89.36000061035156, 89.48999786376953, 89.55999755859375, 89.44999694824219]
backdoor_accuracy=[0, 0.0, 0.0, 0.0, 0.0, 0.0, 0.0, 0.0, 0.0, 0.1, 0.0, 0.6, 1.5, 6.8, 12.1, 29.7, 52.7, 64.0, 60.3, 85.1, 86.6, 86.0, 92.7, 93.7, 96.1, 96.8, 96.8, 98.2, 98.2, 98.8, 99.2, 99.0, 99.4, 99.6, 99.4, 99.7, 99.7, 99.7, 99.7, 99.8, 99.7, 99.7, 99.7, 99.7, 99.7, 99.7, 99.7, 99.8, 100.0, 99.9, 99.7, 99.7, 99.7, 99.9, 100.0, 99.9, 99.9, 100.0, 99.8, 99.8, 99.7, 100.0, 99.9, 99.8, 99.9, 99.8, 99.9, 99.7, 99.8, 99.8, 99.8, 99.7, 99.7, 99.8, 99.9, 99.9, 99.9, 99.9, 99.9, 99.7, 99.9, 99.7, 99.9, 100.0, 99.9, 99.9, 100.0, 100.0, 100.0, 99.9, 100.0, 100.0, 100.0, 100.0, 100.0, 100.0, 100.0, 100.0, 100.0, 100.0, 100.0]
loss_list=[1.3664492620914073, 0.8826861192782719, 0.7057660353128558, 0.6101051783396139, 0.5619970964336837, 0.49763282451916624, 0.5053306962190954, 0.5061618770507199, 0.4603958262958461, 0.41236447938200504, 0.44961382745316736, 0.41189939833625605, 0.42906478048750646, 0.3928558440430574, 0.3968010463372426, 0.41034833025877127, 0.3984967693824458, 0.3660430382385299, 0.3506813551506235, 0.36609645076785924, 0.34723507452894137, 0.33635913465448, 0.35446292872506163, 0.35806586194645473, 0.34652490623433274, 0.32374250331410653, 0.35319183412594374, 0.34430267218569355, 0.318992485312952, 0.33368782412812664, 0.3247128328204982, 0.31707689049136306, 0.31685960894726495, 0.3237898738813346, 0.3207100196086146, 0.2993468971819514, 0.3200634825526289, 0.2765606112450499, 0.3107138992666646, 0.28596974310844586, 0.2906421036493999, 0.29713624776168557, 0.2912149239641925, 0.29809926762073136, 0.2814028282787788, 0.2653143632053225, 0.28027196948037114, 0.26824250041541675, 0.28572813172100325, 0.2729389604525986, 0.277881459708981, 0.2601273237693089, 0.25754984905080935, 0.25408244244064443, 0.2608857615609412, 0.2732222529352401, 0.2654024161915812, 0.26181641201212724, 0.2711680307328977, 0.2605223963175108, 0.23953790825067295, 0.2613696165486343, 0.26844096016138785, 0.2531360881265115, 0.2437673100235838, 0.25423250353584687, 0.2559517941472156, 0.23392031498218852, 0.24318672095908336, 0.23918872260730029, 0.26240866772347576, 0.23759237180498466, 0.248302053425599, 0.23447074917731467, 0.24086291665142337, 0.234071421633578, 0.23008292980009207, 0.23262052106567552, 0.23869026627184614, 0.24032528666020544, 0.2446808354170234, 0.2233374982744593, 0.2290102203462824, 0.2367402477724547, 0.22622877556520207, 0.22399942099668638, 0.24085983934260355, 0.2211322348806317, 0.2199474206677189, 0.22054113562443056, 0.21640965416510072, 0.22588317291638643, 0.22543610690368537, 0.23538808206924136, 0.21472910464120412, 0.23320447802198702, 0.23151357685629692, 0.2351493589976733, 0.2308434355141664, 0.21326686199582012]
BBSR:100.0
ABSR:100.0
max acc:89.56
