======================================
    IID: 0
    Dataset: fashion_mnist
    Model: Mnist_CNN
    Model Init: None
    Aggregation Function: avg
    Fraction NonIID: 0
    Long attack: 3
    Wide attack: 3
    Wide attack: trust
    Threshold reject: 0.5
    Threshold down: 0.0
    Attack method: badnet
    Fraction of malicious agents: 30.0%
    Poison Frac: 0.2
    Backdoor From 7 to 2
    Attack Begin: 0
    Trigger Shape: square
    Type poisoning: pgd
    Trigger Position X: 0
    Trigger Position Y: 0
    Number of agents: 100
    Fraction of agents each turn: 30(30.0%)
    Local batch size: 50
    Local epoch: 3
    Client_LR: 0.01
    Client_Momentum: 0.9
    Global Rounds: 100
======================================
main_task_accuracy=[0, 64.30000305175781, 70.33999633789062, 74.79000091552734, 76.41000366210938, 77.43000030517578, 78.52999877929688, 79.68000030517578, 79.98999786376953, 80.94000244140625, 81.6500015258789, 81.63999938964844, 83.0999984741211, 83.11000061035156, 84.12000274658203, 84.58000183105469, 84.08000183105469, 84.88999938964844, 84.81999969482422, 85.33999633789062, 85.79000091552734, 85.66000366210938, 86.11000061035156, 86.2699966430664, 86.2699966430664, 86.4800033569336, 86.76000213623047, 86.69999694824219, 86.95999908447266, 86.91000366210938, 87.19000244140625, 87.19000244140625, 87.41999816894531, 87.44999694824219, 87.61000061035156, 87.62000274658203, 87.5999984741211, 87.66000366210938, 87.72000122070312, 87.80000305175781, 87.8499984741211, 87.88999938964844, 87.83000183105469, 87.81999969482422, 87.87999725341797, 88.1500015258789, 88.25, 88.19999694824219, 88.38999938964844, 88.0999984741211, 88.3499984741211, 88.41999816894531, 88.29000091552734, 88.4000015258789, 88.52999877929688, 88.44000244140625, 88.5, 88.8499984741211, 88.7300033569336, 88.77999877929688, 88.94999694824219, 88.68000030517578, 88.75, 88.63999938964844, 89.16999816894531, 88.77999877929688, 89.18000030517578, 88.9000015258789, 89.08000183105469, 88.97000122070312, 89.23999786376953, 89.04000091552734, 89.22000122070312, 89.31999969482422, 89.61000061035156, 89.25, 89.3499984741211, 89.45999908447266, 89.23999786376953, 89.55999755859375, 89.48999786376953, 89.41999816894531, 89.52999877929688, 89.51000213623047, 89.54000091552734, 89.41999816894531, 89.44999694824219, 89.63999938964844, 89.55999755859375, 89.4800033569336, 89.93000030517578, 89.95999908447266, 89.98999786376953, 89.98999786376953, 89.80000305175781, 89.68000030517578, 89.87000274658203, 90.0199966430664, 90.04000091552734, 90.20999908447266, 90.06999969482422]
backdoor_accuracy=[0, 0.0, 0.0, 0.0, 0.9, 6.6, 59.9, 83.9, 95.8, 98.6, 99.7, 99.8, 99.8, 99.8, 99.8, 99.8, 100.0, 99.9, 100.0, 99.9, 100.0, 100.0, 99.9, 99.9, 100.0, 100.0, 100.0, 100.0, 100.0, 100.0, 100.0, 99.9, 100.0, 100.0, 100.0, 100.0, 100.0, 100.0, 100.0, 100.0, 100.0, 100.0, 100.0, 100.0, 100.0, 100.0, 100.0, 100.0, 100.0, 100.0, 100.0, 100.0, 100.0, 100.0, 100.0, 100.0, 100.0, 100.0, 100.0, 100.0, 100.0, 100.0, 100.0, 100.0, 100.0, 100.0, 100.0, 100.0, 100.0, 100.0, 100.0, 100.0, 100.0, 100.0, 100.0, 100.0, 100.0, 100.0, 100.0, 100.0, 100.0, 100.0, 100.0, 100.0, 100.0, 100.0, 100.0, 100.0, 100.0, 100.0, 100.0, 100.0, 100.0, 100.0, 100.0, 100.0, 100.0, 100.0, 100.0, 100.0, 100.0]
loss_list=[1.3502811048317833, 0.8650190662454675, 0.630525239970949, 0.5929308094912106, 0.5298960265324072, 0.47435792060913884, 0.4358625339275157, 0.4378725886827817, 0.40845297028621036, 0.4165103982375176, 0.4198906352915974, 0.3892961968633311, 0.36161530625627, 0.36747269081296735, 0.3541860900750315, 0.37259753143621827, 0.34204727001488205, 0.3305915780779388, 0.31834101988071645, 0.31621626752808135, 0.32596718034948463, 0.30109686304435684, 0.3076355954632163, 0.29971063399894377, 0.2972659762845271, 0.2851634700230702, 0.28383613435758487, 0.2913828834977553, 0.3102555812129543, 0.3082214831409079, 0.2651254874688608, 0.2705073274465072, 0.2783595291966641, 0.2690676661725674, 0.27169484510948816, 0.261717146155597, 0.2709343135874305, 0.2754493317221878, 0.2406650725476168, 0.26157101773898356, 0.25999244085892487, 0.25732284601846783, 0.2602037137339788, 0.24896441997736, 0.23726533899704613, 0.24732118334138284, 0.23495927190891025, 0.23875371156329359, 0.2449423103541549, 0.21222137351589346, 0.22524259154753828, 0.24748038878250458, 0.23252335261312082, 0.23698190959273935, 0.22934144267950346, 0.23086623270754467, 0.22703423768074976, 0.22934020933764124, 0.22487346043258347, 0.21423728795618643, 0.21943763526742935, 0.2197245783689949, 0.2301132793348559, 0.23459956500748244, 0.21413948100784586, 0.2147229830044563, 0.21979404107184594, 0.2213594604559518, 0.22709866994129557, 0.2207567970509883, 0.21293522848195776, 0.20326537819648233, 0.2151703658927646, 0.21042930199419738, 0.21120418134593857, 0.20895363425973942, 0.20226946053509084, 0.21192928617992612, 0.19167014662935225, 0.2015907615742266, 0.19135104940376346, 0.20146053464289884, 0.1909661305826847, 0.19693440143536362, 0.20075756660145183, 0.1888781248367633, 0.1934833401598519, 0.18531926721506925, 0.18450184819736967, 0.17506055197575024, 0.1911584688298818, 0.1856750268954784, 0.1993595497251523, 0.1769339374758096, 0.18107852016109974, 0.1914742759213334, 0.1809100006198235, 0.19349017971609198, 0.18832957712519502, 0.17442575928548143]
BBSR:100.0
ABSR:100.0
max acc:90.21
