======================================
    IID: 0
    Dataset: mnist
    Model: Mnist_CNN
    Model Init: None
    Aggregation Function: avg
    Fraction NonIID: 0
    Long attack: 3
    Wide attack: 3
    Wide attack: trust
    Threshold reject: 0.5
    Threshold down: 0.0
    Attack method: badnet
    Fraction of malicious agents: 13.0%
    Poison Frac: 0.2
    Backdoor From 7 to 2
    Attack Begin: 0
    Trigger Shape: square
    Type poisoning: 
    Trigger Position X: 0
    Trigger Position Y: 0
    Number of agents: 100
    Fraction of agents each turn: 30(30.0%)
    Local batch size: 50
    Local epoch: 3
    Client_LR: 0.01
    Client_Momentum: 0.9
    Global Rounds: 100
======================================
main_task_accuracy=[0, 25.059999465942383, 50.70000076293945, 72.41999816894531, 70.56999969482422, 62.4900016784668, 73.2300033569336, 77.43000030517578, 87.61000061035156, 89.0199966430664, 84.23999786376953, 90.66000366210938, 94.4800033569336, 92.80000305175781, 93.23999786376953, 93.58999633789062, 92.41000366210938, 92.37000274658203, 94.73999786376953, 95.45999908447266, 95.5199966430664, 95.79000091552734, 94.98999786376953, 94.5, 96.5, 96.02999877929688, 95.12999725341797, 95.75, 95.77999877929688, 96.68000030517578, 97.01000213623047, 96.3499984741211, 97.04000091552734, 97.27999877929688, 97.29000091552734, 96.80000305175781, 97.33000183105469, 97.05999755859375, 97.1500015258789, 97.5199966430664, 96.97000122070312, 97.38999938964844, 97.73999786376953, 96.51000213623047, 96.62999725341797, 97.5999984741211, 97.47000122070312, 97.56999969482422, 97.58999633789062, 97.56999969482422, 96.04000091552734, 97.95999908447266, 97.88999938964844, 98.19999694824219, 98.0199966430664, 98.19000244140625, 97.87000274658203, 97.93000030517578, 98.0999984741211, 98.25, 97.87000274658203, 98.01000213623047, 98.27999877929688, 98.30000305175781, 98.19000244140625, 97.87000274658203, 98.16999816894531, 98.2300033569336, 98.20999908447266, 98.08000183105469, 98.0199966430664, 98.5199966430664, 98.31999969482422, 98.26000213623047, 98.22000122070312, 98.12999725341797, 98.47000122070312, 98.30999755859375, 98.12000274658203, 97.86000061035156, 97.91000366210938, 98.16999816894531, 98.06999969482422, 98.08999633789062, 98.0, 98.33999633789062, 98.48999786376953, 97.80999755859375, 98.18000030517578, 98.5, 98.58000183105469, 98.62999725341797, 98.5, 98.68000030517578, 98.41999816894531, 98.5199966430664, 98.61000061035156, 98.30000305175781, 98.52999877929688, 98.30999755859375, 98.68000030517578]
backdoor_accuracy=[0, 0.19455252918287938, 31.1284046692607, 0.5836575875486382, 7.587548638132295, 0.9727626459143969, 14.105058365758754, 0.0, 10.214007782101167, 1.9455252918287937, 2.431906614785992, 8.657587548638132, 8.657587548638132, 2.140077821011673, 6.614785992217898, 2.821011673151751, 2.0428015564202333, 7.2957198443579765, 3.9883268482490273, 8.171206225680933, 3.11284046692607, 7.2957198443579765, 5.933852140077821, 5.155642023346304, 7.101167315175097, 4.280155642023346, 6.614785992217898, 5.739299610894942, 9.630350194552529, 4.182879377431907, 6.809338521400778, 4.669260700389105, 9.14396887159533, 8.365758754863814, 6.906614785992218, 6.128404669260701, 17.217898832684824, 15.272373540856032, 9.630350194552529, 9.922178988326849, 8.073929961089494, 20.622568093385215, 4.961089494163424, 5.252918287937743, 13.618677042801556, 7.879377431906615, 5.155642023346304, 10.992217898832685, 14.007782101167315, 28.79377431906615, 6.128404669260701, 46.400778210116734, 15.85603112840467, 25.58365758754864, 43.77431906614786, 19.357976653696497, 24.027237354085603, 19.64980544747082, 45.62256809338521, 72.47081712062257, 33.463035019455255, 82.1011673151751, 25.0, 55.6420233463035, 29.669260700389106, 27.140077821011673, 32.68482490272373, 85.40856031128405, 65.85603112840467, 42.217898832684824, 76.07003891050584, 80.54474708171206, 75.19455252918289, 89.29961089494164, 87.45136186770428, 91.43968871595331, 96.98443579766537, 97.56809338521401, 91.24513618677042, 96.98443579766537, 94.94163424124514, 95.91439688715953, 97.37354085603113, 98.63813229571984, 99.41634241245136, 99.61089494163424, 98.44357976653697, 98.5408560311284, 99.41634241245136, 98.34630350194553, 99.41634241245136, 98.92996108949416, 97.37354085603113, 99.80544747081711, 98.73540856031128, 99.70817120622569, 99.80544747081711, 96.01167315175097, 99.12451361867704, 99.22178988326849, 99.31906614785993]
loss_list=[0.4910149167426291, 0.24104858772998874, 0.22175126632334025, 0.15948350383019114, 0.15749057351077572, 0.13502498629957638, 0.1188262450715854, 0.117005025824272, 0.0908945267208578, 0.07324500545703153, 0.07731353418543434, 0.060470546589091116, 0.05848293477332319, 0.054720819809203854, 0.05527464356447273, 0.058769574945775546, 0.05500194241434944, 0.060311309507002836, 0.044667903517907906, 0.04968033229518921, 0.05610647505666842, 0.04892124313443617, 0.043300628277532484, 0.04858953647809542, 0.04330440476404456, 0.040087838461684094, 0.04397341205190091, 0.03728786756313658, 0.04066896175295483, 0.03602514971587223, 0.03434528788639031, 0.03933059786300132, 0.035189198531962916, 0.030589475254328695, 0.03788826528301644, 0.03964858861820885, 0.02803381984647383, 0.03150945126254689, 0.0319670682529486, 0.0313389267117274, 0.03359941395280278, 0.032007269252771704, 0.02653934212399627, 0.03383904638824417, 0.02724670954025774, 0.02807481106864035, 0.034936819771108504, 0.026673826459869616, 0.031712710175779084, 0.03209771313057536, 0.032068041075941564, 0.02667087874911378, 0.03073604722634293, 0.023826089456921273, 0.02894218407848772, 0.022699872695440604, 0.02244671541115039, 0.024323321973608546, 0.02917788717896697, 0.022539639528304078, 0.026655994486221937, 0.02625259422433263, 0.02983358891501772, 0.02223578711676432, 0.0263957550183013, 0.024431707726499684, 0.0228043513088754, 0.02369748276137085, 0.023803753531279323, 0.021936571706968545, 0.024774504973432317, 0.02205532345932675, 0.01813351564437414, 0.019308804946013287, 0.019650919001729807, 0.021263935972905833, 0.02334689128864201, 0.023674938030065665, 0.020591133662156695, 0.025382947368728613, 0.02449989781322803, 0.02178672815467432, 0.018188473662948623, 0.02548684223023099, 0.01987753358279515, 0.01982075988183835, 0.021280253992586987, 0.01966161490390944, 0.018450874745076878, 0.023634915927387555, 0.020148498917268703, 0.015536749865603735, 0.019510497392420147, 0.021205390213849026, 0.0191303694785431, 0.02167472501191231, 0.020998901810114014, 0.021349162920518857, 0.01542179189542877, 0.016670471925925374]
BBSR:99.81
ABSR:98.8
max acc:98.68
