======================================
    IID: 0
    Dataset: mnist
    Model: Mnist_CNN
    Model Init: None
    Aggregation Function: avg
    Fraction NonIID: 0
    Long attack: 3
    Wide attack: 3
    Wide attack: trust
    Threshold reject: 0.5
    Threshold down: 0.0
    Attack method: dba
    Fraction of malicious agents: 20.0%
    Poison Frac: 0.2
    Backdoor From 7 to 2
    Attack Begin: 0
    Trigger Shape: square
    Type poisoning: 
    Trigger Position X: 0
    Trigger Position Y: 0
    Number of agents: 100
    Fraction of agents each turn: 30(30.0%)
    Local batch size: 50
    Local epoch: 3
    Client_LR: 0.01
    Client_Momentum: 0.9
    Global Rounds: 100
======================================
main_task_accuracy=[0, 54.65999984741211, 53.33000183105469, 56.43000030517578, 63.16999816894531, 79.01000213623047, 77.19999694824219, 83.5999984741211, 87.43000030517578, 86.6500015258789, 79.31999969482422, 86.4000015258789, 90.73999786376953, 91.56999969482422, 89.0, 91.54000091552734, 91.08000183105469, 94.36000061035156, 95.27999877929688, 94.97000122070312, 94.22000122070312, 95.69000244140625, 93.66999816894531, 96.11000061035156, 93.62000274658203, 92.26000213623047, 96.08000183105469, 96.19000244140625, 96.87000274658203, 96.70999908447266, 95.70999908447266, 96.75, 96.2300033569336, 96.9000015258789, 96.45999908447266, 96.29000091552734, 95.9000015258789, 96.62000274658203, 97.44999694824219, 97.31999969482422, 96.94999694824219, 97.5, 97.18000030517578, 97.2300033569336, 97.37000274658203, 97.41999816894531, 97.58999633789062, 97.87000274658203, 97.8499984741211, 97.16000366210938, 97.58000183105469, 97.62999725341797, 97.62999725341797, 97.68000030517578, 98.0999984741211, 97.41999816894531, 97.75, 97.7699966430664, 96.68000030517578, 97.56999969482422, 97.80000305175781, 97.70999908447266, 97.80999755859375, 98.30999755859375, 97.55999755859375, 98.08999633789062, 97.73999786376953, 98.23999786376953, 98.20999908447266, 97.83000183105469, 98.04000091552734, 98.2300033569336, 98.12999725341797, 98.0999984741211, 97.70999908447266, 97.66000366210938, 98.12999725341797, 97.81999969482422, 98.43000030517578, 98.45999908447266, 98.5, 98.43000030517578, 98.08999633789062, 98.12000274658203, 98.08999633789062, 98.55999755859375, 98.55999755859375, 98.45999908447266, 98.4800033569336, 98.23999786376953, 98.44000244140625, 98.66000366210938, 98.4800033569336, 98.62999725341797, 98.55999755859375, 98.3499984741211, 97.9000015258789, 98.22000122070312, 98.30000305175781, 98.62000274658203, 98.70999908447266]
backdoor_accuracy=[0, 1.1673151750972763, 0.7782101167315175, 14.494163424124514, 0.8754863813229572, 6.614785992217898, 1.7509727626459144, 2.821011673151751, 3.501945525291829, 3.307392996108949, 3.11284046692607, 6.22568093385214, 0.8754863813229572, 5.544747081712062, 8.171206225680933, 1.556420233463035, 12.15953307392996, 7.879377431906615, 6.22568093385214, 20.719844357976655, 7.490272373540856, 3.404669260700389, 37.54863813229572, 4.474708171206226, 20.330739299610894, 4.766536964980545, 60.40856031128405, 18.8715953307393, 45.81712062256809, 18.67704280155642, 13.229571984435797, 73.05447470817121, 49.61089494163424, 27.626459143968873, 96.59533073929961, 71.88715953307393, 96.49805447470817, 89.78599221789884, 81.42023346303502, 97.27626459143968, 74.12451361867704, 90.46692607003891, 94.64980544747081, 97.85992217898833, 92.8988326848249, 93.09338521400778, 99.41634241245136, 91.82879377431907, 97.56809338521401, 99.61089494163424, 91.53696498054475, 95.8171206225681, 98.73540856031128, 98.92996108949416, 99.12451361867704, 99.12451361867704, 99.80544747081711, 99.22178988326849, 99.70817120622569, 99.61089494163424, 99.80544747081711, 99.61089494163424, 99.61089494163424, 99.70817120622569, 99.70817120622569, 99.70817120622569, 99.80544747081711, 99.90272373540856, 99.80544747081711, 99.90272373540856, 99.5136186770428, 99.61089494163424, 100.0, 100.0, 100.0, 99.90272373540856, 100.0, 99.80544747081711, 99.90272373540856, 100.0, 100.0, 99.90272373540856, 100.0, 100.0, 100.0, 100.0, 100.0, 100.0, 100.0, 100.0, 100.0, 100.0, 100.0, 100.0, 100.0, 100.0, 100.0, 100.0, 100.0, 100.0, 100.0]
loss_list=[0.49448713344179535, 0.26624940239282485, 0.18931305125779785, 0.20096081905181343, 0.15527490447325276, 0.11853730812819167, 0.0956580403393386, 0.09970282496256297, 0.08171402188362223, 0.0845598192132444, 0.1036412472953502, 0.08787791015888492, 0.06665413325314236, 0.07554674939108869, 0.07238342395196158, 0.060382021595769324, 0.06736236143520127, 0.06385993891078008, 0.04087051443701847, 0.046334998885585225, 0.05847142316161205, 0.0450820637945241, 0.04795835479818684, 0.04833381276579981, 0.045336848715395624, 0.05390893632195216, 0.039329004865739134, 0.04153905505595789, 0.03501498337637824, 0.037972424810993576, 0.03907767455038058, 0.03647771876576709, 0.035625620516315855, 0.03813400237393558, 0.04220262945114003, 0.038614930357048174, 0.037622245127938665, 0.039534795745043635, 0.02957702151636739, 0.030589914081161216, 0.03834441506029005, 0.024581715641399625, 0.03602524727280762, 0.030003849240144816, 0.03582771655076274, 0.028758848508515487, 0.028976756687990712, 0.03237604588355663, 0.025256189740816507, 0.029251496986799002, 0.028241006818023433, 0.024564103854793302, 0.025496036268482975, 0.029047887963423957, 0.023656784545730326, 0.022435490922878932, 0.025631130010510324, 0.02957161104816002, 0.023350558153901642, 0.025768320993067348, 0.022883459252633815, 0.021886267370238136, 0.031294840702023485, 0.022871109454718177, 0.024238615351751154, 0.02510605855718378, 0.025987050816960004, 0.02390423428827358, 0.02332127311690115, 0.021842016336097572, 0.02154530718594401, 0.02307230122421152, 0.017384720963369585, 0.022632606063539323, 0.018538884799298907, 0.022921544844607133, 0.026509820075639887, 0.02629157712465359, 0.01882312664134461, 0.017503354279893753, 0.023658803510964593, 0.020606227294530387, 0.02714068040219925, 0.021139493777393815, 0.01966266174265945, 0.02014895676684393, 0.021401031322407692, 0.023456887820211245, 0.017307344101810375, 0.01918388990855305, 0.0218049607400622, 0.01637224746883303, 0.01839514554846272, 0.02080080023515414, 0.02385302523668808, 0.016490301600054737, 0.021874066744218844, 0.01986157175755972, 0.017842052029995944, 0.016575924017217445]
BBSR:100.0
ABSR:100.0
max acc:98.71
