======================================
    IID: 0
    Dataset: mnist
    Model: Mnist_CNN
    Model Init: None
    Aggregation Function: avg
    Fraction NonIID: 0
    Long attack: 3
    Wide attack: 3
    Wide attack: trust
    Threshold reject: 0.5
    Threshold down: 0.0
    Attack method: dba
    Fraction of malicious agents: 13.0%
    Poison Frac: 0.2
    Backdoor From 7 to 2
    Attack Begin: 0
    Trigger Shape: square
    Type poisoning: 
    Trigger Position X: 0
    Trigger Position Y: 0
    Number of agents: 100
    Fraction of agents each turn: 30(30.0%)
    Local batch size: 50
    Local epoch: 3
    Client_LR: 0.01
    Client_Momentum: 0.9
    Global Rounds: 100
======================================
main_task_accuracy=[0, 42.61000061035156, 57.20000076293945, 65.45999908447266, 81.1500015258789, 70.7300033569336, 73.55999755859375, 78.83000183105469, 87.5999984741211, 82.3499984741211, 84.68000030517578, 82.87000274658203, 88.55000305175781, 88.61000061035156, 86.44999694824219, 89.06999969482422, 92.13999938964844, 95.52999877929688, 95.52999877929688, 94.72000122070312, 95.69000244140625, 95.44999694824219, 95.4800033569336, 95.29000091552734, 96.16999816894531, 96.41999816894531, 96.44999694824219, 96.4800033569336, 96.44999694824219, 95.38999938964844, 95.48999786376953, 96.80000305175781, 96.9000015258789, 97.16000366210938, 97.30999755859375, 97.25, 97.22000122070312, 97.43000030517578, 97.0999984741211, 97.25, 96.9800033569336, 97.83000183105469, 97.2699966430664, 97.73999786376953, 97.23999786376953, 97.68000030517578, 97.41000366210938, 97.79000091552734, 98.01000213623047, 97.66000366210938, 97.6500015258789, 97.97000122070312, 98.04000091552734, 97.63999938964844, 97.5, 97.80000305175781, 98.04000091552734, 97.55000305175781, 98.19000244140625, 98.04000091552734, 98.12999725341797, 98.16999816894531, 98.26000213623047, 98.18000030517578, 98.30999755859375, 98.12000274658203, 97.79000091552734, 98.23999786376953, 98.16000366210938, 98.04000091552734, 98.45999908447266, 98.0199966430664, 98.36000061035156, 98.1500015258789, 98.44999694824219, 98.5999984741211, 98.48999786376953, 98.5199966430664, 98.47000122070312, 98.62999725341797, 98.43000030517578, 98.37000274658203, 98.56999969482422, 98.47000122070312, 98.51000213623047, 98.55999755859375, 98.58999633789062, 98.5999984741211, 98.37000274658203, 98.20999908447266, 98.55999755859375, 98.5199966430664, 98.41999816894531, 98.37999725341797, 98.51000213623047, 98.72000122070312, 98.61000061035156, 98.58999633789062, 98.5, 98.04000091552734, 98.41000366210938]
backdoor_accuracy=[0, 0.0, 0.0, 47.27626459143969, 1.9455252918287937, 7.392996108949417, 0.9727626459143969, 0.8754863813229572, 6.614785992217898, 0.09727626459143969, 6.809338521400778, 0.48638132295719844, 6.3229571984435795, 1.556420233463035, 4.377431906614786, 1.1673151750972763, 4.280155642023346, 2.7237354085603114, 0.8754863813229572, 6.517509727626459, 2.140077821011673, 3.0155642023346303, 1.556420233463035, 1.264591439688716, 5.739299610894942, 1.6536964980544746, 4.571984435797665, 3.307392996108949, 3.0155642023346303, 2.431906614785992, 4.961089494163424, 1.4591439688715953, 2.431906614785992, 2.6264591439688716, 3.8910505836575875, 1.6536964980544746, 2.9182879377431905, 2.7237354085603114, 5.836575875486381, 4.085603112840467, 1.0700389105058365, 2.821011673151751, 7.198443579766537, 3.307392996108949, 1.1673151750972763, 2.6264591439688716, 2.529182879377432, 8.268482490272374, 5.155642023346304, 1.7509727626459144, 23.346303501945524, 7.976653696498055, 6.3229571984435795, 18.09338521400778, 5.058365758754864, 18.8715953307393, 8.171206225680933, 4.766536964980545, 16.439688715953306, 25.875486381322958, 38.03501945525292, 11.575875486381323, 22.08171206225681, 28.01556420233463, 35.11673151750973, 45.62256809338521, 6.128404669260701, 18.77431906614786, 87.84046692607004, 13.910505836575876, 16.926070038910506, 17.412451361867703, 25.972762645914397, 95.62256809338521, 45.038910505836576, 53.11284046692607, 83.36575875486382, 79.1828793774319, 57.5875486381323, 54.961089494163424, 87.35408560311284, 79.28015564202335, 91.53696498054475, 56.32295719844358, 93.28793774319067, 92.21789883268482, 92.80155642023347, 72.95719844357977, 95.03891050583658, 81.32295719844358, 96.69260700389106, 92.8988326848249, 81.32295719844358, 96.20622568093385, 97.47081712062257, 97.17898832684826, 93.57976653696498, 92.99610894941634, 93.96887159533074, 99.41634241245136, 68.28793774319067]
loss_list=[0.5809483982958792, 0.2718757935648545, 0.20132816842125786, 0.17101925571907892, 0.1215208548303439, 0.1250980799513719, 0.1121301468375215, 0.09453311930082105, 0.0842494301171699, 0.10488059296544266, 0.08711824563873273, 0.08237582435276439, 0.0678480525082989, 0.06334876991195999, 0.08454143895551222, 0.07576981938827096, 0.06099080271621979, 0.04796429044232568, 0.053048753489470586, 0.05549406943636073, 0.046867304592345685, 0.04646386700974651, 0.042748185593994764, 0.04665829162447225, 0.0418982525704033, 0.038432810875457545, 0.04282229860074137, 0.046883604433122186, 0.04778767681684955, 0.03811960589646042, 0.03439384451607416, 0.04248536776045093, 0.04090179695630872, 0.03597039983055307, 0.030179914838416477, 0.036693342535429545, 0.032503548490452915, 0.03278592164766896, 0.028469828002038736, 0.03032344478764307, 0.041176737406064326, 0.02559159425757904, 0.0313296724313309, 0.032127690988969636, 0.031942247964909305, 0.02530530528807574, 0.02750848452008677, 0.026887636372016688, 0.026692694787201335, 0.028980458162027076, 0.026864246820241983, 0.03065022275362865, 0.0310698059041326, 0.029946491257238826, 0.025700653945730463, 0.02808609055657725, 0.025341408667269208, 0.0285612875810737, 0.02356212189406925, 0.02083167091490153, 0.023094353872270896, 0.02395066710565951, 0.02673512578572602, 0.02348141277052491, 0.02548410155080783, 0.027816447623842465, 0.02619053076299826, 0.021740150021375446, 0.02294309526875664, 0.020542193526884838, 0.02042603435932585, 0.02170918679196789, 0.027028592337017685, 0.020908241177466702, 0.0256784876330659, 0.022011477483288817, 0.02433295363735716, 0.017395454492450783, 0.01966570729841448, 0.0222499191700794, 0.02357216133262707, 0.019635631571353587, 0.019419769073688833, 0.02309325421512665, 0.020658115570647933, 0.017610846371110253, 0.019547180859083087, 0.019334207830993416, 0.02271771344206489, 0.02153426629155592, 0.0214553801325772, 0.019644987491858182, 0.018770042341969446, 0.022664350334746546, 0.01955801181905532, 0.01877020693289982, 0.019273259947003407, 0.01667115546694974, 0.01902507909868961, 0.021690902543524886]
BBSR:99.42
ABSR:91.33
max acc:98.72
