======================================
    IID: 1
    Dataset: cifar
    Model: resnet
    Model Init: None
    Aggregation Function: DABA
    Fraction NonIID: 0
    Long attack: 3
    Wide attack: 3
    Wide attack: trust
    Threshold reject: 0.5
    Threshold down: 0.0
    Attack method: dba
    Fraction of malicious agents: 30.0%
    Poison Frac: 0.2
    Backdoor From 7 to 2
    Attack Begin: 0
    Trigger Shape: square
    Type poisoning: 
    Trigger Position X: 0
    Trigger Position Y: 0
    Number of agents: 100
    Fraction of agents each turn: 30(30.0%)
    Local batch size: 50
    Local epoch: 3
    Client_LR: 0.01
    Client_Momentum: 0.9
    Global Rounds: 100
======================================
main_task_accuracy=[0, 10.0, 23.43000030517578, 41.36000061035156, 44.709999084472656, 48.91999816894531, 53.369998931884766, 56.209999084472656, 58.459999084472656, 60.84000015258789, 60.2400016784668, 63.279998779296875, 63.279998779296875, 63.40999984741211, 65.45999908447266, 65.16000366210938, 66.37000274658203, 67.5199966430664, 66.52999877929688, 68.80999755859375, 67.7699966430664, 67.98999786376953, 68.30000305175781, 68.94999694824219, 69.43000030517578, 69.87000274658203, 70.2300033569336, 69.80000305175781, 69.19000244140625, 70.91999816894531, 72.19999694824219, 70.80000305175781, 72.02999877929688, 71.76000213623047, 71.83999633789062, 72.47000122070312, 72.20999908447266, 73.48999786376953, 72.51000213623047, 71.76000213623047, 73.33000183105469, 73.33999633789062, 73.06999969482422, 73.20999908447266, 73.37999725341797, 73.36000061035156, 73.23999786376953, 73.05999755859375, 73.37999725341797, 73.44000244140625, 73.5999984741211, 73.47000122070312, 73.37999725341797, 73.11000061035156, 73.0999984741211, 73.33000183105469, 73.06999969482422, 73.58000183105469, 73.69000244140625, 73.72000122070312, 73.51000213623047, 73.5, 73.55999755859375, 73.45999908447266, 73.2300033569336, 73.30999755859375, 73.27999877929688, 73.41999816894531, 73.43000030517578, 73.33000183105469, 73.44999694824219, 73.41000366210938, 73.4000015258789, 73.47000122070312, 73.30000305175781, 73.25, 73.3499984741211, 73.30999755859375, 73.38999938964844, 73.23999786376953, 73.20999908447266, 73.36000061035156, 73.23999786376953, 73.13999938964844, 73.33000183105469, 73.22000122070312, 73.16000366210938, 73.19000244140625, 73.23999786376953, 73.26000213623047, 73.18000030517578, 73.29000091552734, 73.08000183105469, 73.08000183105469, 73.02999877929688, 73.13999938964844, 72.91000366210938, 73.08000183105469, 73.11000061035156, 72.87000274658203, 72.97000122070312]
backdoor_accuracy=[0, 0.0, 21.3, 8.8, 6.1, 5.2, 5.8, 2.9, 4.5, 4.1, 5.6, 3.5, 2.8, 4.2, 4.3, 1.3, 3.7, 3.9, 5.4, 2.9, 2.0, 2.6, 1.9, 2.0, 2.5, 3.5, 2.2, 2.6, 2.9, 2.2, 2.8, 3.6, 2.2, 2.6, 4.3, 3.4, 4.0, 5.4, 1.7, 4.1, 4.5, 4.7, 3.5, 4.3, 3.8, 3.4, 3.8, 3.6, 4.1, 5.2, 4.8, 3.9, 3.3, 3.6, 5.7, 4.4, 5.0, 5.4, 5.7, 4.6, 3.9, 5.7, 4.3, 4.6, 5.5, 5.0, 4.2, 4.7, 4.4, 4.7, 4.8, 4.8, 4.7, 5.1, 5.1, 5.0, 5.3, 5.1, 5.2, 4.9, 4.4, 5.3, 5.2, 5.1, 5.2, 4.8, 4.9, 4.7, 5.3, 5.1, 5.0, 5.0, 5.2, 4.8, 5.3, 5.1, 4.9, 5.3, 5.3, 5.4, 5.4]
loss_list=[1.9461202708880103, 1.4988948737912706, 1.0957780813674134, 0.923950668639607, 0.7536631357752615, 0.6693022297281358, 0.6136036422972878, 0.550495204180479, 0.503415804621246, 0.4922772844446202, 0.42993366418613344, 0.35830321275732585, 0.38574294505019974, 0.3856002956980633, 0.32065103034592346, 0.35435610142122537, 0.33407532232296133, 0.2926387861081296, 0.27558364389153817, 0.27402919924662755, 0.23748502786452366, 0.2753138336777273, 0.24793725778503958, 0.22264075663354663, 0.1833293478998045, 0.17287600633313155, 0.1758371679274003, 0.16521749415590115, 0.16526565424050205, 0.1455702996307001, 0.1512592748238239, 0.13616523768571717, 0.16803129114391696, 0.11461938915515525, 0.10261509266623761, 0.10235392748158322, 0.09191968639840421, 0.09860515318778601, 0.0810930131117089, 0.07035541718754557, 0.04724867157654242, 0.07689068076546796, 0.040277190272851524, 0.029385615569254796, 0.04621466544359768, 0.027266406107422272, 0.051769596492716424, 0.029572789288843822, 0.018668481652696047, 0.024823816189535945, 0.023242080178234682, 0.05088042208850512, 0.011989698793169941, 0.011901345133665019, 0.015010079598012252, 0.005756386896795852, 0.031154642395639608, 0.021962180187046113, 0.010144474764302787, 0.012618979811603724, 0.007744153733041861, 0.004007934544820778, 0.005721550542479639, 0.00857151586617369, 0.0045121727217984796, 0.008579037748083163, 0.0025823451309406665, 0.002166230148011689, 0.004623013371585532, 0.0018095115638667872, 0.0019234853923747622, 0.008430597935673884, 0.0016497449229548997, 0.0016298551716479573, 0.0022110948856991146, 0.0012109367023125136, 0.0011616867170636802, 0.0013193366821845603, 0.001543822635641037, 0.0045434890056478446, 0.001192837916007395, 0.0012093914422277724, 0.0011070963474614675, 0.0009836413645664128, 0.002288766534281118, 0.005103063882771597, 0.0015551697552453132, 0.0008834879073725057, 0.0011488818673711246, 0.0012896491823549793, 0.0008898093369336696, 0.0008116129992009115, 0.0023784355281693723, 0.0007957305734210725, 0.0007371774278969194, 0.0019872675057801335, 0.0008447709860936612, 0.0009749924295788837, 0.0006505018353830869, 0.0007281444664921664]
BBSR:5.4
ABSR:5.17
max acc:73.29
