======================================
    IID: 0
    Dataset: mnist
    Model: Mnist_CNN
    Model Init: None
    Aggregation Function: DABA
    Fraction NonIID: 0
    Long attack: 3
    Wide attack: 3
    Wide attack: trust
    Threshold reject: 0.5
    Threshold down: 0.0
    Attack method: badnet
    Fraction of malicious agents: 30.0%
    Poison Frac: 0.2
    Backdoor From 7 to 2
    Attack Begin: 0
    Trigger Shape: square
    Type poisoning: pgd
    Trigger Position X: 0
    Trigger Position Y: 0
    Number of agents: 100
    Fraction of agents each turn: 30(30.0%)
    Local batch size: 50
    Local epoch: 3
    Client_LR: 0.01
    Client_Momentum: 0.9
    Global Rounds: 100
======================================
main_task_accuracy=[0, 34.0099983215332, 15.020000457763672, 30.850000381469727, 35.5099983215332, 45.81999969482422, 35.540000915527344, 53.150001525878906, 53.630001068115234, 65.97000122070312, 67.86000061035156, 74.62000274658203, 65.55999755859375, 77.54000091552734, 82.83999633789062, 85.81999969482422, 86.3499984741211, 84.0999984741211, 86.61000061035156, 85.0999984741211, 88.19000244140625, 90.02999877929688, 90.48999786376953, 92.01000213623047, 89.80000305175781, 89.83000183105469, 91.45999908447266, 86.2699966430664, 91.05000305175781, 94.11000061035156, 92.4800033569336, 87.20999908447266, 65.16000366210938, 91.19999694824219, 95.83000183105469, 93.0999984741211, 90.7300033569336, 92.2699966430664, 91.95999908447266, 94.75, 94.8499984741211, 94.47000122070312, 95.75, 92.79000091552734, 96.4000015258789, 93.51000213623047, 94.51000213623047, 91.23999786376953, 92.13999938964844, 82.55999755859375, 94.01000213623047, 95.95999908447266, 95.5999984741211, 95.76000213623047, 96.62999725341797, 93.55000305175781, 96.7300033569336, 95.05999755859375, 97.04000091552734, 89.37000274658203, 96.91000366210938, 96.91999816894531, 96.91000366210938, 95.31999969482422, 96.47000122070312, 96.33999633789062, 97.31999969482422, 88.4800033569336, 90.1500015258789, 87.72000122070312, 95.91000366210938, 91.01000213623047, 96.11000061035156, 96.7699966430664, 97.22000122070312, 97.29000091552734, 97.36000061035156, 96.58999633789062, 96.5999984741211, 97.02999877929688, 97.80000305175781, 96.72000122070312, 96.08999633789062, 97.2699966430664, 97.05000305175781, 96.73999786376953, 97.62999725341797, 97.4800033569336, 97.27999877929688, 94.5999984741211, 97.7300033569336, 97.54000091552734, 98.05999755859375, 97.02999877929688, 97.80000305175781, 95.61000061035156, 89.37000274658203, 95.8499984741211, 98.13999938964844, 97.45999908447266, 97.80999755859375]
backdoor_accuracy=[0, 3.21011673151751, 0.0, 0.0, 42.31517509727627, 0.0, 1.9455252918287937, 3.404669260700389, 11.381322957198444, 11.284046692607005, 22.56809338521401, 18.579766536964982, 6.3229571984435795, 15.46692607003891, 5.155642023346304, 92.70428015564202, 5.836575875486381, 23.832684824902724, 82.68482490272373, 7.490272373540856, 84.63035019455253, 1.6536964980544746, 98.24902723735408, 79.47470817120623, 100.0, 15.95330739299611, 98.92996108949416, 100.0, 98.83268482490273, 99.41634241245136, 100.0, 99.90272373540856, 92.99610894941634, 100.0, 100.0, 100.0, 100.0, 100.0, 100.0, 100.0, 99.90272373540856, 100.0, 100.0, 100.0, 100.0, 100.0, 98.73540856031128, 100.0, 100.0, 100.0, 100.0, 100.0, 100.0, 100.0, 100.0, 100.0, 100.0, 100.0, 100.0, 100.0, 99.80544747081711, 100.0, 100.0, 100.0, 99.90272373540856, 100.0, 100.0, 100.0, 99.90272373540856, 100.0, 100.0, 100.0, 100.0, 100.0, 100.0, 100.0, 100.0, 100.0, 100.0, 100.0, 100.0, 100.0, 100.0, 100.0, 100.0, 100.0, 100.0, 100.0, 100.0, 100.0, 100.0, 100.0, 100.0, 100.0, 100.0, 100.0, 100.0, 100.0, 100.0, 100.0, 100.0]
loss_list=[0.4753436245475315, 0.2532997784357032, 0.5441186931092727, 0.2721119820723622, 0.2622230871206032, 0.21894442718182724, 0.31204098000600844, 0.2695368049037022, 0.1752609735333336, 0.16247859014481533, 0.13367002730818245, 0.12754300955440842, 0.14276389974097295, 0.11273520706436697, 0.12303476753747344, 0.10302586652127808, 0.07898671199925006, 0.0830769858712794, 0.07860822709423308, 0.09503031090167176, 0.08243537932375934, 0.07183627443766347, 0.07801919674295062, 0.07354840893380041, 0.06904645508241895, 0.057312032222773694, 0.05358418459231255, 0.06257593327263922, 0.05638289384943661, 0.05953781880926022, 0.06064302654619461, 0.07482460355030789, 0.1296483673180066, 0.06994785289477838, 0.054194813982409565, 0.06428340292995953, 0.0659228327704027, 0.05244849197373059, 0.05125337989655263, 0.04474393964430879, 0.049817738871601056, 0.0491430939201344, 0.050269749880828524, 0.048489728200636954, 0.041776446966170826, 0.054718816906437574, 0.05456060067815069, 0.053984239887324495, 0.053421522842758584, 0.0613405246022668, 0.054627497488313234, 0.04579881665984038, 0.043349371121679255, 0.04624742244281808, 0.03860023142627014, 0.04501063677060726, 0.04963142818308716, 0.04544753547480997, 0.035994877900553335, 0.06887788026774701, 0.03999569600041691, 0.035607743723421584, 0.038287949030092465, 0.03906430150804687, 0.04316234444231668, 0.029508918164195288, 0.03863911578465984, 0.044565365659733354, 0.06562341691061484, 0.060750937165718916, 0.04204902228550323, 0.04785360784395774, 0.043552288950403785, 0.03648728305582054, 0.036415442942792975, 0.03530361941383989, 0.034557409402727314, 0.03542293695737638, 0.043322973226898466, 0.03734974130850153, 0.02625503118370529, 0.03119787858982875, 0.031973035082758845, 0.030033453143055847, 0.032908245977623644, 0.031034083678621906, 0.034236286464701, 0.02935763777230178, 0.030813543052057267, 0.04148560015535827, 0.02866974476340566, 0.030867808183293387, 0.030438351624166502, 0.028441666225087096, 0.028342654190529552, 0.035954762547157855, 0.05099551932348166, 0.03798693683773613, 0.029653381931684215, 0.034677122497659606]
BBSR:100.0
ABSR:100.0
max acc:98.14
