======================================
    IID: 0
    Dataset: fashion_mnist
    Model: Mnist_CNN
    Model Init: None
    Aggregation Function: flame
    Fraction NonIID: 0
    Long attack: 3
    Wide attack: 3
    Wide attack: trust
    Threshold reject: 0.5
    Threshold down: 0.0
    Attack method: badnet
    Fraction of malicious agents: 20.0%
    Poison Frac: 0.2
    Backdoor From 7 to 2
    Attack Begin: 0
    Trigger Shape: square
    Type poisoning: pgd
    Trigger Position X: 0
    Trigger Position Y: 0
    Number of agents: 100
    Fraction of agents each turn: 30(30.0%)
    Local batch size: 50
    Local epoch: 3
    Client_LR: 0.01
    Client_Momentum: 0.9
    Global Rounds: 100
    Noise in FLAME: 0.001
proportion of malicious are selected:0.6966666666666667
proportion of benign are selected:0.4979166666666667
======================================
main_task_accuracy=[0, 64.19000244140625, 70.7300033569336, 74.41999816894531, 76.2699966430664, 77.29000091552734, 78.29000091552734, 79.73999786376953, 79.83999633789062, 80.73999786376953, 80.95999908447266, 81.4800033569336, 82.4000015258789, 82.06999969482422, 83.0, 82.94000244140625, 83.33999633789062, 83.94000244140625, 83.91999816894531, 84.29000091552734, 84.56999969482422, 84.41000366210938, 84.97000122070312, 85.19999694824219, 85.11000061035156, 85.52999877929688, 85.63999938964844, 85.55999755859375, 86.04000091552734, 85.91999816894531, 86.30000305175781, 86.20999908447266, 86.31999969482422, 86.01000213623047, 86.52999877929688, 86.56999969482422, 86.0999984741211, 86.4000015258789, 86.44999694824219, 86.73999786376953, 86.69999694824219, 87.25, 86.83999633789062, 87.1500015258789, 86.70999908447266, 87.33999633789062, 87.33999633789062, 87.73999786376953, 88.04000091552734, 87.70999908447266, 87.7300033569336, 87.7699966430664, 87.72000122070312, 87.91999816894531, 87.87999725341797, 87.97000122070312, 87.98999786376953, 87.98999786376953, 88.0199966430664, 88.33999633789062, 88.22000122070312, 88.0999984741211, 88.16000366210938, 88.20999908447266, 87.9000015258789, 88.0999984741211, 88.66000366210938, 88.4000015258789, 88.45999908447266, 88.55999755859375, 88.37999725341797, 88.58000183105469, 88.55999755859375, 88.7699966430664, 88.6500015258789, 88.30999755859375, 88.44000244140625, 88.61000061035156, 88.88999938964844, 88.9000015258789, 88.81999969482422, 88.58000183105469, 88.69000244140625, 89.08999633789062, 88.69999694824219, 88.72000122070312, 89.13999938964844, 89.06999969482422, 88.94000244140625, 88.97000122070312, 89.23999786376953, 89.2699966430664, 89.16999816894531, 89.29000091552734, 89.4000015258789, 88.58000183105469, 89.38999938964844, 89.33999633789062, 88.87000274658203, 89.41000366210938, 89.18000030517578]
backdoor_accuracy=[0, 0.0, 0.0, 0.0, 2.6, 65.0, 91.4, 97.9, 99.6, 99.5, 99.8, 99.9, 99.9, 99.9, 99.9, 99.9, 100.0, 99.9, 100.0, 99.9, 100.0, 100.0, 99.9, 100.0, 100.0, 100.0, 100.0, 100.0, 100.0, 100.0, 100.0, 100.0, 100.0, 100.0, 100.0, 100.0, 100.0, 100.0, 100.0, 100.0, 100.0, 100.0, 100.0, 100.0, 100.0, 100.0, 100.0, 100.0, 100.0, 100.0, 100.0, 100.0, 100.0, 100.0, 100.0, 100.0, 100.0, 100.0, 100.0, 100.0, 100.0, 100.0, 100.0, 100.0, 100.0, 100.0, 100.0, 100.0, 100.0, 100.0, 100.0, 100.0, 100.0, 100.0, 100.0, 100.0, 100.0, 100.0, 100.0, 100.0, 100.0, 100.0, 100.0, 100.0, 100.0, 100.0, 100.0, 100.0, 100.0, 100.0, 100.0, 100.0, 100.0, 100.0, 100.0, 100.0, 100.0, 100.0, 100.0, 100.0, 100.0]
loss_list=[1.3939967063290102, 0.8226918859890213, 0.6634879671037197, 0.5759402321444618, 0.5035983474166303, 0.4940174934488757, 0.46760785911508174, 0.4378046151250601, 0.4158586207225368, 0.434969204960874, 0.4320813731048946, 0.4061418872533574, 0.4007160366202395, 0.37065857835803867, 0.3879278033557865, 0.406641311067398, 0.3791842942919444, 0.35217323826143027, 0.33432899374445824, 0.3601138038008853, 0.33183182501406566, 0.34783198910040986, 0.32211184462325443, 0.34406069791358374, 0.36100155026479447, 0.3456459541977556, 0.31285666728875144, 0.30581645005624053, 0.2958009826605794, 0.321100746995459, 0.3093344982989408, 0.28837770499564985, 0.3368935753418892, 0.29954670003649814, 0.28245033667319347, 0.29373854537391, 0.32438710697547163, 0.2718586066875745, 0.28642960030206094, 0.2937614164901553, 0.29218501579706313, 0.26049403459592546, 0.24961136768710002, 0.290187992438398, 0.30189126677707667, 0.2988394984871977, 0.2502852425807052, 0.2684381866758621, 0.26279197402505405, 0.2957321176753828, 0.3000769001155816, 0.28421557026535815, 0.2568608788100796, 0.28625517263663575, 0.2458091244067031, 0.24727032508494123, 0.257147126591385, 0.24507455743021433, 0.272574745837806, 0.2616744429666411, 0.25910377453115807, 0.28435806237092176, 0.2519536045328197, 0.28067752720951955, 0.2739393471084811, 0.22831522997606685, 0.2592825142218283, 0.2597905157030456, 0.271959395761843, 0.26235866723064744, 0.2381602035007543, 0.2655068883672357, 0.25688935138578356, 0.2601821737950323, 0.25714714421580237, 0.26364157036360764, 0.23719355506236084, 0.24228181603916546, 0.23985668443557284, 0.22789038353668595, 0.25881756566706354, 0.23983189606935615, 0.23069754617323193, 0.23675173094530624, 0.23135728987658186, 0.22955357697878592, 0.23583788188536545, 0.2328726520071979, 0.2397221607259578, 0.22617133001072537, 0.21996366103800638, 0.2468041715988268, 0.23802967454927662, 0.2271250134385708, 0.2726242701057345, 0.24796498756924706, 0.2328521695125986, 0.22089771068206546, 0.2330915436183137, 0.202209244627954]
BBSR:100.0
ABSR:100.0
max acc:89.41
