======================================
    IID: 0
    Dataset: mnist
    Model: Mnist_CNN
    Model Init: None
    Aggregation Function: DABA
    Fraction NonIID: 0
    Long attack: 4
    Wide attack: 4
    Wide attack: trust
    Threshold reject: 0.5
    Threshold down: 0.0
    Attack method: badnet
    Fraction of malicious agents: 13.0%
    Poison Frac: 0.2
    Backdoor From 7 to 2
    Attack Begin: 0
    Trigger Shape: square
    Type poisoning: cs
    Trigger Position X: 0
    Trigger Position Y: 0
    Number of agents: 100
    Fraction of agents each turn: 30(30.0%)
    Local batch size: 50
    Local epoch: 3
    Client_LR: 0.01
    Client_Momentum: 0.9
    Global Rounds: 100
======================================
main_task_accuracy=[0, 20.09000015258789, 31.84000015258789, 39.27000045776367, 43.5099983215332, 69.38999938964844, 71.93000030517578, 72.87999725341797, 66.52999877929688, 75.83000183105469, 53.22999954223633, 83.33000183105469, 84.29000091552734, 77.0199966430664, 62.93000030517578, 84.11000061035156, 87.83000183105469, 88.80999755859375, 92.01000213623047, 80.0199966430664, 85.62999725341797, 91.11000061035156, 87.83999633789062, 73.77999877929688, 86.87999725341797, 89.83999633789062, 94.01000213623047, 92.2699966430664, 95.30999755859375, 91.62000274658203, 89.06999969482422, 78.80000305175781, 88.0199966430664, 94.75, 88.47000122070312, 92.5999984741211, 91.54000091552734, 94.37999725341797, 75.70999908447266, 88.66000366210938, 95.33999633789062, 95.77999877929688, 88.2300033569336, 95.75, 96.68000030517578, 92.63999938964844, 96.12999725341797, 82.51000213623047, 92.41000366210938, 95.33000183105469, 96.05000305175781, 95.13999938964844, 96.20999908447266, 96.88999938964844, 96.98999786376953, 96.55999755859375, 96.62000274658203, 96.8499984741211, 96.9800033569336, 92.44999694824219, 97.06999969482422, 95.94000244140625, 97.51000213623047, 97.86000061035156, 93.11000061035156, 96.48999786376953, 97.12999725341797, 96.33999633789062, 97.25, 96.76000213623047, 96.26000213623047, 96.05000305175781, 96.5199966430664, 95.16000366210938, 96.91000366210938, 97.08000183105469, 95.69999694824219, 95.51000213623047, 96.70999908447266, 96.63999938964844, 97.44000244140625, 93.11000061035156, 96.33999633789062, 97.79000091552734, 97.2300033569336, 97.63999938964844, 93.45999908447266, 97.38999938964844, 97.61000061035156, 98.29000091552734, 97.13999938964844, 98.25, 97.86000061035156, 98.20999908447266, 98.02999877929688, 96.47000122070312, 97.80000305175781, 95.52999877929688, 97.20999908447266, 97.8499984741211, 98.2699966430664]
backdoor_accuracy=[0, 0.0, 2.821011673151751, 0.0, 0.7782101167315175, 0.0, 2.7237354085603114, 1.6536964980544746, 19.941634241245136, 0.0, 39.98054474708171, 3.404669260700389, 1.9455252918287937, 2.237354085603113, 0.38910505836575876, 14.299610894941635, 0.9727626459143969, 2.140077821011673, 5.544747081712062, 0.19455252918287938, 1.7509727626459144, 12.743190661478598, 0.38910505836575876, 1.1673151750972763, 1.8482490272373542, 2.7237354085603114, 0.7782101167315175, 10.603112840466926, 2.9182879377431905, 4.669260700389105, 0.6809338521400778, 0.5836575875486382, 5.836575875486381, 7.003891050583658, 0.5836575875486382, 1.1673151750972763, 2.431906614785992, 7.003891050583658, 98.24902723735408, 0.0, 2.431906614785992, 0.9727626459143969, 6.809338521400778, 1.264591439688716, 1.9455252918287937, 2.431906614785992, 1.264591439688716, 1.7509727626459144, 1.556420233463035, 26.361867704280154, 1.9455252918287937, 1.7509727626459144, 27.140077821011673, 10.505836575875486, 22.08171206225681, 24.41634241245136, 14.494163424124514, 33.268482490272376, 93.48249027237354, 26.945525291828794, 59.04669260700389, 78.59922178988327, 90.36964980544747, 94.06614785992218, 72.85992217898833, 91.63424124513618, 88.52140077821012, 98.83268482490273, 78.30739299610894, 39.29961089494164, 97.27626459143968, 42.80155642023346, 18.67704280155642, 64.49416342412451, 10.603112840466926, 85.01945525291829, 7.587548638132295, 68.28793774319067, 6.712062256809339, 53.793774319066145, 43.48249027237354, 64.49416342412451, 7.2957198443579765, 39.29961089494164, 91.92607003891051, 26.556420233463037, 93.3852140077821, 95.8171206225681, 57.39299610894942, 79.76653696498055, 96.59533073929961, 91.53696498054475, 74.90272373540856, 97.08171206225681, 98.15175097276264, 93.8715953307393, 96.69260700389106, 98.24902723735408, 28.59922178988327, 99.80544747081711, 96.88715953307393]
loss_list=[0.483082125904119, 0.3578449943921901, 0.35366502664685306, 0.23870894339761586, 0.2579415394635155, 0.14303422729398138, 0.12465472457956815, 0.12962479789820508, 0.10812242853611716, 0.12022018808511416, 0.14043591065567312, 0.11035952064425254, 0.09823550330520278, 0.1063833844217977, 0.1482325309674185, 0.09805893089224652, 0.08365953895026347, 0.07643674176110267, 0.07139412080315602, 0.07737462152886172, 0.07107484287713835, 0.07269734164523049, 0.08280668307544413, 0.0820304315451779, 0.07684912379417998, 0.06718969621221088, 0.0591748821980405, 0.06594999668959811, 0.05392995858764292, 0.06099898164652785, 0.07612865097166738, 0.08032252231779677, 0.07169365352423068, 0.048734063226419586, 0.054118271035192025, 0.05705096685650904, 0.05953252065788624, 0.051103582018025645, 0.103042262065977, 0.07185396630026908, 0.05234759160745913, 0.0484265341005669, 0.054792946371242726, 0.04801095078058864, 0.04823867901741545, 0.04756792101292484, 0.04372503849160235, 0.06785394389402599, 0.05409948494929374, 0.04787719092551587, 0.04386237984110457, 0.04370875175521838, 0.03791423439398724, 0.034972078068782955, 0.03328786127438996, 0.042351955315786755, 0.042802873525352676, 0.041260197423811734, 0.03945499434999555, 0.04809033033291849, 0.03676028359787973, 0.03767923728594059, 0.029306381104044866, 0.03180310894163548, 0.034754865262259155, 0.03650907110888172, 0.02905226087068102, 0.03479363777559128, 0.028484760961227096, 0.0314382329995405, 0.03792356443666535, 0.03431146146063403, 0.03476415972386214, 0.03526619535510638, 0.03470672511315401, 0.03604301471741734, 0.03656493254150484, 0.0331516647514946, 0.03214672368656243, 0.02829967452967634, 0.03072005035478232, 0.043347153416003995, 0.03573627890212096, 0.02656996508121392, 0.029680966158916165, 0.03117558866738578, 0.029276038366522684, 0.029348571515853218, 0.030792935757857243, 0.026588902801383218, 0.031014205756556352, 0.025337358474637986, 0.029488003295752803, 0.025972522527112785, 0.025973390817815523, 0.03306809789410456, 0.024126293166133336, 0.029057553644000787, 0.029975205789637218, 0.027167841820739346]
BBSR:8.76146367180949
ABSR:10.332583098060592
max acc:98.27
