======================================
    IID: 0
    Dataset: mnist
    Model: Mnist_CNN
    Model Init: None
    Aggregation Function: DABA
    Fraction NonIID: 0
    Long attack: 3
    Wide attack: 3
    Wide attack: trust
    Threshold reject: 0.5
    Threshold down: 0.0
    Attack method: dba
    Fraction of malicious agents: 13.0%
    Poison Frac: 0.2
    Backdoor From 7 to 2
    Attack Begin: 0
    Trigger Shape: square
    Type poisoning: 
    Trigger Position X: 0
    Trigger Position Y: 0
    Number of agents: 100
    Fraction of agents each turn: 30(30.0%)
    Local batch size: 50
    Local epoch: 3
    Client_LR: 0.01
    Client_Momentum: 0.9
    Global Rounds: 100
======================================
main_task_accuracy=[0, 21.040000915527344, 13.619999885559082, 31.260000228881836, 19.59000015258789, 51.290000915527344, 68.62000274658203, 73.37000274658203, 65.01000213623047, 66.97000122070312, 65.4800033569336, 60.15999984741211, 77.06999969482422, 66.63999938964844, 79.79000091552734, 78.4800033569336, 77.75, 89.0199966430664, 88.79000091552734, 80.61000061035156, 84.80000305175781, 86.5199966430664, 92.81999969482422, 90.38999938964844, 90.2699966430664, 88.79000091552734, 87.43000030517578, 79.58000183105469, 92.02999877929688, 94.33000183105469, 92.19999694824219, 86.83000183105469, 89.33999633789062, 92.87999725341797, 95.70999908447266, 93.54000091552734, 93.4800033569336, 94.81999969482422, 94.05999755859375, 93.44000244140625, 96.08000183105469, 96.33999633789062, 95.72000122070312, 96.26000213623047, 92.41999816894531, 96.69999694824219, 95.37999725341797, 93.88999938964844, 94.0999984741211, 92.31999969482422, 95.7699966430664, 95.80999755859375, 97.26000213623047, 95.58000183105469, 96.66999816894531, 96.66999816894531, 89.93000030517578, 93.4800033569336, 95.26000213623047, 95.11000061035156, 96.97000122070312, 97.11000061035156, 96.08000183105469, 96.97000122070312, 95.86000061035156, 96.5, 94.33999633789062, 97.37999725341797, 96.79000091552734, 97.63999938964844, 97.69999694824219, 85.61000061035156, 95.20999908447266, 95.7300033569336, 96.87999725341797, 94.69999694824219, 97.30000305175781, 97.30999755859375, 97.12000274658203, 97.61000061035156, 97.20999908447266, 97.8499984741211, 97.47000122070312, 96.58999633789062, 96.44000244140625, 91.44000244140625, 97.05999755859375, 96.01000213623047, 96.95999908447266, 97.79000091552734, 94.87999725341797, 97.30999755859375, 98.11000061035156, 96.13999938964844, 98.05000305175781, 97.88999938964844, 98.05999755859375, 97.08999633789062, 97.80999755859375, 97.05000305175781, 97.2300033569336]
backdoor_accuracy=[0, 23.832684824902724, 0.0, 0.0, 59.33852140077821, 0.0, 16.147859922178988, 5.155642023346304, 1.1673151750972763, 5.252918287937743, 0.2918287937743191, 1.3618677042801557, 6.128404669260701, 1.4591439688715953, 6.614785992217898, 1.264591439688716, 14.785992217898833, 14.494163424124514, 2.821011673151751, 4.085603112840467, 16.342412451361866, 0.09727626459143969, 1.556420233463035, 6.3229571984435795, 0.8754863813229572, 10.019455252918288, 2.0428015564202333, 12.743190661478598, 2.529182879377432, 6.031128404669261, 7.198443579766537, 1.6536964980544746, 0.7782101167315175, 2.237354085603113, 9.82490272373541, 0.19455252918287938, 7.101167315175097, 2.431906614785992, 23.638132295719846, 3.7937743190661477, 7.879377431906615, 4.571984435797665, 2.431906614785992, 6.712062256809339, 6.809338521400778, 3.21011673151751, 50.583657587548636, 0.19455252918287938, 1.556420233463035, 2.3346303501945527, 6.128404669260701, 34.43579766536965, 4.766536964980545, 5.058365758754864, 10.116731517509727, 57.87937743190661, 94.16342412451363, 0.0, 3.8910505836575875, 6.614785992217898, 17.120622568093385, 2.7237354085603114, 4.474708171206226, 4.182879377431907, 24.90272373540856, 2.0428015564202333, 3.5992217898832686, 7.2957198443579765, 3.7937743190661477, 2.821011673151751, 16.53696498054475, 2.821011673151751, 7.879377431906615, 30.155642023346303, 17.898832684824903, 1.8482490272373542, 54.280155642023345, 53.21011673151751, 5.739299610894942, 16.245136186770427, 66.63424124513618, 6.3229571984435795, 74.5136186770428, 24.708171206225682, 27.626459143968873, 73.63813229571984, 83.75486381322958, 78.50194552529183, 1.9455252918287937, 86.47859922178988, 87.93774319066148, 15.077821011673151, 46.78988326848249, 12.743190661478598, 89.78599221789884, 41.731517509727624, 26.945525291828794, 32.68482490272373, 37.840466926070036, 29.863813229571985, 19.55252918287938]
loss_list=[0.5152945650212487, 0.2827219820856345, 0.3734454498561774, 0.29141901047240226, 0.30563039251249147, 0.23535350667957058, 0.18171342636272753, 0.1294858768598761, 0.12112005117050696, 0.18095094103238007, 0.17881149105751867, 0.14293174214960835, 0.13463828480318948, 0.1384676286992241, 0.11270190805850722, 0.09740049430170343, 0.10205199155323413, 0.08084600077403446, 0.07998906576440803, 0.07491919269585696, 0.08202424558900102, 0.06981790475599967, 0.08010774699013096, 0.07322707107705315, 0.06115050228554541, 0.058260317008856394, 0.08911066722050759, 0.09247126492352882, 0.06846031678105087, 0.06253823608314837, 0.05966880746144368, 0.06689503076119244, 0.06545894709069507, 0.052982669750991626, 0.0476823527401518, 0.06080966522354115, 0.06493605126583986, 0.04791773604239238, 0.050283890103730126, 0.05497401320973872, 0.05892067324180231, 0.04066156418066026, 0.04872344351999596, 0.03987179475624864, 0.05744807548159583, 0.04646442880986436, 0.04593333535118461, 0.04846657209038778, 0.05653798533535782, 0.0551753308039245, 0.04597956219266765, 0.04145389503342198, 0.0443254437476072, 0.04752188247272594, 0.040036068148106445, 0.0373409488009847, 0.05563125944244574, 0.04139092454159389, 0.050152382555566595, 0.04048520852054496, 0.04428152933013169, 0.04079598972523863, 0.03836258921272722, 0.03605032412879843, 0.03811607470304413, 0.04252773509674985, 0.043637721624828894, 0.037312941645292017, 0.040203876771045956, 0.032997128926102924, 0.034281002650945795, 0.06134521278182266, 0.04388952293830004, 0.04022095405652456, 0.04184386371568364, 0.03960133764883585, 0.03262787894667091, 0.030888591510631717, 0.036891941860770945, 0.032673215116780646, 0.03261161558613469, 0.030959191088326787, 0.03196966091170142, 0.0364574053821113, 0.034068381765576784, 0.03953211569281458, 0.028164704584068324, 0.037911074449793865, 0.0336359201443995, 0.02772860745186728, 0.03467014620046643, 0.0310686998429192, 0.02566983341286359, 0.034461626391179376, 0.03138855428250959, 0.03058402646590652, 0.02912556971126336, 0.028785932669399442, 0.024610964736526252, 0.03261287358240307]
BBSR:0.9332558026285804
ABSR:2.3955407602054426
max acc:98.11
