======================================
    IID: 0
    Dataset: mnist
    Model: Mnist_CNN
    Model Init: None
    Aggregation Function: DABA
    Fraction NonIID: 0
    Long attack: 3
    Wide attack: 3
    Wide attack: trust
    Threshold reject: 0.5
    Threshold down: 0.0
    Attack method: badnet
    Fraction of malicious agents: 30.0%
    Poison Frac: 0.2
    Backdoor From 7 to 2
    Attack Begin: 0
    Trigger Shape: square
    Type poisoning: 
    Trigger Position X: 0
    Trigger Position Y: 0
    Number of agents: 100
    Fraction of agents each turn: 30(30.0%)
    Local batch size: 50
    Local epoch: 3
    Client_LR: 0.01
    Client_Momentum: 0.9
    Global Rounds: 100
======================================
main_task_accuracy=[0, 30.8799991607666, 12.220000267028809, 46.279998779296875, 35.83000183105469, 53.279998779296875, 65.41000366210938, 62.2400016784668, 73.12999725341797, 63.75, 73.19000244140625, 85.41000366210938, 74.44000244140625, 73.12999725341797, 71.30000305175781, 88.2699966430664, 84.63999938964844, 89.94000244140625, 91.81999969482422, 88.38999938964844, 90.2300033569336, 90.5999984741211, 88.87999725341797, 72.16999816894531, 86.56999969482422, 88.37000274658203, 93.83000183105469, 93.8499984741211, 87.19000244140625, 93.01000213623047, 93.68000030517578, 93.9800033569336, 93.41999816894531, 96.0199966430664, 93.16000366210938, 96.02999877929688, 92.18000030517578, 93.2300033569336, 95.6500015258789, 89.37999725341797, 92.22000122070312, 95.18000030517578, 96.61000061035156, 91.87000274658203, 95.23999786376953, 96.81999969482422, 94.47000122070312, 95.05999755859375, 96.72000122070312, 94.58999633789062, 96.5, 97.66000366210938, 96.80000305175781, 95.30000305175781, 96.44000244140625, 94.44000244140625, 96.6500015258789, 91.08000183105469, 88.93000030517578, 94.12000274658203, 97.19999694824219, 96.56999969482422, 95.0199966430664, 95.3499984741211, 96.25, 96.62999725341797, 96.80999755859375, 96.91999816894531, 94.55000305175781, 96.11000061035156, 96.94000244140625, 95.72000122070312, 97.2300033569336, 94.62999725341797, 96.2699966430664, 95.6500015258789, 97.44999694824219, 97.13999938964844, 97.56999969482422, 98.01000213623047, 93.48999786376953, 97.51000213623047, 96.94000244140625, 92.63999938964844, 97.76000213623047, 95.87000274658203, 97.48999786376953, 97.38999938964844, 97.30000305175781, 97.63999938964844, 96.69999694824219, 97.94999694824219, 97.05000305175781, 96.76000213623047, 97.23999786376953, 95.19000244140625, 97.76000213623047, 98.25, 92.2699966430664, 94.16999816894531, 97.33000183105469]
backdoor_accuracy=[0, 0.0, 0.0, 4.669260700389105, 0.0, 0.09727626459143969, 25.77821011673152, 0.0, 61.96498054474708, 0.38910505836575876, 1.556420233463035, 70.52529182879377, 2.7237354085603114, 21.98443579766537, 2.6264591439688716, 89.29961089494164, 1.1673151750972763, 28.404669260700388, 12.84046692607004, 4.669260700389105, 89.2023346303502, 61.7704280155642, 9.14396887159533, 93.77431906614785, 23.443579766536963, 86.47859922178988, 79.76653696498055, 93.8715953307393, 37.7431906614786, 100.0, 51.070038910505836, 100.0, 99.41634241245136, 100.0, 99.12451361867704, 100.0, 100.0, 100.0, 100.0, 100.0, 100.0, 100.0, 100.0, 99.90272373540856, 100.0, 99.90272373540856, 100.0, 100.0, 100.0, 100.0, 100.0, 100.0, 99.90272373540856, 99.41634241245136, 100.0, 99.90272373540856, 100.0, 100.0, 100.0, 100.0, 100.0, 100.0, 100.0, 100.0, 100.0, 100.0, 100.0, 100.0, 100.0, 100.0, 100.0, 100.0, 100.0, 100.0, 100.0, 100.0, 100.0, 100.0, 100.0, 100.0, 100.0, 100.0, 100.0, 100.0, 100.0, 100.0, 100.0, 100.0, 100.0, 100.0, 100.0, 100.0, 100.0, 100.0, 100.0, 100.0, 100.0, 100.0, 100.0, 100.0, 100.0]
loss_list=[0.507157200203629, 0.3136162119630505, 0.254196216012428, 0.2841553022122679, 0.2656879893320142, 0.22581460273188877, 0.17494123985961782, 0.16544971360510935, 0.11974262761635654, 0.10261606219831104, 0.16230121497985633, 0.1005484081782154, 0.10088786268468862, 0.12464059618742802, 0.12859670762606454, 0.08678803568044112, 0.09059603440042746, 0.08064666259368279, 0.07254924510088882, 0.06293380851519854, 0.07197639042062169, 0.049837477112767134, 0.072139957830738, 0.10436615798019888, 0.10739265642500712, 0.06707176673120871, 0.062022655092897734, 0.052373369555266884, 0.06636512838051818, 0.057174112907283296, 0.048671769635359546, 0.051045024421061416, 0.06580435194086112, 0.045347404177508176, 0.050803532520487235, 0.0396046377379485, 0.050340693303998055, 0.050212500904621, 0.04808949860355896, 0.054853065919334656, 0.0502577106782433, 0.04389263796429042, 0.044651969465490784, 0.05087294646280893, 0.03689559752212175, 0.03728058087768882, 0.04475210791834951, 0.04248307258092155, 0.03897750466541245, 0.04008122111440971, 0.03831012652737437, 0.02932722737443335, 0.03264412485810497, 0.04191685976801586, 0.0358075526289442, 0.03382158755937201, 0.03943827980585825, 0.04436277815205774, 0.04495478916460816, 0.03888454747296272, 0.03546871192747927, 0.04130463541855356, 0.04508563981185947, 0.03895910345968265, 0.03163652801811938, 0.03181112970407653, 0.03341556450474322, 0.03422490305186285, 0.04003666008826618, 0.03092754707172239, 0.0365384434623977, 0.032511117974396465, 0.03437979657819723, 0.04066768168700008, 0.03586195713963257, 0.029026944696352995, 0.03152032857482149, 0.02992695663264876, 0.027996311644633353, 0.030530300907449206, 0.039411755553728674, 0.0287466700996889, 0.031722144443269255, 0.0387908180716898, 0.030591110868888594, 0.036275439305413736, 0.02752959873414452, 0.028119156324270183, 0.030953629265035136, 0.02863598440860734, 0.02806941571246895, 0.02451839654296001, 0.02722796195628686, 0.02966010583131914, 0.035524429605637634, 0.03474134616578838, 0.02646343178930149, 0.026354844481585572, 0.03911095205335053, 0.03788420625103215]
BBSR:100.0
ABSR:100.0
max acc:98.25
