======================================
    IID: 0
    Dataset: mnist
    Model: Mnist_CNN
    Model Init: None
    Aggregation Function: avg
    Fraction NonIID: 0
    Long attack: 3
    Wide attack: 3
    Wide attack: trust
    Threshold reject: 0.5
    Threshold down: 0.0
    Attack method: badnet
    Fraction of malicious agents: 20.0%
    Poison Frac: 0.2
    Backdoor From 7 to 2
    Attack Begin: 0
    Trigger Shape: square
    Type poisoning: 
    Trigger Position X: 0
    Trigger Position Y: 0
    Number of agents: 100
    Fraction of agents each turn: 30(30.0%)
    Local batch size: 50
    Local epoch: 3
    Client_LR: 0.01
    Client_Momentum: 0.9
    Global Rounds: 100
======================================
main_task_accuracy=[0, 25.649999618530273, 44.849998474121094, 38.08000183105469, 68.83000183105469, 80.30999755859375, 84.5199966430664, 77.36000061035156, 73.69999694824219, 81.75, 89.5, 90.26000213623047, 91.26000213623047, 91.77999877929688, 92.25, 94.56999969482422, 94.08000183105469, 93.26000213623047, 95.83999633789062, 93.98999786376953, 95.87999725341797, 94.2699966430664, 94.58000183105469, 95.56999969482422, 95.58000183105469, 95.44000244140625, 95.62000274658203, 96.5999984741211, 96.31999969482422, 96.81999969482422, 95.51000213623047, 96.80000305175781, 96.68000030517578, 96.5999984741211, 96.26000213623047, 96.37999725341797, 96.22000122070312, 96.95999908447266, 97.54000091552734, 97.55000305175781, 97.61000061035156, 97.4000015258789, 97.63999938964844, 96.77999877929688, 97.58000183105469, 97.2300033569336, 97.3499984741211, 97.16000366210938, 97.91000366210938, 97.87999725341797, 97.83999633789062, 98.05000305175781, 97.70999908447266, 97.3499984741211, 97.76000213623047, 98.16999816894531, 97.68000030517578, 98.12000274658203, 98.16999816894531, 97.98999786376953, 98.05000305175781, 98.16999816894531, 98.08999633789062, 98.30999755859375, 97.91000366210938, 97.5199966430664, 98.19999694824219, 98.43000030517578, 98.1500015258789, 98.2699966430664, 98.16999816894531, 98.13999938964844, 98.16000366210938, 98.16999816894531, 98.4000015258789, 98.16000366210938, 98.02999877929688, 98.12999725341797, 98.26000213623047, 98.6500015258789, 98.55999755859375, 98.4000015258789, 98.22000122070312, 98.43000030517578, 98.33999633789062, 98.06999969482422, 98.48999786376953, 98.44999694824219, 97.91999816894531, 98.27999877929688, 98.54000091552734, 98.51000213623047, 98.58999633789062, 98.54000091552734, 98.29000091552734, 98.47000122070312, 98.37999725341797, 98.37999725341797, 98.5999984741211, 98.69000244140625, 98.47000122070312]
backdoor_accuracy=[0, 0.0, 4.669260700389105, 0.0, 6.712062256809339, 3.307392996108949, 4.474708171206226, 2.821011673151751, 8.268482490272374, 3.9883268482490273, 20.817120622568094, 1.4591439688715953, 1.556420233463035, 12.354085603112841, 4.669260700389105, 10.214007782101167, 8.657587548638132, 11.867704280155642, 24.610894941634243, 27.626459143968873, 16.147859922178988, 14.202334630350194, 64.00778210116732, 10.992217898832685, 17.704280155642024, 24.513618677042803, 35.70038910505836, 60.505836575875485, 19.55252918287938, 60.89494163424124, 32.5875486381323, 85.11673151750973, 90.6614785992218, 38.521400778210115, 90.36964980544747, 65.56420233463035, 91.53696498054475, 93.96887159533074, 95.71984435797665, 97.95719844357977, 95.3307392996109, 92.50972762645914, 91.73151750972762, 98.5408560311284, 96.40077821011673, 98.5408560311284, 99.80544747081711, 90.36964980544747, 97.08171206225681, 98.24902723735408, 99.5136186770428, 98.83268482490273, 99.5136186770428, 98.83268482490273, 99.12451361867704, 99.61089494163424, 97.66536964980544, 99.90272373540856, 99.70817120622569, 98.83268482490273, 99.90272373540856, 99.80544747081711, 99.5136186770428, 100.0, 100.0, 100.0, 100.0, 100.0, 99.90272373540856, 100.0, 100.0, 100.0, 100.0, 100.0, 100.0, 100.0, 99.90272373540856, 100.0, 99.90272373540856, 100.0, 100.0, 100.0, 100.0, 100.0, 100.0, 100.0, 100.0, 100.0, 100.0, 100.0, 100.0, 100.0, 100.0, 100.0, 100.0, 100.0, 100.0, 100.0, 100.0, 100.0, 100.0]
loss_list=[0.46878573338472307, 0.26376870526709717, 0.2654813834989581, 0.19338906427262142, 0.21385047439886157, 0.15197636224432692, 0.10699905658044173, 0.11949233096262923, 0.12308831906768354, 0.09853528406373037, 0.08371365858068355, 0.06554248606306701, 0.08110961932944122, 0.07222597800619304, 0.052043564780414046, 0.0619696052755551, 0.05627696834335647, 0.05600709712922684, 0.062261047363714135, 0.046362174986011535, 0.04330665186066983, 0.04944591097595408, 0.04231532313491808, 0.042547869309346814, 0.04211183434955544, 0.040651215707788325, 0.038907315534945856, 0.04316022497214157, 0.03677329023970277, 0.04251855239785753, 0.04475392344538099, 0.03819346651783388, 0.03992796114449118, 0.027531875251458986, 0.03281620499708688, 0.03323054508225395, 0.039733558090049755, 0.03459814290929505, 0.03431636409163518, 0.032114525735600745, 0.023572179490261014, 0.0315828973529171, 0.027950225679383135, 0.03675930453815309, 0.03238723782768259, 0.028018000333403126, 0.02646635362400857, 0.033630262696642314, 0.02644782280273321, 0.0315157737243395, 0.026926766785963365, 0.02544797384747055, 0.028608772237013264, 0.027959160895715773, 0.027134420927587864, 0.025036822096595038, 0.028394474470973652, 0.023394478174797496, 0.021189130883736904, 0.022552076275333937, 0.028463942430238164, 0.026813813649296473, 0.023444194418178108, 0.018006120040616323, 0.01891200145909714, 0.025278618656236887, 0.022343175895364897, 0.02071431124481081, 0.022814786602166615, 0.021780024193075752, 0.023453635187838145, 0.022857033753235455, 0.02256090168304935, 0.024640022351671766, 0.022191820852489927, 0.022375756523709885, 0.0218627719205983, 0.026437452235686703, 0.02133974240456011, 0.02405782655311207, 0.019707375566613623, 0.018206616467102033, 0.018818011797499114, 0.02125570576859939, 0.021779004842130675, 0.020797245121422274, 0.021671894667042186, 0.01965945249122319, 0.021217900341555584, 0.0198829406492248, 0.021161244335979743, 0.019868276544936708, 0.01756347413510102, 0.017845930073544073, 0.02118240368540514, 0.021877290557562094, 0.022938822037485963, 0.01977103505427273, 0.021409752349833003, 0.01857598583374873]
BBSR:100.0
ABSR:100.0
max acc:98.69
