======================================
    IID: 1
    Dataset: cifar
    Model: resnet
    Model Init: None
    Aggregation Function: avg
    Fraction NonIID: 0
    Long attack: 3
    Wide attack: 3
    Wide attack: trust
    Threshold reject: 0.5
    Threshold down: 0.0
    Attack method: badnet
    Fraction of malicious agents: 13.0%
    Poison Frac: 0.2
    Backdoor From 7 to 2
    Attack Begin: 0
    Trigger Shape: square
    Type poisoning: pgd
    Trigger Position X: 0
    Trigger Position Y: 0
    Number of agents: 100
    Fraction of agents each turn: 30(30.0%)
    Local batch size: 50
    Local epoch: 3
    Client_LR: 0.01
    Client_Momentum: 0.9
    Global Rounds: 100
======================================
main_task_accuracy=[0, 10.010000228881836, 19.530000686645508, 38.20000076293945, 43.060001373291016, 47.060001373291016, 52.119998931884766, 53.54999923706055, 57.22999954223633, 59.33000183105469, 61.2599983215332, 61.93000030517578, 63.75, 63.9900016784668, 64.25, 64.06999969482422, 64.20999908447266, 66.33999633789062, 67.26000213623047, 65.91999816894531, 67.62999725341797, 68.13999938964844, 67.8499984741211, 67.83000183105469, 67.76000213623047, 69.62999725341797, 68.7300033569336, 69.02999877929688, 69.33999633789062, 69.2300033569336, 69.70999908447266, 71.20999908447266, 70.19999694824219, 69.4000015258789, 70.51000213623047, 70.8499984741211, 72.22000122070312, 71.94999694824219, 72.5199966430664, 72.48999786376953, 72.0999984741211, 73.08999633789062, 73.19999694824219, 72.9000015258789, 73.0, 72.95999908447266, 73.5199966430664, 73.19000244140625, 72.98999786376953, 72.91999816894531, 72.97000122070312, 73.12999725341797, 73.25, 73.55000305175781, 73.33999633789062, 73.0, 73.05000305175781, 73.08999633789062, 73.05000305175781, 73.19000244140625, 73.12999725341797, 72.98999786376953, 73.0199966430664, 73.02999877929688, 73.08999633789062, 73.12000274658203, 72.94999694824219, 73.0, 72.94999694824219, 73.0999984741211, 72.83000183105469, 72.97000122070312, 73.01000213623047, 73.05000305175781, 73.0199966430664, 73.06999969482422, 73.02999877929688, 73.0, 73.0999984741211, 73.0, 72.91000366210938, 72.94000244140625, 72.93000030517578, 72.9000015258789, 72.81999969482422, 72.97000122070312, 72.9000015258789, 72.95999908447266, 72.93000030517578, 72.91999816894531, 72.95999908447266, 72.87999725341797, 72.83999633789062, 72.91999816894531, 72.9000015258789, 72.93000030517578, 72.88999938964844, 72.87999725341797, 72.87000274658203, 72.9000015258789, 72.9000015258789]
backdoor_accuracy=[0, 0.0, 1.6, 7.7, 2.4, 2.4, 3.4, 2.8, 3.1, 1.9, 1.5, 2.6, 1.6, 1.9, 3.0, 1.8, 0.8, 0.9, 1.4, 1.4, 1.0, 1.4, 1.1, 1.2, 1.4, 1.3, 1.3, 1.3, 1.6, 0.8, 1.6, 1.3, 1.6, 1.1, 1.7, 1.5, 1.1, 1.4, 2.1, 1.9, 1.4, 1.5, 1.6, 1.2, 2.0, 2.1, 1.4, 1.9, 1.9, 1.8, 1.8, 1.9, 2.3, 1.7, 1.9, 1.9, 2.3, 1.8, 1.3, 2.1, 2.4, 1.8, 2.0, 1.8, 2.0, 1.9, 1.8, 1.9, 2.0, 2.1, 1.9, 1.9, 2.0, 2.0, 2.0, 1.8, 1.9, 1.9, 1.9, 1.9, 1.9, 2.0, 2.0, 2.0, 2.0, 2.0, 1.9, 2.0, 2.1, 2.1, 2.1, 1.9, 1.9, 2.0, 2.0, 1.9, 1.9, 1.9, 1.8, 1.8, 1.8]
loss_list=[2.0180599739816456, 1.5561861162715482, 1.1492648276024395, 0.9814979729553065, 0.814521143436432, 0.6904800861742763, 0.625909504443407, 0.5902754016344747, 0.5444137576098244, 0.4933555998653174, 0.45476891203059094, 0.4405538899348015, 0.4295728581460814, 0.40250989390537145, 0.36855699766427286, 0.3693368347009852, 0.34364254937403726, 0.35314505391029843, 0.2967115882970392, 0.30681784107142857, 0.2722745312357115, 0.265255615890233, 0.31243963128887114, 0.23283600949578812, 0.22422415975584756, 0.2348524911968141, 0.20467300551788267, 0.21706865616349708, 0.21881220320394887, 0.16394311619172292, 0.15719453347717519, 0.1827429172951573, 0.1493645639083762, 0.14386142066162497, 0.14315143462568, 0.11697802601796056, 0.15270986003581336, 0.1127553484793235, 0.09871350508060357, 0.10916011396245771, 0.08506524666458265, 0.08347081861251757, 0.0802298081195396, 0.0698368271770111, 0.050969735487920435, 0.04689319768923774, 0.0534278114971433, 0.04466583705843529, 0.038488862285028305, 0.07122249440399982, 0.04638705046630801, 0.04132108054767337, 0.0436557754151161, 0.034820736659037524, 0.039671813771646074, 0.04056615813127591, 0.03490423641992191, 0.046610417414000654, 0.037028821455816, 0.02028652373767626, 0.0281538597374068, 0.024299731067423835, 0.028549693818656834, 0.032830296877768374, 0.03105785509089603, 0.027503494335833246, 0.04770844435248162, 0.02832684732548336, 0.02903365768676547, 0.017607916616576, 0.03176120335271763, 0.045921997945600514, 0.025817752097080097, 0.01636647764383977, 0.03860347207549946, 0.027116828384112324, 0.02472510010154414, 0.024082734280026566, 0.037012434730956244, 0.024009519819996453, 0.02484241817364818, 0.015401739892776177, 0.02866664919433081, 0.01784380787301214, 0.028355382298492868, 0.021405156823247028, 0.032093664170614725, 0.015907943051812857, 0.027899341905496023, 0.017449367753789486, 0.030761691163837288, 0.032893525588927636, 0.03855765259516679, 0.011155410983459057, 0.020083931064727945, 0.017451436536446433, 0.017127997089426375, 0.02333855439258009, 0.015426174939226867, 0.007610390335248666]
BBSR:40.11172055709509
ABSR:41.173706827448086
max acc:72.93
