======================================
    IID: 0
    Dataset: mnist
    Model: Mnist_CNN
    Model Init: None
    Aggregation Function: krum
    Fraction NonIID: 0
    Long attack: 4
    Wide attack: 4
    Wide attack: trust
    Threshold reject: 0.5
    Threshold down: 0.0
    Attack method: badnet
    Fraction of malicious agents: 13.0%
    Poison Frac: 0.2
    Backdoor From 7 to 2
    Attack Begin: 0
    Trigger Shape: square
    Type poisoning: pgd
    Trigger Position X: 0
    Trigger Position Y: 0
    Number of agents: 100
    Fraction of agents each turn: 30(30.0%)
    Local batch size: 50
    Local epoch: 3
    Client_LR: 0.01
    Client_Momentum: 0.9
    Global Rounds: 100
    Proportion of malicious are selected: 0.65
    Average score of malicious clients: 572.9196166992188
    Average score of benign clients: 701.6936645507812
======================================
main_task_accuracy=[0, 19.15999984741211, 19.360000610351562, 31.809999465942383, 31.760000228881836, 29.979999542236328, 28.559999465942383, 26.549999237060547, 30.06999969482422, 19.479999542236328, 25.65999984741211, 24.959999084472656, 27.18000030517578, 32.189998626708984, 19.829999923706055, 33.81999969482422, 42.79999923706055, 9.800000190734863, 18.31999969482422, 17.889999389648438, 17.700000762939453, 18.489999771118164, 20.360000610351562, 10.109999656677246, 10.369999885559082, 11.25, 14.710000038146973, 31.649999618530273, 38.45000076293945, 48.5, 10.279999732971191, 21.079999923706055, 20.639999389648438, 19.399999618530273, 25.260000228881836, 35.65999984741211, 22.700000762939453, 36.540000915527344, 41.81999969482422, 21.0, 28.34000015258789, 38.54999923706055, 40.2599983215332, 52.88999938964844, 19.979999542236328, 35.90999984741211, 39.279998779296875, 45.84000015258789, 21.809999465942383, 42.130001068115234, 52.95000076293945, 26.84000015258789, 43.81999969482422, 53.9900016784668, 61.540000915527344, 31.440000534057617, 51.2400016784668, 61.470001220703125, 66.52999877929688, 42.13999938964844, 61.380001068115234, 50.209999084472656, 58.439998626708984, 50.310001373291016, 60.95000076293945, 67.70999908447266, 74.9800033569336, 62.45000076293945, 57.970001220703125, 53.439998626708984, 53.349998474121094, 63.2400016784668, 76.7300033569336, 41.15999984741211, 66.79000091552734, 57.70000076293945, 54.41999816894531, 63.400001525878906, 74.44000244140625, 45.790000915527344, 58.880001068115234, 58.310001373291016, 44.310001373291016, 61.33000183105469, 68.44999694824219, 56.869998931884766, 56.20000076293945, 55.540000915527344, 62.81999969482422, 71.87000274658203, 49.84000015258789, 66.93000030517578, 62.56999969482422, 74.3499984741211, 55.2599983215332, 68.8499984741211, 74.20999908447266, 68.58999633789062, 61.150001525878906, 54.88999938964844, 64.83999633789062]
backdoor_accuracy=[0, 12.256809338521402, 59.72762645914397, 20.038910505836576, 0.6809338521400778, 0.2918287937743191, 0.0, 0.0, 0.0, 0.0, 0.0, 0.0, 0.0, 0.0, 0.0, 3.0155642023346303, 37.2568093385214, 0.0, 0.0, 0.0, 0.0, 0.0, 0.0, 0.0, 0.0, 0.0, 0.0, 0.0, 0.0, 0.48638132295719844, 0.0, 0.0, 0.0, 0.0, 0.0, 0.0, 0.0, 5.739299610894942, 99.90272373540856, 0.0, 0.0, 2.6264591439688716, 100.0, 100.0, 33.268482490272376, 76.26459143968872, 94.8443579766537, 100.0, 97.47081712062257, 99.80544747081711, 99.90272373540856, 0.0, 3.501945525291829, 4.085603112840467, 14.980544747081712, 8.560311284046692, 73.44357976653697, 98.24902723735408, 92.41245136186771, 9.33852140077821, 54.280155642023345, 75.29182879377431, 72.95719844357977, 73.34630350194553, 93.96887159533074, 100.0, 100.0, 100.0, 100.0, 100.0, 100.0, 100.0, 100.0, 2.9182879377431905, 88.13229571984436, 92.41245136186771, 95.71984435797665, 99.31906614785993, 100.0, 23.443579766536963, 77.04280155642023, 93.77431906614785, 3.5992217898832686, 97.95719844357977, 99.41634241245136, 35.311284046692606, 83.94941634241245, 86.47859922178988, 99.70817120622569, 99.5136186770428, 0.7782101167315175, 84.24124513618678, 86.57587548638132, 100.0, 91.73151750972762, 100.0, 100.0, 100.0, 99.41634241245136, 79.47470817120623, 100.0]
loss_list=[0.46676178535956586, 1.0436073639357575, 0.5774526112239882, 0.5635984442293981, 0.491035652897733, 0.44903716973541763, 0.46558386904361104, 0.4286695861942567, 0.47982108165285353, 0.7946808225245706, 0.5736204689875993, 0.47824807717040246, 0.3669264846774369, 0.38725737063888616, 0.8543924305070129, 0.4406964150412999, 0.32048373203825337, 1.3882138253160716, 1.3124909682079213, 1.2460981357785255, 1.5780213476012797, 1.3345925141830544, 1.4809990178417705, 1.1398453007351728, 0.7579596137593969, 0.6976593820040032, 0.4922897281199658, 0.5187949499638624, 0.39692251414071716, 0.36104982650348144, 1.5613280913609466, 1.0368681173247754, 0.9101544682508371, 0.6914602289851639, 0.5923636418271201, 0.6607209419664127, 0.5093854851912104, 0.43381251090396084, 0.44657287555178865, 0.7028026691982328, 0.5734828804767074, 0.39448016127017455, 0.3373555872775547, 0.3326908705426843, 0.7555091184996043, 0.49353780796110025, 0.3283162451521131, 0.2891241076978607, 0.5608170988471775, 0.32418159575517475, 0.2530623845296479, 0.4317438384813393, 0.3443994237273053, 0.2842210915949964, 0.28906687078124527, 0.36585474647510347, 0.27603910074715365, 0.24380771200531903, 0.23754981487813287, 0.31081740305603994, 0.2275553785214148, 0.29203898446597903, 0.21753696877506176, 0.25904842579395543, 0.240846502207389, 0.2049550413379605, 0.20097249342886772, 0.1941275599958443, 0.26374423547704606, 0.19792939498951748, 0.29910114235205704, 0.23558500352083167, 0.17404385408039594, 0.25807976009391104, 0.23601324660934128, 0.24787764183740438, 0.24241068494590895, 0.2082418447578747, 0.1930725229143904, 0.2547569137937593, 0.2383590998616033, 0.2471700092739715, 0.2683469170835497, 0.21999958910340509, 0.2308040247382616, 0.18954037363179174, 0.2800258422058098, 0.2567751590328728, 0.21314190467200744, 0.1650849980550118, 0.23240284890866142, 0.19367823622874347, 0.24657673755812082, 0.1825352142569883, 0.29702214789880177, 0.20569917965123047, 0.17231839566770527, 0.21311073267479938, 0.20423430503232096, 0.2645109551282879]
BBSR:100.0
ABSR:94.14
max acc:74.35
