======================================
    IID: 0
    Dataset: mnist
    Model: Mnist_CNN
    Model Init: None
    Aggregation Function: krum
    Fraction NonIID: 0
    Long attack: 3
    Wide attack: 3
    Wide attack: trust
    Threshold reject: 0.5
    Threshold down: 0.0
    Attack method: badnet
    Fraction of malicious agents: 20.0%
    Poison Frac: 0.2
    Backdoor From 7 to 2
    Attack Begin: 0
    Trigger Shape: square
    Type poisoning: 
    Trigger Position X: 0
    Trigger Position Y: 0
    Number of agents: 100
    Fraction of agents each turn: 30(30.0%)
    Local batch size: 50
    Local epoch: 3
    Client_LR: 0.01
    Client_Momentum: 0.9
    Global Rounds: 100
    Proportion of malicious are selected: 0.31
    Average score of malicious clients: 2369.954345703125
    Average score of benign clients: 1055.4345703125
======================================
main_task_accuracy=[0, 9.739999771118164, 29.959999084472656, 21.09000015258789, 15.489999771118164, 15.859999656677246, 17.770000457763672, 15.390000343322754, 28.15999984741211, 19.399999618530273, 15.880000114440918, 17.389999389648438, 20.600000381469727, 18.1299991607666, 10.09000015258789, 10.100000381469727, 20.600000381469727, 34.27000045776367, 26.829999923706055, 24.219999313354492, 20.34000015258789, 23.780000686645508, 27.299999237060547, 25.139999389648438, 24.920000076293945, 15.039999961853027, 30.010000228881836, 27.3700008392334, 20.09000015258789, 20.020000457763672, 30.8799991607666, 30.0, 29.200000762939453, 17.790000915527344, 21.610000610351562, 29.309999465942383, 28.920000076293945, 29.780000686645508, 30.329999923706055, 30.06999969482422, 25.75, 26.329999923706055, 33.4900016784668, 37.779998779296875, 33.369998931884766, 31.770000457763672, 32.08000183105469, 29.280000686645508, 37.45000076293945, 33.380001068115234, 31.549999237060547, 31.260000228881836, 31.1200008392334, 28.559999465942383, 29.360000610351562, 28.5, 30.6299991607666, 30.510000228881836, 29.969999313354492, 28.31999969482422, 27.979999542236328, 27.639999389648438, 30.59000015258789, 30.350000381469727, 29.739999771118164, 29.829999923706055, 28.90999984741211, 28.219999313354492, 28.219999313354492, 29.8799991607666, 37.84000015258789, 36.13999938964844, 37.9900016784668, 38.93000030517578, 37.5, 37.0, 36.34000015258789, 35.060001373291016, 34.79999923706055, 34.45000076293945, 33.689998626708984, 34.689998626708984, 30.68000030517578, 38.27000045776367, 37.0099983215332, 35.61000061035156, 50.34000015258789, 47.0099983215332, 48.34000015258789, 47.4900016784668, 46.16999816894531, 46.47999954223633, 43.16999816894531, 39.95000076293945, 45.84000015258789, 46.470001220703125, 45.31999969482422, 44.47999954223633, 41.970001220703125, 42.619998931884766, 41.209999084472656]
backdoor_accuracy=[0, 0.0, 0.0, 0.0, 0.0, 0.0, 0.0, 0.0, 0.0, 0.0, 0.0, 0.0, 0.0, 0.0, 0.0, 0.0, 0.0, 0.0, 0.0, 100.0, 0.0, 0.0, 0.0, 0.0, 0.0, 0.0, 100.0, 100.0, 0.0, 100.0, 95.71984435797665, 99.80544747081711, 6.031128404669261, 0.0, 0.0, 0.48638132295719844, 100.0, 100.0, 100.0, 100.0, 100.0, 100.0, 100.0, 100.0, 100.0, 100.0, 100.0, 100.0, 100.0, 100.0, 100.0, 100.0, 100.0, 100.0, 100.0, 100.0, 100.0, 100.0, 100.0, 100.0, 100.0, 100.0, 100.0, 100.0, 100.0, 100.0, 100.0, 100.0, 100.0, 100.0, 100.0, 100.0, 100.0, 100.0, 100.0, 100.0, 100.0, 100.0, 100.0, 100.0, 100.0, 100.0, 100.0, 100.0, 100.0, 100.0, 100.0, 100.0, 100.0, 100.0, 100.0, 100.0, 100.0, 100.0, 100.0, 100.0, 100.0, 100.0, 100.0, 100.0, 100.0]
loss_list=[0.506686711406219, 3.2160458506025567, 0.993300605912835, 1.5238708748101153, 1.614230204460802, 1.5260906864199097, 1.1781673839466678, 1.370043028862714, 1.0781318265108901, 1.5189862329564574, 1.466755892686908, 1.261915976552983, 1.2198223031253368, 1.5759846239862083, 1.3745603887396416, 1.28892872005038, 1.2222686868291726, 1.2017543969973403, 1.2481006698092865, 1.1874352759129139, 1.5731375810810142, 1.2949436780326897, 1.066582979634404, 1.1466186175579896, 1.2793316749171422, 0.9769822030016155, 0.9239591640413028, 0.9091252305248168, 1.1941670445938213, 1.1650327681451693, 0.7775967151446149, 0.9031741104851342, 0.9211572800382808, 0.8692225839039549, 1.0243945207136504, 0.9034296047516438, 0.9223524589386354, 0.815927395720197, 0.9228045252558137, 0.814654895784204, 0.7326318205699123, 0.9845616395312092, 0.8380659324854769, 0.8277978739576147, 0.8162125589937115, 0.8090881597658017, 0.7242034368143863, 0.7966827976613172, 0.8340855294907537, 0.7521459120856347, 0.7018746026318629, 0.9626308340912789, 0.8077090305779958, 0.7641097649043375, 0.8368946131097296, 0.9239606626510171, 0.8548502440504027, 0.7773596206510643, 0.8131346669672724, 0.7511767211907312, 0.759883303916405, 0.6191640169500715, 0.8897636517308217, 0.8479335278172632, 0.8704518055618158, 0.8441593654825547, 0.8594575047655361, 0.8423518289445721, 0.8201581318866811, 0.9397934333209995, 0.9167658466637191, 0.830155842527106, 0.7395916000320907, 0.8275707572961993, 0.7969627218413092, 0.8179576972875954, 0.7839627330894771, 0.7821493878795823, 0.7032515955032942, 0.921639172471011, 0.8542906373169485, 0.8868274409202664, 0.7705358180182412, 0.8823355695503847, 0.7732383515936803, 0.8176203670172701, 0.8029488549434503, 0.6351310482229633, 0.766819749433543, 0.715723972007414, 0.8795073323266308, 0.7334441955324421, 0.7345041006641017, 0.7098757095041163, 0.804393530494261, 0.8690888081155546, 0.7710554068369473, 0.818306468019451, 0.5954803617867073, 0.6616600261154046]
BBSR:100.0
ABSR:100.0
max acc:46.48
