======================================
    IID: 0
    Dataset: mnist
    Model: Mnist_CNN
    Model Init: None
    Aggregation Function: fltrust
    Fraction NonIID: 0
    Long attack: 3
    Wide attack: 3
    Wide attack: trust
    Threshold reject: 0.5
    Threshold down: 0.0
    Attack method: dba
    Fraction of malicious agents: 13.0%
    Poison Frac: 0.2
    Backdoor From 7 to 2
    Attack Begin: 0
    Trigger Shape: square
    Type poisoning: 
    Trigger Position X: 0
    Trigger Position Y: 0
    Number of agents: 100
    Fraction of agents each turn: 30(30.0%)
    Local batch size: 50
    Local epoch: 3
    Client_LR: 0.01
    Client_Momentum: 0.9
    Global Rounds: 100
    Dataset In Server: 200
======================================
main_task_accuracy=[0, 30.299999237060547, 45.54999923706055, 40.630001068115234, 53.619998931884766, 66.86000061035156, 57.66999816894531, 62.689998626708984, 76.7300033569336, 74.88999938964844, 84.81999969482422, 75.22000122070312, 83.86000061035156, 84.04000091552734, 89.29000091552734, 82.33999633789062, 86.11000061035156, 86.79000091552734, 82.20999908447266, 86.83999633789062, 90.08999633789062, 88.29000091552734, 88.87999725341797, 86.37000274658203, 90.41999816894531, 89.26000213623047, 90.5199966430664, 84.73999786376953, 92.5, 93.6500015258789, 93.08999633789062, 91.54000091552734, 93.41999816894531, 93.19000244140625, 92.37000274658203, 93.9000015258789, 94.20999908447266, 92.44999694824219, 95.2699966430664, 92.94000244140625, 94.48999786376953, 90.68000030517578, 94.87000274658203, 95.1500015258789, 90.58000183105469, 92.69000244140625, 94.97000122070312, 95.7699966430664, 94.44000244140625, 94.27999877929688, 95.30000305175781, 95.77999877929688, 94.69000244140625, 96.2300033569336, 96.13999938964844, 96.63999938964844, 96.0999984741211, 95.48999786376953, 95.68000030517578, 95.70999908447266, 95.68000030517578, 96.11000061035156, 96.37000274658203, 96.19000244140625, 96.08999633789062, 95.58999633789062, 96.43000030517578, 96.08999633789062, 96.87000274658203, 96.79000091552734, 96.55999755859375, 97.16999816894531, 96.62999725341797, 96.81999969482422, 96.5, 96.44000244140625, 97.08000183105469, 97.30000305175781, 96.94999694824219, 97.44000244140625, 96.91999816894531, 97.0, 97.0999984741211, 97.1500015258789, 97.25, 97.08999633789062, 97.0199966430664, 97.6500015258789, 97.52999877929688, 97.1500015258789, 97.7300033569336, 97.26000213623047, 97.37999725341797, 97.4800033569336, 96.58999633789062, 96.9800033569336, 96.3499984741211, 97.68000030517578, 97.68000030517578, 97.4000015258789, 97.13999938964844]
backdoor_accuracy=[0, 0.0, 2.529182879377432, 1.0700389105058365, 1.3618677042801557, 1.264591439688716, 2.6264591439688716, 4.766536964980545, 1.6536964980544746, 3.307392996108949, 5.3501945525291825, 0.48638132295719844, 8.365758754863814, 1.8482490272373542, 6.614785992217898, 2.0428015564202333, 2.6264591439688716, 4.280155642023346, 2.7237354085603114, 2.529182879377432, 3.307392996108949, 5.933852140077821, 3.6964980544747084, 3.404669260700389, 6.517509727626459, 3.0155642023346303, 5.3501945525291825, 2.9182879377431905, 4.280155642023346, 7.392996108949417, 2.821011673151751, 5.058365758754864, 2.0428015564202333, 7.976653696498055, 2.821011673151751, 5.058365758754864, 3.7937743190661477, 4.182879377431907, 4.571984435797665, 1.1673151750972763, 4.863813229571984, 3.11284046692607, 5.836575875486381, 4.961089494163424, 2.7237354085603114, 3.0155642023346303, 11.867704280155642, 2.140077821011673, 8.657587548638132, 2.431906614785992, 4.377431906614786, 4.182879377431907, 2.7237354085603114, 2.9182879377431905, 3.5992217898832686, 4.377431906614786, 3.21011673151751, 6.128404669260701, 2.529182879377432, 6.809338521400778, 2.3346303501945527, 4.863813229571984, 2.237354085603113, 12.354085603112841, 2.529182879377432, 17.801556420233464, 1.8482490272373542, 12.45136186770428, 2.3346303501945527, 3.7937743190661477, 5.544747081712062, 2.0428015564202333, 3.404669260700389, 3.21011673151751, 3.8910505836575875, 5.155642023346304, 3.21011673151751, 6.614785992217898, 4.182879377431907, 3.11284046692607, 4.863813229571984, 1.8482490272373542, 8.852140077821012, 1.264591439688716, 6.809338521400778, 2.431906614785992, 13.326848249027238, 1.8482490272373542, 7.684824902723736, 3.404669260700389, 3.8910505836575875, 3.9883268482490273, 1.3618677042801557, 6.22568093385214, 2.237354085603113, 6.906614785992218, 3.8910505836575875, 2.7237354085603114, 6.517509727626459, 3.21011673151751, 3.404669260700389]
loss_list=[0.5264705367666639, 0.4240197882630042, 0.35987158062100083, 0.24984206170674467, 0.2391592873164636, 0.1679612379420875, 0.12469329529278664, 0.16427434748946773, 0.15285722186536715, 0.14024284614824173, 0.1296765607424639, 0.11184704304322958, 0.11287580744627676, 0.10016581520512409, 0.11848482446089072, 0.08986609003960448, 0.09944593409758391, 0.07940742886315712, 0.09984596090398754, 0.11076643009747296, 0.09249224467046553, 0.07657377995230807, 0.07929019798401486, 0.09667318637789693, 0.07218133917198029, 0.06891564130368129, 0.07757970301333755, 0.08817774231223845, 0.06603544668295329, 0.06603334067008747, 0.06449331355817983, 0.06969477297502838, 0.0670592204722084, 0.05330929432936134, 0.05432513414642908, 0.057348503622025926, 0.051803709206989706, 0.05009743689332955, 0.05061650461043292, 0.05125867922004141, 0.06063752636025664, 0.055875588851664125, 0.05470847255404364, 0.04898667980465309, 0.05872679267281527, 0.05134928577161923, 0.04704393086484069, 0.04158071904197722, 0.05592931044182466, 0.05920328119948284, 0.04223617400396852, 0.046917237891205804, 0.04128011318918124, 0.0489477805695183, 0.0380498811414518, 0.046328442864073234, 0.04102502153563735, 0.04987659446073646, 0.0549237514101981, 0.03974529223895375, 0.03342680480148328, 0.040213523636984036, 0.045018161395251825, 0.04090456130934164, 0.039886466165876495, 0.037444575799955304, 0.040306008816862145, 0.03847821606805909, 0.043811741643798904, 0.0358765112471516, 0.04321505264385349, 0.03910778137699057, 0.04326132450494515, 0.03905744784414276, 0.04214054581441236, 0.039767401661948525, 0.033517107748757616, 0.04059861411809322, 0.03758941087786311, 0.04378147882713909, 0.030863402931042797, 0.040733951279115735, 0.03061199397813564, 0.047775153212630775, 0.03871858888584572, 0.030778616414356304, 0.03556370093416954, 0.03438225379638712, 0.03275181599189955, 0.0308018562282211, 0.029474427518559106, 0.0346747431450359, 0.039963859884380844, 0.03398924638894577, 0.033386315791197795, 0.033002835090106646, 0.04082419978572091, 0.03802865484571394, 0.03015770353753129, 0.03155043052717514]
BBSR:6.91
ABSR:4.05
max acc:97.68
