======================================
    IID: 0
    Dataset: mnist
    Model: Mnist_CNN
    Model Init: None
    Aggregation Function: avg
    Fraction NonIID: 0
    Long attack: 3
    Wide attack: 3
    Wide attack: trust
    Threshold reject: 0.5
    Threshold down: 0.0
    Attack method: badnet
    Fraction of malicious agents: 13.0%
    Poison Frac: 0.2
    Backdoor From 7 to 2
    Attack Begin: 0
    Trigger Shape: square
    Type poisoning: pgd
    Trigger Position X: 0
    Trigger Position Y: 0
    Number of agents: 100
    Fraction of agents each turn: 30(30.0%)
    Local batch size: 50
    Local epoch: 3
    Client_LR: 0.01
    Client_Momentum: 0.9
    Global Rounds: 100
======================================
main_task_accuracy=[0, 35.72999954223633, 41.52000045776367, 55.099998474121094, 59.540000915527344, 79.41000366210938, 75.91000366210938, 90.5, 87.25, 89.86000061035156, 90.08999633789062, 93.62999725341797, 91.20999908447266, 92.05000305175781, 92.87999725341797, 90.47000122070312, 93.43000030517578, 94.58000183105469, 94.62000274658203, 95.18000030517578, 95.45999908447266, 95.11000061035156, 95.41999816894531, 93.63999938964844, 95.66000366210938, 93.91000366210938, 96.5, 96.87000274658203, 94.3499984741211, 96.01000213623047, 96.26000213623047, 96.80000305175781, 96.70999908447266, 97.05000305175781, 96.2699966430664, 97.08999633789062, 97.12000274658203, 96.91000366210938, 97.19000244140625, 97.25, 96.95999908447266, 94.9800033569336, 97.62999725341797, 97.20999908447266, 97.88999938964844, 97.87999725341797, 97.5199966430664, 97.80999755859375, 97.63999938964844, 97.72000122070312, 97.95999908447266, 97.54000091552734, 98.04000091552734, 97.43000030517578, 98.16999816894531, 97.69999694824219, 97.43000030517578, 98.02999877929688, 98.22000122070312, 97.7699966430664, 98.05999755859375, 98.06999969482422, 97.83000183105469, 98.16999816894531, 98.19000244140625, 98.05999755859375, 98.22000122070312, 97.7699966430664, 98.23999786376953, 98.31999969482422, 97.8499984741211, 98.36000061035156, 98.11000061035156, 98.43000030517578, 98.29000091552734, 98.0999984741211, 98.47000122070312, 98.12999725341797, 98.19000244140625, 97.91999816894531, 98.4000015258789, 98.38999938964844, 98.08000183105469, 98.37999725341797, 98.55000305175781, 98.20999908447266, 98.48999786376953, 98.45999908447266, 98.43000030517578, 98.23999786376953, 98.30999755859375, 98.47000122070312, 98.12000274658203, 98.56999969482422, 98.62999725341797, 98.61000061035156, 98.38999938964844, 98.37999725341797, 98.01000213623047, 98.43000030517578, 98.58000183105469]
backdoor_accuracy=[0, 0.0, 0.48638132295719844, 1.3618677042801557, 0.09727626459143969, 5.836575875486381, 0.9727626459143969, 2.821011673151751, 1.264591439688716, 2.7237354085603114, 3.21011673151751, 5.058365758754864, 1.8482490272373542, 2.9182879377431905, 3.501945525291829, 1.3618677042801557, 8.852140077821012, 1.4591439688715953, 2.237354085603113, 1.7509727626459144, 4.182879377431907, 1.9455252918287937, 2.431906614785992, 4.377431906614786, 1.4591439688715953, 5.739299610894942, 1.4591439688715953, 2.3346303501945527, 1.4591439688715953, 3.0155642023346303, 2.529182879377432, 2.237354085603113, 2.529182879377432, 5.155642023346304, 1.1673151750972763, 1.3618677042801557, 3.307392996108949, 0.8754863813229572, 3.404669260700389, 2.7237354085603114, 2.9182879377431905, 0.9727626459143969, 1.264591439688716, 2.140077821011673, 2.7237354085603114, 2.529182879377432, 1.3618677042801557, 3.501945525291829, 1.4591439688715953, 4.377431906614786, 2.237354085603113, 1.264591439688716, 4.571984435797665, 2.140077821011673, 3.6964980544747084, 3.11284046692607, 1.9455252918287937, 5.544747081712062, 4.961089494163424, 3.21011673151751, 3.9883268482490273, 5.058365758754864, 3.0155642023346303, 4.474708171206226, 6.809338521400778, 3.11284046692607, 20.525291828793776, 1.264591439688716, 13.715953307392995, 5.836575875486381, 6.809338521400778, 29.280155642023345, 7.198443579766537, 26.848249027237355, 14.883268482490273, 19.747081712062258, 15.369649805447471, 7.976653696498055, 21.30350194552529, 19.64980544747082, 8.852140077821012, 64.39688715953308, 10.797665369649806, 28.404669260700388, 18.48249027237354, 24.80544747081712, 9.33852140077821, 32.782101167315176, 21.49805447470817, 42.60700389105058, 9.922178988326849, 42.12062256809339, 13.229571984435797, 74.70817120622569, 81.32295719844358, 42.12062256809339, 65.46692607003891, 93.67704280155642, 40.95330739299611, 84.04669260700389, 95.42801556420234]
loss_list=[0.43199407365076153, 0.28422655454593115, 0.20144699803720362, 0.16474229376134933, 0.14850845565811444, 0.12810027864992393, 0.12487511019367036, 0.09721137381039095, 0.07947358948578497, 0.08072573314926006, 0.07814642440733596, 0.07186318557719779, 0.06535877715514088, 0.0726310605079141, 0.052514488534499935, 0.054694594740159766, 0.05956444503897335, 0.055882480965701586, 0.06727844768348422, 0.044639324333437355, 0.05179871090436405, 0.049452651031946036, 0.043941293225767224, 0.05418645272203533, 0.03991041767032588, 0.04566310925902418, 0.03709677332125473, 0.048972330520393306, 0.046111993372466895, 0.0437045365149531, 0.042361054350421166, 0.03175338384599966, 0.03742737738238449, 0.03326716184795529, 0.03558595470202018, 0.028427258525610864, 0.038900847400757534, 0.04146922354717722, 0.03836564217364479, 0.038095909730964654, 0.02906568370971783, 0.033589764072783225, 0.03686183428556861, 0.02999929476383128, 0.03577884716434508, 0.03555144223184419, 0.03259419516633808, 0.02741419129784534, 0.028527326563733055, 0.029042373233521105, 0.03344104547654467, 0.032588039112335175, 0.028589978389596198, 0.025424568813737627, 0.022818946288198874, 0.025737325728750756, 0.027756197910326, 0.030525193808630405, 0.02999263517197477, 0.02266238233722789, 0.02419060331778526, 0.024210519374755046, 0.026158861127600123, 0.026728091426608903, 0.025398607170850865, 0.02536561411884922, 0.027307588371774896, 0.025193823708330804, 0.026025127597697685, 0.026554447922814774, 0.02983314621305367, 0.026919325017327498, 0.028427977777343627, 0.02414055892161687, 0.02090789125511823, 0.021120080972344534, 0.028143701060950575, 0.022185242944159293, 0.021183813639792173, 0.02579107582396836, 0.02426789306688274, 0.021453131902191516, 0.023190363682914068, 0.020338088515275774, 0.021251070015550776, 0.019286371237587304, 0.022030711828471182, 0.017210688840763953, 0.019976083538625303, 0.020945536485287488, 0.026000185749453914, 0.020827348960970427, 0.02600391118035624, 0.020147348448445828, 0.019724541522052587, 0.017905196913774003, 0.018190867718387523, 0.020243617065367998, 0.0196870585798889, 0.023147221388802867]
BBSR:95.43
ABSR:63.31
max acc:98.63
