======================================
    IID: 0
    Dataset: mnist
    Model: Mnist_CNN
    Model Init: None
    Aggregation Function: fltrust
    Fraction NonIID: 0
    Long attack: 4
    Wide attack: 4
    Wide attack: trust
    Threshold reject: 0.5
    Threshold down: 0.0
    Attack method: badnet
    Fraction of malicious agents: 13.0%
    Poison Frac: 0.2
    Backdoor From 7 to 2
    Attack Begin: 0
    Trigger Shape: square
    Type poisoning: pgd
    Trigger Position X: 0
    Trigger Position Y: 0
    Number of agents: 100
    Fraction of agents each turn: 30(30.0%)
    Local batch size: 50
    Local epoch: 3
    Client_LR: 0.01
    Client_Momentum: 0.9
    Global Rounds: 100
    Dataset In Server: 200
======================================
main_task_accuracy=[0, 19.6200008392334, 25.18000030517578, 54.470001220703125, 50.25, 50.15999984741211, 70.70999908447266, 79.38999938964844, 71.9000015258789, 81.19000244140625, 71.05999755859375, 82.94000244140625, 79.79000091552734, 89.05999755859375, 83.5999984741211, 88.0, 85.93000030517578, 86.2300033569336, 87.73999786376953, 89.27999877929688, 88.04000091552734, 86.63999938964844, 84.63999938964844, 91.55999755859375, 91.68000030517578, 91.5, 92.5999984741211, 93.3499984741211, 89.7699966430664, 92.05000305175781, 92.13999938964844, 91.16000366210938, 92.31999969482422, 86.05000305175781, 93.55000305175781, 93.45999908447266, 93.30999755859375, 93.41000366210938, 95.05000305175781, 92.47000122070312, 95.37999725341797, 90.66999816894531, 93.93000030517578, 93.5999984741211, 94.68000030517578, 89.63999938964844, 95.87999725341797, 92.5199966430664, 94.80000305175781, 93.72000122070312, 96.01000213623047, 95.2699966430664, 95.94999694824219, 96.16000366210938, 94.83000183105469, 95.75, 95.02999877929688, 96.22000122070312, 94.63999938964844, 96.16000366210938, 96.31999969482422, 96.31999969482422, 96.05000305175781, 96.20999908447266, 94.83999633789062, 96.63999938964844, 96.7300033569336, 94.62000274658203, 96.29000091552734, 96.37000274658203, 96.33000183105469, 96.5199966430664, 96.41999816894531, 96.5, 94.94999694824219, 96.3499984741211, 95.70999908447266, 96.44000244140625, 96.31999969482422, 96.9800033569336, 96.63999938964844, 96.58000183105469, 96.55000305175781, 96.27999877929688, 97.25, 97.19000244140625, 96.75, 96.6500015258789, 96.4000015258789, 97.31999969482422, 93.76000213623047, 97.44000244140625, 96.41999816894531, 97.31999969482422, 97.08000183105469, 96.30000305175781, 97.70999908447266, 96.87000274658203, 97.5199966430664, 96.41000366210938, 97.12999725341797]
backdoor_accuracy=[0, 0.0, 0.0, 0.0, 8.171206225680933, 1.6536964980544746, 0.8754863813229572, 7.490272373540856, 0.8754863813229572, 3.0155642023346303, 0.9727626459143969, 12.54863813229572, 1.3618677042801557, 8.560311284046692, 1.556420233463035, 4.377431906614786, 1.3618677042801557, 7.587548638132295, 2.3346303501945527, 10.116731517509727, 2.237354085603113, 4.085603112840467, 3.7937743190661477, 4.571984435797665, 3.404669260700389, 2.6264591439688716, 3.8910505836575875, 7.587548638132295, 1.4591439688715953, 4.961089494163424, 4.766536964980545, 1.7509727626459144, 9.53307392996109, 0.8754863813229572, 11.478599221789883, 2.9182879377431905, 6.3229571984435795, 4.669260700389105, 3.307392996108949, 2.7237354085603114, 4.766536964980545, 1.0700389105058365, 11.575875486381323, 2.140077821011673, 4.085603112840467, 1.264591439688716, 8.560311284046692, 1.1673151750972763, 8.171206225680933, 1.4591439688715953, 4.766536964980545, 2.529182879377432, 6.517509727626459, 3.404669260700389, 13.715953307392995, 2.9182879377431905, 13.813229571984436, 4.571984435797665, 1.6536964980544746, 13.326848249027238, 4.571984435797665, 8.171206225680933, 5.155642023346304, 6.906614785992218, 3.5992217898832686, 8.365758754863814, 12.743190661478598, 1.3618677042801557, 6.809338521400778, 3.5992217898832686, 11.478599221789883, 3.11284046692607, 6.22568093385214, 4.182879377431907, 5.933852140077821, 5.058365758754864, 9.53307392996109, 3.0155642023346303, 9.04669260700389, 10.408560311284047, 7.2957198443579765, 3.0155642023346303, 4.766536964980545, 12.354085603112841, 14.105058365758754, 7.101167315175097, 6.906614785992218, 2.140077821011673, 3.7937743190661477, 24.610894941634243, 1.0700389105058365, 13.229571984435797, 3.307392996108949, 5.3501945525291825, 15.85603112840467, 4.863813229571984, 18.579766536964982, 5.3501945525291825, 13.035019455252918, 2.7237354085603114, 51.16731517509728]
loss_list=[0.4584575163286075, 0.35789604904111805, 0.3051786917677417, 0.2522390209455397, 0.19068189490073081, 0.17003388360558302, 0.19845160354358202, 0.14149731847680685, 0.14211592162652695, 0.12211510646328459, 0.13614968662291818, 0.1305985133827097, 0.12110503510623535, 0.10544460528259192, 0.10008208822223713, 0.10394969029949437, 0.10805018028759601, 0.08838827020491662, 0.08566875142034064, 0.07363314413924067, 0.07769313236660977, 0.09056958298616774, 0.09083703894744417, 0.0955001558969684, 0.07474855302294545, 0.07447417129456725, 0.07654217748980902, 0.07404579538923912, 0.0603679390463523, 0.07469943136320914, 0.07478073834031088, 0.06917737882736473, 0.0614515206598572, 0.06277950150923609, 0.07129122869196869, 0.0657010536832057, 0.05590019669419213, 0.07271327942885535, 0.04731529944433061, 0.07182852484894221, 0.05086269241331417, 0.05724855781389702, 0.04852278557871582, 0.05755112317006224, 0.05350884255885389, 0.06053223347857447, 0.04295597352570122, 0.0668428273406326, 0.0486649067539397, 0.05355245793326409, 0.05434750785563813, 0.05412704971253267, 0.052005103057574734, 0.04415518539021508, 0.046805840816573956, 0.04263094461367826, 0.05905506211658975, 0.042501691542488625, 0.045940594845916595, 0.039612544282401595, 0.04126077735788263, 0.048852683173287954, 0.04276725081200037, 0.0449149842750935, 0.047458165226607375, 0.04475304535503905, 0.04010194393872134, 0.049151352211616504, 0.03693021891025528, 0.03608145171605543, 0.03305094164337451, 0.038381280430436863, 0.04025729226653912, 0.03755459153208462, 0.0433730853934263, 0.034929881275891944, 0.03224207421508608, 0.037889113318615365, 0.037752676483372036, 0.034594008846034044, 0.03302464855652446, 0.035795258607852785, 0.036187556281257596, 0.034083940890688516, 0.03822513718457318, 0.03460207993759481, 0.04057241572334116, 0.031037019361285282, 0.03676043810985238, 0.033909857069544504, 0.033292640228100405, 0.03911070232567651, 0.040846701680390805, 0.0436780514375815, 0.03917358798077587, 0.03312643439535097, 0.02674258674656038, 0.033617494098881213, 0.03276611550997989, 0.03161060362836514]
BBSR:51.17
ABSR:13.35
max acc:97.71
