======================================
    IID: 0
    Dataset: fashion_mnist
    Model: Mnist_CNN
    Model Init: None
    Aggregation Function: krum
    Fraction NonIID: 0
    Long attack: 3
    Wide attack: 3
    Wide attack: trust
    Threshold reject: 0.5
    Threshold down: 0.0
    Attack method: badnet
    Fraction of malicious agents: 30.0%
    Poison Frac: 0.2
    Backdoor From 7 to 2
    Attack Begin: 0
    Trigger Shape: square
    Type poisoning: cs
    Trigger Position X: 0
    Trigger Position Y: 0
    Number of agents: 100
    Fraction of agents each turn: 30(30.0%)
    Local batch size: 50
    Local epoch: 3
    Client_LR: 0.01
    Client_Momentum: 0.9
    Global Rounds: 100
    Proportion of malicious are selected: 0.39
    Average score of malicious clients: 1146.8214111328125
    Average score of benign clients: 307.6446838378906
======================================
main_task_accuracy=[0, 51.720001220703125, 60.61000061035156, 69.37999725341797, 72.2699966430664, 73.16000366210938, 75.66000366210938, 77.48999786376953, 76.48999786376953, 77.23999786376953, 78.91000366210938, 77.44000244140625, 79.05000305175781, 80.75, 79.94000244140625, 79.73999786376953, 80.69000244140625, 79.58999633789062, 81.91000366210938, 80.23999786376953, 81.4000015258789, 80.93000030517578, 78.41000366210938, 81.80999755859375, 79.87000274658203, 81.76000213623047, 81.33999633789062, 82.41999816894531, 81.62999725341797, 82.48999786376953, 82.87999725341797, 81.48999786376953, 82.5999984741211, 82.83000183105469, 82.52999877929688, 81.16999816894531, 81.22000122070312, 83.27999877929688, 83.87000274658203, 82.18000030517578, 83.33999633789062, 82.76000213623047, 83.87000274658203, 82.19999694824219, 82.87999725341797, 83.75, 84.37999725341797, 83.63999938964844, 82.3499984741211, 83.16000366210938, 83.8499984741211, 82.30999755859375, 83.23999786376953, 83.44000244140625, 84.91000366210938, 83.86000061035156, 84.4800033569336, 83.12000274658203, 83.56999969482422, 83.31999969482422, 84.05000305175781, 84.0999984741211, 83.41000366210938, 84.43000030517578, 84.27999877929688, 84.76000213623047, 83.7699966430664, 84.5199966430664, 84.58999633789062, 83.13999938964844, 84.44999694824219, 84.77999877929688, 83.91000366210938, 83.79000091552734, 84.72000122070312, 82.70999908447266, 84.79000091552734, 84.18000030517578, 84.91999816894531, 84.2300033569336, 82.58000183105469, 84.47000122070312, 84.6500015258789, 84.91999816894531, 84.80999755859375, 84.70999908447266, 84.2300033569336, 84.72000122070312, 84.54000091552734, 83.91999816894531, 84.30999755859375, 84.56999969482422, 84.62999725341797, 84.58000183105469, 84.20999908447266, 85.25, 84.83999633789062, 84.11000061035156, 83.80999755859375, 85.06999969482422, 84.62000274658203]
backdoor_accuracy=[0, 0.0, 99.2, 67.6, 0.0, 14.2, 0.0, 1.0, 0.0, 0.0, 0.1, 0.6, 0.0, 2.6, 0.0, 100.0, 99.9, 100.0, 99.9, 99.8, 99.9, 99.5, 99.5, 99.8, 99.7, 99.6, 99.4, 100.0, 99.8, 100.0, 100.0, 100.0, 99.9, 100.0, 100.0, 99.8, 99.8, 100.0, 100.0, 99.9, 100.0, 99.9, 100.0, 99.8, 100.0, 100.0, 100.0, 100.0, 100.0, 100.0, 100.0, 100.0, 100.0, 100.0, 100.0, 100.0, 100.0, 100.0, 100.0, 100.0, 100.0, 100.0, 100.0, 100.0, 100.0, 100.0, 100.0, 100.0, 100.0, 100.0, 100.0, 100.0, 100.0, 100.0, 100.0, 99.9, 100.0, 100.0, 100.0, 100.0, 99.9, 100.0, 100.0, 100.0, 100.0, 100.0, 100.0, 100.0, 100.0, 100.0, 100.0, 100.0, 100.0, 100.0, 100.0, 100.0, 100.0, 100.0, 99.9, 100.0, 100.0]
loss_list=[1.3891961880304193, 0.8656436065280879, 0.7302938661917491, 0.6190154131777861, 0.5676452347111923, 0.5563567290841429, 0.5296020433306695, 0.5112292714347993, 0.4947580903009685, 0.4961604113380114, 0.4568660644469437, 0.44969812406709914, 0.45861353163641905, 0.47794689204957747, 0.4715584318119067, 0.4767730325184486, 0.4279176843663058, 0.4481769671594655, 0.424352061741606, 0.4196542657359882, 0.43978932401924214, 0.40742447838463164, 0.4230372405507499, 0.4304765002974481, 0.44362295285833103, 0.42212338625384427, 0.4397259835153818, 0.43043423007345855, 0.4460572591672341, 0.3920372394258501, 0.40715638603325244, 0.4216805478902879, 0.3870858953265404, 0.4113735159410646, 0.40166395921605064, 0.41108894575111304, 0.3432656251859886, 0.3642115199938416, 0.3942997048677946, 0.3862597873917332, 0.42163117423101704, 0.42047664870818463, 0.3990782312358971, 0.38808856333985375, 0.35508552108787833, 0.39191384347569613, 0.3772828629904392, 0.41024143473003755, 0.4093722765523664, 0.40312500705218146, 0.39771985775204727, 0.3879517378984019, 0.40472315602625414, 0.36244267790267864, 0.39413280786291044, 0.4099412418513869, 0.3764039320784999, 0.370569330084793, 0.3837906893860136, 0.39866476805397755, 0.4329940466908738, 0.40990982133274273, 0.35894449242839094, 0.3867016895587936, 0.37843376547685625, 0.409798424267555, 0.38577052914468507, 0.38981080675342433, 0.4119277408639728, 0.4141683059365109, 0.4035122869363813, 0.41120758808640495, 0.4043495939565926, 0.3840278887034705, 0.40275254931507837, 0.36661135835003933, 0.420464130246115, 0.39232821307636595, 0.3538957781279654, 0.4150067101715616, 0.3942879264424038, 0.4117860035328367, 0.36560636946319236, 0.406695585334846, 0.412320095695193, 0.41916219196109855, 0.39011985867939614, 0.41758762263419125, 0.41834021913301606, 0.37552465654573297, 0.3662648834523106, 0.40885163540121916, 0.38984823246934897, 0.4082129564397124, 0.4039311636875263, 0.41342478990630266, 0.4064979062882399, 0.4345790600110949, 0.43282418034903924, 0.4071573023065596]
BBSR:100.0
ABSR:99.99
max acc:85.25
