======================================
    IID: 0
    Dataset: mnist
    Model: Mnist_CNN
    Model Init: None
    Aggregation Function: fltrust
    Fraction NonIID: 0
    Long attack: 4
    Wide attack: 4
    Wide attack: trust
    Threshold reject: 0.5
    Threshold down: 0.0
    Attack method: badnet
    Fraction of malicious agents: 13.0%
    Poison Frac: 0.2
    Backdoor From 7 to 2
    Attack Begin: 0
    Trigger Shape: square
    Type poisoning: cs
    Trigger Position X: 0
    Trigger Position Y: 0
    Number of agents: 100
    Fraction of agents each turn: 30(30.0%)
    Local batch size: 50
    Local epoch: 3
    Client_LR: 0.01
    Client_Momentum: 0.9
    Global Rounds: 100
    Dataset In Server: 200
======================================
main_task_accuracy=[0, 39.310001373291016, 36.939998626708984, 51.29999923706055, 66.75, 68.37000274658203, 60.5099983215332, 61.75, 73.8499984741211, 80.77999877929688, 76.62999725341797, 81.4000015258789, 72.91999816894531, 86.45999908447266, 89.16999816894531, 86.0199966430664, 91.11000061035156, 88.37000274658203, 90.0199966430664, 91.93000030517578, 87.41000366210938, 85.62999725341797, 84.11000061035156, 89.7300033569336, 92.04000091552734, 91.87000274658203, 93.97000122070312, 92.87000274658203, 94.62999725341797, 92.23999786376953, 93.18000030517578, 92.61000061035156, 95.11000061035156, 93.94000244140625, 93.72000122070312, 93.80000305175781, 90.56999969482422, 94.1500015258789, 93.38999938964844, 94.80000305175781, 96.0999984741211, 94.94999694824219, 95.26000213623047, 94.06999969482422, 95.30999755859375, 96.16000366210938, 94.7699966430664, 96.48999786376953, 95.05000305175781, 96.44999694824219, 95.0999984741211, 94.4800033569336, 95.48999786376953, 96.66000366210938, 95.48999786376953, 96.48999786376953, 96.08999633789062, 96.81999969482422, 96.44000244140625, 95.4800033569336, 96.54000091552734, 95.68000030517578, 96.87000274658203, 96.7699966430664, 96.5, 95.8499984741211, 96.61000061035156, 96.8499984741211, 96.63999938964844, 97.2699966430664, 96.9000015258789, 97.04000091552734, 97.19000244140625, 96.47000122070312, 96.0999984741211, 97.1500015258789, 96.77999877929688, 97.4800033569336, 97.2699966430664, 97.12999725341797, 96.94999694824219, 97.27999877929688, 97.19000244140625, 97.5999984741211, 97.45999908447266, 97.16999816894531, 97.27999877929688, 97.58999633789062, 97.45999908447266, 97.27999877929688, 97.83000183105469, 97.44999694824219, 96.66999816894531, 96.93000030517578, 94.98999786376953, 97.66000366210938, 96.6500015258789, 97.25, 97.08000183105469, 98.05000305175781, 96.87000274658203]
backdoor_accuracy=[0, 0.9727626459143969, 0.0, 13.813229571984436, 3.11284046692607, 9.33852140077821, 0.19455252918287938, 2.0428015564202333, 3.307392996108949, 1.0700389105058365, 1.8482490272373542, 4.961089494163424, 0.9727626459143969, 5.252918287937743, 2.431906614785992, 1.8482490272373542, 4.766536964980545, 2.821011673151751, 2.9182879377431905, 3.8910505836575875, 1.9455252918287937, 10.700389105058365, 1.556420233463035, 4.085603112840467, 3.501945525291829, 2.3346303501945527, 7.392996108949417, 2.0428015564202333, 5.642023346303502, 2.821011673151751, 4.669260700389105, 2.140077821011673, 3.21011673151751, 9.922178988326849, 2.140077821011673, 5.252918287937743, 2.237354085603113, 2.529182879377432, 1.9455252918287937, 4.182879377431907, 3.8910505836575875, 5.739299610894942, 1.8482490272373542, 4.085603112840467, 2.237354085603113, 6.031128404669261, 2.3346303501945527, 6.031128404669261, 1.3618677042801557, 5.155642023346304, 1.7509727626459144, 10.700389105058365, 2.0428015564202333, 2.9182879377431905, 4.669260700389105, 3.0155642023346303, 3.501945525291829, 7.392996108949417, 2.431906614785992, 5.252918287937743, 1.9455252918287937, 14.494163424124514, 1.3618677042801557, 8.365758754863814, 2.3346303501945527, 4.571984435797665, 3.8910505836575875, 1.4591439688715953, 12.645914396887159, 1.264591439688716, 6.614785992217898, 2.7237354085603114, 3.9883268482490273, 2.7237354085603114, 3.5992217898832686, 5.252918287937743, 2.529182879377432, 3.11284046692607, 3.6964980544747084, 1.6536964980544746, 5.836575875486381, 2.0428015564202333, 3.6964980544747084, 3.501945525291829, 2.3346303501945527, 4.377431906614786, 3.501945525291829, 2.431906614785992, 3.5992217898832686, 2.140077821011673, 4.669260700389105, 1.264591439688716, 6.42023346303502, 1.4591439688715953, 6.614785992217898, 2.821011673151751, 6.128404669260701, 1.1673151750972763, 4.085603112840467, 3.6964980544747084, 1.556420233463035]
loss_list=[0.5055096013038962, 0.37481317400278147, 0.3003787894412707, 0.26983049741823756, 0.24666654840289973, 0.1621743270619366, 0.17404721858674851, 0.15952525982357946, 0.1443271107696541, 0.12040481398228318, 0.13924460556566676, 0.13033473242422036, 0.12016104410077119, 0.10001828183576637, 0.0884824689153829, 0.09342168750943705, 0.08722069371413653, 0.07644054617000409, 0.08390381027679449, 0.07962018856422812, 0.07863417108165674, 0.08036273857563334, 0.07357740258280092, 0.06576256566156348, 0.06966781616638315, 0.06100831173734808, 0.054580724727185, 0.060178977362788724, 0.06017383417434231, 0.06274136768647755, 0.055863717753161055, 0.05595453018869796, 0.05083752518752623, 0.05480118315827923, 0.056276804438536845, 0.05729731314378103, 0.0718580654525883, 0.04726648319798854, 0.04924473244310257, 0.05744723287414567, 0.05544909441845764, 0.046301916311433475, 0.05065194999099167, 0.04209528068946909, 0.04738709068271912, 0.04166507282529531, 0.051932509412110035, 0.04281017203481104, 0.058421269694175826, 0.05177663609812244, 0.03919754316434825, 0.04548915120454154, 0.04028052142132597, 0.04070577847404942, 0.05364761828817646, 0.04127562974627471, 0.03815670924521281, 0.03600840728409435, 0.036809049217599, 0.04245851061533271, 0.03327645150179747, 0.039336654635075206, 0.04004208215760555, 0.03469227691344834, 0.041983278857060484, 0.047853974929228736, 0.03639968590045505, 0.03651185334947207, 0.03939158611447114, 0.037057603920706686, 0.02896412210327051, 0.038511509063939096, 0.033956397795440275, 0.042730804475718094, 0.026257407261558372, 0.03948626751248412, 0.034503460860047644, 0.03824776165274015, 0.02958893495739544, 0.029420055541594877, 0.03820473705151574, 0.029387391722356715, 0.033237472291136785, 0.025635480336162607, 0.026290891885492565, 0.028942245897206235, 0.03535941466436068, 0.03140546103413859, 0.028679035868339524, 0.03486343559457778, 0.03169431369181467, 0.029921331123016117, 0.03019683816567627, 0.02876281715883571, 0.04025434428218439, 0.025579407869982824, 0.025795672480917412, 0.037446141432520744, 0.029625481449706382, 0.02230724806551698]
BBSR:6.61
ABSR:3.52
max acc:98.05
