======================================
    IID: 0
    Dataset: mnist
    Model: Mnist_CNN
    Model Init: None
    Aggregation Function: fltrust
    Fraction NonIID: 0
    Long attack: 5
    Wide attack: 5
    Wide attack: trust
    Threshold reject: 0.5
    Threshold down: 0.0
    Attack method: dba
    Fraction of malicious agents: 13.0%
    Poison Frac: 0.2
    Backdoor From 7 to 2
    Attack Begin: 0
    Trigger Shape: square
    Type poisoning: 
    Trigger Position X: 0
    Trigger Position Y: 0
    Number of agents: 100
    Fraction of agents each turn: 30(30.0%)
    Local batch size: 50
    Local epoch: 3
    Client_LR: 0.01
    Client_Momentum: 0.9
    Global Rounds: 100
    Dataset In Server: 200
======================================
main_task_accuracy=[0, 24.34000015258789, 38.02000045776367, 45.68000030517578, 56.08000183105469, 77.22000122070312, 45.869998931884766, 71.9800033569336, 79.52999877929688, 75.62000274658203, 84.5199966430664, 85.1500015258789, 87.13999938964844, 82.36000061035156, 88.4800033569336, 90.27999877929688, 89.88999938964844, 89.5999984741211, 89.31999969482422, 87.51000213623047, 86.73999786376953, 91.04000091552734, 91.83000183105469, 90.58000183105469, 91.87999725341797, 87.25, 89.93000030517578, 92.83999633789062, 93.04000091552734, 91.3499984741211, 93.29000091552734, 93.72000122070312, 93.62999725341797, 94.81999969482422, 95.16999816894531, 94.94999694824219, 94.2699966430664, 93.79000091552734, 93.87999725341797, 95.45999908447266, 94.97000122070312, 94.86000061035156, 93.93000030517578, 95.4000015258789, 94.56999969482422, 95.83999633789062, 94.25, 95.93000030517578, 95.55999755859375, 96.16999816894531, 95.4000015258789, 96.51000213623047, 95.43000030517578, 96.54000091552734, 96.0199966430664, 95.52999877929688, 96.08999633789062, 95.63999938964844, 96.44999694824219, 96.38999938964844, 96.7300033569336, 96.11000061035156, 95.77999877929688, 96.83999633789062, 96.55000305175781, 96.94000244140625, 96.22000122070312, 97.0199966430664, 96.66000366210938, 97.27999877929688, 96.51000213623047, 96.70999908447266, 96.5999984741211, 96.79000091552734, 96.5999984741211, 96.91999816894531, 96.58999633789062, 97.06999969482422, 97.0, 97.16999816894531, 97.18000030517578, 96.37000274658203, 97.19000244140625, 95.33999633789062, 96.68000030517578, 97.2300033569336, 97.2300033569336, 97.4000015258789, 97.5, 97.0999984741211, 97.02999877929688, 97.38999938964844, 97.4000015258789, 97.5199966430664, 97.37999725341797, 97.47000122070312, 97.62000274658203, 97.01000213623047, 97.52999877929688, 97.2699966430664, 97.44999694824219]
backdoor_accuracy=[0, 0.0, 0.0, 0.2918287937743191, 6.614785992217898, 1.264591439688716, 0.09727626459143969, 4.280155642023346, 5.3501945525291825, 0.7782101167315175, 3.0155642023346303, 2.529182879377432, 2.140077821011673, 1.9455252918287937, 6.42023346303502, 1.264591439688716, 7.976653696498055, 0.8754863813229572, 3.7937743190661477, 3.21011673151751, 1.7509727626459144, 5.933852140077821, 1.4591439688715953, 2.140077821011673, 2.431906614785992, 1.4591439688715953, 1.4591439688715953, 4.182879377431907, 2.237354085603113, 7.587548638132295, 1.264591439688716, 5.544747081712062, 1.7509727626459144, 6.3229571984435795, 1.3618677042801557, 2.6264591439688716, 1.3618677042801557, 2.140077821011673, 1.1673151750972763, 2.3346303501945527, 2.237354085603113, 2.431906614785992, 4.377431906614786, 1.3618677042801557, 4.182879377431907, 2.529182879377432, 2.7237354085603114, 5.642023346303502, 2.821011673151751, 4.085603112840467, 2.431906614785992, 3.307392996108949, 2.3346303501945527, 4.085603112840467, 1.556420233463035, 4.669260700389105, 3.0155642023346303, 1.6536964980544746, 2.431906614785992, 3.501945525291829, 2.7237354085603114, 3.501945525291829, 2.0428015564202333, 3.8910505836575875, 2.529182879377432, 5.252918287937743, 2.3346303501945527, 5.544747081712062, 3.0155642023346303, 3.21011673151751, 3.0155642023346303, 5.544747081712062, 2.3346303501945527, 6.809338521400778, 3.307392996108949, 7.392996108949417, 3.307392996108949, 2.431906614785992, 3.307392996108949, 2.6264591439688716, 2.6264591439688716, 19.844357976653697, 1.9455252918287937, 3.9883268482490273, 3.307392996108949, 3.5992217898832686, 4.669260700389105, 3.307392996108949, 4.280155642023346, 2.6264591439688716, 2.529182879377432, 3.501945525291829, 2.431906614785992, 3.9883268482490273, 1.8482490272373542, 3.7937743190661477, 3.11284046692607, 1.4591439688715953, 3.7937743190661477, 1.6536964980544746, 3.11284046692607]
loss_list=[0.5107959410188283, 0.4377273708543586, 0.2873014323791366, 0.23740723457647783, 0.19519970105119083, 0.17454594565786935, 0.15300575988976226, 0.18308066629127823, 0.12965710543940437, 0.12237495604352294, 0.14239054269998647, 0.1041958938984379, 0.1231809362189425, 0.12946741081072183, 0.12840113209847537, 0.10301857173386146, 0.09704394202132224, 0.08378653469540707, 0.08271472259731637, 0.08145952864705948, 0.09332528454055397, 0.0828882156692037, 0.08844232784081298, 0.06793801514860971, 0.07263829004546146, 0.08080305956294592, 0.07523097629176635, 0.0744761699948245, 0.06327911134190917, 0.060249386567140586, 0.06281820159714133, 0.06502545471470808, 0.05435871806736562, 0.06536691179726702, 0.06291589136714042, 0.058242878128370874, 0.0665920871470666, 0.060264709685545585, 0.051309248161927855, 0.04968940223757072, 0.05687353674764894, 0.04553472893033284, 0.061030505960985, 0.04682005122083983, 0.05571051590624281, 0.04889008300875305, 0.06077828788698792, 0.04835336716326149, 0.05318847221900564, 0.04340541668558276, 0.04670678280977864, 0.051694560724983754, 0.05137956547400072, 0.04409856165056742, 0.049694524785760495, 0.05554794975078712, 0.04750136523393789, 0.048542896832515336, 0.042179981792732725, 0.047428630653181245, 0.04356964121390263, 0.04690442556259245, 0.03799139398290172, 0.04276936029668261, 0.03765459781837605, 0.036523532581780455, 0.05530564582258006, 0.04037239862694987, 0.041974941243470676, 0.039840346741461724, 0.045476020030447054, 0.040734150749088406, 0.03573510472437393, 0.03938063750251409, 0.041460069642779304, 0.03486840845144625, 0.042817650071438944, 0.04050766743096014, 0.042422888231916575, 0.04164515707428569, 0.031903298594488344, 0.037409591253480826, 0.030024290895340214, 0.03868590699076305, 0.03881704331095533, 0.036003192128741146, 0.034530185807944, 0.034897827215573454, 0.03792295091631555, 0.037702418186489006, 0.037990703242002134, 0.0351275202742244, 0.040464524963050044, 0.02765917559906294, 0.037540860334739204, 0.028692464754985558, 0.041993948531132794, 0.03766180347767949, 0.03431958792094832, 0.03765070051387683]
BBSR:3.99
ABSR:2.87
max acc:97.62
