======================================
    IID: 0
    Dataset: fashion_mnist
    Model: Mnist_CNN
    Model Init: None
    Aggregation Function: RLR
    Fraction NonIID: 0
    Long attack: 3
    Wide attack: 3
    Wide attack: trust
    Threshold reject: 0.5
    Threshold down: 0.0
    Attack method: badnet
    Fraction of malicious agents: 13.0%
    Poison Frac: 0.2
    Backdoor From 7 to 2
    Attack Begin: 0
    Trigger Shape: square
    Type poisoning: cs
    Trigger Position X: 0
    Trigger Position Y: 0
    Number of agents: 100
    Fraction of agents each turn: 30(30.0%)
    Local batch size: 50
    Local epoch: 3
    Client_LR: 0.01
    Client_Momentum: 0.9
    Global Rounds: 100
    RobustLR_threshold: 4
======================================
main_task_accuracy=[0, 63.369998931884766, 73.54000091552734, 74.73999786376953, 76.9800033569336, 77.6500015258789, 78.9800033569336, 79.7300033569336, 79.83000183105469, 80.52999877929688, 81.30000305175781, 81.55000305175781, 81.97000122070312, 82.55000305175781, 82.68000030517578, 82.76000213623047, 83.80999755859375, 84.04000091552734, 84.25, 84.44000244140625, 84.73999786376953, 85.08999633789062, 85.37000274658203, 85.26000213623047, 85.47000122070312, 85.54000091552734, 85.94000244140625, 86.12000274658203, 85.97000122070312, 86.23999786376953, 86.16999816894531, 86.3499984741211, 86.43000030517578, 86.30000305175781, 86.45999908447266, 86.66000366210938, 86.76000213623047, 87.1500015258789, 86.88999938964844, 87.08999633789062, 87.06999969482422, 87.2300033569336, 87.33000183105469, 87.2699966430664, 87.38999938964844, 87.62000274658203, 87.7300033569336, 87.76000213623047, 87.70999908447266, 87.80999755859375, 87.70999908447266, 87.94999694824219, 87.97000122070312, 88.0199966430664, 88.12000274658203, 88.19000244140625, 88.16000366210938, 88.06999969482422, 88.36000061035156, 88.5199966430664, 88.29000091552734, 88.26000213623047, 88.6500015258789, 88.43000030517578, 88.54000091552734, 88.61000061035156, 88.80000305175781, 88.7699966430664, 88.62999725341797, 88.75, 88.81999969482422, 88.8499984741211, 88.9800033569336, 88.69999694824219, 88.98999786376953, 88.80999755859375, 88.9800033569336, 89.12000274658203, 89.02999877929688, 89.06999969482422, 88.98999786376953, 89.18000030517578, 89.02999877929688, 89.05999755859375, 89.30999755859375, 89.16000366210938, 89.11000061035156, 89.2300033569336, 89.33000183105469, 89.36000061035156, 89.41000366210938, 89.41999816894531, 89.30000305175781, 89.30000305175781, 89.44999694824219, 89.5199966430664, 89.56999969482422, 89.45999908447266, 89.48999786376953, 89.52999877929688, 89.5199966430664]
backdoor_accuracy=[0, 0.0, 0.0, 0.0, 0.0, 0.0, 0.0, 0.0, 0.8, 2.0, 9.8, 20.1, 21.2, 50.4, 76.1, 85.4, 90.4, 94.3, 97.1, 97.5, 98.6, 99.1, 98.8, 99.7, 99.7, 99.8, 99.8, 99.8, 99.8, 99.8, 99.8, 99.8, 99.8, 99.8, 99.8, 99.8, 99.8, 99.8, 99.8, 99.8, 99.9, 99.8, 99.8, 99.9, 99.9, 99.9, 99.9, 99.9, 99.9, 99.9, 99.9, 99.9, 99.9, 99.9, 99.9, 99.9, 99.9, 99.9, 99.9, 99.9, 99.9, 99.9, 99.9, 99.9, 100.0, 99.8, 99.9, 99.9, 99.9, 99.9, 99.9, 99.9, 100.0, 99.9, 99.9, 99.9, 100.0, 100.0, 100.0, 100.0, 100.0, 100.0, 100.0, 100.0, 100.0, 100.0, 100.0, 100.0, 100.0, 100.0, 100.0, 100.0, 100.0, 100.0, 100.0, 100.0, 100.0, 100.0, 100.0, 100.0, 100.0]
loss_list=[1.4167985569547725, 0.8861994158338617, 0.6492850858856133, 0.5567943474760761, 0.49417431244143745, 0.4611258815146155, 0.49350578141985124, 0.4562352664147814, 0.43634298714912595, 0.44408774485604624, 0.3997848427475051, 0.37847904972042196, 0.3893196884197768, 0.3627084825187922, 0.3750744127013066, 0.3689893490186445, 0.3545636292822935, 0.3665138808182544, 0.329195496764172, 0.353939950576535, 0.3782353113819329, 0.32559973691693606, 0.33636606363924576, 0.31799880734610336, 0.33988543106587943, 0.30903970043140433, 0.3292328821012267, 0.3328626588814788, 0.33121300068580445, 0.3119349574601209, 0.2988710984863616, 0.3164983526803553, 0.31535362026964614, 0.2769781744900953, 0.28590927100050506, 0.3027116221720697, 0.28106739295094657, 0.26873275313043476, 0.2774844739758582, 0.25348848173463784, 0.26560003336312044, 0.2823279012925923, 0.2710848195340346, 0.2636127823377373, 0.2821113751373357, 0.2786661014202292, 0.26939585157842555, 0.27599507284661134, 0.25990050164292805, 0.2575414228322054, 0.2658574515091325, 0.23542832169267872, 0.25797099607168794, 0.25044124347537206, 0.2523120585242632, 0.2547415059853207, 0.2597360598958201, 0.24366385100271418, 0.23135536775096424, 0.23664539281485808, 0.22832553672638758, 0.2435723986994061, 0.25056599649014294, 0.21973358392887923, 0.2517734339495224, 0.24932222363573528, 0.23881257048083673, 0.24679608936766512, 0.23994708621908947, 0.21840616385797387, 0.24292112131844515, 0.2225382629695728, 0.22889405523806267, 0.25490032706616655, 0.25387679578874395, 0.21870848373509943, 0.21518665565591721, 0.2260755985647578, 0.21847861335198912, 0.24057781774447198, 0.22420970700267287, 0.2283785797724569, 0.21938234734245474, 0.22106080985869528, 0.21187327418441848, 0.22018525236182745, 0.22162571276055162, 0.21577365117802944, 0.21890105938504414, 0.2185571554703293, 0.20639134919339863, 0.21188894400752525, 0.22852877214619963, 0.2074386849688987, 0.1963625647222485, 0.21972070460431972, 0.21574563033430386, 0.19863600775133813, 0.2276676791030224, 0.20010259549167972]
BBSR:100.0
ABSR:100.0
max acc:89.57
