======================================
    IID: 0
    Dataset: mnist
    Model: Mnist_CNN
    Model Init: None
    Aggregation Function: fltrust
    Fraction NonIID: 0
    Long attack: 3
    Wide attack: 3
    Wide attack: trust
    Threshold reject: 0.5
    Threshold down: 0.0
    Attack method: badnet
    Fraction of malicious agents: 13.0%
    Poison Frac: 0.2
    Backdoor From 7 to 2
    Attack Begin: 0
    Trigger Shape: square
    Type poisoning: pgd
    Trigger Position X: 0
    Trigger Position Y: 0
    Number of agents: 100
    Fraction of agents each turn: 30(30.0%)
    Local batch size: 50
    Local epoch: 3
    Client_LR: 0.01
    Client_Momentum: 0.9
    Global Rounds: 100
    Dataset In Server: 200
======================================
main_task_accuracy=[0, 19.549999237060547, 55.81999969482422, 56.119998931884766, 65.12000274658203, 60.290000915527344, 71.31999969482422, 74.68000030517578, 80.72000122070312, 85.66999816894531, 84.19999694824219, 89.72000122070312, 79.2300033569336, 86.83000183105469, 84.70999908447266, 90.2300033569336, 92.06999969482422, 86.72000122070312, 91.19999694824219, 90.61000061035156, 89.62999725341797, 87.83999633789062, 90.47000122070312, 88.62000274658203, 92.30999755859375, 94.47000122070312, 92.93000030517578, 94.25, 92.55999755859375, 86.44000244140625, 92.1500015258789, 93.80000305175781, 94.9800033569336, 90.43000030517578, 94.06999969482422, 94.22000122070312, 94.55999755859375, 93.01000213623047, 94.0, 96.0999984741211, 94.27999877929688, 95.66999816894531, 95.7300033569336, 95.23999786376953, 96.08999633789062, 96.16999816894531, 96.19999694824219, 96.12000274658203, 95.45999908447266, 96.72000122070312, 96.01000213623047, 95.69999694824219, 96.43000030517578, 94.94999694824219, 96.9000015258789, 95.87000274658203, 96.47000122070312, 96.2300033569336, 96.33999633789062, 96.44000244140625, 96.22000122070312, 96.1500015258789, 95.13999938964844, 96.0, 95.58999633789062, 95.61000061035156, 96.97000122070312, 96.83999633789062, 96.86000061035156, 96.9000015258789, 97.1500015258789, 96.69999694824219, 96.86000061035156, 94.9000015258789, 96.66999816894531, 97.08999633789062, 96.88999938964844, 96.87000274658203, 97.27999877929688, 97.22000122070312, 95.7300033569336, 97.2300033569336, 95.7300033569336, 96.87999725341797, 96.9000015258789, 97.0, 97.27999877929688, 97.30000305175781, 97.30000305175781, 97.13999938964844, 96.94000244140625, 97.16000366210938, 97.61000061035156, 97.05999755859375, 97.44000244140625, 97.44999694824219, 96.91999816894531, 97.7699966430664, 97.31999969482422, 97.58999633789062, 97.4800033569336]
backdoor_accuracy=[0, 0.0, 4.280155642023346, 0.7782101167315175, 10.603112840466926, 0.09727626459143969, 5.058365758754864, 1.3618677042801557, 2.431906614785992, 1.7509727626459144, 3.501945525291829, 3.21011673151751, 0.9727626459143969, 2.529182879377432, 2.6264591439688716, 2.7237354085603114, 2.431906614785992, 3.7937743190661477, 6.128404669260701, 1.9455252918287937, 4.766536964980545, 2.237354085603113, 6.809338521400778, 1.264591439688716, 5.3501945525291825, 1.9455252918287937, 4.085603112840467, 3.501945525291829, 4.669260700389105, 3.5992217898832686, 2.431906614785992, 6.22568093385214, 2.237354085603113, 5.252918287937743, 2.237354085603113, 7.198443579766537, 2.140077821011673, 13.132295719844358, 1.4591439688715953, 4.863813229571984, 2.140077821011673, 2.821011673151751, 2.7237354085603114, 4.961089494163424, 3.307392996108949, 2.431906614785992, 3.7937743190661477, 2.431906614785992, 9.922178988326849, 2.140077821011673, 7.392996108949417, 1.8482490272373542, 4.182879377431907, 1.556420233463035, 3.6964980544747084, 2.529182879377432, 4.766536964980545, 2.237354085603113, 2.3346303501945527, 3.404669260700389, 3.404669260700389, 3.0155642023346303, 1.4591439688715953, 2.529182879377432, 4.766536964980545, 3.7937743190661477, 7.2957198443579765, 1.8482490272373542, 6.906614785992218, 2.0428015564202333, 2.7237354085603114, 2.529182879377432, 3.307392996108949, 3.11284046692607, 3.307392996108949, 5.642023346303502, 1.4591439688715953, 3.9883268482490273, 3.0155642023346303, 3.5992217898832686, 11.381322957198444, 1.4591439688715953, 5.252918287937743, 1.9455252918287937, 4.474708171206226, 1.556420233463035, 4.669260700389105, 3.5992217898832686, 1.264591439688716, 1.8482490272373542, 6.128404669260701, 1.4591439688715953, 3.11284046692607, 3.9883268482490273, 2.431906614785992, 2.140077821011673, 6.906614785992218, 1.0700389105058365, 4.669260700389105, 1.8482490272373542, 4.085603112840467]
loss_list=[0.5100652984533661, 0.37625039577758895, 0.2754027030105133, 0.23616107510061973, 0.18408038637742719, 0.17337849234407143, 0.15556471711296524, 0.13465087395462227, 0.1334886904824667, 0.12299920119557992, 0.13010633358556192, 0.1306652880974246, 0.1115223331756636, 0.0769482376805059, 0.08865695590137558, 0.0678675859412176, 0.07623287700739752, 0.0947667826497469, 0.06725764908920946, 0.08973047183368511, 0.06730919829704844, 0.07486749813639126, 0.07109248352350139, 0.08289896208926834, 0.08099584023968309, 0.05550182533638352, 0.07335988840181562, 0.05735601024957926, 0.06069924953408549, 0.07143760390572686, 0.057799324785431476, 0.0517930092741461, 0.05613430081120836, 0.06419791530603436, 0.05284322492427183, 0.05171457273976588, 0.04147570504627497, 0.0458056514000092, 0.06669623228440269, 0.04917419215012743, 0.049954228919534965, 0.03812377286422959, 0.03876235655617257, 0.0466328561024854, 0.03935911643217947, 0.04145698656844019, 0.045743894070386974, 0.04525004507062617, 0.04496932416298906, 0.04536349347268865, 0.043657559415979805, 0.042790309704197456, 0.04215538898771475, 0.05177284930530578, 0.04507449220606556, 0.04496589193457487, 0.0462890602035293, 0.03586584017856191, 0.037655783593635576, 0.039651074779811044, 0.05100588131777596, 0.039943006432479625, 0.04409716322328071, 0.03707961248489363, 0.035804212295185274, 0.037176721223490874, 0.03505817026880218, 0.036965371022671285, 0.033748602685578354, 0.038028520849790325, 0.03553873310351925, 0.030650750495774856, 0.04319537216341971, 0.0391574288912709, 0.03653996855616202, 0.030159282282952057, 0.037293842338938295, 0.0299323335256611, 0.031084762460155783, 0.03046952577009708, 0.03534673696996916, 0.025579358473327974, 0.0365178976764696, 0.03977914032230991, 0.035324474296041755, 0.0374703608964256, 0.030758282695410994, 0.03402340394380177, 0.03251393184741179, 0.032247279933169705, 0.036272074754613616, 0.03660848924318448, 0.026120127663761573, 0.03534926815303395, 0.034159647861007204, 0.030865571615375367, 0.0402902098331245, 0.025679855700086098, 0.0385375736724159, 0.02754685026679277]
BBSR:6.91
ABSR:3.17
max acc:97.77
