======================================
    IID: 0
    Dataset: fashion_mnist
    Model: Mnist_CNN
    Model Init: None
    Aggregation Function: fltrust
    Fraction NonIID: 0
    Long attack: 3
    Wide attack: 3
    Wide attack: trust
    Threshold reject: 0.5
    Threshold down: 0.0
    Attack method: badnet
    Fraction of malicious agents: 20.0%
    Poison Frac: 0.2
    Backdoor From 7 to 2
    Attack Begin: 0
    Trigger Shape: square
    Type poisoning: pgd
    Trigger Position X: 0
    Trigger Position Y: 0
    Number of agents: 100
    Fraction of agents each turn: 30(30.0%)
    Local batch size: 50
    Local epoch: 3
    Client_LR: 0.01
    Client_Momentum: 0.9
    Global Rounds: 100
    Dataset In Server: 200
======================================
main_task_accuracy=[0, 51.619998931884766, 66.12999725341797, 69.12999725341797, 71.58999633789062, 73.1500015258789, 74.26000213623047, 75.23999786376953, 75.91999816894531, 76.44000244140625, 77.55999755859375, 78.22000122070312, 78.54000091552734, 78.86000061035156, 79.27999877929688, 79.58000183105469, 79.9000015258789, 80.44000244140625, 80.69000244140625, 81.0199966430664, 81.41999816894531, 81.5, 81.88999938964844, 81.94000244140625, 82.16999816894531, 82.5999984741211, 82.9800033569336, 82.95999908447266, 83.0199966430664, 83.38999938964844, 83.41000366210938, 83.52999877929688, 83.4000015258789, 83.6500015258789, 83.83000183105469, 83.7699966430664, 84.25, 84.5, 84.58000183105469, 84.55999755859375, 84.63999938964844, 84.58999633789062, 84.81999969482422, 85.05999755859375, 85.16999816894531, 85.25, 85.2300033569336, 85.19999694824219, 85.29000091552734, 85.58000183105469, 85.43000030517578, 85.45999908447266, 85.69000244140625, 85.6500015258789, 85.5999984741211, 85.94000244140625, 85.73999786376953, 86.1500015258789, 85.97000122070312, 86.12000274658203, 86.05999755859375, 86.23999786376953, 86.31999969482422, 86.5199966430664, 86.47000122070312, 86.51000213623047, 86.4800033569336, 86.30000305175781, 86.37999725341797, 86.69000244140625, 86.7699966430664, 86.91000366210938, 86.91999816894531, 86.86000061035156, 87.08999633789062, 86.81999969482422, 86.87000274658203, 87.12000274658203, 87.16999816894531, 87.06999969482422, 87.20999908447266, 87.31999969482422, 87.55000305175781, 87.30999755859375, 87.38999938964844, 87.48999786376953, 87.48999786376953, 87.5, 87.51000213623047, 87.56999969482422, 87.70999908447266, 87.54000091552734, 87.69999694824219, 87.55000305175781, 87.61000061035156, 87.6500015258789, 87.86000061035156, 87.98999786376953, 87.79000091552734, 87.73999786376953, 88.02999877929688]
backdoor_accuracy=[0, 82.7, 11.7, 0.7, 0.4, 0.2, 0.2, 0.4, 1.5, 2.5, 3.9, 5.9, 8.8, 16.7, 23.1, 32.2, 37.0, 53.1, 71.1, 72.6, 81.0, 85.0, 86.2, 88.0, 91.4, 93.2, 95.7, 97.7, 97.9, 98.4, 99.0, 99.3, 99.3, 99.5, 99.7, 99.8, 99.8, 99.8, 99.8, 99.8, 99.8, 99.8, 99.8, 99.8, 99.8, 99.8, 99.8, 99.8, 99.8, 99.8, 99.8, 99.8, 99.8, 99.8, 99.8, 99.9, 99.9, 99.9, 99.8, 99.8, 99.8, 99.9, 99.9, 99.9, 99.9, 100.0, 100.0, 100.0, 100.0, 100.0, 100.0, 100.0, 100.0, 100.0, 100.0, 99.9, 99.9, 100.0, 100.0, 100.0, 100.0, 99.9, 100.0, 100.0, 100.0, 100.0, 100.0, 100.0, 100.0, 100.0, 100.0, 100.0, 100.0, 100.0, 100.0, 100.0, 100.0, 100.0, 100.0, 100.0, 100.0]
loss_list=[1.402529224035917, 1.0893399897548888, 0.8449611947768265, 0.766132239528276, 0.6842519566278767, 0.6015126125680078, 0.6020039240795152, 0.5739874363773401, 0.5579485819571548, 0.5238336151948683, 0.512702006832869, 0.5043986673984263, 0.4965334591214303, 0.4650508013726384, 0.4794316582381725, 0.4523550081239254, 0.45055685735273143, 0.40325964827918354, 0.44807133324858206, 0.4281347059472293, 0.4059598911484635, 0.4227968701264924, 0.43201144024453786, 0.44716143181064616, 0.40361401599452457, 0.4268564192095287, 0.4124110053603847, 0.3963238911392787, 0.3978625458561711, 0.3925429645063424, 0.40643685304180344, 0.3819966234473719, 0.37438298405182574, 0.3742349358482493, 0.36579735599182267, 0.37099800730745003, 0.3621906671811033, 0.3699543783717134, 0.3578547377311797, 0.36779618899303457, 0.3534631887243854, 0.33763872674079953, 0.371283223307519, 0.3485609024556148, 0.33704016577038504, 0.33788483820303716, 0.3165225574608755, 0.34816850854980724, 0.3394102534865615, 0.3362354438062067, 0.3371986330486834, 0.3055174850513814, 0.33115916628114606, 0.3097723421951135, 0.31965155967476744, 0.3123666688144483, 0.340431691257766, 0.30140161416665817, 0.2966114474357002, 0.3003854684393714, 0.30470073071687864, 0.29817574267724045, 0.31288665603087457, 0.2819013646217408, 0.3165799435952471, 0.2901246849309515, 0.3188858962583321, 0.2809896889280666, 0.30276259189057686, 0.3101689166527379, 0.2878072366704821, 0.31251616375865754, 0.27478035712890597, 0.29781620294821487, 0.2801924030537959, 0.2847587728441727, 0.2836377097224749, 0.29075736335858154, 0.29373315102938147, 0.2912362498541673, 0.27215215917331753, 0.279368039275761, 0.2813340385616929, 0.2844627843755815, 0.2638497458529418, 0.27133838038339664, 0.275303195801529, 0.291475680856793, 0.27852779331237626, 0.27590906744891847, 0.2721241042345624, 0.2909245993528102, 0.2625767785124481, 0.26249942986501584, 0.2784361401020929, 0.2708464604198795, 0.2681868882453138, 0.2653717739352336, 0.2564687390432313, 0.23296603367629426]
BBSR:100.0
ABSR:100.0
max acc:88.03
