======================================
    IID: 0
    Dataset: mnist
    Model: Mnist_CNN
    Model Init: None
    Aggregation Function: avg
    Fraction NonIID: 0
    Long attack: 4
    Wide attack: 4
    Wide attack: trust
    Threshold reject: 0.5
    Threshold down: 0.0
    Attack method: badnet
    Fraction of malicious agents: 13.0%
    Poison Frac: 0.2
    Backdoor From 7 to 2
    Attack Begin: 0
    Trigger Shape: square
    Type poisoning: 
    Trigger Position X: 0
    Trigger Position Y: 0
    Number of agents: 100
    Fraction of agents each turn: 30(30.0%)
    Local batch size: 50
    Local epoch: 3
    Client_LR: 0.01
    Client_Momentum: 0.9
    Global Rounds: 100
======================================
main_task_accuracy=[0, 40.15999984741211, 32.9900016784668, 49.40999984741211, 81.6500015258789, 78.51000213623047, 82.7699966430664, 86.95999908447266, 87.55000305175781, 85.08999633789062, 90.66000366210938, 92.37000274658203, 93.04000091552734, 91.3499984741211, 93.06999969482422, 92.4000015258789, 93.05000305175781, 93.72000122070312, 95.91000366210938, 95.91999816894531, 95.43000030517578, 93.3499984741211, 95.33999633789062, 95.97000122070312, 95.98999786376953, 95.9800033569336, 96.2300033569336, 96.83000183105469, 95.8499984741211, 93.05000305175781, 96.22000122070312, 96.76000213623047, 95.94999694824219, 95.7699966430664, 96.77999877929688, 96.4800033569336, 97.13999938964844, 97.11000061035156, 97.69999694824219, 96.55999755859375, 97.20999908447266, 97.55000305175781, 97.45999908447266, 97.08999633789062, 97.16999816894531, 97.77999877929688, 97.93000030517578, 97.66999816894531, 97.5, 98.05999755859375, 97.61000061035156, 97.44999694824219, 96.98999786376953, 97.47000122070312, 97.83000183105469, 97.30000305175781, 97.33000183105469, 98.0199966430664, 97.73999786376953, 98.19999694824219, 97.87000274658203, 98.31999969482422, 98.11000061035156, 98.13999938964844, 97.81999969482422, 98.18000030517578, 98.19999694824219, 98.2300033569336, 98.25, 98.0199966430664, 98.12000274658203, 98.30999755859375, 97.91000366210938, 98.16000366210938, 98.27999877929688, 98.30000305175781, 98.20999908447266, 97.98999786376953, 98.44999694824219, 97.91000366210938, 97.9000015258789, 97.62999725341797, 98.47000122070312, 98.2699966430664, 98.3499984741211, 98.44999694824219, 98.0999984741211, 98.47000122070312, 98.45999908447266, 98.44000244140625, 98.26000213623047, 98.48999786376953, 98.38999938964844, 98.36000061035156, 98.36000061035156, 98.41000366210938, 98.6500015258789, 98.58999633789062, 98.33000183105469, 98.4000015258789, 98.5]
backdoor_accuracy=[0, 3.5992217898832686, 0.0, 36.18677042801556, 0.7782101167315175, 6.906614785992218, 2.140077821011673, 6.809338521400778, 4.085603112840467, 2.0428015564202333, 15.46692607003891, 10.797665369649806, 7.782101167315175, 11.770428015564203, 3.5992217898832686, 11.964980544747082, 4.182879377431907, 14.785992217898833, 5.933852140077821, 8.268482490272374, 12.354085603112841, 1.1673151750972763, 10.408560311284047, 13.035019455252918, 9.43579766536965, 3.404669260700389, 23.249027237354085, 10.311284046692608, 14.202334630350194, 14.105058365758754, 16.439688715953306, 7.782101167315175, 15.75875486381323, 6.3229571984435795, 13.229571984435797, 5.252918287937743, 24.610894941634243, 7.684824902723736, 16.05058365758755, 3.5992217898832686, 19.747081712062258, 11.770428015564203, 15.95330739299611, 36.284046692607006, 5.058365758754864, 40.46692607003891, 49.416342412451364, 34.63035019455253, 21.49805447470817, 69.26070038910505, 77.52918287937743, 34.143968871595334, 83.07392996108949, 52.82101167315175, 70.8171206225681, 91.05058365758755, 89.6887159533074, 28.50194552529183, 35.89494163424124, 81.42023346303502, 54.961089494163424, 70.91439688715953, 86.08949416342412, 83.94941634241245, 78.01556420233463, 84.53307392996109, 89.59143968871595, 83.36575875486382, 86.18677042801556, 84.14396887159533, 77.62645914396887, 86.47859922178988, 63.61867704280156, 92.60700389105058, 90.46692607003891, 94.64980544747081, 77.72373540856032, 77.33463035019456, 91.43968871595331, 89.29961089494164, 97.17898832684826, 95.71984435797665, 96.40077821011673, 91.05058365758755, 92.60700389105058, 96.20622568093385, 91.73151750972762, 95.8171206225681, 96.69260700389106, 97.17898832684826, 97.85992217898833, 97.56809338521401, 97.66536964980544, 97.66536964980544, 98.92996108949416, 99.12451361867704, 99.31906614785993, 97.17898832684826, 97.76264591439688, 99.41634241245136, 98.24902723735408]
loss_list=[0.5210104532410993, 0.34535594600295616, 0.1991687701555068, 0.18210836033716654, 0.1452422918511865, 0.1156618621773729, 0.09421433104520972, 0.09290613704721, 0.07525780307430945, 0.09176387980063246, 0.0705745837151107, 0.07517727798702808, 0.05758385486179988, 0.07042166513482863, 0.06324039106088486, 0.06464423330679264, 0.060165337412292616, 0.06075455500831647, 0.056297505534345975, 0.049513917720913195, 0.048203673899457004, 0.04576043684541278, 0.04305977238676428, 0.04240873159458217, 0.03362552808709342, 0.03699275329904017, 0.04489485142140296, 0.0394319193226206, 0.05444450698263773, 0.05091884454881975, 0.04067868044510793, 0.03443617259313369, 0.03234495100793651, 0.0327063017227929, 0.036922416124095275, 0.04618870359087513, 0.02817384601622195, 0.038482117793514105, 0.02667526231332835, 0.0334759000525177, 0.03594295459318064, 0.0327219400974716, 0.02925754879957765, 0.034969886986598774, 0.03563076709210655, 0.030562890565357204, 0.03148496133239453, 0.02527283760114424, 0.028939138857923645, 0.030209725461281922, 0.03734579245531688, 0.031502099475659504, 0.03205845175685109, 0.028538492539963434, 0.02721416327501176, 0.027383320901863253, 0.025009548747270273, 0.025488309081344054, 0.028478997359521734, 0.023702242927622966, 0.028900877218066823, 0.02530849226484281, 0.026936783225975213, 0.02618502440513744, 0.028926766089145736, 0.023331451011560186, 0.026691239246614186, 0.021858096923004534, 0.024761087248493442, 0.027355110043712584, 0.027091511879809953, 0.025685129124546742, 0.02937947826752776, 0.02180627833244211, 0.026262002618964823, 0.018522098405296707, 0.023263867306087354, 0.02382171181448125, 0.017763216621653744, 0.028004405066640085, 0.027759293710875918, 0.024100320791820878, 0.020270709126673562, 0.024239348650730356, 0.02576950171713248, 0.018901084526163032, 0.025711102769650777, 0.02002613049409455, 0.023083066230057358, 0.020051198850924903, 0.02009223162520764, 0.018078066189893046, 0.02095081680595397, 0.0213874819948799, 0.024408610654422836, 0.021738377240870806, 0.023278374875807178, 0.01600874627401288, 0.019271119935068467, 0.0191397313912852]
BBSR:99.42
ABSR:98.29
max acc:98.65
