======================================
    IID: 0
    Dataset: fashion_mnist
    Model: Mnist_CNN
    Model Init: None
    Aggregation Function: flame
    Fraction NonIID: 0
    Long attack: 3
    Wide attack: 3
    Wide attack: trust
    Threshold reject: 0.5
    Threshold down: 0.0
    Attack method: badnet
    Fraction of malicious agents: 30.0%
    Poison Frac: 0.2
    Backdoor From 7 to 2
    Attack Begin: 0
    Trigger Shape: square
    Type poisoning: pgd
    Trigger Position X: 0
    Trigger Position Y: 0
    Number of agents: 100
    Fraction of agents each turn: 30(30.0%)
    Local batch size: 50
    Local epoch: 3
    Client_LR: 0.01
    Client_Momentum: 0.9
    Global Rounds: 100
    Noise in FLAME: 0.001
proportion of malicious are selected:0.6177777777777778
proportion of benign are selected:0.5061904761904762
======================================
main_task_accuracy=[0, 67.31999969482422, 72.91999816894531, 74.0999984741211, 75.69000244140625, 77.81999969482422, 77.94000244140625, 78.8499984741211, 80.29000091552734, 80.27999877929688, 80.79000091552734, 81.51000213623047, 82.52999877929688, 82.19999694824219, 82.93000030517578, 82.31999969482422, 83.41999816894531, 83.5199966430664, 84.08999633789062, 84.30000305175781, 84.4000015258789, 84.76000213623047, 84.95999908447266, 84.87999725341797, 85.33999633789062, 85.45999908447266, 85.3499984741211, 85.4000015258789, 85.69000244140625, 85.51000213623047, 86.29000091552734, 86.30000305175781, 86.26000213623047, 86.36000061035156, 86.16000366210938, 86.13999938964844, 86.45999908447266, 86.7699966430664, 86.58000183105469, 86.91999816894531, 86.45999908447266, 86.62000274658203, 87.05000305175781, 86.86000061035156, 86.91999816894531, 86.91000366210938, 87.05000305175781, 86.87000274658203, 87.2300033569336, 87.16000366210938, 87.33999633789062, 87.62999725341797, 87.66000366210938, 87.55000305175781, 87.41000366210938, 87.05000305175781, 87.80000305175781, 87.38999938964844, 87.52999877929688, 87.87999725341797, 87.63999938964844, 87.79000091552734, 87.98999786376953, 88.02999877929688, 87.61000061035156, 88.05000305175781, 87.98999786376953, 88.05000305175781, 88.08999633789062, 87.93000030517578, 88.0999984741211, 88.37999725341797, 87.7699966430664, 88.31999969482422, 88.12000274658203, 88.48999786376953, 88.4800033569336, 88.0999984741211, 88.6500015258789, 88.70999908447266, 88.56999969482422, 88.80999755859375, 88.2699966430664, 88.83000183105469, 88.44000244140625, 88.70999908447266, 88.83000183105469, 88.83000183105469, 88.72000122070312, 88.5999984741211, 88.69000244140625, 89.12000274658203, 88.91999816894531, 89.08000183105469, 89.02999877929688, 89.29000091552734, 88.80999755859375, 88.9000015258789, 88.98999786376953, 89.0, 89.01000213623047]
backdoor_accuracy=[0, 0.0, 0.6, 8.2, 54.5, 61.8, 87.7, 94.9, 98.7, 99.9, 100.0, 100.0, 100.0, 100.0, 100.0, 100.0, 100.0, 100.0, 100.0, 100.0, 100.0, 100.0, 100.0, 100.0, 100.0, 100.0, 100.0, 100.0, 100.0, 100.0, 100.0, 100.0, 100.0, 100.0, 100.0, 100.0, 100.0, 100.0, 100.0, 100.0, 100.0, 100.0, 100.0, 100.0, 100.0, 100.0, 100.0, 100.0, 100.0, 100.0, 100.0, 100.0, 100.0, 100.0, 100.0, 100.0, 100.0, 100.0, 100.0, 100.0, 100.0, 100.0, 100.0, 100.0, 100.0, 100.0, 100.0, 100.0, 100.0, 100.0, 100.0, 100.0, 100.0, 100.0, 100.0, 100.0, 100.0, 100.0, 100.0, 100.0, 100.0, 100.0, 100.0, 100.0, 100.0, 100.0, 100.0, 100.0, 100.0, 100.0, 100.0, 100.0, 100.0, 100.0, 100.0, 100.0, 100.0, 100.0, 100.0, 100.0, 100.0]
loss_list=[1.4118435961228828, 0.8975430267276587, 0.6379702601581809, 0.5377403812413967, 0.5254526018061573, 0.47792889447537845, 0.4528331851379738, 0.44496962339789786, 0.45928574499018776, 0.4481947330964936, 0.428207049411894, 0.42063417431932915, 0.4219045840134775, 0.3740865673800861, 0.38165781339285554, 0.3943290750323623, 0.38805981834453573, 0.3834110164014552, 0.3470703843981028, 0.3554409774020314, 0.35449320190689626, 0.3345708488590186, 0.3804798559113234, 0.34249757785970975, 0.32682947905527215, 0.34488785246180165, 0.3234725295600516, 0.3491097858934491, 0.3422869163979259, 0.3125944982075856, 0.31100193836933215, 0.3221840857355682, 0.30448032790725976, 0.31364051501646084, 0.34349413822508523, 0.2961321426831462, 0.2968395195694434, 0.2846723188749618, 0.3027745245981754, 0.31382176795698435, 0.3083560204650793, 0.27663065124717023, 0.2632073059126184, 0.2934496858709112, 0.3035034652454434, 0.28787719696001324, 0.3079098934669876, 0.2849578708255043, 0.2946829304823445, 0.2842713270991765, 0.26605555554851895, 0.2827099221827531, 0.26003555087372654, 0.2903632454073954, 0.2946266543025289, 0.24741837777395698, 0.2931630214124366, 0.2657662847476011, 0.25218260509341406, 0.2552128609373338, 0.23748490989070245, 0.2619566610082984, 0.2583848986722943, 0.2711545363344528, 0.2666611308973559, 0.24430362222267793, 0.26296673193918885, 0.28747760410662054, 0.25931857888483345, 0.27954146208034625, 0.2621381066981014, 0.2746328195281051, 0.23716326926455453, 0.2561066641679242, 0.26895371753274017, 0.23980322479511848, 0.25939471494165006, 0.2751308169026203, 0.23358594828319773, 0.24536693050241515, 0.21808169231387886, 0.23782568234105222, 0.215478620769594, 0.2558468790293705, 0.24595257494322684, 0.21797599609923995, 0.2354016003474869, 0.25371031525406845, 0.2575345720405931, 0.2469843568107872, 0.2459473150868521, 0.22972027846715515, 0.21666186848068955, 0.2183099477137956, 0.2521456859729908, 0.21176589576579213, 0.24391233762553718, 0.2433811109392318, 0.25547797829947533, 0.235066566216173]
BBSR:100.0
ABSR:100.0
max acc:89.29
