======================================
    IID: 0
    Dataset: mnist
    Model: Mnist_CNN
    Model Init: None
    Aggregation Function: krum
    Fraction NonIID: 0
    Long attack: 3
    Wide attack: 3
    Wide attack: trust
    Threshold reject: 0.5
    Threshold down: 0.0
    Attack method: badnet
    Fraction of malicious agents: 13.0%
    Poison Frac: 0.2
    Backdoor From 7 to 2
    Attack Begin: 0
    Trigger Shape: square
    Type poisoning: 
    Trigger Position X: 0
    Trigger Position Y: 0
    Number of agents: 100
    Fraction of agents each turn: 30(30.0%)
    Local batch size: 50
    Local epoch: 3
    Client_LR: 0.01
    Client_Momentum: 0.9
    Global Rounds: 100
    Proportion of malicious are selected: 0.11
    Average score of malicious clients: 1003.5115356445312
    Average score of benign clients: 1014.1392211914062
======================================
main_task_accuracy=[0, 18.5, 19.40999984741211, 19.299999237060547, 27.459999084472656, 19.600000381469727, 9.579999923706055, 20.829999923706055, 19.459999084472656, 19.889999389648438, 15.8100004196167, 21.110000610351562, 16.989999771118164, 19.979999542236328, 20.8799991607666, 17.989999771118164, 12.270000457763672, 17.719999313354492, 18.739999771118164, 18.979999542236328, 19.40999984741211, 27.799999237060547, 22.5, 20.350000381469727, 24.06999969482422, 27.8799991607666, 28.1299991607666, 20.489999771118164, 8.920000076293945, 17.690000534057617, 17.690000534057617, 18.1200008392334, 19.799999237060547, 10.40999984741211, 26.65999984741211, 25.540000915527344, 24.860000610351562, 14.8100004196167, 22.40999984741211, 17.780000686645508, 18.84000015258789, 18.770000457763672, 13.399999618530273, 18.18000030517578, 19.31999969482422, 26.700000762939453, 21.329999923706055, 18.110000610351562, 21.030000686645508, 19.739999771118164, 21.260000228881836, 29.81999969482422, 28.239999771118164, 24.459999084472656, 18.229999542236328, 27.709999084472656, 26.450000762939453, 19.809999465942383, 20.510000228881836, 20.43000030517578, 19.75, 17.940000534057617, 16.389999389648438, 28.649999618530273, 21.389999389648438, 18.139999389648438, 26.149999618530273, 19.950000762939453, 26.639999389648438, 23.40999984741211, 35.650001525878906, 23.030000686645508, 33.18000030517578, 35.58000183105469, 44.70000076293945, 41.93000030517578, 39.65999984741211, 39.16999816894531, 36.97999954223633, 43.380001068115234, 32.09000015258789, 28.729999542236328, 27.360000610351562, 24.3700008392334, 41.2400016784668, 37.970001220703125, 36.130001068115234, 12.119999885559082, 25.219999313354492, 25.790000915527344, 38.099998474121094, 33.54999923706055, 36.66999816894531, 32.220001220703125, 27.450000762939453, 26.899999618530273, 24.559999465942383, 32.099998474121094, 38.939998626708984, 38.400001525878906, 33.220001220703125]
backdoor_accuracy=[0, 0.0, 77.23735408560312, 0.0, 0.0, 93.67704280155642, 0.0, 0.0, 0.0, 0.0, 0.0, 0.0, 0.0, 0.0, 0.0, 0.0, 0.0, 0.0, 0.0, 0.0, 0.0, 0.0, 0.0, 0.0, 0.0, 0.0, 0.0, 0.0, 0.0, 0.0, 0.0, 0.0, 0.0, 0.0, 0.0, 0.0, 100.0, 0.0, 0.0, 0.0, 0.0, 0.0, 0.0, 0.0, 0.0, 0.0, 100.0, 0.0, 0.0, 0.0, 0.0, 0.0, 0.0, 0.0, 0.0, 0.0, 0.0, 0.0, 0.0, 0.0, 0.0, 0.0, 0.0, 0.0, 0.0, 0.0, 0.0, 0.0, 0.0, 0.0, 0.0, 0.0, 0.0, 0.0, 0.0, 0.0, 0.0, 0.0, 0.0, 0.0, 0.0, 0.0, 100.0, 100.0, 0.0, 0.0, 0.0, 0.0, 0.0, 0.0, 0.0, 0.0, 0.0, 0.0, 0.0, 0.0, 0.0, 0.0, 0.0, 0.0, 0.0]
loss_list=[0.5926981092973072, 0.7420626189636168, 0.9741015039267362, 1.2024663632235457, 1.0272106729404031, 0.9619562998275445, 1.5774117546971205, 1.4529917846610507, 1.1120288082354899, 1.3592826380287604, 1.2555540417709252, 1.2095508475490342, 1.7726607552309048, 1.6185221180547387, 1.3701027199683784, 1.9093011386851253, 1.457003024664446, 1.0420083325061023, 1.346886467521345, 1.183364254238814, 1.0566581936042991, 1.0095355093504759, 1.102923691790792, 1.012017663436803, 1.208816160318257, 1.1373464835112155, 1.1739021604944573, 1.5910201214392186, 1.277072390017296, 1.0839912241195162, 0.9764346729259764, 1.1353988382155176, 1.277578085518649, 1.3237414447015134, 1.0842954812005863, 1.3312693451259614, 0.8972859553246126, 1.3186751158424752, 1.3656374347050533, 1.1265427853760916, 1.1080519407151468, 1.2190779322622491, 1.369823760476693, 1.2751741398049568, 1.5954242377991108, 1.2725502766576602, 1.618970696497517, 1.143578218760481, 1.1588027276127546, 1.4056976073390217, 1.3449722108358404, 1.0906121699339715, 1.1811433344267812, 1.0448529855823843, 1.0346472914464224, 1.0615366039433944, 0.7539275047496227, 1.1311514473248299, 1.147629760531662, 1.202140202496923, 1.2216598638198, 1.2347350632362646, 1.3609774820640876, 0.9899108938919212, 1.1378610048915274, 0.9933846702497717, 0.837855853945102, 1.0356411247254462, 1.0344524807745108, 1.1262203512972015, 0.9219150795647189, 1.0918357269549832, 0.9306943333289518, 0.927554156808495, 0.8574912945235619, 0.807590393236926, 0.8219017767279483, 0.8250099561011732, 0.9302275410278796, 0.9491784882144272, 0.9059843388658732, 1.0391717554757296, 0.7208051477455868, 0.8465511726353833, 0.7163037636081249, 0.649114179625304, 0.6130571222507594, 0.7788678022315119, 0.9656387510246497, 0.9541482153174943, 0.9657540473473664, 0.9958294325426256, 0.9122416880828436, 0.7524509553982069, 0.8711817464521622, 0.9346882094611954, 0.9524774613638429, 0.8603009937720749, 1.0391239539187251, 0.8909702520930971]
BBSR:0.0
ABSR:0.0
max acc:38.94
