======================================
    IID: 0
    Dataset: fashion_mnist
    Model: Mnist_CNN
    Model Init: None
    Aggregation Function: flame
    Fraction NonIID: 0
    Long attack: 3
    Wide attack: 3
    Wide attack: trust
    Threshold reject: 0.5
    Threshold down: 0.0
    Attack method: badnet
    Fraction of malicious agents: 13.0%
    Poison Frac: 0.2
    Backdoor From 7 to 2
    Attack Begin: 0
    Trigger Shape: square
    Type poisoning: cs
    Trigger Position X: 0
    Trigger Position Y: 0
    Number of agents: 100
    Fraction of agents each turn: 30(30.0%)
    Local batch size: 50
    Local epoch: 3
    Client_LR: 0.01
    Client_Momentum: 0.9
    Global Rounds: 100
    Noise in FLAME: 0.001
proportion of malicious are selected:0.5666666666666667
proportion of benign are selected:0.5344444444444445
======================================
main_task_accuracy=[0, 63.56999969482422, 72.69000244140625, 75.73999786376953, 76.41999816894531, 77.80000305175781, 78.29000091552734, 79.30999755859375, 79.97000122070312, 80.72000122070312, 81.08999633789062, 82.25, 82.69000244140625, 82.48999786376953, 83.1500015258789, 83.01000213623047, 83.77999877929688, 83.83999633789062, 84.11000061035156, 84.97000122070312, 84.88999938964844, 85.23999786376953, 85.73999786376953, 85.20999908447266, 86.05999755859375, 86.20999908447266, 86.1500015258789, 86.47000122070312, 86.29000091552734, 86.30999755859375, 86.61000061035156, 86.80000305175781, 86.73999786376953, 86.80000305175781, 87.08999633789062, 87.0, 87.19999694824219, 86.83000183105469, 87.08000183105469, 87.3499984741211, 87.05000305175781, 87.23999786376953, 87.56999969482422, 87.41000366210938, 87.73999786376953, 87.69999694824219, 87.23999786376953, 87.86000061035156, 87.94999694824219, 87.77999877929688, 87.93000030517578, 87.86000061035156, 87.97000122070312, 88.19999694824219, 88.05999755859375, 87.87999725341797, 88.0999984741211, 88.37000274658203, 88.44999694824219, 88.23999786376953, 88.36000061035156, 88.20999908447266, 88.31999969482422, 88.29000091552734, 88.47000122070312, 88.47000122070312, 88.69000244140625, 88.7300033569336, 88.76000213623047, 87.91000366210938, 88.5, 88.55000305175781, 88.48999786376953, 88.75, 88.87000274658203, 89.0999984741211, 88.8499984741211, 88.70999908447266, 88.9800033569336, 88.9800033569336, 89.08999633789062, 89.19000244140625, 89.12000274658203, 88.95999908447266, 88.94000244140625, 89.0, 88.5199966430664, 89.19000244140625, 88.93000030517578, 89.38999938964844, 88.93000030517578, 89.08000183105469, 89.1500015258789, 89.26000213623047, 89.41999816894531, 89.33000183105469, 89.26000213623047, 89.30000305175781, 88.98999786376953, 88.86000061035156, 89.51000213623047]
backdoor_accuracy=[0, 0.0, 0.0, 0.0, 0.0, 0.0, 0.0, 0.1, 0.9, 6.0, 8.4, 3.9, 30.2, 72.9, 73.2, 79.3, 58.2, 84.4, 95.3, 93.7, 99.2, 96.4, 88.7, 97.6, 98.8, 99.5, 99.1, 99.5, 99.5, 99.4, 99.6, 99.7, 99.8, 99.8, 99.8, 99.8, 99.8, 99.8, 99.8, 99.8, 99.9, 99.8, 100.0, 99.8, 99.9, 99.9, 100.0, 100.0, 100.0, 100.0, 100.0, 100.0, 100.0, 100.0, 100.0, 100.0, 100.0, 100.0, 100.0, 100.0, 100.0, 100.0, 100.0, 100.0, 100.0, 100.0, 100.0, 100.0, 100.0, 100.0, 100.0, 100.0, 100.0, 100.0, 100.0, 100.0, 100.0, 100.0, 100.0, 100.0, 100.0, 100.0, 100.0, 100.0, 100.0, 100.0, 100.0, 100.0, 100.0, 100.0, 100.0, 100.0, 100.0, 100.0, 100.0, 100.0, 100.0, 100.0, 100.0, 100.0, 100.0]
loss_list=[1.4290489314882846, 0.839865549184658, 0.6326036257738318, 0.5463433432358281, 0.4950115885585546, 0.4592827626814445, 0.4439655518918126, 0.4489132089609349, 0.40818327899884294, 0.3821342203214213, 0.3891977680295154, 0.4014794734617075, 0.4246353687787498, 0.4053231428825746, 0.4024870383725674, 0.37453499259772116, 0.376199404929799, 0.3605348420018951, 0.3666021943368294, 0.3399506019945774, 0.34289787967723817, 0.33731386760525683, 0.36389619853623484, 0.32331642003867905, 0.30104801705176076, 0.30395515978474313, 0.3238536349118307, 0.33645123821096845, 0.31117255134783955, 0.2911038240417838, 0.2971856526823508, 0.31037296802150427, 0.3268604967605185, 0.29219741355627776, 0.2939785901836499, 0.28161131960374336, 0.3284391375637993, 0.30466325067466615, 0.2781125612712155, 0.3118997911853647, 0.28509604105105, 0.28688139960997633, 0.29724956208633047, 0.281805680240332, 0.29139890605411317, 0.3002358457573724, 0.28037581902549225, 0.27886511994077373, 0.28986987930688046, 0.27732546533699387, 0.29566108483510706, 0.2605833272208218, 0.2505759775069439, 0.27661487413570285, 0.28100765433024477, 0.27682320450053166, 0.26042375891917835, 0.26335575193753125, 0.27325008892695657, 0.25514571688103455, 0.2964337234385311, 0.2840765580621169, 0.2586102545140656, 0.2547041889219718, 0.2685646843855028, 0.2534737292263243, 0.2488350815208698, 0.2644920524847866, 0.2654545807866035, 0.2526099880829592, 0.24706145855770617, 0.2555196514887804, 0.2625959010087644, 0.2498997555329913, 0.24018306872738462, 0.24545056630891787, 0.2535268163377488, 0.2516241039390918, 0.2521077341158633, 0.24023341315419033, 0.2516607240308076, 0.24437027761919633, 0.25650901945169874, 0.2573668217890102, 0.25501021430396503, 0.2238731624213634, 0.22356551389244425, 0.24992157907604617, 0.26413850199120736, 0.2630089051141921, 0.26397631721640075, 0.23836992370499363, 0.22966394520847605, 0.2262750711016081, 0.23588102652035922, 0.24702096377689112, 0.22352455708508692, 0.22344849076794668, 0.24792031993296132, 0.23788877829253952]
BBSR:100.0
ABSR:100.0
max acc:89.51
