======================================
    IID: 0
    Dataset: mnist
    Model: Mnist_CNN
    Model Init: None
    Aggregation Function: fltrust
    Fraction NonIID: 0
    Long attack: 5
    Wide attack: 5
    Wide attack: trust
    Threshold reject: 0.5
    Threshold down: 0.0
    Attack method: badnet
    Fraction of malicious agents: 13.0%
    Poison Frac: 0.2
    Backdoor From 7 to 2
    Attack Begin: 0
    Trigger Shape: square
    Type poisoning: cs
    Trigger Position X: 0
    Trigger Position Y: 0
    Number of agents: 100
    Fraction of agents each turn: 30(30.0%)
    Local batch size: 50
    Local epoch: 3
    Client_LR: 0.01
    Client_Momentum: 0.9
    Global Rounds: 100
    Dataset In Server: 200
======================================
main_task_accuracy=[0, 22.860000610351562, 51.75, 57.4900016784668, 48.27000045776367, 75.77999877929688, 68.6500015258789, 65.36000061035156, 73.2300033569336, 80.13999938964844, 83.0199966430664, 78.9000015258789, 88.25, 86.12999725341797, 83.62000274658203, 88.41999816894531, 83.62000274658203, 88.4800033569336, 88.31999969482422, 92.22000122070312, 89.88999938964844, 92.01000213623047, 91.06999969482422, 89.87000274658203, 88.37999725341797, 91.25, 90.72000122070312, 91.41000366210938, 90.76000213623047, 93.20999908447266, 91.94999694824219, 90.6500015258789, 93.41000366210938, 94.45999908447266, 92.43000030517578, 93.58999633789062, 93.0999984741211, 92.26000213623047, 94.4000015258789, 94.31999969482422, 92.7300033569336, 95.47000122070312, 95.4000015258789, 95.58000183105469, 95.22000122070312, 94.8499984741211, 92.51000213623047, 95.05999755859375, 87.38999938964844, 94.44000244140625, 94.80000305175781, 95.08999633789062, 96.79000091552734, 95.5, 96.05999755859375, 95.80999755859375, 96.30000305175781, 96.38999938964844, 96.5, 96.06999969482422, 96.48999786376953, 96.55000305175781, 96.66000366210938, 96.83000183105469, 93.93000030517578, 95.87000274658203, 96.87000274658203, 96.88999938964844, 97.02999877929688, 97.33000183105469, 97.01000213623047, 94.77999877929688, 96.94999694824219, 96.70999908447266, 96.69999694824219, 97.19999694824219, 97.23999786376953, 97.61000061035156, 97.41000366210938, 97.4800033569336, 96.87000274658203, 97.5999984741211, 95.5, 97.41000366210938, 95.83000183105469, 96.61000061035156, 97.30999755859375, 97.62000274658203, 95.87000274658203, 97.86000061035156, 97.52999877929688, 97.86000061035156, 97.12999725341797, 97.86000061035156, 97.2699966430664, 97.7699966430664, 97.05999755859375, 97.69999694824219, 95.16000366210938, 97.02999877929688, 97.41999816894531]
backdoor_accuracy=[0, 0.0, 15.56420233463035, 3.307392996108949, 0.0, 3.8910505836575875, 4.766536964980545, 3.404669260700389, 9.53307392996109, 4.280155642023346, 4.280155642023346, 1.3618677042801557, 6.128404669260701, 1.7509727626459144, 15.56420233463035, 1.6536964980544746, 2.3346303501945527, 6.128404669260701, 6.42023346303502, 5.447470817120623, 12.354085603112841, 2.821011673151751, 11.381322957198444, 3.6964980544747084, 13.813229571984436, 5.058365758754864, 4.474708171206226, 28.01556420233463, 1.556420233463035, 9.24124513618677, 5.058365758754864, 12.15953307392996, 5.252918287937743, 28.50194552529183, 3.307392996108949, 18.19066147859922, 5.544747081712062, 12.645914396887159, 5.155642023346304, 31.22568093385214, 6.809338521400778, 24.31906614785992, 9.14396887159533, 20.233463035019454, 11.770428015564203, 30.252918287937742, 15.95330739299611, 12.45136186770428, 28.50194552529183, 12.354085603112841, 22.66536964980545, 9.727626459143968, 24.31906614785992, 15.56420233463035, 16.828793774319067, 15.17509727626459, 36.86770428015564, 10.116731517509727, 33.463035019455255, 16.634241245136188, 46.011673151750976, 32.5875486381323, 26.361867704280154, 41.63424124513619, 12.937743190661479, 15.66147859922179, 18.579766536964982, 34.43579766536965, 20.038910505836576, 59.92217898832685, 17.996108949416342, 90.1750972762646, 6.128404669260701, 75.87548638132296, 5.058365758754864, 40.27237354085603, 18.96887159533074, 45.719844357976655, 22.859922178988327, 25.972762645914397, 22.470817120622566, 43.190661478599225, 5.544747081712062, 46.59533073929961, 8.073929961089494, 41.24513618677043, 15.95330739299611, 60.505836575875485, 2.821011673151751, 31.71206225680934, 14.591439688715953, 25.0, 10.797665369649806, 27.237354085603112, 33.65758754863813, 19.844357976653697, 30.252918287937742, 27.140077821011673, 32.295719844357976, 25.09727626459144, 51.264591439688715]
loss_list=[0.47469576861621837, 0.3756639283349326, 0.27832445372377995, 0.23228417433074225, 0.2024266135437928, 0.19086669979510354, 0.13755504134653054, 0.15746368980488942, 0.12924345798442982, 0.12262234181537136, 0.11845371729579833, 0.11460430306641406, 0.10029078629217263, 0.0929559837691062, 0.1214091578138576, 0.10141594692373104, 0.09081434374683367, 0.07450586144375748, 0.08739062418465533, 0.07802251510346939, 0.07734121745579237, 0.07592837704941806, 0.06750921239209533, 0.07370047565324486, 0.08063289209186185, 0.07517456081038516, 0.06202834089659029, 0.06366231387224076, 0.054231981759975234, 0.053195338501415265, 0.05500406351157071, 0.058186243336225144, 0.06111773983138386, 0.04394831416855241, 0.051237418464606284, 0.05431343104340545, 0.04216549699911596, 0.051452595283065006, 0.0350985422695732, 0.04394227556951756, 0.04828978125409118, 0.042165774941060614, 0.04368362487344974, 0.04162825586338333, 0.061996609829638075, 0.04599065763029759, 0.050199982840832234, 0.05082623831818713, 0.051659515009060325, 0.048948926299623746, 0.03713814681985171, 0.05051661846104911, 0.04386625006826663, 0.042877416302874664, 0.03944356191392288, 0.04284549041149475, 0.042881680525238046, 0.04347750891547908, 0.041424385916108954, 0.036779872919501036, 0.03294730964259772, 0.034206541004855956, 0.035416645059465686, 0.031623693671319744, 0.045482541476049694, 0.03820327893910089, 0.03315651380106848, 0.034883313677231347, 0.034795448153943316, 0.0347106936143869, 0.028952850129955045, 0.04501152741345069, 0.03522637374821489, 0.029066095005095435, 0.037412164342336664, 0.029233144982740576, 0.03135094984856584, 0.031028734258694922, 0.02707118810673979, 0.02521330911040154, 0.03653100574681314, 0.03221626882433952, 0.039789703777121786, 0.02961477419065872, 0.03860162622302098, 0.03291656852617975, 0.03573556592076583, 0.026697605445416196, 0.03544629105788524, 0.02288163135560923, 0.03935229592433458, 0.02960999530354622, 0.033217656146300456, 0.028045769509057596, 0.028777335707627142, 0.02261224432498527, 0.02887119243688872, 0.031185074548781354, 0.031060233642487178, 0.01971661814217368]
BBSR:51.26
ABSR:28.26
max acc:97.86
