======================================
    IID: 0
    Dataset: mnist
    Model: Mnist_CNN
    Model Init: None
    Aggregation Function: krum
    Fraction NonIID: 0
    Long attack: 3
    Wide attack: 3
    Wide attack: trust
    Threshold reject: 0.5
    Threshold down: 0.0
    Attack method: badnet
    Fraction of malicious agents: 13.0%
    Poison Frac: 0.2
    Backdoor From 7 to 2
    Attack Begin: 0
    Trigger Shape: square
    Type poisoning: 
    Trigger Position X: 0
    Trigger Position Y: 0
    Number of agents: 100
    Fraction of agents each turn: 30(30.0%)
    Local batch size: 50
    Local epoch: 3
    Client_LR: 0.01
    Client_Momentum: 0.9
    Global Rounds: 100
    Proportion of malicious are selected: 0.12
    Average score of malicious clients: 891.4927368164062
    Average score of benign clients: 898.1965942382812
======================================
main_task_accuracy=[0, 19.540000915527344, 21.31999969482422, 17.479999542236328, 10.649999618530273, 18.530000686645508, 20.860000610351562, 20.260000228881836, 18.25, 14.109999656677246, 19.040000915527344, 19.209999084472656, 10.350000381469727, 10.09000015258789, 10.100000381469727, 11.079999923706055, 8.920000076293945, 11.430000305175781, 14.960000038146973, 17.450000762939453, 23.860000610351562, 17.950000762939453, 19.90999984741211, 18.0, 19.31999969482422, 17.450000762939453, 17.850000381469727, 18.649999618530273, 29.84000015258789, 22.420000076293945, 21.200000762939453, 26.56999969482422, 30.40999984741211, 30.450000762939453, 32.65999984741211, 25.1299991607666, 31.219999313354492, 29.350000381469727, 25.09000015258789, 30.469999313354492, 35.06999969482422, 35.779998779296875, 33.81999969482422, 29.270000457763672, 31.170000076293945, 27.389999389648438, 33.95000076293945, 28.81999969482422, 34.2400016784668, 29.889999389648438, 31.3799991607666, 32.189998626708984, 31.030000686645508, 29.389999389648438, 32.869998931884766, 39.630001068115234, 22.729999542236328, 28.43000030517578, 33.310001373291016, 35.61000061035156, 33.560001373291016, 33.58000183105469, 33.08000183105469, 34.939998626708984, 34.040000915527344, 43.630001068115234, 43.150001525878906, 41.15999984741211, 39.849998474121094, 31.5, 36.060001373291016, 40.31999969482422, 39.31999969482422, 38.91999816894531, 38.279998779296875, 41.150001525878906, 40.47999954223633, 39.75, 44.22999954223633, 42.790000915527344, 41.70000076293945, 39.880001068115234, 46.459999084472656, 43.720001220703125, 46.65999984741211, 45.7599983215332, 44.75, 45.61000061035156, 43.720001220703125, 43.25, 42.79999923706055, 45.59000015258789, 45.72999954223633, 44.59000015258789, 43.189998626708984, 43.150001525878906, 42.369998931884766, 45.0, 45.029998779296875, 44.2599983215332, 44.439998626708984]
backdoor_accuracy=[0, 0.0, 0.0, 0.0, 100.0, 100.0, 0.0, 0.0, 14.007782101167315, 100.0, 83.94941634241245, 100.0, 0.0, 0.0, 0.0, 85.21400778210116, 0.0, 0.0, 0.0, 0.0, 0.0, 0.0, 0.0, 0.0, 99.90272373540856, 0.0, 0.0, 0.0, 0.0, 99.90272373540856, 100.0, 0.0, 0.0, 0.0, 0.0, 20.233463035019454, 0.0, 0.0, 0.0, 13.035019455252918, 0.38910505836575876, 0.48638132295719844, 0.48638132295719844, 0.0, 0.2918287937743191, 0.0, 0.19455252918287938, 0.0, 0.19455252918287938, 0.0, 9.727626459143968, 0.09727626459143969, 0.09727626459143969, 0.0, 0.0, 0.0, 0.0, 0.0, 0.0, 0.0, 0.0, 0.0, 0.0, 0.0, 0.0, 4.474708171206226, 0.7782101167315175, 0.2918287937743191, 3.7937743190661477, 0.19455252918287938, 12.743190661478598, 0.5836575875486382, 0.38910505836575876, 0.48638132295719844, 0.38910505836575876, 0.2918287937743191, 0.2918287937743191, 0.2918287937743191, 1.7509727626459144, 2.529182879377432, 1.0700389105058365, 0.8754863813229572, 0.0, 0.0, 0.0, 0.0, 0.0, 0.0, 0.0, 0.0, 0.0, 8.949416342412452, 0.0, 0.0, 0.0, 0.0, 0.0, 0.19455252918287938, 0.0, 0.0, 0.19455252918287938]
loss_list=[0.47460838992936394, 0.8141140384139718, 1.9284389943995517, 1.5336105543855396, 1.5184728341225417, 1.7434773156931038, 1.6536090194842676, 1.9546698964007965, 1.5978507795239407, 1.5932636458387905, 1.4092422569940228, 1.3365281798876822, 1.5435273108219378, 1.531088703191129, 1.614692195373326, 1.7012058663763165, 1.5635456546364976, 1.4175054565932241, 1.7056220344509243, 1.6788137752393526, 0.9798379765842361, 0.9063924360745106, 1.4090550568903348, 1.2473212171121744, 1.356891160477737, 1.2385960228603023, 1.3397994732812988, 1.2632223961327336, 1.4065819811615157, 1.0080803278406771, 1.1242037047614795, 1.30905284733522, 1.2319243085536138, 1.2073972079254518, 1.2819764582278166, 1.3608948529672087, 1.31958987437416, 0.8933359459580171, 1.0756225584211012, 1.14738892401909, 1.0306601858404636, 1.1959442348590286, 0.9525571466094453, 1.0743190289770375, 1.0561818564017742, 1.2124543385274051, 1.0409563177093772, 1.1882300443653535, 1.0519007060965764, 1.1061867598549464, 1.3075654153037322, 1.2559161900682883, 1.0378780567296337, 1.0908842841118165, 1.0762786103607773, 0.9843010055590242, 1.3289531767967049, 1.1119384541199167, 0.9872157786225737, 0.9419986889187787, 1.0034965301250263, 1.0575311368033806, 0.9998016360482957, 0.8872562989018515, 0.9039899058063859, 0.8803780420289075, 1.0299501572987304, 1.0809823839901513, 0.9574080110648301, 1.0380982788501567, 0.983314281725668, 0.9578776503885569, 1.0766986629488438, 1.1120180037264744, 1.0146828867576134, 0.9883099669692722, 0.9861618039782161, 0.956269295425914, 1.2483476150075958, 0.9320470194387973, 0.9616851022830277, 0.9612870329188523, 1.0063883813181882, 1.1498744866319208, 0.8480571509964273, 0.7994613643653626, 0.672168695682019, 0.9116703151929352, 0.7997973194574892, 0.7829041395405445, 0.8454059579136792, 0.7429798528190886, 0.8570091868314887, 0.900578730206044, 0.7307982308756293, 0.7792035632199004, 0.7686403552863287, 0.8928976674349602, 0.9325083160577612, 0.7966526761964848]
BBSR:8.95
ABSR:0.93
max acc:45.73
