======================================
    IID: 1
    Dataset: cifar
    Model: resnet
    Model Init: None
    Aggregation Function: flame
    Fraction NonIID: 0
    Long attack: 3
    Wide attack: 3
    Wide attack: trust
    Threshold reject: 0.5
    Threshold down: 0.0
    Attack method: badnet
    Fraction of malicious agents: 20.0%
    Poison Frac: 0.2
    Backdoor From 7 to 2
    Attack Begin: 0
    Trigger Shape: square
    Type poisoning: cs
    Trigger Position X: 0
    Trigger Position Y: 0
    Number of agents: 100
    Fraction of agents each turn: 30(30.0%)
    Local batch size: 50
    Local epoch: 3
    Client_LR: 0.01
    Client_Momentum: 0.9
    Global Rounds: 100
    Noise in FLAME: 0.001
proportion of malicious are selected:0.865
proportion of benign are selected:0.465
======================================
main_task_accuracy=[0, 12.760000228881836, 33.97999954223633, 46.31999969482422, 48.939998626708984, 51.40999984741211, 54.66999816894531, 56.08000183105469, 57.27000045776367, 58.540000915527344, 60.90999984741211, 60.630001068115234, 61.11000061035156, 60.7599983215332, 60.0, 60.5, 62.52000045776367, 61.66999816894531, 61.97999954223633, 62.0099983215332, 62.70000076293945, 64.5999984741211, 63.18000030517578, 62.95000076293945, 63.91999816894531, 63.790000915527344, 61.70000076293945, 63.380001068115234, 63.7599983215332, 62.599998474121094, 62.70000076293945, 62.63999938964844, 63.2599983215332, 62.790000915527344, 64.73999786376953, 65.72000122070312, 65.20999908447266, 65.0199966430664, 61.93000030517578, 64.0, 64.70999908447266, 65.68000030517578, 64.37999725341797, 64.4800033569336, 63.130001068115234, 66.29000091552734, 66.16000366210938, 65.20999908447266, 65.94000244140625, 65.7699966430664, 65.83999633789062, 66.62000274658203, 66.41999816894531, 66.86000061035156, 67.55999755859375, 67.25, 66.41999816894531, 66.55000305175781, 67.75, 67.47000122070312, 68.97000122070312, 67.94999694824219, 68.2300033569336, 68.69000244140625, 68.23999786376953, 67.19999694824219, 66.0, 66.95999908447266, 66.37999725341797, 67.51000213623047, 67.94999694824219, 67.56999969482422, 66.43000030517578, 67.69000244140625, 66.72000122070312, 67.37999725341797, 68.48999786376953, 69.31999969482422, 69.23999786376953, 69.0999984741211, 68.29000091552734, 68.4800033569336, 68.20999908447266, 69.80999755859375, 67.73999786376953, 68.37000274658203, 68.44999694824219, 69.56999969482422, 68.3499984741211, 69.8499984741211, 69.29000091552734, 69.37000274658203, 68.87000274658203, 69.2300033569336, 69.01000213623047, 69.75, 69.30000305175781, 69.66999816894531, 69.6500015258789, 68.94999694824219, 69.06999969482422]
backdoor_accuracy=[0, 29.8, 5.9, 3.4, 1.6, 8.3, 6.6, 1.5, 2.7, 5.9, 5.0, 4.4, 0.8, 0.9, 0.0, 1.7, 2.1, 1.9, 4.2, 2.4, 6.8, 3.3, 1.1, 1.1, 1.8, 1.8, 0.1, 1.4, 0.6, 1.9, 1.3, 0.2, 0.4, 2.2, 0.8, 2.1, 1.7, 2.6, 4.3, 3.8, 2.5, 0.9, 1.0, 0.3, 0.8, 1.3, 2.4, 0.1, 0.6, 1.5, 0.6, 1.0, 2.0, 2.5, 2.7, 1.0, 0.7, 1.0, 1.3, 1.3, 2.0, 2.5, 2.4, 2.3, 0.9, 0.6, 1.8, 1.6, 0.7, 0.8, 0.8, 2.1, 1.4, 1.2, 1.0, 0.9, 1.1, 2.2, 1.7, 2.1, 2.9, 1.9, 2.4, 2.1, 0.5, 0.4, 0.6, 1.1, 0.9, 1.3, 0.4, 1.3, 1.1, 1.6, 2.1, 2.3, 1.8, 2.2, 1.4, 1.1, 0.7]
loss_list=[1.9978165545728472, 1.5870938012997313, 1.178726488649845, 1.0112810123960179, 0.8233027701245414, 0.7386635894162786, 0.6975661318500838, 0.6068390425460205, 0.5917087588831783, 0.5408802705713445, 0.5081126285365057, 0.48551841749913155, 0.4983331273868679, 0.46326879210977084, 0.44675665991380814, 0.45478335229266037, 0.4519176088915103, 0.47329696208652516, 0.44022632379602233, 0.4450834506315491, 0.43811463012877433, 0.45855186574574974, 0.4389751243467131, 0.44727249685054027, 0.4146541099353797, 0.38737998345866803, 0.44205141713325347, 0.4357666958506323, 0.4126880678855297, 0.3791135453774283, 0.42906835752228895, 0.42211089375532335, 0.4070674216385103, 0.4330521326418965, 0.38265442416071893, 0.40629249319848093, 0.3446229695239001, 0.3957474072111978, 0.3670649445646753, 0.34480293585401445, 0.4502778168446902, 0.39226619480798636, 0.40600320876989926, 0.3861362902758022, 0.3577498833540205, 0.36611161910773565, 0.3864985662502134, 0.4118078150196621, 0.40423532623538955, 0.3825832676758162, 0.3784196366980257, 0.3651750653795898, 0.3846834210089097, 0.38499422361763813, 0.3840151162662855, 0.3739418385167502, 0.3443711101926035, 0.3846221645564462, 0.375595270122091, 0.36484700188040736, 0.3840747360926535, 0.35584171082514016, 0.33605551991042576, 0.3192395272447418, 0.32640761784277855, 0.379805600966534, 0.3405558198969811, 0.4139138899345157, 0.36135285589481814, 0.3465727707562553, 0.40058087723898805, 0.413832966522831, 0.32366672998139007, 0.3423741268625275, 0.32223110628883467, 0.3448864867129467, 0.2975523777399212, 0.3973559566804518, 0.2883665076870885, 0.3457410942406083, 0.3607485280377377, 0.3383662379548573, 0.27164286374890545, 0.3368077962669647, 0.333145703239263, 0.37738568645384574, 0.32783492966399846, 0.322995929500709, 0.2896147939009179, 0.3243682694453229, 0.4082056647632271, 0.35382423185846873, 0.3488704749155376, 0.3207109965704796, 0.35325289726257325, 0.3372871225844655, 0.323888802052372, 0.3005773153525985, 0.29604837138930135, 0.3747223056469941]
BBSR:13.320796838425505
ABSR:13.808663599983518
max acc:69.75
