======================================
    IID: 0
    Dataset: mnist
    Model: Mnist_CNN
    Model Init: None
    Aggregation Function: RLR
    Fraction NonIID: 0
    Long attack: 3
    Wide attack: 3
    Wide attack: trust
    Threshold reject: 0.5
    Threshold down: 0.0
    Attack method: badnet
    Fraction of malicious agents: 20.0%
    Poison Frac: 0.2
    Backdoor From 7 to 2
    Attack Begin: 0
    Trigger Shape: square
    Type poisoning: 
    Trigger Position X: 0
    Trigger Position Y: 0
    Number of agents: 100
    Fraction of agents each turn: 30(30.0%)
    Local batch size: 50
    Local epoch: 3
    Client_LR: 0.01
    Client_Momentum: 0.9
    Global Rounds: 100
    RobustLR_threshold: 4
======================================
main_task_accuracy=[0, 34.61000061035156, 45.900001525878906, 56.86000061035156, 56.34000015258789, 80.43000030517578, 76.4800033569336, 72.54000091552734, 81.9000015258789, 86.45999908447266, 85.13999938964844, 84.12000274658203, 88.55000305175781, 90.08999633789062, 75.7699966430664, 92.81999969482422, 94.12999725341797, 91.66000366210938, 94.91999816894531, 92.11000061035156, 93.79000091552734, 92.72000122070312, 95.30999755859375, 94.5999984741211, 95.08999633789062, 95.18000030517578, 95.5199966430664, 93.61000061035156, 94.45999908447266, 94.33000183105469, 95.19000244140625, 92.55000305175781, 94.27999877929688, 95.9800033569336, 96.25, 96.63999938964844, 95.11000061035156, 96.04000091552734, 96.30000305175781, 96.54000091552734, 95.37999725341797, 95.87000274658203, 96.16000366210938, 95.91000366210938, 96.5199966430664, 96.8499984741211, 97.11000061035156, 94.62000274658203, 96.91000366210938, 95.20999908447266, 95.87000274658203, 95.6500015258789, 96.80000305175781, 96.12000274658203, 96.63999938964844, 95.80000305175781, 95.36000061035156, 97.0, 96.73999786376953, 96.55999755859375, 95.88999938964844, 96.2699966430664, 97.0199966430664, 97.02999877929688, 97.19999694824219, 96.5199966430664, 97.08000183105469, 96.77999877929688, 97.0199966430664, 96.93000030517578, 97.01000213623047, 97.08000183105469, 96.79000091552734, 96.94000244140625, 96.1500015258789, 97.26000213623047, 97.16999816894531, 97.13999938964844, 97.08999633789062, 97.16999816894531, 96.91000366210938, 96.9800033569336, 97.19000244140625, 97.2300033569336, 97.55999755859375, 97.66999816894531, 97.58000183105469, 97.51000213623047, 97.76000213623047, 97.31999969482422, 96.79000091552734, 95.45999908447266, 97.55000305175781, 97.25, 97.55000305175781, 97.68000030517578, 97.51000213623047, 97.19999694824219, 97.5, 97.37000274658203, 97.04000091552734]
backdoor_accuracy=[0, 0.0, 0.0, 19.455252918287936, 3.7937743190661477, 5.058365758754864, 1.556420233463035, 3.307392996108949, 1.7509727626459144, 4.669260700389105, 5.155642023346304, 4.669260700389105, 11.673151750972762, 2.431906614785992, 1.264591439688716, 1.9455252918287937, 17.023346303501945, 5.739299610894942, 4.766536964980545, 4.961089494163424, 8.949416342412452, 3.5992217898832686, 3.307392996108949, 6.42023346303502, 3.501945525291829, 7.782101167315175, 4.182879377431907, 2.237354085603113, 4.280155642023346, 43.3852140077821, 32.976653696498055, 49.70817120622568, 6.517509727626459, 24.124513618677042, 12.54863813229572, 7.976653696498055, 7.684824902723736, 17.217898832684824, 19.747081712062258, 26.556420233463037, 19.455252918287936, 11.186770428015564, 31.1284046692607, 28.21011673151751, 34.143968871595334, 57.1011673151751, 37.93774319066148, 46.69260700389105, 49.12451361867704, 62.93774319066148, 48.44357976653696, 86.47859922178988, 85.21400778210116, 66.34241245136187, 38.715953307392994, 51.070038910505836, 65.46692607003891, 91.82879377431907, 90.6614785992218, 74.90272373540856, 78.40466926070039, 84.24124513618678, 82.97665369649805, 84.43579766536965, 79.86381322957199, 96.98443579766537, 61.18677042801556, 73.44357976653697, 79.76653696498055, 97.27626459143968, 95.3307392996109, 96.01167315175097, 66.05058365758755, 96.98443579766537, 80.54474708171206, 93.67704280155642, 93.19066147859922, 93.28793774319067, 98.44357976653697, 90.75875486381322, 89.49416342412451, 97.27626459143968, 95.91439688715953, 93.57976653696498, 96.78988326848248, 97.95719844357977, 97.08171206225681, 97.47081712062257, 94.3579766536965, 93.67704280155642, 97.17898832684826, 93.57976653696498, 95.62256809338521, 95.8171206225681, 94.55252918287938, 95.23346303501945, 96.49805447470817, 98.5408560311284, 97.27626459143968, 94.94163424124514, 97.66536964980544]
loss_list=[0.48746427091386235, 0.38432032272770233, 0.2566093895847891, 0.2106521000730576, 0.14068861420221837, 0.1192617366905675, 0.14370265475571992, 0.14149468641883153, 0.11029749379249758, 0.09317686491169895, 0.09652166656930944, 0.0934840599022238, 0.09070734581109538, 0.08248946202550249, 0.09257006497251259, 0.08219260338613028, 0.08252393414742468, 0.07626768143418272, 0.0496841376119004, 0.08738806566389082, 0.061557190464150875, 0.06762695518080708, 0.07065434350980754, 0.04998606916798413, 0.06796329534047046, 0.06108882481020077, 0.059980465512071486, 0.05697236481084912, 0.06005622140885302, 0.055364192220780865, 0.04529730237291138, 0.06077579554278675, 0.06163226770510188, 0.053200927822770874, 0.04736791543885032, 0.05012056069778011, 0.05128445617422896, 0.04621456223454275, 0.04901259741038612, 0.04377150928449438, 0.03680859582335905, 0.03997417764248242, 0.04394591872182599, 0.050880376580280155, 0.04411048396784515, 0.038808983800432094, 0.04108426602096988, 0.05593535182496555, 0.043552043702412724, 0.06451207655723804, 0.051982847569547394, 0.03781733754203956, 0.041097061622251116, 0.04283285669960014, 0.04327281100247563, 0.04030306924289161, 0.05184645544898844, 0.04235919827319433, 0.04076355738468469, 0.037607422259108354, 0.04053928890550561, 0.04780218022505917, 0.035228211548838595, 0.038914690475767025, 0.048509293068388554, 0.03796739902597537, 0.04324270162734451, 0.029480316940676807, 0.045749671304631194, 0.04253964797507358, 0.03682869778672218, 0.036779871109453834, 0.04200805896152452, 0.03188276487940145, 0.04541320190819554, 0.03567653499679591, 0.04532550813038313, 0.038534571289261375, 0.03176578810445241, 0.03009957920357092, 0.04371088141173106, 0.03159526107500174, 0.03564594559498289, 0.03704403088024249, 0.04046983222719594, 0.031527096379818355, 0.03348174657962504, 0.04033490635611458, 0.035644195433107935, 0.050430603977766476, 0.03148695453784504, 0.034738150516890894, 0.03313491783974113, 0.043034136065670615, 0.028264830250701915, 0.029359464718458482, 0.03373538287962231, 0.035231937344108996, 0.035968280610235534, 0.033902443369427986]
BBSR:98.54
ABSR:95.97
max acc:97.68
