======================================
    IID: 1
    Dataset: cifar
    Model: resnet
    Model Init: None
    Aggregation Function: avg
    Fraction NonIID: 0
    Long attack: 3
    Wide attack: 3
    Wide attack: trust
    Threshold reject: 0.5
    Threshold down: 0.0
    Attack method: badnet
    Fraction of malicious agents: 13.0%
    Poison Frac: 0.2
    Backdoor From 7 to 2
    Attack Begin: 0
    Trigger Shape: square
    Type poisoning: cs
    Trigger Position X: 0
    Trigger Position Y: 0
    Number of agents: 100
    Fraction of agents each turn: 30(30.0%)
    Local batch size: 50
    Local epoch: 3
    Client_LR: 0.01
    Client_Momentum: 0.9
    Global Rounds: 100
======================================
main_task_accuracy=[0, 10.0, 23.110000610351562, 40.83000183105469, 46.29999923706055, 47.7400016784668, 50.060001373291016, 52.880001068115234, 54.040000915527344, 59.369998931884766, 61.060001373291016, 61.31999969482422, 61.9900016784668, 62.54999923706055, 63.790000915527344, 66.05000305175781, 65.70999908447266, 66.31999969482422, 67.11000061035156, 66.12000274658203, 67.05999755859375, 66.05000305175781, 67.83000183105469, 67.5199966430664, 68.69999694824219, 68.8499984741211, 67.6500015258789, 68.12000274658203, 68.97000122070312, 70.11000061035156, 69.16999816894531, 69.66999816894531, 71.5999984741211, 70.29000091552734, 70.69000244140625, 71.20999908447266, 72.5999984741211, 71.66999816894531, 72.80999755859375, 72.4800033569336, 72.66999816894531, 73.11000061035156, 73.25, 73.5, 72.38999938964844, 73.5199966430664, 73.26000213623047, 73.25, 73.20999908447266, 73.19000244140625, 73.5999984741211, 73.19000244140625, 73.2300033569336, 73.19999694824219, 73.3499984741211, 73.27999877929688, 73.30999755859375, 73.12999725341797, 73.20999908447266, 73.1500015258789, 73.25, 73.13999938964844, 73.18000030517578, 72.9800033569336, 73.0199966430664, 72.95999908447266, 73.0199966430664, 73.02999877929688, 72.87999725341797, 72.98999786376953, 72.76000213623047, 72.91999816894531, 72.8499984741211, 72.81999969482422, 72.94000244140625, 72.9000015258789, 72.91000366210938, 72.8499984741211, 72.8499984741211, 72.93000030517578, 72.83999633789062, 72.81999969482422, 72.80000305175781, 72.7699966430664, 72.72000122070312, 72.80999755859375, 72.88999938964844, 72.80000305175781, 72.91999816894531, 72.83999633789062, 72.83999633789062, 72.79000091552734, 72.72000122070312, 72.8499984741211, 72.83000183105469, 72.83999633789062, 72.83000183105469, 72.72000122070312, 72.75, 72.81999969482422, 72.8499984741211]
backdoor_accuracy=[0, 0.0, 5.1, 4.0, 3.7, 5.1, 6.2, 2.9, 2.3, 2.3, 2.6, 2.5, 2.0, 2.5, 3.3, 2.4, 3.1, 1.9, 2.8, 1.4, 2.7, 1.0, 2.7, 2.3, 1.7, 1.7, 1.5, 1.8, 1.2, 1.2, 1.6, 0.8, 1.6, 1.2, 1.2, 2.1, 1.9, 1.4, 1.3, 1.8, 1.6, 1.4, 1.2, 2.5, 1.3, 1.5, 2.0, 1.9, 2.1, 1.7, 2.2, 2.1, 1.7, 1.9, 2.3, 2.0, 1.9, 2.2, 1.8, 1.9, 2.0, 2.0, 1.9, 2.2, 2.2, 2.1, 2.2, 2.1, 2.1, 2.2, 2.1, 2.1, 2.1, 2.0, 2.2, 2.0, 2.2, 2.3, 2.2, 2.2, 2.1, 2.1, 2.1, 2.1, 2.1, 2.1, 2.1, 2.1, 2.0, 2.3, 2.3, 2.1, 2.1, 2.1, 2.2, 2.1, 2.4, 2.4, 2.4, 2.4, 2.4]
loss_list=[1.9857437643739915, 1.5482604471842447, 1.131752460565832, 0.9631864970094628, 0.7934689021441674, 0.719493206938108, 0.620280368394322, 0.6192877532127831, 0.5368817791756656, 0.4987754419487383, 0.4594231134321954, 0.44721490696900423, 0.4340161903782024, 0.44570137060143883, 0.38724542363857223, 0.37054021074126164, 0.3399627348532279, 0.36003674720724416, 0.2982496485196882, 0.3250093182321223, 0.3160401835002832, 0.27355748455557555, 0.2683105134850161, 0.2565394074552589, 0.24193810664841697, 0.2522310133168422, 0.22449635337210364, 0.2284467233996838, 0.1916534318267885, 0.2130514000863251, 0.1936394521568178, 0.16571663421035432, 0.2248081576221415, 0.17309132891150913, 0.15347647898183717, 0.12460730851757235, 0.14458454508418475, 0.1294279362036226, 0.08728870886856586, 0.10922070100606006, 0.09125828078262403, 0.08795614311141738, 0.08237080313546662, 0.13279279804465152, 0.06879122942388576, 0.0700165449669455, 0.058909948499640465, 0.06897438651025166, 0.05343276046591603, 0.044517522881894055, 0.06385510625382367, 0.05590211596307604, 0.05291407373998986, 0.06342961515050978, 0.04817976704100145, 0.05408373566761534, 0.057203467185059295, 0.06139918516897724, 0.059428481041233876, 0.06429195083637347, 0.060101765407533904, 0.04390154031297747, 0.05078899409701184, 0.05479514752192901, 0.061676996338695354, 0.06439894669847693, 0.06025223308745708, 0.06320623567177487, 0.07323136963309176, 0.05996858415659516, 0.0707617947076182, 0.06405736657484443, 0.06664127882473016, 0.06765003408580213, 0.058501495004182086, 0.07231520227521997, 0.07272469776666386, 0.08334590019784319, 0.07024033121712918, 0.07332443863817992, 0.07053753220812523, 0.07888912411806003, 0.07004297572884953, 0.0704006870212874, 0.06410161757843322, 0.06871017977063379, 0.06777813161922189, 0.07680712680025964, 0.07379405856978134, 0.07913969061264652, 0.0798746674795014, 0.07897408479193271, 0.08472843575511231, 0.07158127483879473, 0.087416742110557, 0.06976497935367257, 0.08171888716777577, 0.07968415761694714, 0.07325403889564365, 0.07462561760823719]
BBSR:41.35003183170823
ABSR:41.36258812459894
max acc:72.85
