======================================
    IID: 0
    Dataset: fashion_mnist
    Model: Mnist_CNN
    Model Init: None
    Aggregation Function: flame
    Fraction NonIID: 0
    Long attack: 3
    Wide attack: 3
    Wide attack: trust
    Threshold reject: 0.5
    Threshold down: 0.0
    Attack method: badnet
    Fraction of malicious agents: 30.0%
    Poison Frac: 0.2
    Backdoor From 7 to 2
    Attack Begin: 0
    Trigger Shape: square
    Type poisoning: pgd
    Trigger Position X: 0
    Trigger Position Y: 0
    Number of agents: 100
    Fraction of agents each turn: 30(30.0%)
    Local batch size: 50
    Local epoch: 3
    Client_LR: 0.01
    Client_Momentum: 0.9
    Global Rounds: 100
    Noise in FLAME: 0.001
proportion of malicious are selected:0.6044444444444445
proportion of benign are selected:0.5123809523809524
======================================
main_task_accuracy=[0, 63.709999084472656, 65.97000122070312, 71.31999969482422, 76.04000091552734, 76.95999908447266, 77.69000244140625, 79.0999984741211, 80.19000244140625, 80.08999633789062, 81.36000061035156, 81.13999938964844, 82.4800033569336, 83.02999877929688, 82.56999969482422, 83.58999633789062, 83.80000305175781, 83.77999877929688, 84.0, 84.54000091552734, 84.5999984741211, 85.33999633789062, 85.08999633789062, 85.41999816894531, 85.11000061035156, 85.77999877929688, 85.69999694824219, 85.86000061035156, 86.0199966430664, 86.08000183105469, 86.33000183105469, 86.41000366210938, 86.2699966430664, 85.86000061035156, 86.43000030517578, 86.70999908447266, 87.0199966430664, 85.94000244140625, 87.0999984741211, 86.69999694824219, 86.83000183105469, 87.11000061035156, 86.9800033569336, 87.19999694824219, 87.22000122070312, 87.45999908447266, 87.19000244140625, 87.52999877929688, 87.44999694824219, 87.63999938964844, 87.18000030517578, 87.08999633789062, 87.88999938964844, 87.6500015258789, 87.69999694824219, 87.5199966430664, 88.0, 87.81999969482422, 88.05000305175781, 87.91000366210938, 87.9000015258789, 87.97000122070312, 87.91000366210938, 87.91000366210938, 88.1500015258789, 88.23999786376953, 88.16000366210938, 88.16000366210938, 88.26000213623047, 88.66000366210938, 88.18000030517578, 88.62000274658203, 88.69999694824219, 88.62999725341797, 88.6500015258789, 88.41000366210938, 88.29000091552734, 88.5199966430664, 88.7699966430664, 88.7699966430664, 88.87999725341797, 88.87000274658203, 88.58000183105469, 88.68000030517578, 88.58999633789062, 89.11000061035156, 88.97000122070312, 89.02999877929688, 89.08000183105469, 88.79000091552734, 88.87999725341797, 88.69000244140625, 88.87000274658203, 89.26000213623047, 89.4000015258789, 89.18000030517578, 89.30000305175781, 89.23999786376953, 89.04000091552734, 89.25, 89.11000061035156]
backdoor_accuracy=[0, 0.0, 1.9, 3.1, 3.8, 67.7, 90.5, 96.5, 99.6, 99.8, 100.0, 100.0, 100.0, 100.0, 100.0, 100.0, 100.0, 100.0, 100.0, 100.0, 100.0, 100.0, 100.0, 100.0, 100.0, 100.0, 100.0, 100.0, 100.0, 100.0, 100.0, 100.0, 100.0, 100.0, 100.0, 100.0, 100.0, 100.0, 100.0, 100.0, 100.0, 100.0, 100.0, 100.0, 100.0, 100.0, 100.0, 100.0, 100.0, 100.0, 100.0, 100.0, 100.0, 100.0, 100.0, 100.0, 100.0, 100.0, 100.0, 100.0, 100.0, 100.0, 100.0, 100.0, 100.0, 100.0, 100.0, 100.0, 100.0, 100.0, 100.0, 100.0, 100.0, 100.0, 100.0, 100.0, 100.0, 100.0, 100.0, 100.0, 100.0, 100.0, 100.0, 100.0, 100.0, 100.0, 100.0, 100.0, 100.0, 100.0, 100.0, 100.0, 100.0, 100.0, 100.0, 100.0, 100.0, 100.0, 100.0, 100.0, 100.0]
loss_list=[1.4287713598873881, 0.9318144734259004, 0.6896817202921265, 0.6091789236223257, 0.5450507437189418, 0.5146967925407268, 0.471952901897883, 0.47703549023717634, 0.4524197135051643, 0.4136265311390161, 0.3994334911858594, 0.41196508442776086, 0.38840228944533955, 0.3976985470771238, 0.36451492502043636, 0.3727096593628326, 0.3788583556742029, 0.3327073358585713, 0.35761594408088265, 0.35630639971889283, 0.34258502439630256, 0.3299853119792209, 0.33366983913195636, 0.3381630624609965, 0.31717024236848507, 0.33448494848691757, 0.334447391786509, 0.315958955394173, 0.30906462760435205, 0.3079443599580339, 0.3041416912805289, 0.2980810641207629, 0.3146857187600322, 0.324457774038806, 0.2911128802638914, 0.30355205118518186, 0.3206469671904213, 0.311484017313665, 0.30556946954241504, 0.2710349137170447, 0.3188894052334406, 0.2767140594655993, 0.3150725424358691, 0.2568892380671093, 0.2580519355281636, 0.2995075058209261, 0.2684737383094788, 0.2816280473575548, 0.27661340281677743, 0.31207790322325846, 0.2944133903020648, 0.27727112756628125, 0.2821717798416675, 0.2626212271672018, 0.2519534679405667, 0.27983012992060846, 0.2683498803845227, 0.2485882141377294, 0.2733648571220261, 0.26349260377249245, 0.26497604261600866, 0.25059833210306587, 0.28268681711827714, 0.26247080867178746, 0.259987624824323, 0.2615268409355647, 0.24683337183324283, 0.2548710314763917, 0.25435578433141387, 0.2357967818052404, 0.25113906279137294, 0.23254443219759402, 0.21946337184075407, 0.23257991430970532, 0.23024594515251612, 0.25355127848495074, 0.2418023764242039, 0.21831848636717976, 0.23504757795965783, 0.23588594630084656, 0.22531795115727518, 0.24438003264712513, 0.2432603777015444, 0.2392216488943194, 0.2246978265043624, 0.2409523757821362, 0.24147446525662586, 0.23377072845965075, 0.24595096516595397, 0.24024789324030282, 0.21587540071664582, 0.21386258800134617, 0.2185515812580923, 0.2435605476524129, 0.23336030668579041, 0.24618272434885577, 0.23356015685885387, 0.2158015947737213, 0.23544561649086296, 0.22102920887301927]
BBSR:100.0
ABSR:100.0
max acc:89.4
