======================================
    IID: 0
    Dataset: mnist
    Model: Mnist_CNN
    Model Init: None
    Aggregation Function: fltrust
    Fraction NonIID: 0
    Long attack: 3
    Wide attack: 3
    Wide attack: trust
    Threshold reject: 0.5
    Threshold down: 0.0
    Attack method: badnet
    Fraction of malicious agents: 20.0%
    Poison Frac: 0.2
    Backdoor From 7 to 2
    Attack Begin: 0
    Trigger Shape: square
    Type poisoning: pgd
    Trigger Position X: 0
    Trigger Position Y: 0
    Number of agents: 100
    Fraction of agents each turn: 30(30.0%)
    Local batch size: 50
    Local epoch: 3
    Client_LR: 0.01
    Client_Momentum: 0.9
    Global Rounds: 100
    Dataset In Server: 200
======================================
main_task_accuracy=[0, 28.5, 26.350000381469727, 59.790000915527344, 67.58999633789062, 57.970001220703125, 62.779998779296875, 66.9000015258789, 77.06999969482422, 78.87999725341797, 79.13999938964844, 84.0999984741211, 87.16000366210938, 83.72000122070312, 80.2300033569336, 88.08000183105469, 83.83000183105469, 82.05000305175781, 87.55000305175781, 90.44999694824219, 92.27999877929688, 91.68000030517578, 90.88999938964844, 91.83999633789062, 84.56999969482422, 87.45999908447266, 92.27999877929688, 93.94999694824219, 92.13999938964844, 91.43000030517578, 94.9000015258789, 92.45999908447266, 91.66000366210938, 91.30000305175781, 91.54000091552734, 92.88999938964844, 92.8499984741211, 93.61000061035156, 93.80000305175781, 93.7300033569336, 95.5199966430664, 93.87999725341797, 95.30000305175781, 93.63999938964844, 92.47000122070312, 94.7699966430664, 94.41000366210938, 93.87000274658203, 95.62999725341797, 96.0199966430664, 96.02999877929688, 93.94000244140625, 96.08000183105469, 95.51000213623047, 95.55000305175781, 95.9000015258789, 96.11000061035156, 85.56999969482422, 93.6500015258789, 95.9000015258789, 96.18000030517578, 96.38999938964844, 95.81999969482422, 96.68000030517578, 94.86000061035156, 97.05000305175781, 90.5, 96.33000183105469, 94.83000183105469, 96.88999938964844, 97.16000366210938, 96.63999938964844, 96.75, 96.87000274658203, 95.81999969482422, 96.16999816894531, 96.68000030517578, 96.87000274658203, 97.0, 97.11000061035156, 96.08999633789062, 97.37999725341797, 96.54000091552734, 97.51000213623047, 94.66999816894531, 96.44999694824219, 97.5, 95.44000244140625, 97.70999908447266, 96.43000030517578, 97.61000061035156, 97.01000213623047, 97.4000015258789, 97.47000122070312, 96.5, 97.2699966430664, 97.29000091552734, 96.16999816894531, 97.62999725341797, 96.94999694824219, 97.19999694824219]
backdoor_accuracy=[0, 0.0, 0.0, 1.556420233463035, 20.817120622568094, 0.8754863813229572, 31.420233463035018, 0.09727626459143969, 2.821011673151751, 6.614785992217898, 1.9455252918287937, 12.645914396887159, 3.6964980544747084, 4.669260700389105, 3.0155642023346303, 4.961089494163424, 9.82490272373541, 2.140077821011673, 5.447470817120623, 9.43579766536965, 11.867704280155642, 2.3346303501945527, 10.505836575875486, 3.21011673151751, 2.821011673151751, 5.739299610894942, 9.727626459143968, 2.821011673151751, 13.618677042801556, 9.04669260700389, 14.105058365758754, 11.575875486381323, 22.66536964980545, 12.256809338521402, 31.420233463035018, 7.684824902723736, 12.645914396887159, 10.116731517509727, 13.132295719844358, 12.354085603112841, 17.898832684824903, 28.21011673151751, 18.3852140077821, 17.607003891050585, 45.525291828793776, 15.66147859922179, 29.961089494163424, 18.48249027237354, 19.747081712062258, 33.463035019455255, 15.75875486381323, 80.44747081712062, 10.116731517509727, 57.39299610894942, 26.070038910505836, 47.08171206225681, 34.04669260700389, 48.929961089494164, 24.513618677042803, 42.4124513618677, 28.69649805447471, 52.62645914396887, 38.326848249027236, 56.03112840466926, 28.988326848249027, 74.31906614785993, 56.51750972762646, 66.82879377431907, 61.673151750972764, 51.16731517509728, 61.7704280155642, 28.404669260700388, 87.15953307392996, 32.295719844357976, 92.50972762645914, 67.80155642023347, 77.91828793774319, 53.50194552529183, 69.45525291828794, 56.22568093385214, 89.98054474708171, 35.01945525291829, 85.11673151750973, 68.3852140077821, 84.24124513618678, 86.08949416342412, 73.92996108949416, 95.42801556420234, 78.89105058365759, 96.01167315175097, 48.63813229571984, 91.24513618677042, 37.64591439688716, 88.715953307393, 85.01945525291829, 91.34241245136187, 72.47081712062257, 97.47081712062257, 81.1284046692607, 93.48249027237354, 34.53307392996109]
loss_list=[0.5560600308578649, 0.4351595023492108, 0.36252292081343424, 0.3264374418290872, 0.20446667786436173, 0.18405300335796623, 0.17724155706875838, 0.1614404166245326, 0.1328523398643238, 0.13949252194384204, 0.13163255864337642, 0.1319386256875585, 0.10631241530747189, 0.09278236063232352, 0.11001347967224823, 0.103357533468321, 0.09873580002615538, 0.10140086169377567, 0.10945366236343725, 0.08860951389609997, 0.06897808010557906, 0.07757923951610991, 0.08182581165747241, 0.0653786022942239, 0.09320035020318487, 0.07671287651648097, 0.07730720524406988, 0.06302981104465274, 0.07295347004429324, 0.052204585054152326, 0.04848692416062593, 0.05819754648682876, 0.059597555468135416, 0.06400591349877428, 0.053550302609060456, 0.0549217399294596, 0.04845165511746944, 0.05288087094534135, 0.05582554340431469, 0.052558827419881236, 0.05232750845160309, 0.05590691139969417, 0.04627844129826454, 0.04306044657631687, 0.054538527943233016, 0.053886262123649664, 0.04710127578346243, 0.05131510291619653, 0.050859292659561274, 0.04846128696028313, 0.043145300004375324, 0.040701028270964126, 0.04602460702457932, 0.03462782020283399, 0.04530795205861855, 0.03958369292099304, 0.039380105664664405, 0.06295635996932761, 0.0475602007970675, 0.044309505954664555, 0.03740129515888276, 0.03837322033502092, 0.03606964924928854, 0.04354685698807394, 0.05347704460816224, 0.0406262973680284, 0.04287894461747183, 0.033695316356101034, 0.03679688233387967, 0.039144685202203204, 0.03422432493845073, 0.040782620872865764, 0.033072750388431126, 0.0339170961929606, 0.03884807211675274, 0.0335600605322621, 0.03490204472000072, 0.03771384986576076, 0.03146375731016795, 0.03450105553731101, 0.036439710159621976, 0.030725516741016076, 0.034308783788925455, 0.030737110100307694, 0.029545959070321766, 0.03946398401533446, 0.023679939702853925, 0.04153128777310186, 0.02657365145741366, 0.03446152885486961, 0.031110215811196974, 0.03130884358356849, 0.03259022627818111, 0.027167273708403918, 0.03113572278427436, 0.030454958088706206, 0.02876936564148093, 0.031765022111075146, 0.024770573070460617, 0.036078095849080505]
BBSR:97.47
ABSR:77.31
max acc:97.63
