======================================
    IID: 0
    Dataset: mnist
    Model: Mnist_CNN
    Model Init: None
    Aggregation Function: avg
    Fraction NonIID: 0
    Long attack: 3
    Wide attack: 3
    Wide attack: trust
    Threshold reject: 0.5
    Threshold down: 0.0
    Attack method: badnet
    Fraction of malicious agents: 13.0%
    Poison Frac: 0.2
    Backdoor From 7 to 2
    Attack Begin: 0
    Trigger Shape: square
    Type poisoning: cs
    Trigger Position X: 0
    Trigger Position Y: 0
    Number of agents: 100
    Fraction of agents each turn: 30(30.0%)
    Local batch size: 50
    Local epoch: 3
    Client_LR: 0.01
    Client_Momentum: 0.9
    Global Rounds: 100
======================================
main_task_accuracy=[0, 46.90999984741211, 52.439998626708984, 55.59000015258789, 76.69000244140625, 71.51000213623047, 83.30999755859375, 84.94999694824219, 85.8499984741211, 82.97000122070312, 89.98999786376953, 91.75, 76.41999816894531, 89.36000061035156, 91.75, 93.87000274658203, 95.37000274658203, 94.62999725341797, 94.16999816894531, 94.76000213623047, 94.2699966430664, 96.23999786376953, 96.05999755859375, 96.69000244140625, 96.47000122070312, 95.25, 94.33999633789062, 94.69000244140625, 95.95999908447266, 97.0999984741211, 96.86000061035156, 97.37999725341797, 97.30000305175781, 96.70999908447266, 97.04000091552734, 97.26000213623047, 97.44000244140625, 97.58000183105469, 96.41999816894531, 97.04000091552734, 97.86000061035156, 97.80000305175781, 97.04000091552734, 97.2699966430664, 97.33000183105469, 97.2300033569336, 97.44000244140625, 97.88999938964844, 97.5, 97.69000244140625, 97.80999755859375, 98.12000274658203, 97.33999633789062, 97.44000244140625, 98.08999633789062, 97.4800033569336, 98.2699966430664, 98.2300033569336, 98.0999984741211, 98.2699966430664, 98.05999755859375, 97.8499984741211, 97.19999694824219, 98.12999725341797, 97.95999908447266, 98.27999877929688, 98.25, 98.37000274658203, 98.19000244140625, 98.37999725341797, 98.12000274658203, 98.0999984741211, 97.87999725341797, 97.66999816894531, 98.52999877929688, 98.16999816894531, 98.30000305175781, 98.41999816894531, 98.55000305175781, 98.5, 98.41000366210938, 98.48999786376953, 98.58999633789062, 98.56999969482422, 98.70999908447266, 98.25, 98.69000244140625, 98.56999969482422, 98.54000091552734, 98.66000366210938, 98.72000122070312, 98.44999694824219, 98.6500015258789, 98.4800033569336, 98.52999877929688, 98.6500015258789, 98.62999725341797, 98.73999786376953, 98.6500015258789, 98.69000244140625, 98.4800033569336]
backdoor_accuracy=[0, 9.630350194552529, 0.0, 12.645914396887159, 2.6264591439688716, 1.0700389105058365, 5.836575875486381, 0.7782101167315175, 2.9182879377431905, 6.22568093385214, 6.42023346303502, 2.529182879377432, 4.280155642023346, 6.3229571984435795, 5.642023346303502, 3.6964980544747084, 3.21011673151751, 8.754863813229573, 2.6264591439688716, 3.21011673151751, 6.22568093385214, 5.447470817120623, 19.455252918287936, 7.392996108949417, 18.67704280155642, 3.7937743190661477, 16.147859922178988, 21.78988326848249, 2.529182879377432, 4.377431906614786, 23.249027237354085, 7.782101167315175, 21.20622568093385, 3.6964980544747084, 31.71206225680934, 3.501945525291829, 7.2957198443579765, 19.747081712062258, 6.906614785992218, 14.688715953307392, 21.49805447470817, 25.77821011673152, 7.684824902723736, 6.517509727626459, 6.809338521400778, 22.762645914396888, 8.560311284046692, 28.11284046692607, 9.630350194552529, 60.797665369649806, 25.389105058365757, 46.011673151750976, 31.71206225680934, 85.60311284046692, 71.88715953307393, 69.74708171206225, 56.22568093385214, 46.011673151750976, 66.43968871595331, 38.521400778210115, 73.73540856031128, 43.28793774319066, 83.17120622568093, 56.6147859922179, 84.24124513618678, 63.91050583657587, 59.92217898832685, 77.33463035019456, 93.8715953307393, 92.02334630350195, 83.94941634241245, 91.82879377431907, 82.39299610894942, 69.06614785992218, 94.8443579766537, 74.5136186770428, 93.8715953307393, 96.49805447470817, 94.06614785992218, 96.69260700389106, 96.10894941634241, 96.69260700389106, 95.8171206225681, 95.3307392996109, 95.62256809338521, 92.41245136186771, 98.34630350194553, 96.88715953307393, 95.91439688715953, 96.40077821011673, 96.98443579766537, 97.85992217898833, 98.15175097276264, 95.8171206225681, 96.69260700389106, 98.5408560311284, 96.69260700389106, 98.24902723735408, 96.69260700389106, 96.69260700389106, 99.12451361867704]
loss_list=[0.5048852267555242, 0.2801723513082284, 0.20680415945193717, 0.1606206998752749, 0.17980752922398807, 0.1243252482369632, 0.09060971537233647, 0.1009450124494305, 0.08090160020648865, 0.08070164346240925, 0.07488347509145069, 0.06814612885951053, 0.08361210530963063, 0.07982678806962303, 0.06771073300179259, 0.047503949924537076, 0.051186095329322216, 0.04965305438543252, 0.04162099067295398, 0.05164310566390023, 0.05120485893715055, 0.0523853632664903, 0.04150724801355159, 0.041963127897611835, 0.03548903070022334, 0.04792906167724747, 0.04149237679415753, 0.0398158982746923, 0.03599500487177561, 0.0368715247812832, 0.04265918191601737, 0.03665535286657241, 0.03638767387710586, 0.03832519746601291, 0.03392007497059098, 0.03299430906156076, 0.029280635695363363, 0.0270784321042117, 0.03191564900956159, 0.0361231349270505, 0.030757182264641043, 0.028617231805567064, 0.03170172340101607, 0.02536411351403248, 0.034676970091282164, 0.032227081358147426, 0.028411970561224898, 0.02669972537376497, 0.028658802374855154, 0.029141186355202017, 0.02604212858627348, 0.025179576754800502, 0.030935214081617847, 0.026407168350698985, 0.027113578477880387, 0.030272057475866285, 0.021135127125242077, 0.02906902137836193, 0.025703412688547245, 0.02353696849634507, 0.026839426529127526, 0.0318651778983962, 0.02268655908019513, 0.020651103316480277, 0.024463958464277, 0.022463244053473063, 0.020605464627383347, 0.025656024309615277, 0.021282465899441327, 0.027258336943028542, 0.023117041258855584, 0.023098705105353324, 0.024402436200132677, 0.021358226075263782, 0.023274953922430043, 0.0199813596225943, 0.01974618076725853, 0.02447110536860594, 0.01991231363161576, 0.018851036750235098, 0.02005771603336738, 0.019104731116847237, 0.019879138604608652, 0.019567057315211002, 0.017373139566349415, 0.021732084645122832, 0.019894643943794747, 0.019191699374959792, 0.01549077380735307, 0.017311466489529536, 0.020089106328683323, 0.02316685102253389, 0.019785063336175194, 0.02124580112071096, 0.016991483387293907, 0.019583046153292087, 0.023345920192458125, 0.018483420880980483, 0.016466560319558923, 0.018682202266264228]
BBSR:99.12
ABSR:97.45
max acc:98.74
