======================================
    IID: 0
    Dataset: mnist
    Model: Mnist_CNN
    Model Init: None
    Aggregation Function: DABA
    Fraction NonIID: 0
    Long attack: 5
    Wide attack: 5
    Wide attack: trust
    Threshold reject: 0.5
    Threshold down: 0.0
    Attack method: badnet
    Fraction of malicious agents: 13.0%
    Poison Frac: 0.2
    Backdoor From 7 to 2
    Attack Begin: 0
    Trigger Shape: square
    Type poisoning: pgd
    Trigger Position X: 0
    Trigger Position Y: 0
    Number of agents: 100
    Fraction of agents each turn: 30(30.0%)
    Local batch size: 50
    Local epoch: 3
    Client_LR: 0.01
    Client_Momentum: 0.9
    Global Rounds: 100
======================================
main_task_accuracy=[0, 14.289999961853027, 26.229999542236328, 58.83000183105469, 37.790000915527344, 45.63999938964844, 67.66999816894531, 55.13999938964844, 67.91000366210938, 63.86000061035156, 59.77000045776367, 78.22000122070312, 72.3499984741211, 85.55000305175781, 88.22000122070312, 85.88999938964844, 79.66999816894531, 74.43000030517578, 85.12000274658203, 83.47000122070312, 87.4000015258789, 90.93000030517578, 83.0199966430664, 81.02999877929688, 88.76000213623047, 93.88999938964844, 91.25, 95.2699966430664, 91.86000061035156, 91.76000213623047, 93.18000030517578, 95.02999877929688, 90.48999786376953, 94.81999969482422, 95.3499984741211, 95.5199966430664, 93.5, 89.33000183105469, 94.75, 92.3499984741211, 91.6500015258789, 93.18000030517578, 94.73999786376953, 73.43000030517578, 92.0, 94.77999877929688, 94.70999908447266, 95.11000061035156, 95.66000366210938, 97.06999969482422, 95.94999694824219, 94.94000244140625, 96.66000366210938, 95.80999755859375, 96.8499984741211, 96.73999786376953, 89.7699966430664, 93.5, 96.91000366210938, 96.37000274658203, 96.55999755859375, 94.7699966430664, 95.97000122070312, 95.30000305175781, 97.0999984741211, 96.4800033569336, 97.33000183105469, 97.08000183105469, 95.9000015258789, 97.19000244140625, 97.37000274658203, 95.05999755859375, 96.68000030517578, 93.23999786376953, 97.69000244140625, 97.4800033569336, 97.02999877929688, 95.25, 96.5999984741211, 98.0, 96.83999633789062, 97.37999725341797, 97.41000366210938, 94.16999816894531, 98.08000183105469, 97.69000244140625, 94.45999908447266, 97.4000015258789, 96.94999694824219, 98.01000213623047, 97.66000366210938, 97.0999984741211, 97.55000305175781, 97.87000274658203, 97.61000061035156, 97.19999694824219, 91.77999877929688, 97.12000274658203, 97.68000030517578, 95.91000366210938, 97.76000213623047]
backdoor_accuracy=[0, 0.0, 15.272373540856032, 4.863813229571984, 0.0, 0.48638132295719844, 1.9455252918287937, 6.906614785992218, 0.0, 8.463035019455253, 0.09727626459143969, 11.381322957198444, 0.38910505836575876, 5.058365758754864, 2.0428015564202333, 2.0428015564202333, 1.3618677042801557, 25.972762645914397, 0.09727626459143969, 10.797665369649806, 0.7782101167315175, 15.66147859922179, 0.09727626459143969, 1.3618677042801557, 8.949416342412452, 12.256809338521402, 2.7237354085603114, 13.813229571984436, 2.140077821011673, 12.45136186770428, 12.256809338521402, 4.669260700389105, 1.556420233463035, 5.155642023346304, 0.9727626459143969, 7.976653696498055, 6.517509727626459, 0.8754863813229572, 2.140077821011673, 7.101167315175097, 1.3618677042801557, 5.447470817120623, 1.7509727626459144, 29.085603112840467, 2.9182879377431905, 3.5992217898832686, 28.79377431906615, 30.93385214007782, 0.48638132295719844, 26.750972762645915, 0.7782101167315175, 30.836575875486382, 3.307392996108949, 1.264591439688716, 3.11284046692607, 8.949416342412452, 0.9727626459143969, 10.505836575875486, 12.743190661478598, 4.085603112840467, 10.311284046692608, 33.17120622568093, 3.11284046692607, 6.906614785992218, 12.15953307392996, 15.75875486381323, 49.70817120622568, 45.91439688715953, 7.879377431906615, 10.700389105058365, 97.17898832684826, 98.34630350194553, 27.237354085603112, 39.59143968871595, 68.48249027237354, 61.96498054474708, 30.058365758754864, 71.98443579766537, 75.38910505836576, 71.88715953307393, 26.264591439688715, 54.474708171206224, 28.11284046692607, 48.054474708171206, 36.478599221789885, 51.459143968871594, 96.59533073929961, 1.9455252918287937, 81.32295719844358, 32.68482490272373, 78.40466926070039, 96.98443579766537, 8.268482490272374, 86.08949416342412, 52.237354085603116, 97.56809338521401, 52.72373540856031, 99.12451361867704, 95.03891050583658, 98.73540856031128, 98.73540856031128]
loss_list=[0.4553889865507951, 0.4496078137932554, 0.3852878654613469, 0.2400121996292753, 0.2296594668911367, 0.20489574518794282, 0.1365960650698219, 0.1566680491435536, 0.14399928416688346, 0.166779169996062, 0.148136402179239, 0.11097825000900947, 0.11205896604821325, 0.12732478326415478, 0.08624209660310021, 0.08145789689292536, 0.08526301772900494, 0.11159902920135407, 0.1012282684873154, 0.08127473940590235, 0.09500011740548722, 0.07751294922167436, 0.08601852774272141, 0.07609816889321852, 0.06993707621262459, 0.06504097750973047, 0.05414610598396955, 0.05448750426768945, 0.06894274988332393, 0.0677879115635497, 0.057934970921985296, 0.05679893364807005, 0.05863998026260182, 0.043232973103246405, 0.0442969158981549, 0.04823719642526438, 0.04791743499939928, 0.057480541885217805, 0.05666113126130398, 0.05317864615952608, 0.058234716347762144, 0.055388489397981466, 0.04886902603929894, 0.08509681781308859, 0.05152055878013413, 0.05333549839844684, 0.051043019525269226, 0.04191375034425948, 0.050398893695353254, 0.03702904161437063, 0.048754296179291876, 0.04862418776678992, 0.040844787427896795, 0.03571426454994579, 0.03719176300409035, 0.03950162606445464, 0.055840994159740615, 0.04614460365896019, 0.03795384463679064, 0.039266158992381, 0.04508237527646542, 0.037192141569347976, 0.05199753987922053, 0.03651479439590745, 0.03743420101551423, 0.03543562154715623, 0.036452240030440126, 0.03457462396084239, 0.03718063812302335, 0.03403854343430419, 0.03401556717439561, 0.045865572926796896, 0.03595626074561644, 0.041311968957489495, 0.028474372005817213, 0.03306555452665837, 0.0313595039048847, 0.03812652626533682, 0.03393539755182718, 0.02909190725108939, 0.030342198966976368, 0.026312471872293908, 0.02928520053249228, 0.03687198376431924, 0.026402350810483054, 0.030765986792407274, 0.04302843407007177, 0.025481077905981527, 0.03285831545052916, 0.028423030333626826, 0.03468873908740307, 0.033169116012046126, 0.02872867709484321, 0.028191222719376414, 0.03305680796609536, 0.03230668024583507, 0.04115826625134284, 0.02896412301760185, 0.031171964003322894, 0.03384656562328111]
BBSR:4.934320887010964
ABSR:6.791596146433292
max acc:97.87
