======================================
    IID: 0
    Dataset: fashion_mnist
    Model: Mnist_CNN
    Model Init: None
    Aggregation Function: DABA
    Fraction NonIID: 0
    Long attack: 3
    Wide attack: 3
    Wide attack: trust
    Threshold reject: 0.5
    Threshold down: 0.0
    Attack method: dba
    Fraction of malicious agents: 13.0%
    Poison Frac: 0.2
    Backdoor From 7 to 2
    Attack Begin: 0
    Trigger Shape: square
    Type poisoning: 
    Trigger Position X: 0
    Trigger Position Y: 0
    Number of agents: 100
    Fraction of agents each turn: 30(30.0%)
    Local batch size: 50
    Local epoch: 3
    Client_LR: 0.01
    Client_Momentum: 0.9
    Global Rounds: 100
======================================
main_task_accuracy=[0, 64.55999755859375, 72.87000274658203, 73.55999755859375, 75.26000213623047, 76.6500015258789, 78.37999725341797, 77.58999633789062, 75.55999755859375, 79.93000030517578, 79.91000366210938, 80.05999755859375, 81.81999969482422, 80.97000122070312, 67.37999725341797, 79.62999725341797, 75.12000274658203, 81.45999908447266, 81.79000091552734, 82.88999938964844, 82.06999969482422, 82.55999755859375, 82.16000366210938, 84.2300033569336, 84.5, 85.30999755859375, 84.98999786376953, 84.37000274658203, 85.51000213623047, 85.51000213623047, 85.51000213623047, 85.51000213623047, 85.94000244140625, 85.22000122070312, 84.79000091552734, 82.72000122070312, 85.91999816894531, 85.37999725341797, 85.73999786376953, 84.43000030517578, 81.30999755859375, 84.45999908447266, 86.30000305175781, 86.30999755859375, 85.44999694824219, 85.52999877929688, 85.5199966430664, 86.36000061035156, 87.08000183105469, 86.26000213623047, 87.0, 86.41999816894531, 85.12999725341797, 87.18000030517578, 85.27999877929688, 87.12999725341797, 85.19999694824219, 87.22000122070312, 87.88999938964844, 88.11000061035156, 87.12000274658203, 87.37000274658203, 87.36000061035156, 86.66999816894531, 85.54000091552734, 85.18000030517578, 87.4000015258789, 81.87000274658203, 86.18000030517578, 87.56999969482422, 87.58999633789062, 87.30000305175781, 87.72000122070312, 87.33999633789062, 88.22000122070312, 86.1500015258789, 86.94000244140625, 87.93000030517578, 88.18000030517578, 88.04000091552734, 88.43000030517578, 88.18000030517578, 88.18000030517578, 88.91000366210938, 88.19000244140625, 88.22000122070312, 87.7300033569336, 87.72000122070312, 83.98999786376953, 87.01000213623047, 88.3499984741211, 88.0, 87.9000015258789, 87.70999908447266, 87.62999725341797, 88.86000061035156, 84.13999938964844, 88.41999816894531, 86.7699966430664, 88.52999877929688, 88.81999969482422]
backdoor_accuracy=[0, 0.0, 0.0, 0.0, 0.0, 0.0, 0.0, 1.2, 78.5, 98.1, 90.0, 100.0, 74.6, 100.0, 0.2, 100.0, 92.3, 100.0, 100.0, 100.0, 100.0, 100.0, 100.0, 100.0, 100.0, 99.8, 100.0, 100.0, 100.0, 100.0, 100.0, 100.0, 99.8, 100.0, 100.0, 100.0, 100.0, 100.0, 100.0, 100.0, 100.0, 100.0, 100.0, 100.0, 100.0, 100.0, 100.0, 100.0, 100.0, 100.0, 100.0, 100.0, 99.8, 100.0, 100.0, 100.0, 100.0, 100.0, 100.0, 100.0, 100.0, 100.0, 100.0, 100.0, 100.0, 100.0, 100.0, 99.8, 100.0, 100.0, 100.0, 100.0, 100.0, 100.0, 100.0, 100.0, 100.0, 100.0, 100.0, 100.0, 100.0, 100.0, 100.0, 100.0, 100.0, 100.0, 100.0, 100.0, 99.8, 100.0, 100.0, 100.0, 100.0, 100.0, 100.0, 100.0, 99.8, 100.0, 100.0, 100.0, 100.0]
loss_list=[1.4639568596526427, 0.8518968850926119, 0.6458575766809561, 0.5955481808080717, 0.530731601640582, 0.4885819412353965, 0.4904363345216823, 0.48360807556934926, 0.41972771465640374, 0.4129368351910402, 0.42530836345007034, 0.40094024937737865, 0.41153864740497537, 0.39752813851529806, 0.41625770908538945, 0.41012389082461603, 0.3926114056466355, 0.3761194436293509, 0.3847405129353757, 0.3456984177300775, 0.38605041419052427, 0.35830496417841423, 0.3450479233361505, 0.3263179315599027, 0.3266531347262639, 0.32463325163073564, 0.30251387265959273, 0.33807038107404, 0.3263480472792354, 0.2958289858367708, 0.29568082869604784, 0.3387588394391869, 0.30711389075343815, 0.29765548946128934, 0.30435981044752725, 0.3099762241614776, 0.2939919943196906, 0.29028067545689373, 0.2894895044258899, 0.31819380574549233, 0.3293297252721257, 0.29370488027731584, 0.29084303490127683, 0.27535845764257283, 0.287931699095363, 0.29961093787310855, 0.28302300780735634, 0.2588982576763051, 0.27466060820691, 0.2655128155938454, 0.25403454091261934, 0.2808742064120317, 0.26508310580350186, 0.26777651381023504, 0.25514317946853465, 0.2600657895897274, 0.24868031471139848, 0.25890870042214237, 0.24589172867471693, 0.23698749412541034, 0.24855522202603797, 0.2568400342983228, 0.25832266741328763, 0.25105020302106384, 0.28082664090519144, 0.2621887279829631, 0.2609464409260976, 0.2695773340054546, 0.25320784549953207, 0.2255172116992374, 0.23942196175318073, 0.2422858473672359, 0.24228106214733866, 0.22930483850305552, 0.2488410649562461, 0.2405847170597149, 0.2303455509141915, 0.2319941328890208, 0.21153738461952237, 0.24395042089745403, 0.2579732743643776, 0.23521608765823426, 0.20433128069724057, 0.20943676130328737, 0.2323377420798082, 0.21627559940054733, 0.20489591664841605, 0.22608936652541162, 0.22178433599916322, 0.23678942344806814, 0.23849110136808893, 0.19770672050546165, 0.22824031821348606, 0.22606944976443497, 0.2040412953597735, 0.2163855037729566, 0.22522340615245479, 0.21506073238604045, 0.21313094289076553, 0.20570814705419316]
BBSR:100.0
ABSR:99.98
max acc:88.86
