======================================
    IID: 1
    Dataset: cifar
    Model: resnet
    Model Init: None
    Aggregation Function: DABA
    Fraction NonIID: 0
    Long attack: 3
    Wide attack: 3
    Wide attack: trust
    Threshold reject: 0.5
    Threshold down: 0.0
    Attack method: badnet
    Fraction of malicious agents: 13.0%
    Poison Frac: 0.2
    Backdoor From 7 to 2
    Attack Begin: 0
    Trigger Shape: square
    Type poisoning: cs
    Trigger Position X: 0
    Trigger Position Y: 0
    Number of agents: 100
    Fraction of agents each turn: 30(30.0%)
    Local batch size: 50
    Local epoch: 3
    Client_LR: 0.01
    Client_Momentum: 0.9
    Global Rounds: 100
======================================
main_task_accuracy=[0, 10.0, 23.139999389648438, 40.599998474121094, 43.40999984741211, 49.779998779296875, 51.9900016784668, 54.400001525878906, 58.5, 60.4900016784668, 61.470001220703125, 62.7599983215332, 64.61000061035156, 63.88999938964844, 64.69000244140625, 65.80999755859375, 66.33999633789062, 65.9000015258789, 67.58999633789062, 68.2300033569336, 67.44000244140625, 68.43000030517578, 68.86000061035156, 68.80999755859375, 69.0999984741211, 68.87000274658203, 69.4800033569336, 70.13999938964844, 70.61000061035156, 69.58000183105469, 69.94999694824219, 71.22000122070312, 71.13999938964844, 72.27999877929688, 71.4000015258789, 71.97000122070312, 72.27999877929688, 72.37000274658203, 71.95999908447266, 73.11000061035156, 73.44999694824219, 73.75, 74.05999755859375, 73.36000061035156, 74.0999984741211, 73.41999816894531, 74.05999755859375, 74.44000244140625, 73.94999694824219, 73.88999938964844, 73.80000305175781, 74.01000213623047, 73.98999786376953, 73.93000030517578, 73.95999908447266, 73.94999694824219, 73.9000015258789, 73.83000183105469, 73.94999694824219, 73.94999694824219, 73.80999755859375, 73.9800033569336, 73.87000274658203, 73.8499984741211, 73.72000122070312, 73.6500015258789, 73.86000061035156, 73.81999969482422, 73.81999969482422, 73.75, 73.8499984741211, 73.72000122070312, 73.7300033569336, 73.80999755859375, 73.95999908447266, 73.68000030517578, 73.73999786376953, 73.80000305175781, 73.62000274658203, 73.52999877929688, 73.62999725341797, 73.66000366210938, 73.79000091552734, 73.68000030517578, 73.62999725341797, 73.55000305175781, 73.58999633789062, 73.62000274658203, 73.62000274658203, 73.62000274658203, 73.5199966430664, 73.58000183105469, 73.51000213623047, 73.58000183105469, 73.69000244140625, 73.69000244140625, 73.62000274658203, 73.6500015258789, 73.5999984741211, 73.58000183105469, 73.5199966430664]
backdoor_accuracy=[0, 0.0, 5.0, 1.6, 4.4, 4.1, 2.1, 5.0, 3.2, 1.7, 2.1, 1.7, 0.9, 1.6, 1.3, 1.3, 1.1, 1.8, 1.5, 1.1, 1.0, 1.1, 0.9, 1.0, 0.9, 0.3, 1.0, 0.7, 1.0, 0.5, 0.4, 0.4, 0.4, 0.3, 0.7, 0.8, 0.2, 0.4, 0.8, 1.2, 1.4, 1.1, 2.0, 0.8, 1.8, 2.5, 2.2, 1.4, 1.6, 1.6, 2.0, 1.9, 1.1, 1.3, 2.4, 1.9, 2.2, 1.8, 1.8, 2.2, 1.9, 1.8, 1.9, 2.0, 1.6, 1.9, 1.7, 1.8, 2.0, 2.0, 1.7, 1.6, 1.8, 1.7, 1.9, 1.8, 2.0, 2.3, 1.9, 2.0, 1.7, 1.7, 1.8, 2.0, 1.9, 2.0, 1.9, 1.8, 1.6, 1.8, 1.9, 2.1, 1.7, 1.8, 1.8, 2.0, 1.8, 1.7, 1.9, 2.0, 2.1]
loss_list=[1.9888552912076316, 1.5442266710599264, 1.1983339178562165, 1.0201743308703106, 0.8722935897277462, 0.7364461936304967, 0.6590083973358076, 0.6105631499778893, 0.563740091977848, 0.5441081463338601, 0.4768661489348031, 0.4710702268386053, 0.4322440434868137, 0.4203540849478708, 0.38198742892593146, 0.3848326082796687, 0.3688462257757782, 0.34978945663198835, 0.3383368886924452, 0.32261171922294635, 0.31436078418253194, 0.30505237265179547, 0.24052949048268293, 0.2773905382827959, 0.25011968936408974, 0.28644766343757505, 0.24288108054703725, 0.2079196415267264, 0.2270969475210748, 0.21105130372362002, 0.20573608232274027, 0.18560272315930987, 0.17726794139430338, 0.18116827699692095, 0.1501341778903993, 0.14007161851480812, 0.14139400171452307, 0.11178632998864887, 0.1434588558833477, 0.07583424984981925, 0.09707283900002948, 0.07213307973631243, 0.11239092841188217, 0.07655540729918159, 0.08402926298737941, 0.058530537743871604, 0.06605944675555091, 0.08708685235130058, 0.05550594543013076, 0.07287417215246629, 0.07395070950329279, 0.06225527243827756, 0.0666683827121354, 0.04660383547960211, 0.053101251880871135, 0.05786964840695468, 0.06624051888790237, 0.056463227063035845, 0.06101404398078255, 0.04829531175883151, 0.05684502684750543, 0.06104858687672986, 0.05785227672867928, 0.0488658922124725, 0.04610800529568222, 0.05498458697847028, 0.0645318237044234, 0.05552842522675443, 0.05421068313171014, 0.068818708556549, 0.07192687638566392, 0.06552726916320455, 0.06834782750531707, 0.07363373868008943, 0.07697883177238207, 0.06899281278770003, 0.06419557654400705, 0.07100714269753858, 0.0626912360328101, 0.07890020011956546, 0.0754429457552841, 0.07134752937139839, 0.07128031500209339, 0.0649165238111891, 0.06910160371121796, 0.07804325069574085, 0.06785929968360713, 0.06540198292906603, 0.07182919270614452, 0.07447291238302972, 0.07577507273884193, 0.08275222935102647, 0.07140377519813938, 0.08850407037790219, 0.07072022830689091, 0.07658015328284819, 0.08035246570525081, 0.07838902787182532, 0.07474604237043726, 0.08516163535766179]
BBSR:2.1
ABSR:1.89
max acc:73.69
