======================================
    IID: 0
    Dataset: mnist
    Model: Mnist_CNN
    Model Init: None
    Aggregation Function: krum
    Fraction NonIID: 0
    Long attack: 3
    Wide attack: 3
    Wide attack: trust
    Threshold reject: 0.5
    Threshold down: 0.0
    Attack method: dba
    Fraction of malicious agents: 13.0%
    Poison Frac: 0.2
    Backdoor From 7 to 2
    Attack Begin: 0
    Trigger Shape: square
    Type poisoning: 
    Trigger Position X: 0
    Trigger Position Y: 0
    Number of agents: 100
    Fraction of agents each turn: 30(30.0%)
    Local batch size: 50
    Local epoch: 3
    Client_LR: 0.01
    Client_Momentum: 0.9
    Global Rounds: 100
    Proportion of malicious are selected: 0.14
    Average score of malicious clients: 1019.0173950195312
    Average score of benign clients: 1030.880126953125
======================================
main_task_accuracy=[0, 26.809999465942383, 15.260000228881836, 17.469999313354492, 18.520000457763672, 25.440000534057617, 18.75, 18.75, 18.739999771118164, 9.59000015258789, 24.81999969482422, 19.579999923706055, 19.90999984741211, 19.790000915527344, 20.68000030517578, 20.149999618530273, 17.0, 20.719999313354492, 20.940000534057617, 25.850000381469727, 19.799999237060547, 25.530000686645508, 27.440000534057617, 26.479999542236328, 21.65999984741211, 21.719999313354492, 22.770000457763672, 21.899999618530273, 28.350000381469727, 25.190000534057617, 24.760000228881836, 18.649999618530273, 21.309999465942383, 18.290000915527344, 19.799999237060547, 18.81999969482422, 23.600000381469727, 22.75, 30.43000030517578, 30.739999771118164, 16.030000686645508, 19.790000915527344, 21.3700008392334, 18.780000686645508, 9.600000381469727, 23.889999389648438, 19.469999313354492, 20.229999542236328, 20.889999389648438, 16.1200008392334, 27.860000610351562, 26.1299991607666, 33.439998626708984, 18.100000381469727, 28.5, 28.719999313354492, 27.6200008392334, 27.0, 21.739999771118164, 20.09000015258789, 32.189998626708984, 28.290000915527344, 34.459999084472656, 30.440000534057617, 32.11000061035156, 28.6200008392334, 26.790000915527344, 30.049999237060547, 31.3700008392334, 32.790000915527344, 32.5, 30.149999618530273, 33.720001220703125, 31.8700008392334, 33.459999084472656, 33.18000030517578, 31.68000030517578, 31.829999923706055, 31.25, 30.329999923706055, 30.6200008392334, 30.549999237060547, 30.329999923706055, 30.270000457763672, 30.100000381469727, 29.850000381469727, 32.68000030517578, 33.119998931884766, 34.66999816894531, 33.060001373291016, 36.5099983215332, 36.16999816894531, 35.15999984741211, 33.900001525878906, 31.639999389648438, 33.08000183105469, 33.33000183105469, 33.939998626708984, 34.150001525878906, 34.18000030517578, 34.0]
backdoor_accuracy=[0, 0.0, 0.0, 0.0, 0.0, 1.6536964980544746, 0.0, 0.0, 0.0, 0.0, 0.0, 0.0, 46.59533073929961, 0.0, 0.0, 0.0, 0.0, 0.0, 0.0, 0.0, 0.0, 0.0, 0.0, 0.0, 0.0, 0.0, 83.17120622568093, 0.0, 3.501945525291829, 0.0, 97.76264591439688, 0.0, 97.95719844357977, 0.0, 0.0, 0.0, 0.0, 0.0, 0.0, 0.0, 0.0, 100.0, 100.0, 0.0, 0.0, 0.0, 0.0, 0.0, 0.0, 0.0, 0.0, 0.0, 0.0, 0.0, 0.0, 0.0, 0.0, 0.0, 100.0, 100.0, 100.0, 100.0, 100.0, 100.0, 0.0, 0.0, 0.0, 0.0, 0.0, 0.0, 0.0, 0.0, 0.0, 0.0, 0.0, 0.0, 0.0, 0.0, 0.0, 0.0, 0.0, 0.0, 0.0, 0.0, 0.0, 0.0, 0.0, 0.0, 0.0, 0.0, 0.0, 0.0, 0.0, 0.0, 0.0, 0.0, 0.0, 0.0, 0.0, 0.0, 0.0]
loss_list=[0.48555971452404806, 0.6945556960971185, 0.9155015859661593, 0.973253501790469, 0.7711898095247433, 0.6329697019863872, 0.6264829366854632, 1.128260135135509, 1.3323591748036157, 1.2858221069136762, 1.317057190837901, 1.734608361705511, 1.3208374427095182, 1.5815081931580361, 1.6390296264558946, 1.7089694535681912, 1.3057513908291414, 1.125619022868356, 1.53750705936566, 1.0173073844285878, 1.40756489398665, 1.003087764657756, 0.8174070039845776, 0.7543293850259494, 0.8643799678499342, 1.0600059290357569, 0.8528714021319718, 1.0416393339518688, 0.9891917296614046, 1.1642493427323626, 1.188503776537921, 1.2732336168832632, 1.4462017855507177, 1.0798412400741804, 1.2620877508985864, 1.1214161884926035, 1.3830053892728216, 1.355873770164552, 0.8784889636345959, 0.8486272484959879, 1.4072953668767936, 1.3038331352734802, 1.5758656311716346, 0.9849447644997176, 1.2066399123068956, 0.8869678414239797, 1.111370756334749, 1.3073822019633583, 1.1466629550257628, 1.2476846580622518, 0.8918429051681113, 0.9142638961194058, 1.0417189583782196, 1.1035191217882838, 0.9589413306001072, 1.0761082656509073, 1.0605669802673487, 1.1695267900225224, 0.8739939198270061, 0.9329066891376254, 0.8153935538269083, 0.8098936965507131, 0.7625689710236015, 0.905206177151046, 0.8554950982323607, 1.0082845803739071, 0.9134398721953574, 0.8518496580943252, 0.7115536649426986, 0.7521733432091153, 0.8723360734552632, 0.9061880306372992, 0.8592662200412531, 0.9187588168640026, 0.7937912872414731, 0.608803621993059, 0.7638181386216478, 0.7968398721068028, 0.7955086053434626, 0.7545853135954064, 0.7667703627667071, 0.8676629456046306, 0.7948674467325435, 0.7869704583951851, 0.7703906751496274, 0.8874152738031541, 0.8064701872575802, 0.7612942278754136, 0.8428621661721923, 0.5268647262560437, 0.7302033455763894, 0.8723274220414254, 0.6425349166230201, 0.818552396756833, 0.8212715922484844, 0.9237517253781772, 0.7079017130883721, 0.8235720477704166, 0.7143429076551372, 0.7601804787490393]
BBSR:0.0
ABSR:0.0
max acc:36.17
