======================================
    IID: 1
    Dataset: cifar
    Model: resnet
    Model Init: None
    Aggregation Function: DABA
    Fraction NonIID: 0
    Long attack: 3
    Wide attack: 3
    Wide attack: trust
    Threshold reject: 0.5
    Threshold down: 0.0
    Attack method: badnet
    Fraction of malicious agents: 13.0%
    Poison Frac: 0.2
    Backdoor From 7 to 2
    Attack Begin: 0
    Trigger Shape: square
    Type poisoning: 
    Trigger Position X: 0
    Trigger Position Y: 0
    Number of agents: 100
    Fraction of agents each turn: 30(30.0%)
    Local batch size: 50
    Local epoch: 3
    Client_LR: 0.01
    Client_Momentum: 0.9
    Global Rounds: 100
======================================
main_task_accuracy=[0, 11.65999984741211, 27.6200008392334, 39.040000915527344, 39.38999938964844, 51.83000183105469, 50.88999938964844, 54.060001373291016, 55.79999923706055, 59.04999923706055, 60.9900016784668, 60.90999984741211, 61.369998931884766, 62.529998779296875, 62.81999969482422, 64.54000091552734, 64.16000366210938, 65.12999725341797, 65.45999908447266, 65.54000091552734, 66.33999633789062, 66.3499984741211, 66.58000183105469, 68.26000213623047, 66.68000030517578, 68.19999694824219, 68.93000030517578, 68.63999938964844, 69.56999969482422, 67.68000030517578, 69.29000091552734, 71.0999984741211, 70.87000274658203, 70.7699966430664, 70.9000015258789, 71.62999725341797, 71.18000030517578, 71.48999786376953, 72.02999877929688, 71.63999938964844, 71.88999938964844, 71.94999694824219, 71.7300033569336, 72.16999816894531, 72.1500015258789, 72.48999786376953, 72.48999786376953, 72.73999786376953, 72.7300033569336, 72.58999633789062, 72.33000183105469, 72.2300033569336, 72.30000305175781, 72.1500015258789, 72.30000305175781, 72.41999816894531, 72.43000030517578, 72.47000122070312, 72.19999694824219, 72.12999725341797, 71.97000122070312, 72.23999786376953, 72.25, 72.0, 72.1500015258789, 72.08999633789062, 72.02999877929688, 72.06999969482422, 71.98999786376953, 71.93000030517578, 71.94999694824219, 72.01000213623047, 72.0, 72.16000366210938, 72.0199966430664, 72.02999877929688, 72.0199966430664, 72.08999633789062, 72.16000366210938, 72.06999969482422, 72.05000305175781, 71.94999694824219, 71.87000274658203, 71.91000366210938, 71.94000244140625, 71.94999694824219, 71.88999938964844, 71.80999755859375, 71.7699966430664, 71.77999877929688, 71.69000244140625, 71.80000305175781, 71.66999816894531, 71.70999908447266, 71.70999908447266, 71.7300033569336, 71.80000305175781, 71.72000122070312, 71.70999908447266, 71.73999786376953, 71.75]
backdoor_accuracy=[0, 65.7, 15.9, 5.9, 8.6, 5.6, 8.4, 4.7, 2.3, 3.5, 1.8, 2.2, 2.1, 1.5, 0.8, 1.9, 1.6, 2.1, 1.2, 0.9, 1.6, 1.7, 1.9, 2.0, 2.0, 1.2, 1.7, 1.6, 2.0, 1.2, 1.3, 2.1, 2.2, 0.8, 1.8, 2.1, 2.2, 2.4, 2.9, 1.6, 2.4, 1.4, 1.7, 1.7, 1.9, 2.2, 2.1, 1.9, 2.1, 2.8, 2.0, 2.3, 2.6, 2.0, 2.7, 2.1, 2.4, 2.4, 2.1, 2.1, 2.0, 2.2, 2.1, 2.4, 2.0, 2.0, 2.3, 2.1, 2.4, 2.2, 2.4, 2.0, 2.0, 1.9, 1.9, 1.9, 2.2, 2.1, 2.0, 2.0, 1.8, 2.1, 2.2, 2.1, 1.9, 2.1, 2.1, 2.2, 2.2, 2.1, 1.9, 2.4, 2.2, 2.5, 2.1, 2.2, 2.2, 2.3, 2.2, 2.4, 2.3]
loss_list=[1.9595365766684218, 1.4570443052715722, 1.1107405292491117, 0.9538103409277068, 0.7523715881423818, 0.6676827978259988, 0.610315468687978, 0.5595193260452813, 0.5007673566374514, 0.5036204938445654, 0.44663185499401553, 0.4323609732422565, 0.3732671070388623, 0.39086204714245276, 0.3562767185229393, 0.32828758978181416, 0.3432206106025519, 0.3106541753622392, 0.32246718876374264, 0.2668362455778859, 0.27583164754013223, 0.23750450084141142, 0.22357273246109902, 0.26543063625279406, 0.25393571918416363, 0.17196975071655796, 0.17753515207338036, 0.16348744081579047, 0.2035942286393967, 0.13084187459433452, 0.16193563138509892, 0.10416561030614603, 0.140065216014304, 0.11809636891703121, 0.09083248904020162, 0.059987388638482006, 0.07547893465865249, 0.07641039300709965, 0.09536834687570159, 0.07639928933828034, 0.07566740765721383, 0.04536216766211308, 0.017306367232328434, 0.042809831414876195, 0.03048449037087265, 0.020098161810245884, 0.033507535786031634, 0.011861716177243378, 0.02097446338574325, 0.0084889745702579, 0.012683498531437683, 0.022243824047699392, 0.009941259314331952, 0.01576393599424692, 0.00554393845401743, 0.014421349661780467, 0.010995721825553724, 0.004715035827458552, 0.005471930372215058, 0.005535360737089326, 0.002911241579632688, 0.004340305848422252, 0.0021346882053411616, 0.0028923177081095573, 0.0058930767903156165, 0.0016426650858031478, 0.004469885239409955, 0.003135541194545416, 0.002698675987242799, 0.0021542059461838407, 0.001343617970576613, 0.003023770950223681, 0.0024710089105064986, 0.0019642329742701903, 0.0012749482084149755, 0.0014553496475046912, 0.0022062575503595224, 0.0010815112886403866, 0.0018641634042594686, 0.001037724502999077, 0.002939849759334012, 0.001289817345144305, 0.0013056759888665206, 0.0010480134424303996, 0.0012090418735250649, 0.0018820937687026647, 0.0022114921705441606, 0.0010820123232163801, 0.0008081427462618901, 0.002141722121159546, 0.0007941450009093386, 0.0007712448845268228, 0.0007435285454913456, 0.0008024092843212807, 0.0011753580480419461, 0.0009205422363043506, 0.0008818877282545952, 0.0006064307740598453, 0.0006811064288194758, 0.0010313756301790515]
BBSR:2.5
ABSR:2.28
max acc:71.8
