======================================
    IID: 1
    Dataset: cifar
    Model: resnet
    Model Init: None
    Aggregation Function: flame
    Fraction NonIID: 0
    Long attack: 3
    Wide attack: 3
    Wide attack: trust
    Threshold reject: 0.5
    Threshold down: 0.0
    Attack method: badnet
    Fraction of malicious agents: 30.0%
    Poison Frac: 0.2
    Backdoor From 7 to 2
    Attack Begin: 0
    Trigger Shape: square
    Type poisoning: 
    Trigger Position X: 0
    Trigger Position Y: 0
    Number of agents: 100
    Fraction of agents each turn: 30(30.0%)
    Local batch size: 50
    Local epoch: 3
    Client_LR: 0.01
    Client_Momentum: 0.9
    Global Rounds: 100
    Noise in FLAME: 0.001
proportion of malicious are selected:0.6855555555555556
proportion of benign are selected:0.4723809523809524
======================================
main_task_accuracy=[0, 10.300000190734863, 24.459999084472656, 41.63999938964844, 45.119998931884766, 49.060001373291016, 52.25, 53.7400016784668, 57.11000061035156, 57.59000015258789, 58.08000183105469, 58.0099983215332, 58.97999954223633, 60.68000030517578, 60.4900016784668, 61.06999969482422, 60.29999923706055, 62.2400016784668, 61.27000045776367, 62.529998779296875, 63.04999923706055, 63.0099983215332, 63.16999816894531, 61.63999938964844, 62.150001525878906, 64.54000091552734, 62.439998626708984, 64.9000015258789, 64.19999694824219, 64.55000305175781, 63.2400016784668, 65.05999755859375, 65.26000213623047, 64.44999694824219, 65.68000030517578, 65.52999877929688, 66.16000366210938, 65.30000305175781, 66.7300033569336, 65.83999633789062, 65.0, 66.37999725341797, 67.13999938964844, 66.52999877929688, 67.77999877929688, 66.97000122070312, 66.19000244140625, 66.6500015258789, 67.93000030517578, 66.75, 67.06999969482422, 62.63999938964844, 65.66999816894531, 66.13999938964844, 67.0999984741211, 67.06999969482422, 68.25, 66.0, 67.2300033569336, 64.04000091552734, 67.27999877929688, 67.18000030517578, 66.01000213623047, 67.7699966430664, 67.05999755859375, 68.87000274658203, 67.43000030517578, 67.30000305175781, 68.33999633789062, 67.02999877929688, 68.08000183105469, 67.30000305175781, 69.0, 67.91000366210938, 68.69999694824219, 69.19999694824219, 67.23999786376953, 67.66000366210938, 69.02999877929688, 66.7300033569336, 69.0, 69.05999755859375, 69.55999755859375, 67.68000030517578, 69.4000015258789, 67.79000091552734, 69.72000122070312, 69.16000366210938, 68.13999938964844, 69.41000366210938, 68.33999633789062, 69.0999984741211, 69.38999938964844, 68.9800033569336, 67.66999816894531, 68.16999816894531, 69.0199966430664, 66.95999908447266, 70.0199966430664, 70.08999633789062, 69.2699966430664]
backdoor_accuracy=[0, 0.3, 24.2, 3.3, 4.3, 2.5, 1.6, 1.7, 1.9, 2.4, 3.7, 5.6, 1.0, 2.4, 1.0, 1.3, 2.8, 1.4, 1.3, 2.8, 2.2, 0.8, 2.6, 2.0, 0.8, 1.3, 1.1, 3.1, 3.0, 3.2, 3.5, 4.2, 3.0, 1.4, 1.7, 2.5, 4.0, 0.5, 2.6, 2.2, 0.6, 2.5, 2.3, 2.3, 2.3, 2.0, 2.2, 0.9, 2.7, 1.1, 2.3, 0.7, 0.8, 1.3, 1.4, 1.3, 2.1, 1.1, 1.9, 0.7, 0.9, 1.2, 3.3, 1.4, 1.8, 3.6, 0.9, 0.3, 1.3, 0.5, 2.5, 1.4, 1.5, 0.7, 1.6, 2.4, 0.3, 0.6, 1.4, 1.1, 3.1, 1.5, 1.9, 6.7, 2.9, 1.1, 3.3, 3.5, 1.7, 0.5, 2.4, 1.4, 1.7, 2.5, 4.7, 0.6, 2.2, 2.0, 3.8, 2.3, 2.6]
loss_list=[1.9864530507723492, 1.5822508357630838, 1.1563307809167436, 0.9838166698979004, 0.8011781866020626, 0.7163897230020827, 0.6840533821036417, 0.6049717857398921, 0.5908691476595898, 0.547563923843619, 0.5597164112143218, 0.49302571763594943, 0.5131142294489676, 0.4564690724843078, 0.4532596394595586, 0.4780021104371796, 0.42152528119273486, 0.4203470763967684, 0.4630275086810193, 0.4328135735758891, 0.3836067715488995, 0.40521826716191645, 0.4325859149084943, 0.41778738380409774, 0.3771034270576718, 0.3547591642352442, 0.36897440209363896, 0.3548063085766302, 0.3887031370934306, 0.4128517058590012, 0.3819820344634354, 0.36436773132739797, 0.42873709171699986, 0.3163540799031034, 0.30389041657042165, 0.3944594827009779, 0.3499819489770259, 0.2863545001867331, 0.35287367437371164, 0.3433199947446378, 0.37506734707392764, 0.36292181488695646, 0.40596295364252805, 0.33370127106085423, 0.33454202602048305, 0.34994454424517846, 0.27759923371175926, 0.29346924857132967, 0.34487420812430275, 0.3150512309227553, 0.3634149708847205, 0.3623285351259013, 0.31797242954218147, 0.29818352201875925, 0.27418668614803915, 0.2536995211810184, 0.3503913941963886, 0.28186973761999984, 0.39386572758330873, 0.3269872652201189, 0.266996633399071, 0.3229090209375135, 0.2975389102122022, 0.3828482668259595, 0.34544686069401614, 0.2652397998831132, 0.3204415169019355, 0.2556176968099963, 0.36443967739249483, 0.3712234759310053, 0.339685498801474, 0.2601997126375014, 0.3127747750491835, 0.2571085520018823, 0.2842806274718087, 0.29975737354640536, 0.2764207168784924, 0.3220811222866178, 0.34375594114600166, 0.3011473930774568, 0.33435890082295777, 0.3176295376033522, 0.31741196791279236, 0.2880792928613826, 0.33005343766081036, 0.22374718834723667, 0.34106710965977977, 0.32311127444806814, 0.2728280769992206, 0.32158844529858066, 0.3407625761873918, 0.30790734545043147, 0.2304455422798896, 0.3327872877718053, 0.4080298984689741, 0.3050525534184028, 0.3503515942549953, 0.2470439705356128, 0.2305815673707467, 0.2697141225636005]
BBSR:4.7
ABSR:2.38
max acc:70.09
