======================================
    IID: 0
    Dataset: mnist
    Model: Mnist_CNN
    Model Init: None
    Aggregation Function: avg
    Fraction NonIID: 0
    Long attack: 5
    Wide attack: 5
    Wide attack: trust
    Threshold reject: 0.5
    Threshold down: 0.0
    Attack method: badnet
    Fraction of malicious agents: 13.0%
    Poison Frac: 0.2
    Backdoor From 7 to 2
    Attack Begin: 0
    Trigger Shape: square
    Type poisoning: 
    Trigger Position X: 0
    Trigger Position Y: 0
    Number of agents: 100
    Fraction of agents each turn: 30(30.0%)
    Local batch size: 50
    Local epoch: 3
    Client_LR: 0.01
    Client_Momentum: 0.9
    Global Rounds: 100
======================================
main_task_accuracy=[0, 40.56999969482422, 53.650001525878906, 54.29999923706055, 62.290000915527344, 81.66999816894531, 86.7300033569336, 84.23999786376953, 89.12000274658203, 89.72000122070312, 91.72000122070312, 88.33000183105469, 92.70999908447266, 93.87999725341797, 91.44000244140625, 94.5, 93.62999725341797, 94.91999816894531, 95.13999938964844, 92.55999755859375, 95.33000183105469, 95.66999816894531, 96.94999694824219, 96.44999694824219, 96.58999633789062, 96.72000122070312, 96.16000366210938, 96.45999908447266, 96.9000015258789, 97.18000030517578, 97.44999694824219, 96.41999816894531, 97.11000061035156, 93.83999633789062, 96.31999969482422, 97.33999633789062, 97.69999694824219, 97.43000030517578, 96.68000030517578, 96.58000183105469, 94.72000122070312, 96.93000030517578, 97.47000122070312, 97.48999786376953, 97.4000015258789, 97.7300033569336, 97.81999969482422, 97.75, 97.58000183105469, 98.11000061035156, 96.79000091552734, 98.0999984741211, 98.08999633789062, 97.88999938964844, 98.1500015258789, 98.08000183105469, 97.25, 97.75, 97.83999633789062, 97.80999755859375, 98.37999725341797, 98.2699966430664, 98.20999908447266, 98.27999877929688, 98.25, 97.94999694824219, 98.2699966430664, 97.94000244140625, 98.19000244140625, 98.48999786376953, 98.05000305175781, 98.05000305175781, 98.23999786376953, 98.22000122070312, 98.0999984741211, 98.37000274658203, 98.44999694824219, 98.4800033569336, 98.0199966430664, 98.22000122070312, 98.55999755859375, 98.45999908447266, 98.2300033569336, 98.36000061035156, 97.86000061035156, 98.41999816894531, 98.44999694824219, 98.41000366210938, 98.51000213623047, 98.25, 98.55999755859375, 98.22000122070312, 98.56999969482422, 98.30999755859375, 98.44999694824219, 98.44999694824219, 98.48999786376953, 98.45999908447266, 98.58000183105469, 98.61000061035156, 98.5]
backdoor_accuracy=[0, 0.09727626459143969, 1.264591439688716, 5.933852140077821, 8.657587548638132, 2.3346303501945527, 9.630350194552529, 1.7509727626459144, 1.6536964980544746, 3.9883268482490273, 2.237354085603113, 1.9455252918287937, 4.085603112840467, 4.182879377431907, 0.8754863813229572, 4.182879377431907, 3.6964980544747084, 5.058365758754864, 2.140077821011673, 10.408560311284047, 1.3618677042801557, 10.214007782101167, 2.9182879377431905, 6.712062256809339, 3.5992217898832686, 6.3229571984435795, 9.630350194552529, 18.3852140077821, 2.431906614785992, 5.155642023346304, 7.003891050583658, 13.326848249027238, 27.33463035019455, 2.140077821011673, 31.80933852140078, 18.48249027237354, 22.470817120622566, 17.509727626459146, 13.229571984435797, 68.57976653696498, 78.50194552529183, 18.09338521400778, 37.35408560311284, 66.34241245136187, 69.06614785992218, 70.03891050583658, 67.21789883268482, 33.94941634241245, 24.90272373540856, 55.252918287937746, 45.038910505836576, 58.56031128404669, 72.47081712062257, 90.56420233463035, 39.202334630350194, 71.01167315175097, 42.99610894941634, 41.731517509727624, 70.71984435797665, 50.0, 51.459143968871594, 52.52918287937743, 64.10505836575875, 78.21011673151752, 66.24513618677042, 61.673151750972764, 85.89494163424125, 50.29182879377432, 92.12062256809338, 92.80155642023347, 55.35019455252918, 91.92607003891051, 80.6420233463035, 61.673151750972764, 91.73151750972762, 85.01945525291829, 89.59143968871595, 95.13618677042801, 85.21400778210116, 89.10505836575875, 89.29961089494164, 90.07782101167315, 80.83657587548637, 92.8988326848249, 93.57976653696498, 97.37354085603113, 96.10894941634241, 97.47081712062257, 97.27626459143968, 96.69260700389106, 97.66536964980544, 95.52529182879377, 99.0272373540856, 97.27626459143968, 97.76264591439688, 98.92996108949416, 97.66536964980544, 97.66536964980544, 99.70817120622569, 99.31906614785993, 99.41634241245136]
loss_list=[0.44799391471513395, 0.24032131066698248, 0.18916949694664806, 0.18197848112151221, 0.16016008392364076, 0.11494766418536632, 0.06885979095739914, 0.0801372108344057, 0.06850665957992462, 0.06758402334315759, 0.062245273197516146, 0.07265254547691699, 0.0605121352706522, 0.05388348921264164, 0.07646457360839441, 0.05167586092596017, 0.049618276367597115, 0.05230143370978184, 0.04596590950828822, 0.05672744146397184, 0.04961340186770765, 0.04096146425527766, 0.042540861400773795, 0.03827226541993352, 0.034249436705634476, 0.041945290896936625, 0.03640885979925664, 0.03544581825031415, 0.035771223903748046, 0.03772645578880489, 0.028663900423125506, 0.04057875263873674, 0.034606153236577654, 0.0384416708743848, 0.035251636964181564, 0.03409221035319434, 0.037056909628438536, 0.03074779660915313, 0.03537341193228012, 0.029650267744028156, 0.03569076530860414, 0.03635076408112481, 0.02754019004543251, 0.027521787256241083, 0.029939830394782974, 0.028315166621552878, 0.028340843560383088, 0.028102689892430824, 0.03102272204946795, 0.025219388087892206, 0.023605858154759372, 0.0280135392557942, 0.0269900626591599, 0.02482482693787981, 0.025967959420897215, 0.024914389809634445, 0.02380661052393701, 0.0253974016614236, 0.0227946522348656, 0.023502385548393515, 0.021317116256833253, 0.023139720947986143, 0.024311473504949863, 0.023924052896957215, 0.018321716625736527, 0.01998423725472986, 0.02284136670695034, 0.025622940761695648, 0.023559737514434964, 0.0210063229684757, 0.02399674634558498, 0.022752567080301045, 0.015007999435781004, 0.021882772981703588, 0.023993856398674508, 0.024248699291674596, 0.020689670363772963, 0.015909765955504647, 0.021647498744285055, 0.018752487938336046, 0.018756234331771364, 0.019675278738832888, 0.021146661374264113, 0.020771862840364898, 0.020533352797889846, 0.01807006996333661, 0.019773187221233588, 0.01870426494461115, 0.019054583606669548, 0.018756281388020477, 0.016192657688418464, 0.026227795278955343, 0.018639892525462973, 0.018490958890652335, 0.019481172626273288, 0.0175942305605666, 0.0185733156520405, 0.02303976221245552, 0.018029957464140135, 0.018889145713184067]
BBSR:99.71
ABSR:98.23
max acc:98.61
