======================================
    IID: 0
    Dataset: mnist
    Model: Mnist_CNN
    Model Init: None
    Aggregation Function: krum
    Fraction NonIID: 0
    Long attack: 5
    Wide attack: 5
    Wide attack: trust
    Threshold reject: 0.5
    Threshold down: 0.0
    Attack method: badnet
    Fraction of malicious agents: 13.0%
    Poison Frac: 0.2
    Backdoor From 7 to 2
    Attack Begin: 0
    Trigger Shape: square
    Type poisoning: cs
    Trigger Position X: 0
    Trigger Position Y: 0
    Number of agents: 100
    Fraction of agents each turn: 30(30.0%)
    Local batch size: 50
    Local epoch: 3
    Client_LR: 0.01
    Client_Momentum: 0.9
    Global Rounds: 100
    Proportion of malicious are selected: 0.34
    Average score of malicious clients: 556.3087768554688
    Average score of benign clients: 710.9296264648438
======================================
main_task_accuracy=[0, 19.729999542236328, 19.700000762939453, 21.030000686645508, 19.56999969482422, 21.1200008392334, 25.09000015258789, 19.579999923706055, 30.670000076293945, 23.09000015258789, 19.809999465942383, 19.81999969482422, 27.950000762939453, 27.170000076293945, 19.889999389648438, 32.599998474121094, 28.780000686645508, 24.6200008392334, 37.689998626708984, 40.439998626708984, 37.68000030517578, 35.279998779296875, 37.08000183105469, 32.459999084472656, 35.45000076293945, 31.459999084472656, 37.40999984741211, 23.850000381469727, 25.3700008392334, 43.43000030517578, 42.150001525878906, 55.0, 47.33000183105469, 48.90999984741211, 43.869998931884766, 51.68000030517578, 43.849998474121094, 45.040000915527344, 23.6299991607666, 39.40999984741211, 27.440000534057617, 36.720001220703125, 27.110000610351562, 25.90999984741211, 51.130001068115234, 48.369998931884766, 46.58000183105469, 45.43000030517578, 42.13999938964844, 50.63999938964844, 41.93000030517578, 36.400001525878906, 45.25, 54.41999816894531, 53.36000061035156, 52.45000076293945, 53.209999084472656, 52.09000015258789, 47.11000061035156, 49.310001373291016, 43.790000915527344, 44.880001068115234, 46.439998626708984, 46.560001373291016, 46.06999969482422, 45.7599983215332, 45.38999938964844, 44.689998626708984, 49.22999954223633, 46.130001068115234, 44.880001068115234, 44.77000045776367, 51.38999938964844, 51.31999969482422, 50.779998779296875, 51.61000061035156, 51.36000061035156, 51.040000915527344, 51.290000915527344, 51.61000061035156, 51.08000183105469, 51.5, 51.150001525878906, 50.720001220703125, 50.959999084472656, 51.06999969482422, 51.470001220703125, 51.72999954223633, 51.45000076293945, 51.619998931884766, 51.29999923706055, 49.29999923706055, 50.380001068115234, 50.2599983215332, 50.15999984741211, 50.04999923706055, 49.77000045776367, 50.029998779296875, 49.779998779296875, 50.369998931884766, 50.7400016784668]
backdoor_accuracy=[0, 0.0, 16.828793774319067, 0.0, 0.0, 0.0, 0.0, 0.0, 0.0, 0.0, 76.4591439688716, 0.0, 1.264591439688716, 1.3618677042801557, 0.0, 10.311284046692608, 6.42023346303502, 0.0, 0.09727626459143969, 0.0, 0.0, 0.0, 0.0, 0.0, 0.0, 0.0, 100.0, 82.97665369649805, 93.57976653696498, 0.19455252918287938, 0.19455252918287938, 43.96887159533074, 15.369649805447471, 17.217898832684824, 5.544747081712062, 37.7431906614786, 0.6809338521400778, 9.24124513618677, 79.57198443579766, 93.3852140077821, 1.556420233463035, 0.0, 0.0, 0.0, 80.83657587548637, 30.44747081712062, 25.291828793774318, 17.217898832684824, 23.054474708171206, 32.295719844357976, 10.408560311284047, 0.2918287937743191, 96.20622568093385, 58.85214007782101, 58.85214007782101, 61.284046692607006, 57.295719844357976, 53.01556420233463, 83.65758754863813, 70.13618677042801, 91.63424124513618, 74.31906614785993, 72.08171206225681, 70.8171206225681, 71.01167315175097, 67.8988326848249, 69.55252918287938, 67.8988326848249, 15.46692607003891, 5.058365758754864, 4.474708171206226, 4.377431906614786, 100.0, 100.0, 100.0, 99.5136186770428, 99.41634241245136, 99.41634241245136, 99.41634241245136, 99.41634241245136, 99.41634241245136, 99.41634241245136, 99.41634241245136, 99.31906614785993, 99.41634241245136, 99.41634241245136, 98.34630350194553, 99.22178988326849, 98.92996108949416, 98.92996108949416, 99.12451361867704, 53.69649805447471, 74.22178988326849, 73.24902723735408, 73.15175097276264, 70.13618677042801, 67.31517509727627, 82.00389105058366, 93.09338521400778, 94.55252918287938, 96.40077821011673]
loss_list=[0.4656260600026689, 0.6303545890499573, 0.7616517766431091, 0.8079558465961465, 0.8187782739510975, 0.9430595294398127, 0.6725394868408051, 1.0604553846275735, 0.5384255497922553, 0.5284280918080863, 0.7924504803670455, 0.5854525750947877, 0.563439360240369, 0.5086760136297765, 0.6302836555877109, 0.5542161804067021, 0.6425410907570291, 0.670851782073679, 0.6234090041286391, 0.5198550259881881, 0.688487733341031, 0.5296167978255351, 0.5055508230799837, 0.6512005974433848, 0.5539465653584383, 0.6676063259825872, 0.5632012905672735, 0.6024671635945659, 0.6425521529406889, 0.5327828048675305, 0.6599585097578918, 0.6446601440432576, 0.6391518258124746, 0.5426152609717374, 0.6268894965542624, 0.5062244549797382, 0.4734540258223652, 0.7102449139603565, 0.6374341971667868, 0.47608103818537495, 0.6738442318869672, 0.5770801779533556, 0.5519511706494408, 0.5879245026527978, 0.532839006170703, 0.46737618720043955, 0.4835121918492418, 0.4114290869519942, 0.4196895746769535, 0.4555982814900622, 0.36094002735360936, 0.5596155651223055, 0.42652964728267156, 0.4280294271883556, 0.3742508725081724, 0.4156802193827831, 0.471607000368372, 0.3680435354244856, 0.4434835969520005, 0.41465668635601877, 0.4743370589860139, 0.4785331726003886, 0.29829308835547874, 0.4150453832254411, 0.40558298474172694, 0.4138994947303983, 0.43581033464939284, 0.5205943837710282, 0.3994630279946184, 0.37985356492881367, 0.44586524223430624, 0.6098534285508962, 0.4342634830673735, 0.47634208564206215, 0.47731555426456407, 0.4438778861958916, 0.4139326814290918, 0.40577561009143176, 0.5626366360065481, 0.4672302112413322, 0.4963762876729401, 0.4402715752743394, 0.4602137663424942, 0.35895876930970694, 0.428983720392323, 0.348635844852183, 0.47601904352066293, 0.403054431306743, 0.4330417072497993, 0.4114610840376798, 0.5149422861647498, 0.40297333720830025, 0.46977538000494495, 0.48179895181562543, 0.430934900443116, 0.4249181940112041, 0.4661765725407891, 0.460238504200037, 0.4535968906832562, 0.42341152125550213]
BBSR:96.4
ABSR:77.78
max acc:50.74
