======================================
    IID: 0
    Dataset: mnist
    Model: Mnist_CNN
    Model Init: None
    Aggregation Function: flame
    Fraction NonIID: 0
    Long attack: 5
    Wide attack: 5
    Wide attack: trust
    Threshold reject: 0.5
    Threshold down: 0.0
    Attack method: dba
    Fraction of malicious agents: 13.0%
    Poison Frac: 0.2
    Backdoor From 7 to 2
    Attack Begin: 0
    Trigger Shape: square
    Type poisoning: 
    Trigger Position X: 0
    Trigger Position Y: 0
    Number of agents: 100
    Fraction of agents each turn: 30(30.0%)
    Local batch size: 50
    Local epoch: 3
    Client_LR: 0.01
    Client_Momentum: 0.9
    Global Rounds: 100
    Noise in FLAME: 0.001
proportion of malicious are selected:0.64
proportion of benign are selected:0.5581481481481482
======================================
main_task_accuracy=[0, 29.90999984741211, 26.5, 37.349998474121094, 50.869998931884766, 54.13999938964844, 63.810001373291016, 66.6500015258789, 67.70999908447266, 65.3499984741211, 64.41999816894531, 72.23999786376953, 63.16999816894531, 64.44999694824219, 75.9800033569336, 66.27999877929688, 71.69000244140625, 72.22000122070312, 70.33000183105469, 75.0199966430664, 73.02999877929688, 75.47000122070312, 72.45999908447266, 76.26000213623047, 78.08999633789062, 77.04000091552734, 75.91000366210938, 77.43000030517578, 74.5, 77.86000061035156, 77.77999877929688, 77.62999725341797, 77.02999877929688, 76.08000183105469, 78.12999725341797, 76.26000213623047, 78.54000091552734, 75.9000015258789, 77.86000061035156, 78.44000244140625, 77.05999755859375, 76.77999877929688, 76.33999633789062, 78.72000122070312, 77.30000305175781, 77.05999755859375, 76.58999633789062, 79.05999755859375, 79.05999755859375, 78.2300033569336, 84.73999786376953, 84.19999694824219, 83.20999908447266, 82.45999908447266, 82.41999816894531, 81.55000305175781, 81.56999969482422, 84.20999908447266, 82.62999725341797, 81.44999694824219, 82.23999786376953, 81.62000274658203, 79.05000305175781, 80.55999755859375, 79.95999908447266, 79.4000015258789, 79.31999969482422, 79.48999786376953, 79.5, 78.41999816894531, 78.0199966430664, 77.80999755859375, 78.30999755859375, 77.77999877929688, 77.48999786376953, 77.0199966430664, 80.29000091552734, 80.29000091552734, 79.33999633789062, 85.66000366210938, 83.8499984741211, 84.33999633789062, 85.08000183105469, 85.26000213623047, 84.55999755859375, 84.5, 85.18000030517578, 84.66999816894531, 84.1500015258789, 83.68000030517578, 82.7300033569336, 84.13999938964844, 81.58000183105469, 83.18000030517578, 83.0999984741211, 83.20999908447266, 86.79000091552734, 87.20999908447266, 85.19000244140625, 86.23999786376953, 81.9800033569336]
backdoor_accuracy=[0, 0.0, 64.39688715953308, 0.0, 0.0, 9.727626459143968, 0.09727626459143969, 8.754863813229573, 7.976653696498055, 2.3346303501945527, 1.7509727626459144, 8.268482490272374, 3.6964980544747084, 4.182879377431907, 10.797665369649806, 5.252918287937743, 8.073929961089494, 27.33463035019455, 4.571984435797665, 4.474708171206226, 2.6264591439688716, 22.470817120622566, 16.342412451361866, 29.377431906614785, 16.731517509727627, 35.992217898832685, 17.607003891050585, 12.45136186770428, 15.077821011673151, 59.72762645914397, 42.217898832684824, 39.29961089494164, 27.626459143968873, 12.45136186770428, 63.81322957198444, 38.81322957198444, 62.35408560311284, 34.143968871595334, 96.59533073929961, 33.75486381322957, 22.373540856031127, 93.19066147859922, 90.46692607003891, 96.78988326848248, 87.84046692607004, 90.36964980544747, 63.42412451361868, 95.3307392996109, 73.34630350194553, 86.57587548638132, 93.77431906614785, 96.88715953307393, 97.47081712062257, 65.27237354085604, 93.57976653696498, 96.88715953307393, 99.0272373540856, 96.78988326848248, 99.31906614785993, 99.70817120622569, 99.61089494163424, 98.83268482490273, 99.5136186770428, 99.5136186770428, 99.5136186770428, 98.5408560311284, 99.5136186770428, 99.5136186770428, 99.80544747081711, 99.61089494163424, 99.41634241245136, 98.24902723735408, 99.90272373540856, 100.0, 99.5136186770428, 97.37354085603113, 100.0, 100.0, 98.73540856031128, 99.61089494163424, 99.61089494163424, 99.90272373540856, 99.61089494163424, 99.61089494163424, 99.12451361867704, 100.0, 100.0, 98.15175097276264, 99.80544747081711, 99.70817120622569, 99.80544747081711, 99.90272373540856, 99.70817120622569, 100.0, 100.0, 100.0, 99.80544747081711, 100.0, 100.0, 100.0, 99.80544747081711]
loss_list=[0.4335520683258237, 0.3158268285195474, 0.3748216336192115, 0.30587882064503547, 0.2525818203026435, 0.23169457709197516, 0.2182519304910255, 0.17654565024104227, 0.14195927631399158, 0.18810554870881832, 0.22733657710333147, 0.1737059180889986, 0.149265042582972, 0.2689841719472593, 0.13984554978856395, 0.18086265703598375, 0.14974231124190496, 0.1959049916717325, 0.1879295180974351, 0.1533230358650852, 0.17687741142471844, 0.1599563267521229, 0.18965172443361472, 0.2115700640175232, 0.2021739584735953, 0.16278371520684548, 0.17488730027497437, 0.13388651549701386, 0.15833101031782906, 0.19896249821747639, 0.17905093045595338, 0.18548236649705047, 0.17163937421179387, 0.1932117769334662, 0.15682318954116792, 0.23507003427505463, 0.12641922558830862, 0.19314851822858115, 0.19316960794899488, 0.14571460255968857, 0.1341529759375427, 0.11574790518548354, 0.18241650614180868, 0.11903859287967294, 0.16082371189569783, 0.12216419056766363, 0.20605656773274478, 0.10973442656621343, 0.13472685123517328, 0.22385124750664628, 0.10499756483163905, 0.09091869050867131, 0.10782187566305632, 0.11527239250804695, 0.07953094380752039, 0.09508539373775671, 0.14679450484511744, 0.14964345374456955, 0.12490439449717401, 0.14630565747362492, 0.10702761087980862, 0.12379104535545653, 0.16319541384683603, 0.10633725928262662, 0.1385384003237242, 0.11889776130684943, 0.11190627369567778, 0.11659259883003334, 0.06234292518946736, 0.15023082495592346, 0.13127106232087696, 0.11831256916400248, 0.09639980081914631, 0.15772083673491502, 0.13503580419638325, 0.16574348413960177, 0.17371701891276697, 0.08509566511559925, 0.19251844376956959, 0.1071366594089587, 0.12026603096865336, 0.13466847843093277, 0.09966643816817532, 0.1022328744887853, 0.08830350811577296, 0.17054039460853634, 0.09199025447071499, 0.16629845506172522, 0.11089637637207397, 0.10920330646624836, 0.06637035149223555, 0.1289378680519087, 0.09168145498735294, 0.13409211070928698, 0.0975362306394722, 0.1998375803449641, 0.1481268811533523, 0.11942308985221183, 0.11051992001075775, 0.11541424259477741]
BBSR:100.0
ABSR:99.92
max acc:87.21
