======================================
    IID: 0
    Dataset: fashion_mnist
    Model: Mnist_CNN
    Model Init: None
    Aggregation Function: krum
    Fraction NonIID: 0
    Long attack: 3
    Wide attack: 3
    Wide attack: trust
    Threshold reject: 0.5
    Threshold down: 0.0
    Attack method: badnet
    Fraction of malicious agents: 20.0%
    Poison Frac: 0.2
    Backdoor From 7 to 2
    Attack Begin: 0
    Trigger Shape: square
    Type poisoning: 
    Trigger Position X: 0
    Trigger Position Y: 0
    Number of agents: 100
    Fraction of agents each turn: 30(30.0%)
    Local batch size: 50
    Local epoch: 3
    Client_LR: 0.01
    Client_Momentum: 0.9
    Global Rounds: 100
    Proportion of malicious are selected: 0.59
    Average score of malicious clients: 780.8060913085938
    Average score of benign clients: 371.40826416015625
======================================
main_task_accuracy=[0, 53.029998779296875, 61.81999969482422, 69.55000305175781, 75.04000091552734, 72.95999908447266, 75.97000122070312, 74.16999816894531, 77.58999633789062, 74.48999786376953, 76.72000122070312, 76.91999816894531, 77.55999755859375, 78.93000030517578, 79.1500015258789, 76.69999694824219, 79.47000122070312, 78.80000305175781, 80.12000274658203, 80.27999877929688, 80.05000305175781, 79.47000122070312, 81.27999877929688, 78.31999969482422, 81.11000061035156, 79.63999938964844, 80.06999969482422, 81.58000183105469, 80.69999694824219, 80.52999877929688, 81.23999786376953, 81.80000305175781, 81.25, 80.3499984741211, 80.33999633789062, 81.31999969482422, 82.30999755859375, 81.37000274658203, 82.33000183105469, 81.86000061035156, 81.27999877929688, 82.0999984741211, 81.44999694824219, 81.9000015258789, 79.27999877929688, 80.33000183105469, 79.62000274658203, 81.79000091552734, 81.5199966430664, 83.25, 81.55000305175781, 82.30000305175781, 82.26000213623047, 82.41000366210938, 81.08000183105469, 82.06999969482422, 82.44999694824219, 83.04000091552734, 83.44000244140625, 83.83000183105469, 83.0199966430664, 81.87999725341797, 83.3499984741211, 82.25, 83.33000183105469, 82.63999938964844, 84.22000122070312, 83.73999786376953, 84.4000015258789, 83.37999725341797, 83.44999694824219, 83.61000061035156, 83.87000274658203, 83.58000183105469, 83.62000274658203, 82.80000305175781, 83.68000030517578, 82.05999755859375, 84.26000213623047, 84.4000015258789, 83.63999938964844, 83.7699966430664, 83.63999938964844, 83.77999877929688, 83.16999816894531, 84.81999969482422, 83.83999633789062, 83.81999969482422, 84.25, 82.93000030517578, 83.55000305175781, 83.66000366210938, 84.20999908447266, 83.69999694824219, 82.83999633789062, 83.33999633789062, 83.97000122070312, 84.37999725341797, 85.0, 84.48999786376953, 83.5999984741211]
backdoor_accuracy=[0, 0.0, 0.0, 2.3, 99.9, 100.0, 99.7, 97.2, 71.1, 84.5, 100.0, 100.0, 100.0, 100.0, 100.0, 100.0, 100.0, 100.0, 100.0, 100.0, 99.9, 100.0, 100.0, 100.0, 100.0, 100.0, 100.0, 100.0, 100.0, 99.8, 100.0, 100.0, 100.0, 100.0, 100.0, 99.8, 100.0, 100.0, 100.0, 100.0, 100.0, 100.0, 100.0, 100.0, 100.0, 100.0, 100.0, 100.0, 100.0, 100.0, 100.0, 100.0, 100.0, 100.0, 100.0, 100.0, 100.0, 100.0, 100.0, 100.0, 100.0, 100.0, 100.0, 100.0, 100.0, 100.0, 100.0, 100.0, 100.0, 100.0, 100.0, 100.0, 100.0, 100.0, 100.0, 100.0, 100.0, 100.0, 100.0, 100.0, 100.0, 100.0, 100.0, 100.0, 100.0, 100.0, 100.0, 100.0, 100.0, 100.0, 100.0, 100.0, 100.0, 100.0, 100.0, 100.0, 100.0, 100.0, 100.0, 100.0, 100.0]
loss_list=[1.4791725500038375, 0.925243270424781, 0.7145095040952718, 0.6377244176688017, 0.6190039882091461, 0.5689523961808944, 0.5375794875539011, 0.5363675005113085, 0.5219011786773249, 0.518126038737871, 0.5149577134116381, 0.5348054317757487, 0.479734518309986, 0.4977475902341582, 0.4601838023505278, 0.5344088129216323, 0.4662292458185994, 0.45048853298304253, 0.46932407118793995, 0.4740957610171151, 0.47331817119761754, 0.44067811567888204, 0.48290811316972526, 0.4803787943665627, 0.4565392748763164, 0.47546937229905145, 0.4899850989415967, 0.4774144808796269, 0.4713215222720196, 0.42687962018643266, 0.4593657973136201, 0.4524132643084696, 0.4954053321059932, 0.4413510577218538, 0.44687012133999154, 0.4957065728665502, 0.41708279803084836, 0.44658470055157384, 0.40919099560468813, 0.4121257706062386, 0.4546997697885942, 0.4662928895071942, 0.44160997568008803, 0.4668307180292215, 0.40110028491234756, 0.49038433379114227, 0.44030746022127215, 0.4395171341210328, 0.4237157470270716, 0.4744241134677496, 0.41079403576872264, 0.4370485341409222, 0.449966511335569, 0.4805966099724174, 0.41700523307684956, 0.4203762607170372, 0.44160427000304625, 0.40748185924495817, 0.4190371098203791, 0.392913668030114, 0.4289754299722887, 0.3427228872121002, 0.4283915045567685, 0.3918824143285208, 0.38848818973120713, 0.38295617128411935, 0.4095995795706081, 0.3520939845609031, 0.3766122860989223, 0.4288758052202563, 0.41518936422481034, 0.40442831384328504, 0.3967578251932368, 0.3621280505597867, 0.3684957017035534, 0.40083060776857937, 0.44080988585052105, 0.3643471609939028, 0.3727334377480913, 0.41267290956780517, 0.3958852620170176, 0.37600354651027984, 0.39389238375043967, 0.40160406111605906, 0.416758770485305, 0.3943071381568356, 0.3818119107849069, 0.4184208446118714, 0.43080570822585956, 0.42956225232316037, 0.41974059192170554, 0.397172762747397, 0.4341405156814424, 0.45634657028583914, 0.42869339689172586, 0.43316187523909044, 0.35305444643923295, 0.4079720771940493, 0.3968017386777015, 0.39695359462337504]
BBSR:100.0
ABSR:100.0
max acc:85.0
