======================================
    IID: 0
    Dataset: mnist
    Model: Mnist_CNN
    Model Init: None
    Aggregation Function: krum
    Fraction NonIID: 0
    Long attack: 3
    Wide attack: 3
    Wide attack: trust
    Threshold reject: 0.5
    Threshold down: 0.0
    Attack method: badnet
    Fraction of malicious agents: 13.0%
    Poison Frac: 0.2
    Backdoor From 7 to 2
    Attack Begin: 0
    Trigger Shape: square
    Type poisoning: 
    Trigger Position X: 0
    Trigger Position Y: 0
    Number of agents: 100
    Fraction of agents each turn: 30(30.0%)
    Local batch size: 50
    Local epoch: 3
    Client_LR: 0.01
    Client_Momentum: 0.9
    Global Rounds: 100
    Proportion of malicious are selected: 0.23
    Average score of malicious clients: 762.522216796875
    Average score of benign clients: 777.57958984375
======================================
main_task_accuracy=[0, 20.719999313354492, 8.920000076293945, 9.800000190734863, 19.8799991607666, 29.690000534057617, 8.930000305175781, 29.860000610351562, 19.329999923706055, 10.09000015258789, 18.280000686645508, 9.800000190734863, 16.6200008392334, 15.319999694824219, 9.579999923706055, 9.800000190734863, 10.279999732971191, 10.279999732971191, 9.800000190734863, 19.190000534057617, 19.5, 8.9399995803833, 19.360000610351562, 19.489999771118164, 13.90999984741211, 15.649999618530273, 19.950000762939453, 19.93000030517578, 19.950000762939453, 21.110000610351562, 19.530000686645508, 9.800000190734863, 21.290000915527344, 12.710000038146973, 18.34000015258789, 17.18000030517578, 16.709999084472656, 17.6200008392334, 18.81999969482422, 18.65999984741211, 10.100000381469727, 19.110000610351562, 28.290000915527344, 30.15999984741211, 18.40999984741211, 21.020000457763672, 17.299999237060547, 13.550000190734863, 19.09000015258789, 9.800000190734863, 10.279999732971191, 10.100000381469727, 11.350000381469727, 10.100000381469727, 9.800000190734863, 9.800000190734863, 9.800000190734863, 8.920000076293945, 10.279999732971191, 20.850000381469727, 14.979999542236328, 27.25, 20.040000915527344, 18.510000228881836, 12.119999885559082, 10.100000381469727, 19.170000076293945, 18.479999542236328, 16.329999923706055, 17.1299991607666, 18.940000534057617, 18.489999771118164, 19.56999969482422, 10.279999732971191, 9.800000190734863, 8.920000076293945, 10.279999732971191, 19.209999084472656, 9.819999694824219, 9.579999923706055, 10.100000381469727, 9.800000190734863, 9.800000190734863, 9.800000190734863, 8.920000076293945, 10.100000381469727, 10.100000381469727, 10.100000381469727, 10.100000381469727, 11.350000381469727, 11.350000381469727, 9.800000190734863, 11.350000381469727, 10.09000015258789, 10.09000015258789, 10.09000015258789, 10.09000015258789, 8.920000076293945, 8.920000076293945, 8.920000076293945, 8.920000076293945]
backdoor_accuracy=[0, 0.0, 0.0, 0.0, 0.0, 0.0, 0.0, 0.0, 0.0, 0.0, 100.0, 0.0, 0.0, 0.0, 0.0, 0.0, 0.0, 0.0, 0.0, 0.0, 0.0, 0.0, 0.0, 0.0, 0.0, 0.0, 0.0, 98.92996108949416, 0.0, 0.0, 0.0, 0.0, 0.0, 0.0, 0.0, 0.0, 0.0, 0.0, 100.0, 99.31906614785993, 0.0, 94.64980544747081, 0.0, 0.0, 0.0, 0.0, 0.19455252918287938, 0.0, 0.0, 0.0, 0.0, 0.0, 0.0, 0.0, 0.0, 0.0, 0.0, 0.0, 0.0, 0.0, 0.0, 0.0, 0.0, 0.0, 0.0, 0.0, 0.0, 99.5136186770428, 0.0, 0.0, 0.0, 0.0, 76.75097276264592, 0.0, 0.0, 0.0, 0.0, 0.0, 0.0, 0.0, 0.0, 0.0, 0.0, 0.0, 0.0, 0.0, 0.0, 0.0, 0.0, 0.0, 0.0, 0.0, 0.0, 0.0, 0.0, 0.0, 0.0, 0.0, 0.0, 0.0, 0.0]
loss_list=[0.5480821458233698, 1.4655887261179823, 1.5987599705310054, 1.4898624263748463, 0.887354522574553, 1.3154772520062543, 1.454861879999495, 1.1002522977677138, 1.5733075004034032, 1.4298709725465821, 1.6766999118719945, 1.8026331688635293, 1.5765695885306708, 1.580964049538146, 1.992336616651328, 2.0247607599736916, 2.095283252000809, 2.152641247061116, 1.7834266291948522, 1.0598861472269514, 1.2155991163820257, 1.331905111317335, 1.7552725196428653, 1.8564991602984573, 1.994686279542468, 1.6756446508575378, 1.2089771836225125, 0.9686212240098528, 1.3105513689595483, 1.3423859495761228, 1.3987801369306838, 1.4035430233498727, 1.565747328296884, 1.3270388820923271, 1.6353300069695922, 1.2644529007409193, 1.6319108259208774, 1.2504563877011945, 1.7893952563887947, 1.741785663955293, 1.620611027358766, 1.284722043982433, 1.2565934609306253, 1.2900124145279694, 1.1880738357082012, 1.629608564347856, 1.6479239242936643, 1.4770368905600022, 2.1446689094778986, 1.8672225109439478, 2.1105495216945807, 2.0238136768341066, 2.0441487445875453, 2.0897388488054274, 2.1069837811920378, 2.186082814647643, 1.9484240287431969, 2.0871264714057802, 1.7452085388289695, 1.452773247766648, 1.2237272120064462, 1.2641540024768914, 1.8861878941758294, 1.5328446688027015, 1.6685881071275588, 1.5683227049962019, 1.4133973067267824, 1.6308798959202788, 1.548264616948587, 1.8735431265016949, 1.7932353789251363, 1.0932590027783389, 1.970176088823027, 2.1456458218947603, 2.065156343689671, 1.7160214616137315, 1.1464559296722774, 1.8565353547217476, 2.308074988093641, 2.0709646889457, 2.0357594106484336, 2.060374782786325, 2.1829339429598162, 2.1017564512513305, 2.2703307712519614, 2.047372999456194, 2.2905370665921105, 2.3570309129578093, 2.082211012586399, 2.1932999277556386, 2.3664905996234333, 2.0099629579870792, 2.0773884417282207, 2.004613085422251, 2.274176182404712, 2.3848055609398413, 2.052826584268499, 1.9692169144197746, 2.3079977528364575, 2.3856077837723273]
BBSR:0.0
ABSR:0.0
max acc:11.35
