======================================
    IID: 0
    Dataset: mnist
    Model: Mnist_CNN
    Model Init: None
    Aggregation Function: DABA
    Fraction NonIID: 0
    Long attack: 3
    Wide attack: 3
    Wide attack: trust
    Threshold reject: 0.5
    Threshold down: 0.0
    Attack method: badnet
    Fraction of malicious agents: 30.0%
    Poison Frac: 0.2
    Backdoor From 7 to 2
    Attack Begin: 0
    Trigger Shape: square
    Type poisoning: cs
    Trigger Position X: 0
    Trigger Position Y: 0
    Number of agents: 100
    Fraction of agents each turn: 30(30.0%)
    Local batch size: 50
    Local epoch: 3
    Client_LR: 0.01
    Client_Momentum: 0.9
    Global Rounds: 100
======================================
main_task_accuracy=[0, 32.290000915527344, 23.299999237060547, 30.360000610351562, 64.62000274658203, 52.02000045776367, 54.040000915527344, 62.08000183105469, 75.27999877929688, 62.119998931884766, 71.44999694824219, 74.19000244140625, 77.94000244140625, 69.56999969482422, 84.05000305175781, 77.12000274658203, 82.87000274658203, 89.69000244140625, 89.58999633789062, 75.3499984741211, 89.41999816894531, 92.1500015258789, 92.75, 93.16000366210938, 90.44000244140625, 90.70999908447266, 93.8499984741211, 90.91000366210938, 90.31999969482422, 92.2699966430664, 94.30000305175781, 95.33000183105469, 89.83999633789062, 91.44999694824219, 94.87999725341797, 91.51000213623047, 87.75, 91.66999816894531, 96.27999877929688, 95.56999969482422, 94.05999755859375, 95.25, 86.44999694824219, 93.94999694824219, 92.29000091552734, 93.73999786376953, 93.04000091552734, 95.58000183105469, 93.26000213623047, 93.52999877929688, 95.47000122070312, 95.81999969482422, 97.45999908447266, 95.30999755859375, 92.19000244140625, 93.37999725341797, 96.27999877929688, 96.37000274658203, 96.55000305175781, 97.08999633789062, 96.68000030517578, 96.98999786376953, 95.20999908447266, 97.44000244140625, 94.9000015258789, 95.48999786376953, 88.55000305175781, 93.2300033569336, 93.4800033569336, 96.45999908447266, 97.18000030517578, 96.47000122070312, 97.54000091552734, 96.79000091552734, 97.55999755859375, 97.41000366210938, 89.16999816894531, 86.80999755859375, 95.33000183105469, 97.58000183105469, 96.73999786376953, 98.0199966430664, 97.62000274658203, 97.56999969482422, 97.44000244140625, 97.5999984741211, 97.43000030517578, 96.63999938964844, 96.87999725341797, 97.48999786376953, 96.44999694824219, 97.87999725341797, 96.19999694824219, 98.1500015258789, 89.86000061035156, 95.02999877929688, 96.37999725341797, 98.05999755859375, 95.30999755859375, 97.87999725341797, 97.62999725341797]
backdoor_accuracy=[0, 0.0, 0.0, 46.88715953307393, 0.0, 26.750972762645915, 0.2918287937743191, 2.7237354085603114, 1.0700389105058365, 11.770428015564203, 2.821011673151751, 9.33852140077821, 0.38910505836575876, 0.2918287937743191, 9.04669260700389, 11.964980544747082, 3.7937743190661477, 5.252918287937743, 15.17509727626459, 0.8754863813229572, 76.36186770428016, 1.3618677042801557, 8.754863813229573, 7.198443579766537, 22.859922178988327, 21.98443579766537, 23.638132295719846, 63.42412451361868, 99.80544747081711, 3.0155642023346303, 74.31906614785993, 64.98054474708171, 98.5408560311284, 15.95330739299611, 98.73540856031128, 97.27626459143968, 97.76264591439688, 49.90272373540856, 100.0, 99.61089494163424, 99.5136186770428, 100.0, 99.0272373540856, 100.0, 100.0, 99.80544747081711, 100.0, 99.80544747081711, 99.70817120622569, 100.0, 100.0, 81.51750972762646, 99.80544747081711, 99.90272373540856, 99.90272373540856, 100.0, 100.0, 100.0, 100.0, 99.70817120622569, 100.0, 100.0, 99.80544747081711, 99.90272373540856, 99.90272373540856, 100.0, 99.90272373540856, 100.0, 99.80544747081711, 100.0, 100.0, 100.0, 100.0, 100.0, 100.0, 100.0, 100.0, 100.0, 100.0, 100.0, 100.0, 100.0, 100.0, 100.0, 100.0, 100.0, 100.0, 100.0, 100.0, 100.0, 100.0, 100.0, 100.0, 100.0, 100.0, 5.058365758754864, 74.61089494163424, 68.28793774319067, 100.0, 100.0, 100.0]
loss_list=[0.4777144693352396, 0.3304728379211299, 0.47059176082533566, 0.29389647358448273, 0.20978761042416688, 0.2081404653433476, 0.19251328284337405, 0.14702521912120978, 0.13338695237513296, 0.14996387985764623, 0.14561332197933213, 0.1513874773673294, 0.14669956787562835, 0.12834435808973135, 0.1236930009606361, 0.08616426811879939, 0.09294039053816386, 0.08721922117129588, 0.09033025178577933, 0.09800768654788329, 0.09870634645885569, 0.07584427164730015, 0.055550092772424065, 0.05319089064138401, 0.06342381489465893, 0.06067759241177121, 0.055105160590734684, 0.06255581802154203, 0.07052306881561822, 0.07193871994907536, 0.05285529607687183, 0.048935429622865394, 0.05854608091578602, 0.050744528052175254, 0.04912933099494934, 0.047656721015375984, 0.06895923907113483, 0.06612762857430593, 0.05020841204233183, 0.04897879543080275, 0.0496975035362638, 0.048252923058773184, 0.05823808985541389, 0.051279618149857605, 0.04633590986545206, 0.05460763784566825, 0.050650863452050686, 0.05136684292263648, 0.04541830643402913, 0.04325841821859842, 0.044537106757255376, 0.03907848272660064, 0.03578510856340129, 0.0404842914194027, 0.050368660975146265, 0.037934799614139675, 0.04228265677671953, 0.0346218411534486, 0.033153285796933454, 0.033736959768539604, 0.03539967627548071, 0.03721529047433107, 0.034966062095031475, 0.03310777144929751, 0.039186406797614606, 0.040692940969779635, 0.0502876524218668, 0.0461088271214644, 0.04345602012139009, 0.038871788799418765, 0.03166407077651767, 0.03191735543298345, 0.03159316981589905, 0.03687846616759561, 0.03439692391498525, 0.03487635504332038, 0.07145369622043236, 0.07213087528575055, 0.04544043520218574, 0.031247365384220883, 0.037389907079013435, 0.03165027044373551, 0.02733862815774212, 0.026657488524099198, 0.032447878468143225, 0.030859318615988007, 0.02916796415870549, 0.02865089490845102, 0.030677877469333002, 0.03037523528605262, 0.030350920797991687, 0.03267646355831145, 0.030425449391222194, 0.028388417280752178, 0.03520622531701768, 0.03142589427864476, 0.0368036777935205, 0.028238078125571983, 0.03857649612238851, 0.02791072579266572]
BBSR:100.0
ABSR:84.8
max acc:98.15
