======================================
    IID: 0
    Dataset: fashion_mnist
    Model: Mnist_CNN
    Model Init: None
    Aggregation Function: fltrust
    Fraction NonIID: 0
    Long attack: 3
    Wide attack: 3
    Wide attack: trust
    Threshold reject: 0.5
    Threshold down: 0.0
    Attack method: dba
    Fraction of malicious agents: 20.0%
    Poison Frac: 0.2
    Backdoor From 7 to 2
    Attack Begin: 0
    Trigger Shape: square
    Type poisoning: 
    Trigger Position X: 0
    Trigger Position Y: 0
    Number of agents: 100
    Fraction of agents each turn: 30(30.0%)
    Local batch size: 50
    Local epoch: 3
    Client_LR: 0.01
    Client_Momentum: 0.9
    Global Rounds: 100
    Dataset In Server: 200
======================================
main_task_accuracy=[0, 50.81999969482422, 66.25, 70.06999969482422, 72.6500015258789, 73.9000015258789, 74.87999725341797, 75.91000366210938, 76.4000015258789, 76.94999694824219, 77.4000015258789, 78.38999938964844, 78.58000183105469, 79.01000213623047, 79.7300033569336, 80.19999694824219, 80.37000274658203, 80.70999908447266, 81.08999633789062, 81.56999969482422, 81.80000305175781, 82.25, 82.23999786376953, 82.55999755859375, 82.80999755859375, 83.04000091552734, 83.4800033569336, 83.26000213623047, 83.45999908447266, 83.88999938964844, 83.9800033569336, 84.01000213623047, 84.01000213623047, 84.5999984741211, 84.68000030517578, 84.6500015258789, 84.5999984741211, 84.7300033569336, 85.05999755859375, 85.30000305175781, 84.95999908447266, 85.54000091552734, 85.54000091552734, 85.55000305175781, 85.70999908447266, 85.26000213623047, 85.77999877929688, 85.86000061035156, 85.6500015258789, 85.70999908447266, 86.13999938964844, 86.37999725341797, 86.23999786376953, 86.33999633789062, 86.45999908447266, 86.20999908447266, 86.3499984741211, 86.41000366210938, 86.77999877929688, 86.73999786376953, 86.62000274658203, 86.55999755859375, 86.69999694824219, 86.72000122070312, 86.91999816894531, 86.70999908447266, 87.04000091552734, 87.01000213623047, 86.91000366210938, 87.26000213623047, 87.33000183105469, 87.19000244140625, 87.26000213623047, 87.58000183105469, 87.19000244140625, 87.51000213623047, 87.5, 87.58000183105469, 87.7300033569336, 87.23999786376953, 87.79000091552734, 87.81999969482422, 87.7300033569336, 87.87999725341797, 87.69999694824219, 87.81999969482422, 87.58000183105469, 87.81999969482422, 87.70999908447266, 88.11000061035156, 88.06999969482422, 88.05000305175781, 87.72000122070312, 87.87999725341797, 88.12999725341797, 88.30000305175781, 88.0199966430664, 88.33000183105469, 88.08999633789062, 88.25, 88.16000366210938]
backdoor_accuracy=[0, 0.0, 0.0, 0.0, 0.0, 0.2, 0.6, 2.1, 3.9, 8.0, 14.3, 21.0, 18.4, 25.9, 54.2, 47.2, 44.2, 54.0, 70.9, 67.8, 75.8, 88.4, 90.6, 92.7, 95.9, 96.1, 96.5, 98.8, 99.5, 99.5, 99.7, 99.7, 99.7, 99.7, 99.8, 99.8, 99.8, 99.8, 99.8, 99.8, 99.8, 99.9, 99.9, 99.9, 99.9, 99.9, 99.9, 99.8, 99.9, 99.9, 99.9, 99.9, 99.9, 99.9, 99.9, 100.0, 99.9, 100.0, 99.9, 99.9, 99.9, 99.9, 100.0, 100.0, 100.0, 100.0, 100.0, 100.0, 100.0, 100.0, 100.0, 100.0, 100.0, 100.0, 100.0, 100.0, 100.0, 100.0, 100.0, 100.0, 100.0, 100.0, 100.0, 100.0, 100.0, 100.0, 100.0, 100.0, 100.0, 100.0, 100.0, 100.0, 100.0, 100.0, 100.0, 100.0, 100.0, 100.0, 100.0, 100.0, 100.0]
loss_list=[1.3629541750859329, 1.0721323663989704, 0.8313686085795914, 0.7195702171298087, 0.6798514801318998, 0.6049949364253767, 0.5406679932028056, 0.5618066795446256, 0.5353346390856636, 0.5005964128507508, 0.4986853705236205, 0.5146706909907084, 0.4823777471841486, 0.4532625958806387, 0.4405067087806486, 0.4334839855769166, 0.4126180031578298, 0.4299547437509454, 0.4254136062468643, 0.43521287108047146, 0.38219389530519643, 0.41476089026502994, 0.389127607429745, 0.36891951771384035, 0.39290292773188823, 0.39308899327146796, 0.36402522174434526, 0.3741981109466266, 0.3979942468995297, 0.3748840730257885, 0.3612839769158099, 0.3656154862018646, 0.3611480770563637, 0.33869180496851053, 0.34031677903193563, 0.3591431751640307, 0.3556018148721368, 0.3247896518696238, 0.3592359239270013, 0.339892700885388, 0.32313634947425235, 0.3401230994267044, 0.3464024516546891, 0.3362115440027857, 0.3603565967572785, 0.33897348503340724, 0.30085164672798587, 0.3193542111630517, 0.3249457114169167, 0.31069706864655017, 0.2738380852914242, 0.33059884122124417, 0.3352484422321949, 0.2719481826932342, 0.31533602634789765, 0.3056274981686363, 0.3002235881087405, 0.2994144201175207, 0.31266587838116616, 0.2921216714885776, 0.27088653021664527, 0.30468755381319806, 0.30982754963484627, 0.27599035935062505, 0.2778961857090946, 0.29184098699716515, 0.2735850777477026, 0.2680572948547908, 0.26753130675534964, 0.2864809150738573, 0.24925945760613236, 0.29023426878093567, 0.2749454803281912, 0.273449306221058, 0.27485089488672443, 0.274553604196343, 0.2565995137586638, 0.24706061960163486, 0.29758957873995384, 0.24822321900132083, 0.27026873469628665, 0.29013621701548503, 0.2672241299602858, 0.2727712325510327, 0.26173489501147906, 0.28174503299545633, 0.2604186429952582, 0.24476099483220395, 0.25644732098853973, 0.25765962366152695, 0.22982218528804532, 0.2564024327616035, 0.2613257347088721, 0.23224633342276013, 0.2629210622894957, 0.2609056172254323, 0.25225951588557416, 0.2408647861693882, 0.26438100634280726, 0.22953316366506948]
BBSR:100.0
ABSR:100.0
max acc:88.33
