======================================
    IID: 0
    Dataset: fashion_mnist
    Model: Mnist_CNN
    Model Init: None
    Aggregation Function: RLR
    Fraction NonIID: 0
    Long attack: 3
    Wide attack: 3
    Wide attack: trust
    Threshold reject: 0.5
    Threshold down: 0.0
    Attack method: dba
    Fraction of malicious agents: 20.0%
    Poison Frac: 0.2
    Backdoor From 7 to 2
    Attack Begin: 0
    Trigger Shape: square
    Type poisoning: 
    Trigger Position X: 0
    Trigger Position Y: 0
    Number of agents: 100
    Fraction of agents each turn: 30(30.0%)
    Local batch size: 50
    Local epoch: 3
    Client_LR: 0.01
    Client_Momentum: 0.9
    Global Rounds: 100
    RobustLR_threshold: 4
======================================
main_task_accuracy=[0, 57.689998626708984, 72.58999633789062, 74.41000366210938, 76.44999694824219, 77.47000122070312, 78.73999786376953, 79.3499984741211, 80.36000061035156, 80.69000244140625, 81.08000183105469, 81.73999786376953, 81.8499984741211, 82.44999694824219, 82.81999969482422, 83.20999908447266, 83.4800033569336, 84.08999633789062, 84.05000305175781, 84.12999725341797, 84.76000213623047, 84.95999908447266, 85.18000030517578, 85.48999786376953, 85.5999984741211, 85.47000122070312, 85.66000366210938, 85.87999725341797, 86.0, 85.83000183105469, 86.31999969482422, 86.44999694824219, 86.33999633789062, 86.58999633789062, 86.73999786376953, 86.8499984741211, 86.45999908447266, 87.05000305175781, 86.80000305175781, 86.7300033569336, 87.33999633789062, 87.36000061035156, 87.3499984741211, 87.36000061035156, 87.56999969482422, 87.27999877929688, 87.5, 87.73999786376953, 87.62000274658203, 87.73999786376953, 87.83999633789062, 87.83000183105469, 87.69000244140625, 87.83999633789062, 88.06999969482422, 88.05999755859375, 88.16999816894531, 88.27999877929688, 88.27999877929688, 87.95999908447266, 88.30999755859375, 88.26000213623047, 88.30000305175781, 88.33000183105469, 88.3499984741211, 88.4800033569336, 88.51000213623047, 88.52999877929688, 88.69000244140625, 88.69000244140625, 88.66999816894531, 88.73999786376953, 88.81999969482422, 88.93000030517578, 88.7300033569336, 88.8499984741211, 88.69999694824219, 88.87999725341797, 89.02999877929688, 88.9800033569336, 89.06999969482422, 89.0, 88.63999938964844, 89.1500015258789, 89.19999694824219, 89.05000305175781, 89.20999908447266, 89.0199966430664, 89.0, 89.04000091552734, 89.2699966430664, 89.19999694824219, 89.16000366210938, 89.30999755859375, 89.38999938964844, 89.5, 89.56999969482422, 89.41999816894531, 89.37999725341797, 89.51000213623047, 89.38999938964844]
backdoor_accuracy=[0, 0.0, 0.0, 0.0, 0.0, 0.0, 0.0, 0.0, 0.0, 0.4, 8.0, 43.3, 68.5, 83.6, 95.0, 95.7, 96.8, 98.1, 99.7, 99.4, 99.7, 99.8, 99.8, 99.8, 99.9, 100.0, 100.0, 100.0, 100.0, 100.0, 100.0, 100.0, 100.0, 100.0, 100.0, 100.0, 100.0, 100.0, 100.0, 100.0, 100.0, 100.0, 100.0, 100.0, 100.0, 100.0, 100.0, 100.0, 100.0, 100.0, 100.0, 100.0, 100.0, 100.0, 100.0, 100.0, 100.0, 100.0, 100.0, 100.0, 100.0, 100.0, 100.0, 100.0, 100.0, 100.0, 100.0, 100.0, 100.0, 100.0, 100.0, 100.0, 100.0, 100.0, 100.0, 100.0, 100.0, 100.0, 100.0, 100.0, 100.0, 100.0, 100.0, 100.0, 100.0, 100.0, 100.0, 100.0, 100.0, 100.0, 100.0, 100.0, 100.0, 100.0, 100.0, 100.0, 100.0, 100.0, 100.0, 100.0, 100.0]
loss_list=[1.3683217840062254, 0.8795518166489072, 0.6550399580487499, 0.5388749233136575, 0.5159185643549319, 0.4888311691720176, 0.4347509219414658, 0.43819203106341525, 0.44303463816780736, 0.4136399011369105, 0.3783626419181625, 0.40628236581191973, 0.4071947076875303, 0.37557561751455076, 0.37152382851474813, 0.38946780896987077, 0.3491939206573146, 0.39352556427043894, 0.35103511806853394, 0.34301329322366253, 0.31699261231416903, 0.33593844398166295, 0.3218969934033575, 0.324728126158179, 0.31702609669279175, 0.32879521106542264, 0.29976539851200795, 0.29681363238228686, 0.30604080589557126, 0.32638331350904914, 0.30710898554987376, 0.31634313742526693, 0.3177105667345501, 0.2701317183604395, 0.3121959807558193, 0.29534440305670373, 0.28025244389039783, 0.28002383242602696, 0.2973995343782007, 0.27239488675086587, 0.2705223064973123, 0.28067689417275016, 0.28439859104584214, 0.25991745460433535, 0.28586148549630136, 0.27802393451608987, 0.2666454437119817, 0.24089404844023565, 0.2672777098672533, 0.25683629017116294, 0.24969147525865723, 0.2846115142244984, 0.26246492990327097, 0.22739357294997686, 0.2584943833657437, 0.2632688107848581, 0.2406057149033856, 0.25203963488823283, 0.2750452925175153, 0.21582380613243138, 0.2625158967277794, 0.25760386720023776, 0.25179895830030236, 0.2172311362189551, 0.2522451978176832, 0.24171934046748064, 0.23974265432571648, 0.22307791047626072, 0.23357066178038996, 0.25031120772473514, 0.23261493399515054, 0.23106748933938367, 0.22277099746106957, 0.24348111802850056, 0.2302270917152917, 0.2522934733200129, 0.22362164785154168, 0.21771878664795724, 0.22441743680931356, 0.20775068536124852, 0.22041617903203042, 0.2232291749454345, 0.24294433958345543, 0.20802267662904886, 0.20955367816129217, 0.23496287073940042, 0.20128282443447795, 0.2179759212735074, 0.22827298632236542, 0.21649703768909803, 0.20679385916467893, 0.2111881480655736, 0.22896002759743064, 0.21273885820561125, 0.2200649217340268, 0.21966657767037825, 0.21775179696786737, 0.2195488893340721, 0.2143813899795836, 0.20519057375344416]
BBSR:100.0
ABSR:100.0
max acc:89.57
