======================================
    IID: 0
    Dataset: mnist
    Model: Mnist_CNN
    Model Init: None
    Aggregation Function: avg
    Fraction NonIID: 0
    Long attack: 3
    Wide attack: 3
    Wide attack: trust
    Threshold reject: 0.5
    Threshold down: 0.0
    Attack method: badnet
    Fraction of malicious agents: 13.0%
    Poison Frac: 0.2
    Backdoor From 7 to 2
    Attack Begin: 0
    Trigger Shape: square
    Type poisoning: pgd
    Trigger Position X: 0
    Trigger Position Y: 0
    Number of agents: 100
    Fraction of agents each turn: 30(30.0%)
    Local batch size: 50
    Local epoch: 3
    Client_LR: 0.01
    Client_Momentum: 0.9
    Global Rounds: 100
======================================
main_task_accuracy=[0, 64.12999725341797, 62.38999938964844, 64.76000213623047, 73.4000015258789, 80.79000091552734, 73.38999938964844, 83.4800033569336, 85.16000366210938, 90.37000274658203, 76.08000183105469, 73.30999755859375, 83.13999938964844, 92.4800033569336, 93.51000213623047, 95.0199966430664, 95.13999938964844, 95.13999938964844, 94.33999633789062, 91.70999908447266, 92.52999877929688, 95.16999816894531, 95.80999755859375, 94.63999938964844, 93.16000366210938, 93.11000061035156, 96.44999694824219, 95.80999755859375, 96.94000244140625, 96.91999816894531, 96.87000274658203, 96.45999908447266, 96.73999786376953, 97.33999633789062, 97.01000213623047, 97.30999755859375, 97.08999633789062, 97.38999938964844, 97.08000183105469, 97.55000305175781, 96.52999877929688, 97.19999694824219, 96.33000183105469, 97.16999816894531, 97.56999969482422, 97.22000122070312, 97.58999633789062, 97.7300033569336, 97.58000183105469, 97.25, 97.97000122070312, 97.5199966430664, 96.08999633789062, 97.38999938964844, 98.0999984741211, 98.0199966430664, 98.05000305175781, 98.22000122070312, 97.51000213623047, 98.02999877929688, 98.1500015258789, 98.19000244140625, 98.08000183105469, 98.05999755859375, 98.20999908447266, 98.08000183105469, 98.18000030517578, 98.20999908447266, 98.19000244140625, 98.47000122070312, 98.08999633789062, 97.9800033569336, 98.33999633789062, 97.73999786376953, 98.25, 98.3499984741211, 98.45999908447266, 98.51000213623047, 98.31999969482422, 98.33999633789062, 98.51000213623047, 98.4800033569336, 97.9800033569336, 98.45999908447266, 98.41999816894531, 97.88999938964844, 98.55000305175781, 98.2699966430664, 98.1500015258789, 98.43000030517578, 98.58999633789062, 98.5999984741211, 98.45999908447266, 98.51000213623047, 98.61000061035156, 98.37999725341797, 98.69999694824219, 98.4800033569336, 98.5999984741211, 98.80000305175781, 98.44000244140625]
backdoor_accuracy=[0, 4.766536964980545, 3.11284046692607, 2.0428015564202333, 1.3618677042801557, 3.404669260700389, 0.2918287937743191, 3.5992217898832686, 2.3346303501945527, 7.101167315175097, 0.8754863813229572, 17.023346303501945, 2.0428015564202333, 1.7509727626459144, 3.404669260700389, 3.307392996108949, 5.739299610894942, 1.9455252918287937, 4.571984435797665, 2.237354085603113, 11.186770428015564, 2.431906614785992, 2.9182879377431905, 2.6264591439688716, 11.673151750972762, 1.556420233463035, 16.634241245136188, 1.264591439688716, 3.9883268482490273, 5.155642023346304, 3.5992217898832686, 6.3229571984435795, 10.700389105058365, 7.101167315175097, 12.743190661478598, 15.75875486381323, 6.517509727626459, 15.46692607003891, 10.214007782101167, 12.354085603112841, 7.2957198443579765, 15.369649805447471, 4.280155642023346, 41.43968871595331, 6.031128404669261, 56.22568093385214, 7.684824902723736, 8.657587548638132, 13.521400778210117, 4.377431906614786, 43.190661478599225, 10.116731517509727, 62.35408560311284, 8.171206225680933, 38.81322957198444, 13.229571984435797, 32.976653696498055, 31.51750972762646, 44.3579766536965, 30.544747081712064, 61.7704280155642, 71.01167315175097, 32.782101167315176, 81.80933852140078, 89.39688715953308, 15.17509727626459, 79.08560311284047, 80.44747081712062, 46.88715953307393, 88.03501945525292, 78.21011673151752, 95.52529182879377, 84.92217898832685, 84.43579766536965, 49.221789883268485, 83.07392996108949, 93.8715953307393, 93.67704280155642, 68.96887159533074, 93.8715953307393, 97.56809338521401, 98.05447470817121, 94.16342412451363, 98.15175097276264, 98.92996108949416, 98.5408560311284, 98.83268482490273, 97.17898832684826, 98.15175097276264, 97.76264591439688, 98.44357976653697, 99.41634241245136, 98.24902723735408, 96.78988326848248, 98.63813229571984, 99.5136186770428, 99.12451361867704, 97.95719844357977, 99.12451361867704, 99.80544747081711, 98.5408560311284]
loss_list=[0.5090690867075285, 0.24534949995520572, 0.19900870756720576, 0.16082471145461386, 0.13503031534131807, 0.0974519545855919, 0.09054600478722445, 0.08121341506509862, 0.08066660730007778, 0.07004350779753817, 0.10657538905937786, 0.09233394389504111, 0.08215232421375365, 0.06549524469008229, 0.06432790695290609, 0.054985532933453166, 0.04465312400473243, 0.04406062264606884, 0.052565678432399156, 0.04839385275162852, 0.05445358711338804, 0.05855132003647203, 0.043527321534551966, 0.04178833263707491, 0.06139829024833437, 0.048663118259213795, 0.04341937271217989, 0.03932928159870654, 0.040871862914574716, 0.031310368548607345, 0.035508646583276474, 0.039467321789433456, 0.034456377815170705, 0.03746318003899241, 0.03525999067706704, 0.03687503534772705, 0.03105864512448293, 0.028175413148978333, 0.036063259115850316, 0.027154101460350313, 0.03657783483230739, 0.02710982136564142, 0.03532933022354408, 0.02559252011256498, 0.03182150432713932, 0.029268080218368072, 0.02529306460149613, 0.03174848317799765, 0.028705763075031764, 0.02914946433634605, 0.03079891685879566, 0.02811141346090334, 0.03270966037561061, 0.03342632137878543, 0.02973730332109513, 0.035614099661690796, 0.026215993422224686, 0.021210423398656367, 0.03236856312333193, 0.02586152008143324, 0.021668430465170228, 0.025406208957103753, 0.027085683793915336, 0.02670594551846634, 0.02582938998541574, 0.02468026170734356, 0.022209440883813904, 0.023888048834808728, 0.023587503659201856, 0.02116430915146565, 0.024456923860382798, 0.021159716375659107, 0.021347505387923946, 0.020092540790528798, 0.024897208294773984, 0.017641631661618886, 0.02363405632301908, 0.02417588550058676, 0.019092304377360512, 0.026109795349712535, 0.018685510695239892, 0.0222979463718382, 0.016305270725554044, 0.022990603063047066, 0.02097842975932792, 0.024298025215587278, 0.020088027508985005, 0.020771491209775818, 0.019658561765334225, 0.021592035524160273, 0.01967726478551067, 0.021007415504362605, 0.016386067858865042, 0.01891569048637591, 0.020740907540817203, 0.02137583941002498, 0.019525615077635772, 0.019131547139982507, 0.018698287996800702, 0.02087455193814739]
BBSR:99.81
ABSR:98.72
max acc:98.8
