======================================
    IID: 0
    Dataset: mnist
    Model: Mnist_CNN
    Model Init: None
    Aggregation Function: RLR
    Fraction NonIID: 0
    Long attack: 4
    Wide attack: 4
    Wide attack: trust
    Threshold reject: 0.5
    Threshold down: 0.0
    Attack method: badnet
    Fraction of malicious agents: 13.0%
    Poison Frac: 0.2
    Backdoor From 7 to 2
    Attack Begin: 0
    Trigger Shape: square
    Type poisoning: pgd
    Trigger Position X: 0
    Trigger Position Y: 0
    Number of agents: 100
    Fraction of agents each turn: 30(30.0%)
    Local batch size: 50
    Local epoch: 3
    Client_LR: 0.01
    Client_Momentum: 0.9
    Global Rounds: 100
    RobustLR_threshold: 4
======================================
main_task_accuracy=[0, 30.790000915527344, 33.400001525878906, 42.91999816894531, 50.4900016784668, 70.4000015258789, 69.72000122070312, 83.30000305175781, 82.72000122070312, 78.44999694824219, 80.06999969482422, 83.75, 84.12000274658203, 92.69000244140625, 89.72000122070312, 92.26000213623047, 91.68000030517578, 88.29000091552734, 92.66000366210938, 92.88999938964844, 90.25, 80.51000213623047, 78.91000366210938, 92.08999633789062, 93.8499984741211, 95.01000213623047, 91.79000091552734, 94.66000366210938, 95.04000091552734, 95.06999969482422, 95.29000091552734, 94.56999969482422, 94.80000305175781, 95.18000030517578, 94.95999908447266, 94.66000366210938, 95.61000061035156, 96.13999938964844, 94.68000030517578, 94.4800033569336, 95.4800033569336, 95.75, 95.37999725341797, 95.80999755859375, 95.2300033569336, 89.6500015258789, 93.66999816894531, 91.91000366210938, 95.58000183105469, 95.79000091552734, 96.22000122070312, 95.95999908447266, 95.88999938964844, 95.81999969482422, 95.75, 95.56999969482422, 96.25, 95.51000213623047, 96.66000366210938, 96.52999877929688, 95.6500015258789, 96.86000061035156, 96.69000244140625, 96.47000122070312, 96.4000015258789, 96.4000015258789, 96.80999755859375, 96.87000274658203, 97.12999725341797, 96.2300033569336, 96.87999725341797, 96.52999877929688, 96.58000183105469, 95.41999816894531, 96.2300033569336, 96.87999725341797, 96.55999755859375, 96.5199966430664, 97.11000061035156, 96.9800033569336, 97.2300033569336, 97.12000274658203, 96.6500015258789, 96.80000305175781, 96.83000183105469, 95.62000274658203, 92.33999633789062, 95.80000305175781, 96.23999786376953, 96.9000015258789, 96.91999816894531, 96.69000244140625, 97.02999877929688, 97.20999908447266, 96.2699966430664, 97.13999938964844, 97.05000305175781, 97.02999877929688, 97.11000061035156, 97.25, 97.1500015258789]
backdoor_accuracy=[0, 0.0, 2.3346303501945527, 0.0, 0.0, 18.28793774319066, 0.0, 2.237354085603113, 3.7937743190661477, 0.7782101167315175, 5.155642023346304, 0.19455252918287938, 5.933852140077821, 2.7237354085603114, 2.140077821011673, 2.3346303501945527, 2.140077821011673, 9.922178988326849, 2.431906614785992, 7.879377431906615, 1.556420233463035, 13.229571984435797, 0.48638132295719844, 2.6264591439688716, 2.431906614785992, 1.9455252918287937, 7.587548638132295, 3.21011673151751, 2.431906614785992, 2.0428015564202333, 2.431906614785992, 2.7237354085603114, 2.529182879377432, 2.431906614785992, 1.4591439688715953, 2.3346303501945527, 1.556420233463035, 1.7509727626459144, 6.22568093385214, 1.6536964980544746, 2.140077821011673, 1.9455252918287937, 2.3346303501945527, 2.529182879377432, 0.38910505836575876, 1.264591439688716, 1.3618677042801557, 5.252918287937743, 0.2918287937743191, 0.8754863813229572, 1.4591439688715953, 1.4591439688715953, 1.264591439688716, 1.7509727626459144, 1.556420233463035, 0.8754863813229572, 2.140077821011673, 2.0428015564202333, 2.6264591439688716, 2.140077821011673, 0.8754863813229572, 1.4591439688715953, 1.4591439688715953, 2.140077821011673, 1.556420233463035, 1.3618677042801557, 1.4591439688715953, 1.3618677042801557, 1.6536964980544746, 1.0700389105058365, 1.556420233463035, 3.307392996108949, 1.0700389105058365, 0.2918287937743191, 1.4591439688715953, 1.8482490272373542, 0.5836575875486382, 1.9455252918287937, 1.0700389105058365, 0.48638132295719844, 1.1673151750972763, 1.556420233463035, 0.7782101167315175, 1.4591439688715953, 0.9727626459143969, 2.3346303501945527, 0.19455252918287938, 0.19455252918287938, 1.0700389105058365, 1.6536964980544746, 1.264591439688716, 1.264591439688716, 3.0155642023346303, 2.237354085603113, 0.6809338521400778, 1.3618677042801557, 0.48638132295719844, 0.7782101167315175, 0.2918287937743191, 2.431906614785992, 1.264591439688716]
loss_list=[0.5071288702527753, 0.35088144400727816, 0.24322788252573357, 0.23051846350588576, 0.23720333367469773, 0.2028605507729386, 0.14847444669636137, 0.14868546294002644, 0.11549682571659008, 0.09117500805892818, 0.08692934567441829, 0.1248425906156387, 0.10500941430346833, 0.07879403638701654, 0.07913506986657813, 0.06981996195600258, 0.08752959459823666, 0.08528548456199925, 0.08114241561910297, 0.0745696554572267, 0.08705149203487154, 0.08944625128424656, 0.11394297289484093, 0.06922865014977247, 0.06667207198267763, 0.060306644854081076, 0.07321098369145054, 0.07294907300823374, 0.05991428081479249, 0.0696858232029168, 0.06449727124136495, 0.056975363306857645, 0.07325985166757769, 0.04829971937087243, 0.07499535563124846, 0.06429401401540466, 0.05960088325063624, 0.056495187554875724, 0.05928669249369104, 0.05820378228515255, 0.050573811200066834, 0.040961672987975116, 0.05812483195515858, 0.05222395476882679, 0.05730402893094991, 0.0660994019615923, 0.05273753279005724, 0.06226403646545596, 0.059470021779796566, 0.051284508296031546, 0.04787323848039966, 0.052687025498900066, 0.04175722730340644, 0.04152794409135274, 0.058295943038031255, 0.05097028540365272, 0.04740013739307442, 0.0514551876758375, 0.04363955965069334, 0.038765762225314436, 0.049305745795473435, 0.04412152623752381, 0.041511474015007786, 0.04391090929179098, 0.04858374232703078, 0.04741148791829983, 0.042167471133112075, 0.047351373079849525, 0.0365204738672913, 0.044879411555801836, 0.04390092620773867, 0.05062643979944456, 0.04929219836467762, 0.044160967859538394, 0.04032563632338774, 0.04051466780895214, 0.03905848693377391, 0.04764614364871273, 0.042074408606192194, 0.04166238903539407, 0.044551594187971715, 0.04028668963659939, 0.0422962074520096, 0.03953009213939353, 0.04435889450365825, 0.04803694591475754, 0.053171428679564245, 0.046746587306954315, 0.03885788087793767, 0.03535405320820095, 0.04186761200455545, 0.04757506715337405, 0.04195935943510127, 0.04491242203966376, 0.03997658110267695, 0.042656313942999874, 0.039832168846324886, 0.04049354496561987, 0.03629507771753702, 0.0357626807619628]
BBSR:3.02
ABSR:1.38
max acc:97.25
