======================================
    IID: 0
    Dataset: mnist
    Model: Mnist_CNN
    Model Init: None
    Aggregation Function: avg
    Fraction NonIID: 0
    Long attack: 3
    Wide attack: 3
    Wide attack: trust
    Threshold reject: 0.5
    Threshold down: 0.0
    Attack method: badnet
    Fraction of malicious agents: 30.0%
    Poison Frac: 0.2
    Backdoor From 7 to 2
    Attack Begin: 0
    Trigger Shape: square
    Type poisoning: cs
    Trigger Position X: 0
    Trigger Position Y: 0
    Number of agents: 100
    Fraction of agents each turn: 30(30.0%)
    Local batch size: 50
    Local epoch: 3
    Client_LR: 0.01
    Client_Momentum: 0.9
    Global Rounds: 100
======================================
main_task_accuracy=[0, 39.11000061035156, 41.0, 61.560001373291016, 54.290000915527344, 69.31999969482422, 64.58000183105469, 76.98999786376953, 74.4000015258789, 89.0999984741211, 91.86000061035156, 91.87999725341797, 92.37000274658203, 93.18000030517578, 93.73999786376953, 94.20999908447266, 94.11000061035156, 94.30000305175781, 93.86000061035156, 93.05999755859375, 95.45999908447266, 95.41000366210938, 92.8499984741211, 95.33999633789062, 95.43000030517578, 95.87000274658203, 94.37000274658203, 94.66000366210938, 94.16000366210938, 94.1500015258789, 96.06999969482422, 95.2300033569336, 96.56999969482422, 96.58000183105469, 96.51000213623047, 96.83000183105469, 96.4800033569336, 96.7300033569336, 97.2300033569336, 96.5999984741211, 97.0, 96.26000213623047, 97.13999938964844, 96.37000274658203, 96.76000213623047, 97.62999725341797, 97.51000213623047, 96.91999816894531, 97.38999938964844, 97.37999725341797, 97.33999633789062, 97.7300033569336, 97.2699966430664, 97.73999786376953, 98.0999984741211, 97.62000274658203, 97.11000061035156, 97.58000183105469, 97.9800033569336, 97.6500015258789, 97.0999984741211, 98.0199966430664, 97.80999755859375, 98.08999633789062, 98.11000061035156, 97.86000061035156, 97.73999786376953, 98.0, 97.95999908447266, 97.94999694824219, 98.19000244140625, 97.97000122070312, 98.05000305175781, 97.66000366210938, 98.30999755859375, 98.20999908447266, 98.1500015258789, 97.83999633789062, 98.16999816894531, 98.1500015258789, 98.27999877929688, 98.08000183105469, 98.16000366210938, 98.2300033569336, 98.38999938964844, 98.30999755859375, 98.08000183105469, 97.66000366210938, 98.06999969482422, 98.0999984741211, 98.2699966430664, 98.08999633789062, 98.37999725341797, 98.45999908447266, 98.12999725341797, 98.33000183105469, 98.22000122070312, 98.13999938964844, 98.29000091552734, 98.2699966430664, 98.41000366210938]
backdoor_accuracy=[0, 8.560311284046692, 0.09727626459143969, 14.007782101167315, 2.9182879377431905, 25.389105058365757, 6.128404669260701, 12.354085603112841, 28.891050583657588, 10.894941634241246, 13.618677042801556, 25.291828793774318, 4.669260700389105, 55.73929961089494, 27.237354085603112, 42.80155642023346, 95.42801556420234, 62.64591439688716, 91.63424124513618, 94.8443579766537, 91.147859922179, 89.29961089494164, 99.5136186770428, 99.5136186770428, 99.90272373540856, 100.0, 100.0, 100.0, 99.61089494163424, 100.0, 99.90272373540856, 100.0, 99.5136186770428, 100.0, 99.41634241245136, 99.90272373540856, 99.70817120622569, 98.73540856031128, 100.0, 100.0, 100.0, 100.0, 100.0, 100.0, 100.0, 100.0, 100.0, 100.0, 100.0, 100.0, 100.0, 100.0, 100.0, 100.0, 100.0, 100.0, 100.0, 100.0, 100.0, 100.0, 100.0, 100.0, 100.0, 100.0, 100.0, 100.0, 100.0, 100.0, 100.0, 100.0, 100.0, 100.0, 100.0, 100.0, 100.0, 100.0, 100.0, 100.0, 100.0, 100.0, 100.0, 100.0, 100.0, 100.0, 100.0, 100.0, 100.0, 100.0, 100.0, 100.0, 100.0, 100.0, 100.0, 100.0, 100.0, 100.0, 100.0, 100.0, 100.0, 100.0, 100.0]
loss_list=[0.4971406604827757, 0.290978285322755, 0.18099887679824173, 0.1501231314075169, 0.15780200666703117, 0.17905224713498624, 0.10569709715556501, 0.13645616366449034, 0.10757299840271758, 0.08240493025729957, 0.07591136814972957, 0.06448072651152631, 0.06360185369602311, 0.054166975224581165, 0.06297753871040211, 0.05713666863153831, 0.05518208056118012, 0.0573931534959154, 0.053788530611243106, 0.054816318853873496, 0.053128962405053874, 0.04889132711033669, 0.05390505647493513, 0.04275470718228452, 0.047906120915658754, 0.04078156212840879, 0.04869156218132915, 0.054668948547710136, 0.042743292293782605, 0.047854577771603554, 0.0343445253489856, 0.0474736132035823, 0.041083843212246535, 0.03800257212317201, 0.03861643231425705, 0.03318843514570883, 0.03904478260353315, 0.03472898999206767, 0.03845949754900413, 0.02933822383282036, 0.04149535141560174, 0.030133555355280492, 0.03703450458053554, 0.03208308558831806, 0.037542557806436706, 0.030100989248805686, 0.0419899652120227, 0.028636645867587, 0.030461594421687145, 0.024819605495539885, 0.02623164072046317, 0.029486630668935525, 0.02780284943447903, 0.03191622038477393, 0.024442637326005143, 0.02118471139825481, 0.028115518812745745, 0.02916928709564131, 0.022939172477965418, 0.026619751634869022, 0.02679686766768793, 0.02880615095483027, 0.032615777873888925, 0.026179422994186255, 0.023991841009216974, 0.025639166382443082, 0.02269788760578041, 0.019374383401110785, 0.022399202568415537, 0.02194514701254152, 0.023509260948035297, 0.026141930313704646, 0.01825250160008477, 0.031063506206655545, 0.023300510112756852, 0.020384921249248105, 0.021446386505004227, 0.019872994050412766, 0.021022681152873635, 0.02440591394489797, 0.020555860416721885, 0.022965537171118336, 0.024302574929007757, 0.02381846016518616, 0.0186699158554371, 0.018015825027566743, 0.020209045258937717, 0.021764808249484412, 0.01955299847104279, 0.02235456325243185, 0.022432733009607395, 0.01985094013519045, 0.02354961983643833, 0.014115877909985902, 0.024923043384251612, 0.017253322528169794, 0.017556534226239054, 0.01721815387580071, 0.019028336518593814, 0.016856512568969955]
BBSR:100.0
ABSR:100.0
max acc:98.46
