======================================
    IID: 0
    Dataset: mnist
    Model: Mnist_CNN
    Model Init: None
    Aggregation Function: flame
    Fraction NonIID: 0
    Long attack: 4
    Wide attack: 4
    Wide attack: trust
    Threshold reject: 0.5
    Threshold down: 0.0
    Attack method: badnet
    Fraction of malicious agents: 13.0%
    Poison Frac: 0.2
    Backdoor From 7 to 2
    Attack Begin: 0
    Trigger Shape: square
    Type poisoning: pgd
    Trigger Position X: 0
    Trigger Position Y: 0
    Number of agents: 100
    Fraction of agents each turn: 30(30.0%)
    Local batch size: 50
    Local epoch: 3
    Client_LR: 0.01
    Client_Momentum: 0.9
    Global Rounds: 100
    Noise in FLAME: 0.001
proportion of malicious are selected:0.78
proportion of benign are selected:0.5414814814814815
======================================
main_task_accuracy=[0, 26.5, 30.899999618530273, 20.290000915527344, 49.04999923706055, 62.36000061035156, 69.68000030517578, 64.68000030517578, 72.70999908447266, 73.76000213623047, 75.0999984741211, 74.25, 72.87999725341797, 73.44999694824219, 71.08000183105469, 77.08999633789062, 77.05000305175781, 76.55999755859375, 74.79000091552734, 70.0999984741211, 74.8499984741211, 73.20999908447266, 72.95999908447266, 72.68000030517578, 78.5999984741211, 78.4000015258789, 76.58000183105469, 75.22000122070312, 76.54000091552734, 75.2300033569336, 75.41000366210938, 72.91999816894531, 77.44000244140625, 78.91999816894531, 77.72000122070312, 77.44000244140625, 76.08999633789062, 79.11000061035156, 78.12000274658203, 77.80999755859375, 79.08000183105469, 79.31999969482422, 78.66999816894531, 79.36000061035156, 79.19000244140625, 79.31999969482422, 78.02999877929688, 78.87000274658203, 78.8499984741211, 79.41999816894531, 79.13999938964844, 76.9800033569336, 79.23999786376953, 79.0, 79.0, 78.97000122070312, 78.77999877929688, 78.22000122070312, 78.7699966430664, 78.5999984741211, 78.72000122070312, 77.63999938964844, 77.41000366210938, 79.98999786376953, 80.47000122070312, 79.69000244140625, 80.43000030517578, 80.54000091552734, 80.70999908447266, 80.69999694824219, 80.18000030517578, 79.55999755859375, 80.16000366210938, 80.62000274658203, 80.83999633789062, 80.12999725341797, 80.56999969482422, 79.26000213623047, 80.30999755859375, 79.94000244140625, 78.76000213623047, 81.29000091552734, 80.81999969482422, 81.37000274658203, 81.63999938964844, 81.25, 80.94999694824219, 81.25, 81.6500015258789, 80.98999786376953, 81.18000030517578, 81.06999969482422, 81.18000030517578, 82.12000274658203, 82.73999786376953, 82.5199966430664, 82.88999938964844, 82.70999908447266, 82.3499984741211, 81.9000015258789, 82.5199966430664]
backdoor_accuracy=[0, 0.0, 0.0, 70.42801556420234, 0.38910505836575876, 2.237354085603113, 2.0428015564202333, 1.6536964980544746, 0.5836575875486382, 3.9883268482490273, 2.0428015564202333, 1.264591439688716, 0.7782101167315175, 0.48638132295719844, 0.19455252918287938, 2.6264591439688716, 0.8754863813229572, 2.3346303501945527, 2.529182879377432, 0.7782101167315175, 4.669260700389105, 1.264591439688716, 2.0428015564202333, 2.431906614785992, 3.21011673151751, 3.11284046692607, 6.517509727626459, 11.089494163424124, 3.8910505836575875, 0.7782101167315175, 0.7782101167315175, 0.5836575875486382, 13.618677042801556, 6.906614785992218, 3.0155642023346303, 3.501945525291829, 2.431906614785992, 6.42023346303502, 2.0428015564202333, 1.8482490272373542, 11.673151750972762, 7.587548638132295, 6.3229571984435795, 8.754863813229573, 3.8910505836575875, 3.6964980544747084, 23.540856031128406, 5.933852140077821, 6.128404669260701, 8.073929961089494, 5.155642023346304, 2.3346303501945527, 10.505836575875486, 5.836575875486381, 7.684824902723736, 4.474708171206226, 4.961089494163424, 3.7937743190661477, 7.2957198443579765, 3.5992217898832686, 5.933852140077821, 2.6264591439688716, 2.431906614785992, 42.217898832684824, 31.90661478599222, 55.83657587548638, 22.08171206225681, 16.05058365758755, 78.01556420233463, 96.78988326848248, 83.852140077821, 90.07782101167315, 88.715953307393, 97.76264591439688, 71.98443579766537, 97.37354085603113, 94.3579766536965, 91.05058365758755, 96.3035019455253, 99.22178988326849, 97.76264591439688, 99.61089494163424, 99.22178988326849, 97.66536964980544, 99.41634241245136, 99.22178988326849, 99.90272373540856, 100.0, 100.0, 99.70817120622569, 99.80544747081711, 99.12451361867704, 98.92996108949416, 99.70817120622569, 99.70817120622569, 100.0, 99.70817120622569, 100.0, 100.0, 100.0, 100.0]
loss_list=[0.4781284609638824, 0.2611138827261693, 0.3497364269411248, 0.36039370785283115, 0.24395583132919677, 0.19150954556832164, 0.15962038262510278, 0.17135398026688806, 0.17071177211834557, 0.1628747728401587, 0.14855407663121858, 0.13453600487089093, 0.15145745564525429, 0.10696172024607717, 0.1822632953098472, 0.14202052088678557, 0.14074572455122622, 0.0944898300407102, 0.13639629993052405, 0.10452440100403211, 0.14032001703228117, 0.1307430243816584, 0.12400835017617781, 0.12381749235742562, 0.14073215382620055, 0.11587747008787577, 0.10483353530283596, 0.10052630681278847, 0.09489595445758874, 0.12020201648816027, 0.0919486310486295, 0.11292581039161899, 0.11940134767554986, 0.09373582630931834, 0.09748555981492292, 0.07839646114960698, 0.11372449181800785, 0.10305273366280712, 0.0928362001456535, 0.11560525471411033, 0.10065875074968143, 0.08186620719763038, 0.11181544393221632, 0.08454564169160346, 0.09106617875460536, 0.1045448623358372, 0.10030807911720047, 0.10293993705981595, 0.09703177971902191, 0.08036414980110716, 0.10087437856716709, 0.09509680458519858, 0.08747046787993322, 0.0800043358912124, 0.09285889055725567, 0.10734770039981918, 0.08777942349034369, 0.09152138118744653, 0.09875574455591471, 0.09900323453502075, 0.08484321754372562, 0.08037300599586693, 0.09908231742402777, 0.06897947528026788, 0.10602514136984925, 0.09331049795807572, 0.07829358387556169, 0.10350529452872546, 0.08336759769419243, 0.08885189643154577, 0.06828116715276739, 0.1082113106670762, 0.08699229290938136, 0.07773816426306772, 0.08456501221569486, 0.09696338186605585, 0.08844721579821786, 0.1030162577675551, 0.08498987522566433, 0.08122877294575735, 0.1025940963335714, 0.07141928675850916, 0.06609160383552318, 0.06318711724650045, 0.10266375145978954, 0.08385400343027098, 0.09213591411656691, 0.09087541802273867, 0.07971365492726522, 0.09207541401444144, 0.09822165882958879, 0.07820172606745156, 0.10761226066275396, 0.09639668128181592, 0.08018873373062796, 0.07290291061513536, 0.09658285906146458, 0.06523529850582344, 0.10704123743687365, 0.0619744060966217]
BBSR:100.0
ABSR:99.72
max acc:82.89
