======================================
    IID: 1
    Dataset: cifar
    Model: resnet
    Model Init: None
    Aggregation Function: avg
    Fraction NonIID: 0
    Long attack: 3
    Wide attack: 3
    Wide attack: trust
    Threshold reject: 0.5
    Threshold down: 0.0
    Attack method: dba
    Fraction of malicious agents: 13.0%
    Poison Frac: 0.2
    Backdoor From 7 to 2
    Attack Begin: 0
    Trigger Shape: square
    Type poisoning: 
    Trigger Position X: 0
    Trigger Position Y: 0
    Number of agents: 100
    Fraction of agents each turn: 30(30.0%)
    Local batch size: 50
    Local epoch: 3
    Client_LR: 0.01
    Client_Momentum: 0.9
    Global Rounds: 100
======================================
main_task_accuracy=[0, 9.970000267028809, 26.850000381469727, 43.15999984741211, 42.38999938964844, 50.34000015258789, 52.720001220703125, 56.959999084472656, 58.7599983215332, 60.97999954223633, 61.529998779296875, 63.790000915527344, 63.290000915527344, 63.099998474121094, 65.25, 65.93000030517578, 66.16000366210938, 65.9800033569336, 66.2699966430664, 67.69999694824219, 67.58000183105469, 68.33999633789062, 68.38999938964844, 69.48999786376953, 69.55000305175781, 68.08000183105469, 69.69000244140625, 69.6500015258789, 70.94000244140625, 70.27999877929688, 71.23999786376953, 69.7300033569336, 71.19000244140625, 71.5199966430664, 71.91999816894531, 71.79000091552734, 72.4000015258789, 72.05000305175781, 72.5199966430664, 72.51000213623047, 72.62999725341797, 72.87999725341797, 72.95999908447266, 72.81999969482422, 72.81999969482422, 73.27999877929688, 73.01000213623047, 72.70999908447266, 72.97000122070312, 72.94000244140625, 72.98999786376953, 72.8499984741211, 72.87999725341797, 73.22000122070312, 73.08999633789062, 72.91000366210938, 72.73999786376953, 72.83999633789062, 73.19999694824219, 73.0, 72.94999694824219, 73.0, 72.91000366210938, 73.01000213623047, 72.81999969482422, 72.87999725341797, 72.79000091552734, 72.73999786376953, 72.86000061035156, 72.95999908447266, 72.87999725341797, 72.95999908447266, 72.83000183105469, 72.91999816894531, 73.02999877929688, 72.94999694824219, 72.87000274658203, 72.91999816894531, 72.91000366210938, 72.77999877929688, 72.76000213623047, 72.80000305175781, 72.9000015258789, 72.76000213623047, 72.77999877929688, 72.70999908447266, 72.69000244140625, 72.73999786376953, 72.6500015258789, 72.6500015258789, 72.7300033569336, 72.69000244140625, 72.69999694824219, 72.69999694824219, 72.6500015258789, 72.66999816894531, 72.61000061035156, 72.75, 72.66999816894531, 72.72000122070312, 72.47000122070312]
backdoor_accuracy=[0, 0.0, 1.7, 3.6, 4.6, 2.3, 3.1, 4.5, 2.6, 1.1, 3.0, 1.5, 1.2, 1.9, 1.4, 0.9, 1.3, 1.9, 1.0, 1.7, 1.5, 2.2, 0.9, 1.7, 1.7, 1.4, 1.8, 1.9, 2.2, 2.6, 1.9, 1.7, 1.4, 2.7, 1.8, 1.9, 2.5, 1.9, 2.2, 2.4, 2.7, 2.9, 1.9, 4.2, 2.6, 3.7, 2.4, 2.4, 4.9, 2.7, 3.7, 3.4, 4.6, 3.7, 3.2, 3.8, 3.4, 4.1, 4.1, 3.0, 3.0, 3.6, 3.4, 3.6, 3.0, 4.1, 3.7, 4.3, 3.9, 3.7, 4.7, 4.7, 4.5, 4.1, 4.4, 3.9, 4.4, 4.3, 4.4, 4.0, 4.8, 4.7, 4.6, 4.9, 4.5, 4.9, 4.8, 4.7, 3.7, 4.8, 4.3, 5.0, 4.7, 4.9, 4.9, 5.1, 4.7, 4.9, 5.1, 5.0, 3.8]
loss_list=[2.006323444445928, 1.5651003064049618, 1.1266885235243373, 0.9812772520548769, 0.7740252389924394, 0.6703228156392772, 0.6156439414330653, 0.5646421728697089, 0.4968242615171604, 0.4855190238046149, 0.4154293508558638, 0.45499152714386576, 0.3709655610906581, 0.4018939408680631, 0.3510403445259565, 0.3469475196881427, 0.31075291299571595, 0.3050192051453308, 0.31611818440982853, 0.2608765020754395, 0.2583862195101877, 0.22920248152481185, 0.2511243405632882, 0.21371437316838027, 0.257009025994533, 0.1968347804439772, 0.18165754053379513, 0.15161088351341379, 0.16328413684968837, 0.14549017205970205, 0.17020521633818536, 0.13819490125635642, 0.11408883743803017, 0.15280561837522935, 0.11541985417987842, 0.08705424761567783, 0.10576239343202257, 0.10622750450992803, 0.10576945291980841, 0.06291970410384237, 0.040970233048946175, 0.05627123242839135, 0.03890573952896779, 0.045797394452901145, 0.022834801118846774, 0.020098306451432617, 0.037704492876687756, 0.023635543048116648, 0.008758961256017855, 0.012216670066053564, 0.01739085355220595, 0.039441237101725875, 0.009110323469633134, 0.007035231705813205, 0.00980696931352011, 0.00555524695963767, 0.005850534970668377, 0.007985420146497845, 0.020867654513810226, 0.004410524273941216, 0.002656746600550832, 0.010673173184881712, 0.0030906233173704505, 0.002714438401971063, 0.0025294801315046953, 0.0035105734706222494, 0.0014799161425293685, 0.002366490626170869, 0.0017500031677223488, 0.008887812564531082, 0.0033113959466896234, 0.0018853277070674166, 0.00249287614670013, 0.0021294460369164075, 0.0034495115246843656, 0.004506011856250957, 0.001697411366904917, 0.0010568539444324823, 0.0026054240530356764, 0.0010706266677475975, 0.0010390887940350995, 0.0010069712859533159, 0.0025455399821900457, 0.0016057892825564423, 0.000993499337734344, 0.001097963349222684, 0.0009778705978614097, 0.0021773300125399455, 0.0013362749067730168, 0.0011805875179399863, 0.0018031792888036254, 0.0016771200689173482, 0.0008252175490876349, 0.0007318486535223201, 0.0008250406484552915, 0.0010076390603030129, 0.0006961922701803918, 0.0007124530081920158, 0.0007257541929963434, 0.00298044583887127]
BBSR:5.1
ABSR:4.81
max acc:72.75
