======================================
    IID: 0
    Dataset: mnist
    Model: Mnist_CNN
    Model Init: None
    Aggregation Function: fltrust
    Fraction NonIID: 0
    Long attack: 3
    Wide attack: 3
    Wide attack: trust
    Threshold reject: 0.5
    Threshold down: 0.0
    Attack method: dba
    Fraction of malicious agents: 30.0%
    Poison Frac: 0.2
    Backdoor From 7 to 2
    Attack Begin: 0
    Trigger Shape: square
    Type poisoning: 
    Trigger Position X: 0
    Trigger Position Y: 0
    Number of agents: 100
    Fraction of agents each turn: 30(30.0%)
    Local batch size: 50
    Local epoch: 3
    Client_LR: 0.01
    Client_Momentum: 0.9
    Global Rounds: 100
    Dataset In Server: 200
======================================
main_task_accuracy=[0, 38.060001373291016, 35.7599983215332, 71.7300033569336, 56.63999938964844, 73.37999725341797, 72.20999908447266, 74.7699966430664, 77.2699966430664, 82.94000244140625, 77.31999969482422, 70.88999938964844, 85.20999908447266, 87.05000305175781, 89.5199966430664, 86.94000244140625, 88.76000213623047, 91.16000366210938, 83.87000274658203, 88.77999877929688, 92.19000244140625, 91.02999877929688, 92.55999755859375, 91.0999984741211, 91.51000213623047, 92.86000061035156, 91.5999984741211, 94.02999877929688, 92.9000015258789, 94.79000091552734, 90.19000244140625, 92.5199966430664, 94.52999877929688, 90.05999755859375, 93.26000213623047, 93.79000091552734, 95.66000366210938, 94.80000305175781, 92.87000274658203, 95.68000030517578, 93.01000213623047, 95.19000244140625, 95.47000122070312, 92.0199966430664, 95.63999938964844, 94.80000305175781, 95.47000122070312, 95.91000366210938, 96.12999725341797, 96.01000213623047, 95.75, 96.13999938964844, 96.4000015258789, 94.43000030517578, 95.33000183105469, 95.45999908447266, 96.80999755859375, 95.62999725341797, 96.0, 96.5199966430664, 96.0, 96.52999877929688, 94.52999877929688, 95.37000274658203, 96.37999725341797, 96.81999969482422, 96.06999969482422, 96.56999969482422, 96.44000244140625, 95.88999938964844, 96.4800033569336, 97.1500015258789, 94.80999755859375, 97.44999694824219, 96.41999816894531, 97.08000183105469, 96.62000274658203, 96.9000015258789, 96.54000091552734, 97.05000305175781, 97.43000030517578, 96.91000366210938, 97.4000015258789, 94.11000061035156, 97.19000244140625, 96.9000015258789, 96.8499984741211, 96.9800033569336, 97.16999816894531, 96.94000244140625, 97.58999633789062, 96.44999694824219, 97.36000061035156, 96.30999755859375, 97.87000274658203, 96.05999755859375, 97.45999908447266, 97.51000213623047, 97.58999633789062, 96.75, 97.70999908447266]
backdoor_accuracy=[0, 94.55252918287938, 1.7509727626459144, 18.48249027237354, 2.3346303501945527, 7.101167315175097, 7.003891050583658, 1.556420233463035, 7.976653696498055, 6.809338521400778, 7.587548638132295, 4.961089494163424, 12.354085603112841, 7.2957198443579765, 9.24124513618677, 9.630350194552529, 10.797665369649806, 4.377431906614786, 17.996108949416342, 2.529182879377432, 15.077821011673151, 5.642023346303502, 18.48249027237354, 4.377431906614786, 28.11284046692607, 4.377431906614786, 21.40077821011673, 4.961089494163424, 12.062256809338521, 11.867704280155642, 16.731517509727627, 10.019455252918288, 13.813229571984436, 12.354085603112841, 6.42023346303502, 21.69260700389105, 10.992217898832685, 8.852140077821012, 28.50194552529183, 7.490272373540856, 29.766536964980546, 18.19066147859922, 18.96887159533074, 18.28793774319066, 20.136186770428015, 22.859922178988327, 21.49805447470817, 15.369649805447471, 26.945525291828794, 32.5875486381323, 12.256809338521402, 35.40856031128405, 29.182879377431906, 34.143968871595334, 57.68482490272373, 51.070038910505836, 30.544747081712064, 38.2295719844358, 85.21400778210116, 24.027237354085603, 76.84824902723736, 45.3307392996109, 87.93774319066148, 61.284046692607006, 86.18677042801556, 48.44357976653696, 83.26848249027238, 52.237354085603116, 89.39688715953308, 68.09338521400778, 83.36575875486382, 36.38132295719844, 96.10894941634241, 26.945525291828794, 72.37354085603113, 53.30739299610895, 79.76653696498055, 83.852140077821, 91.53696498054475, 89.10505836575875, 77.43190661478599, 86.38132295719845, 95.52529182879377, 84.63035019455253, 88.42412451361868, 93.28793774319067, 93.77431906614785, 86.08949416342412, 92.21789883268482, 92.80155642023347, 87.15953307392996, 86.67315175097276, 97.08171206225681, 93.09338521400778, 91.34241245136187, 92.70428015564202, 90.27237354085604, 96.10894941634241, 79.6692607003891, 99.41634241245136, 87.54863813229572]
loss_list=[0.49295434321509135, 0.37744015706390033, 0.3335657141776165, 0.2720115692967907, 0.22439757541748487, 0.17639030186012877, 0.18184518616097242, 0.1412347339124927, 0.13293575610895614, 0.11687848633283025, 0.1273291727828362, 0.12646526008016615, 0.11220360613792797, 0.09629879442938272, 0.08620559539534202, 0.08295479910177693, 0.10049546410138549, 0.08404828760739971, 0.08129214431345334, 0.07819984049821674, 0.07562590336716325, 0.07998425649064882, 0.07892990172833804, 0.0756603321889033, 0.06458872563250427, 0.06359259422752782, 0.08531077248800986, 0.06419746372844116, 0.059059623585729505, 0.06344299779052373, 0.07947919913115771, 0.054574930477311975, 0.06189768468735883, 0.062441900179004875, 0.05759080181156131, 0.05199817406458987, 0.06315675381272554, 0.04984242602591259, 0.05179112828844045, 0.04755291055299851, 0.055962408671802175, 0.046532193769468426, 0.03817281937758258, 0.0498910421333099, 0.04863896951460823, 0.04296167481182551, 0.05536232712824095, 0.04647500718688418, 0.03795919318473774, 0.04252031339993245, 0.05677167279099787, 0.03800823789688083, 0.047902455016717825, 0.04078391241249265, 0.042410134249378825, 0.04246726992915538, 0.04596623417391502, 0.03771608468371287, 0.03528815437010725, 0.04089470968610873, 0.0422630784157534, 0.040046546201374045, 0.04290514775639725, 0.040947258967039005, 0.0337030674723296, 0.03973275887489196, 0.045130278711039494, 0.0374653880369422, 0.031152896664322086, 0.040784792012724495, 0.03299057960264167, 0.03589827809684833, 0.04423773482019217, 0.033293572143030616, 0.030357936361667878, 0.03539345141608039, 0.03667288196883197, 0.028303519293970618, 0.03073157795878934, 0.03655785841923752, 0.03255722210484181, 0.03215403823954954, 0.03305487641882634, 0.03997971175441536, 0.03725781446642673, 0.02312326661513443, 0.03560200270298866, 0.031382472286296585, 0.024862230927286722, 0.033330106182837445, 0.03340291340061866, 0.03175817966545398, 0.028956114524315957, 0.0354415075456824, 0.031133228252721582, 0.03127801085741476, 0.03097538217438271, 0.02872072255951756, 0.030894717011688628, 0.029097652595434693]
BBSR:99.42
ABSR:91.39
max acc:97.87
