======================================
    IID: 0
    Dataset: fashion_mnist
    Model: Mnist_CNN
    Model Init: None
    Aggregation Function: flame
    Fraction NonIID: 0
    Long attack: 3
    Wide attack: 3
    Wide attack: trust
    Threshold reject: 0.5
    Threshold down: 0.0
    Attack method: badnet
    Fraction of malicious agents: 30.0%
    Poison Frac: 0.2
    Backdoor From 7 to 2
    Attack Begin: 0
    Trigger Shape: square
    Type poisoning: cs
    Trigger Position X: 0
    Trigger Position Y: 0
    Number of agents: 100
    Fraction of agents each turn: 30(30.0%)
    Local batch size: 50
    Local epoch: 3
    Client_LR: 0.01
    Client_Momentum: 0.9
    Global Rounds: 100
    Noise in FLAME: 0.001
proportion of malicious are selected:0.5788888888888889
proportion of benign are selected:0.5204761904761904
======================================
main_task_accuracy=[0, 58.060001373291016, 72.7699966430664, 74.16000366210938, 77.26000213623047, 78.38999938964844, 78.95999908447266, 79.30999755859375, 80.33000183105469, 80.8499984741211, 81.19999694824219, 81.33000183105469, 81.79000091552734, 82.37000274658203, 82.69999694824219, 82.41999816894531, 82.98999786376953, 83.5199966430664, 83.79000091552734, 83.52999877929688, 84.62999725341797, 84.94000244140625, 85.16000366210938, 85.22000122070312, 85.01000213623047, 85.4000015258789, 84.8499984741211, 85.83000183105469, 85.6500015258789, 85.58999633789062, 85.88999938964844, 84.83000183105469, 85.77999877929688, 86.26000213623047, 86.22000122070312, 86.16999816894531, 86.25, 86.41000366210938, 85.87999725341797, 86.5999984741211, 86.66999816894531, 86.7300033569336, 86.58999633789062, 86.72000122070312, 87.08000183105469, 87.16999816894531, 87.05000305175781, 87.1500015258789, 87.18000030517578, 86.98999786376953, 87.38999938964844, 87.45999908447266, 87.41000366210938, 87.54000091552734, 87.3499984741211, 87.27999877929688, 87.33999633789062, 87.63999938964844, 87.38999938964844, 87.55999755859375, 87.66999816894531, 87.61000061035156, 87.5999984741211, 87.63999938964844, 87.97000122070312, 87.87999725341797, 87.80000305175781, 88.16999816894531, 88.0999984741211, 88.20999908447266, 88.41000366210938, 88.31999969482422, 88.36000061035156, 88.2300033569336, 88.4000015258789, 88.26000213623047, 88.5199966430664, 88.41000366210938, 88.45999908447266, 88.66000366210938, 88.72000122070312, 88.30000305175781, 88.27999877929688, 88.4000015258789, 88.55999755859375, 88.80999755859375, 88.62999725341797, 88.83000183105469, 88.69999694824219, 88.73999786376953, 88.52999877929688, 88.63999938964844, 88.86000061035156, 88.86000061035156, 88.70999908447266, 88.88999938964844, 88.55000305175781, 88.5999984741211, 88.87000274658203, 88.70999908447266, 89.05999755859375]
backdoor_accuracy=[0, 0.0, 0.4, 27.2, 41.8, 54.3, 83.7, 95.4, 94.7, 99.2, 99.3, 99.9, 99.9, 99.9, 100.0, 99.9, 100.0, 100.0, 100.0, 100.0, 100.0, 100.0, 100.0, 100.0, 100.0, 100.0, 100.0, 100.0, 100.0, 100.0, 100.0, 100.0, 100.0, 100.0, 100.0, 100.0, 100.0, 100.0, 100.0, 100.0, 100.0, 100.0, 100.0, 100.0, 100.0, 100.0, 100.0, 100.0, 100.0, 100.0, 100.0, 100.0, 100.0, 100.0, 100.0, 100.0, 100.0, 100.0, 100.0, 100.0, 100.0, 100.0, 100.0, 100.0, 100.0, 100.0, 100.0, 100.0, 100.0, 100.0, 100.0, 100.0, 100.0, 100.0, 100.0, 100.0, 100.0, 100.0, 100.0, 100.0, 100.0, 100.0, 100.0, 100.0, 100.0, 100.0, 100.0, 100.0, 100.0, 100.0, 100.0, 100.0, 100.0, 100.0, 100.0, 100.0, 100.0, 100.0, 100.0, 100.0, 100.0]
loss_list=[1.484199884257935, 0.8986829360050181, 0.6159172203253817, 0.5556668447813503, 0.501494252750719, 0.4534327146769673, 0.46003383124868075, 0.43592206699842667, 0.4252377555809089, 0.42924959384318856, 0.4123768988375863, 0.4439967713077312, 0.36077600489198064, 0.3761597280907961, 0.4038409766844577, 0.3838261079939979, 0.36419731334403704, 0.3710374426579586, 0.39162021360049654, 0.346011855867174, 0.3511432669711887, 0.33864771838955293, 0.3148960143776128, 0.32655208111154255, 0.36010882916549836, 0.37081619358311096, 0.3222465554252267, 0.3277101954100309, 0.3545613815628544, 0.32232159541023003, 0.3428307498425797, 0.33430320882341935, 0.3041366256428537, 0.3122941667283023, 0.340383406597431, 0.32174461036575613, 0.3065982574045106, 0.33430506163449203, 0.30403231639001105, 0.31850591255006966, 0.2963437552667327, 0.29415925498706863, 0.302624843555882, 0.3111246109008789, 0.2962639963978695, 0.31479420201611463, 0.30075364675786764, 0.30006577310462795, 0.29514055572864084, 0.27406278186029304, 0.29976923916902803, 0.2804730072082882, 0.2725195354023189, 0.26716070640659717, 0.2858401232743981, 0.28840285094661844, 0.26793531437094015, 0.3002768190405159, 0.28506908236864814, 0.26701175748129136, 0.2643267997902715, 0.2568008492924963, 0.26340719851906647, 0.2683077839306659, 0.2663408439994479, 0.28767772895042537, 0.2786387366622135, 0.28232722923642506, 0.2650077822100785, 0.24689218859119277, 0.2640481663591884, 0.2590097572688979, 0.24723789039309374, 0.234106179427666, 0.28121276412297175, 0.2378482845767091, 0.2688782439463669, 0.24514754591509694, 0.23722994137055206, 0.24250236229315672, 0.2659552125777635, 0.2612024982701297, 0.2184415277628297, 0.22665431975835448, 0.2437933297620879, 0.2496604109424408, 0.24552758802418356, 0.2446887842879665, 0.26062940767862725, 0.2826211585628765, 0.2678209257898507, 0.26695936063339043, 0.22595340506932524, 0.23368457252918567, 0.2307185655244178, 0.24605570662145812, 0.24538658491887697, 0.23599202455435364, 0.251806250186982, 0.22735383147373792]
BBSR:100.0
ABSR:100.0
max acc:89.06
