======================================
    IID: 0
    Dataset: mnist
    Model: Mnist_CNN
    Model Init: None
    Aggregation Function: avg
    Fraction NonIID: 0
    Long attack: 3
    Wide attack: 3
    Wide attack: trust
    Threshold reject: 0.5
    Threshold down: 0.0
    Attack method: badnet
    Fraction of malicious agents: 13.0%
    Poison Frac: 0.2
    Backdoor From 7 to 2
    Attack Begin: 0
    Trigger Shape: square
    Type poisoning: cs
    Trigger Position X: 0
    Trigger Position Y: 0
    Number of agents: 100
    Fraction of agents each turn: 30(30.0%)
    Local batch size: 50
    Local epoch: 3
    Client_LR: 0.01
    Client_Momentum: 0.9
    Global Rounds: 100
======================================
main_task_accuracy=[0, 28.850000381469727, 54.02000045776367, 66.2300033569336, 69.16000366210938, 69.25, 77.11000061035156, 79.1500015258789, 74.66000366210938, 79.86000061035156, 88.30999755859375, 87.1500015258789, 87.30999755859375, 93.08999633789062, 92.01000213623047, 95.12999725341797, 92.33999633789062, 95.23999786376953, 94.02999877929688, 94.91000366210938, 95.73999786376953, 95.7300033569336, 96.4800033569336, 95.44000244140625, 95.77999877929688, 95.91000366210938, 96.04000091552734, 96.48999786376953, 96.54000091552734, 96.5999984741211, 95.63999938964844, 96.88999938964844, 96.1500015258789, 96.91999816894531, 97.12999725341797, 97.04000091552734, 96.97000122070312, 97.52999877929688, 97.43000030517578, 97.33999633789062, 97.31999969482422, 97.47000122070312, 97.38999938964844, 97.16999816894531, 97.19999694824219, 97.23999786376953, 97.5999984741211, 97.47000122070312, 97.5999984741211, 97.58000183105469, 97.37000274658203, 97.80000305175781, 97.83999633789062, 97.80000305175781, 98.05000305175781, 97.72000122070312, 97.80999755859375, 97.95999908447266, 97.62999725341797, 98.0, 98.05000305175781, 98.29000091552734, 98.06999969482422, 97.94000244140625, 97.88999938964844, 97.98999786376953, 98.08999633789062, 97.93000030517578, 98.05999755859375, 98.30999755859375, 97.93000030517578, 98.37000274658203, 98.22000122070312, 98.30000305175781, 98.29000091552734, 98.25, 98.43000030517578, 98.30999755859375, 98.31999969482422, 98.20999908447266, 98.16000366210938, 98.30999755859375, 98.4800033569336, 97.87999725341797, 98.45999908447266, 98.19999694824219, 98.29000091552734, 98.33000183105469, 98.5999984741211, 98.30000305175781, 98.37000274658203, 98.51000213623047, 98.61000061035156, 98.30000305175781, 98.41999816894531, 98.25, 98.18000030517578, 98.45999908447266, 98.44999694824219, 98.4800033569336, 98.16999816894531]
backdoor_accuracy=[0, 1.0700389105058365, 4.182879377431907, 3.307392996108949, 0.38910505836575876, 14.105058365758754, 0.6809338521400778, 2.0428015564202333, 2.529182879377432, 2.821011673151751, 7.2957198443579765, 0.6809338521400778, 7.101167315175097, 4.863813229571984, 3.501945525291829, 4.961089494163424, 1.0700389105058365, 6.809338521400778, 2.3346303501945527, 2.529182879377432, 2.821011673151751, 2.7237354085603114, 2.3346303501945527, 2.529182879377432, 7.976653696498055, 4.085603112840467, 5.3501945525291825, 5.836575875486381, 3.501945525291829, 4.474708171206226, 2.529182879377432, 12.15953307392996, 5.642023346303502, 3.8910505836575875, 7.198443579766537, 8.949416342412452, 3.0155642023346303, 7.490272373540856, 10.311284046692608, 6.42023346303502, 7.392996108949417, 11.381322957198444, 6.3229571984435795, 2.0428015564202333, 21.49805447470817, 2.237354085603113, 3.21011673151751, 6.031128404669261, 5.155642023346304, 5.642023346303502, 3.11284046692607, 4.474708171206226, 5.642023346303502, 3.6964980544747084, 3.5992217898832686, 5.447470817120623, 12.354085603112841, 9.922178988326849, 3.11284046692607, 13.326848249027238, 4.377431906614786, 12.54863813229572, 3.11284046692607, 15.077821011673151, 3.501945525291829, 16.342412451361866, 29.182879377431906, 13.813229571984436, 29.280155642023345, 17.704280155642024, 10.214007782101167, 72.95719844357977, 18.67704280155642, 37.35408560311284, 30.058365758754864, 42.4124513618677, 41.24513618677043, 60.70038910505836, 91.05058365758755, 73.5408560311284, 85.21400778210116, 86.08949416342412, 91.92607003891051, 92.8988326848249, 87.84046692607004, 93.19066147859922, 94.94163424124514, 96.88715953307393, 96.69260700389106, 94.64980544747081, 94.74708171206225, 97.08171206225681, 95.8171206225681, 79.08560311284047, 98.73540856031128, 91.24513618677042, 98.63813229571984, 86.47859922178988, 90.36964980544747, 96.10894941634241, 98.34630350194553]
loss_list=[0.5383805091746884, 0.23265509187138628, 0.1983750540466253, 0.19014975680976123, 0.13667084170498595, 0.12468221526842006, 0.12031382958427299, 0.08780095857252909, 0.1090389991590351, 0.10153410920050127, 0.07992161003384886, 0.0812408333623827, 0.08218504263084853, 0.059765035561517334, 0.0656963413849125, 0.04733180138792204, 0.06676901843771589, 0.04564672332363413, 0.040634972624430235, 0.04587311146403691, 0.04864501605911216, 0.050207280707034826, 0.04931598309216317, 0.04635935960637372, 0.04579655206494019, 0.037869727624459976, 0.03582212051857999, 0.04231422100868079, 0.04186486612003011, 0.03181768271088927, 0.03413864787257649, 0.03254952662320802, 0.0264444639962577, 0.034466075315128596, 0.042081591443367754, 0.0324576797264188, 0.03237597724324618, 0.028158425190629093, 0.025896218540504324, 0.030444978592907672, 0.03687142144259201, 0.03382195229871028, 0.03259271947590218, 0.0315942299540774, 0.036279990240516556, 0.03342697968895025, 0.025433556581305902, 0.025481329045804746, 0.02960970651384758, 0.032470795997121736, 0.028502940375094977, 0.02560153908931104, 0.029777665790921518, 0.02809282115790893, 0.02452000234029549, 0.025535855316193453, 0.02773373654822588, 0.023160630863513654, 0.023801541745987455, 0.02460292350532794, 0.028629968836339857, 0.025110537134506863, 0.02350953994088115, 0.03005962019487891, 0.024007901327789363, 0.022988782582954424, 0.02351816828881548, 0.02826794676182976, 0.021515969644185028, 0.025374060058933192, 0.023271946338682806, 0.020483017531881195, 0.023091512175670126, 0.022762668698784846, 0.021308716443492366, 0.022626262719094906, 0.023888931604588954, 0.022317252840679428, 0.02457052411987347, 0.020082264227028405, 0.026881315245614233, 0.02419279356759869, 0.01757819857440786, 0.023618025022695728, 0.019651220724586454, 0.021450916570041015, 0.01990877477684783, 0.021063299552719864, 0.01855870105012911, 0.02360525653994129, 0.023214007881274982, 0.017659476144558966, 0.019592277812485813, 0.02464968988007015, 0.019413420954866475, 0.017223736840317302, 0.019864453964013196, 0.019972988295188256, 0.021765393290978208, 0.017904210786393496]
BBSR:98.74
ABSR:93.19
max acc:98.61
