======================================
    IID: 0
    Dataset: fashion_mnist
    Model: Mnist_CNN
    Model Init: None
    Aggregation Function: RLR
    Fraction NonIID: 0
    Long attack: 3
    Wide attack: 3
    Wide attack: trust
    Threshold reject: 0.5
    Threshold down: 0.0
    Attack method: badnet
    Fraction of malicious agents: 13.0%
    Poison Frac: 0.2
    Backdoor From 7 to 2
    Attack Begin: 0
    Trigger Shape: square
    Type poisoning: cs
    Trigger Position X: 0
    Trigger Position Y: 0
    Number of agents: 100
    Fraction of agents each turn: 30(30.0%)
    Local batch size: 50
    Local epoch: 3
    Client_LR: 0.01
    Client_Momentum: 0.9
    Global Rounds: 100
    RobustLR_threshold: 4
======================================
main_task_accuracy=[0, 65.66000366210938, 72.58000183105469, 74.8499984741211, 76.75, 77.55999755859375, 78.94000244140625, 80.0199966430664, 79.70999908447266, 80.73999786376953, 80.98999786376953, 81.91000366210938, 81.94999694824219, 82.8499984741211, 82.91999816894531, 83.52999877929688, 83.83000183105469, 84.08000183105469, 84.2300033569336, 84.5999984741211, 84.77999877929688, 84.75, 85.11000061035156, 85.19999694824219, 85.43000030517578, 85.4800033569336, 86.02999877929688, 85.94000244140625, 86.2300033569336, 85.87999725341797, 86.08999633789062, 86.62000274658203, 86.66999816894531, 86.58999633789062, 86.63999938964844, 86.81999969482422, 87.13999938964844, 87.0, 87.11000061035156, 87.20999908447266, 87.3499984741211, 87.19000244140625, 87.4000015258789, 87.47000122070312, 87.55999755859375, 87.33999633789062, 87.52999877929688, 87.5199966430664, 87.55999755859375, 87.7300033569336, 87.72000122070312, 87.7699966430664, 87.88999938964844, 87.83999633789062, 87.94999694824219, 88.04000091552734, 88.04000091552734, 88.20999908447266, 88.13999938964844, 88.27999877929688, 88.20999908447266, 88.2699966430664, 88.27999877929688, 88.33000183105469, 88.43000030517578, 88.44999694824219, 88.37999725341797, 88.45999908447266, 88.48999786376953, 88.55000305175781, 88.43000030517578, 88.72000122070312, 88.70999908447266, 88.73999786376953, 88.73999786376953, 88.87999725341797, 88.80000305175781, 88.88999938964844, 89.0, 88.98999786376953, 89.05999755859375, 88.95999908447266, 88.98999786376953, 88.87000274658203, 89.05999755859375, 89.01000213623047, 89.22000122070312, 89.18000030517578, 89.11000061035156, 89.05999755859375, 89.16999816894531, 89.16999816894531, 88.9800033569336, 89.22000122070312, 89.23999786376953, 89.0999984741211, 89.29000091552734, 89.30000305175781, 89.37000274658203, 89.37999725341797, 89.44000244140625]
backdoor_accuracy=[0, 0.0, 0.0, 0.0, 0.0, 0.0, 0.0, 0.0, 0.7, 2.3, 3.3, 9.8, 7.5, 10.8, 18.5, 49.4, 53.0, 68.2, 72.7, 81.3, 89.5, 91.2, 94.8, 96.1, 96.8, 98.3, 98.8, 98.7, 98.9, 99.1, 99.2, 99.4, 99.5, 99.5, 99.6, 99.4, 99.7, 99.7, 99.8, 99.8, 99.7, 99.7, 99.7, 99.7, 99.7, 99.7, 99.6, 99.7, 99.7, 99.7, 99.8, 99.8, 99.8, 99.8, 99.8, 99.8, 99.8, 99.8, 99.6, 99.8, 99.6, 99.6, 99.8, 99.8, 99.8, 99.7, 99.9, 99.9, 99.9, 99.9, 99.8, 99.9, 99.9, 100.0, 99.7, 100.0, 100.0, 100.0, 100.0, 100.0, 100.0, 100.0, 100.0, 100.0, 100.0, 100.0, 100.0, 100.0, 100.0, 100.0, 100.0, 100.0, 100.0, 100.0, 100.0, 100.0, 100.0, 100.0, 100.0, 100.0, 100.0]
loss_list=[1.4615701859747925, 0.8996073287394312, 0.6552454335959973, 0.5737096866109858, 0.4973041523661878, 0.47366077139697704, 0.5088055575059519, 0.4227509011686951, 0.43661450831978404, 0.4058014126011619, 0.43880062270219683, 0.40144130655874805, 0.4105723904445767, 0.39495262248372587, 0.3931505369160462, 0.3942813344506754, 0.36498448001565753, 0.3449357127736289, 0.34951549693942074, 0.36720003552596875, 0.3357479283448171, 0.350675302012651, 0.321272406147586, 0.32523037241426883, 0.2964867288315738, 0.3249404309593418, 0.314099781015129, 0.33225987697089165, 0.2993655534944048, 0.3114368138558887, 0.31918760052433726, 0.29729802203882083, 0.28148251636712646, 0.28940905580573056, 0.28999552138287704, 0.2844994421427448, 0.29496675209935613, 0.27461140433119396, 0.29437640565275036, 0.28743530337319334, 0.2848670140684893, 0.28816877381910605, 0.27493435899830526, 0.2702494751765497, 0.2849181239493192, 0.2690031137075966, 0.2555650376369832, 0.2510030649585166, 0.250058108245678, 0.28345054013792564, 0.27984653600595066, 0.2524501340912172, 0.2654674841470464, 0.2698138440338274, 0.2541270914211593, 0.25875982387957197, 0.2641090539904932, 0.25420837713819405, 0.2544416270563724, 0.2508082410855288, 0.2468256009276957, 0.2603457946226829, 0.2611194589727179, 0.2403964525882017, 0.24399332045405, 0.23190670424244467, 0.25405149504335395, 0.22802029650451408, 0.24446082776067432, 0.2258396850295227, 0.2530316084933778, 0.2428772138776603, 0.24010723957757427, 0.233785410101215, 0.2164261424362107, 0.23921922286972402, 0.24066708262802824, 0.22027287945341043, 0.22726040342908907, 0.21505352873527614, 0.24173201926535484, 0.2403728360724118, 0.225627949613112, 0.23462697502777533, 0.24245574521590713, 0.20676901206995044, 0.22543502120922007, 0.2297648256144452, 0.22610264401193017, 0.22881160241344736, 0.23947972130306341, 0.20484766984375677, 0.21879305438897403, 0.24131927858106791, 0.21594853828040256, 0.21675248219010734, 0.24561359881664865, 0.205912218981043, 0.2084431497742318, 0.21162869250229388]
BBSR:100.0
ABSR:100.0
max acc:89.44
