======================================
    IID: 1
    Dataset: cifar
    Model: resnet
    Model Init: None
    Aggregation Function: flame
    Fraction NonIID: 0
    Long attack: 3
    Wide attack: 3
    Wide attack: trust
    Threshold reject: 0.5
    Threshold down: 0.0
    Attack method: badnet
    Fraction of malicious agents: 20.0%
    Poison Frac: 0.2
    Backdoor From 7 to 2
    Attack Begin: 0
    Trigger Shape: square
    Type poisoning: pgd
    Trigger Position X: 0
    Trigger Position Y: 0
    Number of agents: 100
    Fraction of agents each turn: 30(30.0%)
    Local batch size: 50
    Local epoch: 3
    Client_LR: 0.01
    Client_Momentum: 0.9
    Global Rounds: 100
    Noise in FLAME: 0.001
proportion of malicious are selected:0.8733333333333333
proportion of benign are selected:0.4579166666666667
======================================
main_task_accuracy=[0, 10.199999809265137, 31.700000762939453, 44.0, 44.20000076293945, 46.34000015258789, 52.04999923706055, 54.349998474121094, 57.0, 58.540000915527344, 59.15999984741211, 59.31999969482422, 60.279998779296875, 61.66999816894531, 62.15999984741211, 61.95000076293945, 62.86000061035156, 61.529998779296875, 62.470001220703125, 61.209999084472656, 63.619998931884766, 61.560001373291016, 62.790000915527344, 62.56999969482422, 61.060001373291016, 61.45000076293945, 62.540000915527344, 63.27000045776367, 63.95000076293945, 64.20999908447266, 64.5999984741211, 65.11000061035156, 65.37999725341797, 65.76000213623047, 65.8499984741211, 65.19000244140625, 63.630001068115234, 64.29000091552734, 65.33000183105469, 63.20000076293945, 64.44000244140625, 65.8499984741211, 64.9000015258789, 65.77999877929688, 65.66999816894531, 65.9000015258789, 65.30999755859375, 66.2300033569336, 66.52999877929688, 66.20999908447266, 65.08999633789062, 66.05999755859375, 66.26000213623047, 67.33000183105469, 66.7699966430664, 67.27999877929688, 66.33000183105469, 66.79000091552734, 66.33000183105469, 64.7699966430664, 66.48999786376953, 65.63999938964844, 66.61000061035156, 67.26000213623047, 67.7300033569336, 67.66000366210938, 67.48999786376953, 66.25, 65.62999725341797, 66.79000091552734, 65.8499984741211, 66.6500015258789, 68.2699966430664, 66.81999969482422, 67.33000183105469, 68.01000213623047, 66.44000244140625, 67.6500015258789, 68.20999908447266, 68.69999694824219, 68.12999725341797, 66.44000244140625, 67.48999786376953, 67.27999877929688, 67.83999633789062, 68.44000244140625, 68.41999816894531, 68.33999633789062, 68.7300033569336, 67.9800033569336, 67.2699966430664, 68.76000213623047, 66.83999633789062, 67.12999725341797, 68.23999786376953, 68.1500015258789, 68.30000305175781, 68.36000061035156, 68.30000305175781, 68.48999786376953, 67.87999725341797]
backdoor_accuracy=[0, 0.4, 19.3, 1.1, 15.8, 5.5, 2.7, 0.9, 5.5, 2.5, 1.0, 2.0, 1.7, 2.0, 2.0, 3.2, 0.6, 0.6, 0.8, 0.8, 1.3, 0.8, 1.9, 1.1, 2.5, 1.3, 0.9, 0.5, 2.4, 1.9, 2.6, 2.1, 1.1, 0.4, 1.3, 1.2, 0.5, 0.6, 1.2, 1.6, 2.0, 4.6, 1.3, 2.5, 1.4, 1.5, 1.9, 1.0, 1.3, 0.8, 3.4, 2.6, 2.4, 6.3, 1.6, 1.9, 1.0, 0.5, 0.5, 0.5, 1.3, 2.2, 2.0, 1.7, 1.9, 1.1, 1.5, 0.9, 3.0, 1.1, 1.0, 2.2, 1.3, 2.9, 4.2, 2.1, 1.6, 3.0, 3.3, 3.6, 1.4, 0.8, 1.2, 1.3, 2.1, 2.4, 2.1, 1.7, 1.3, 1.9, 1.5, 2.1, 1.2, 1.2, 2.4, 3.0, 2.6, 1.3, 1.3, 1.2, 1.3]
loss_list=[1.9888475490940942, 1.503304423226251, 1.1319493506352107, 0.9450331113404696, 0.8012469070280591, 0.7247577111836937, 0.642954633012414, 0.5960015026397174, 0.5774904388872284, 0.5537472133710979, 0.5529503234475851, 0.48562758906227016, 0.47784635719739726, 0.478840521697162, 0.46384101882369977, 0.4576907870483895, 0.4149079010200997, 0.44378698703418984, 0.42918635340821415, 0.40080588739365336, 0.4181550805591462, 0.4510763766595887, 0.40486998812088526, 0.42030478069351784, 0.4257132850059618, 0.42603524828226214, 0.3723489591355126, 0.3823771496018808, 0.39023188024241906, 0.3993135861286687, 0.38511348175350574, 0.3772265171973656, 0.3713574757049273, 0.363849302339885, 0.32921874380929184, 0.36775226753515505, 0.3767297691696634, 0.36251714232532933, 0.4123601062999416, 0.3536886104460185, 0.3820764983776543, 0.39169064785043406, 0.3817255292144708, 0.36111123145557944, 0.3563795727832863, 0.3387176636332232, 0.35914122144950344, 0.320132621781797, 0.3395191414752562, 0.3764546758112394, 0.3517070340587655, 0.36177244004483017, 0.34805790638499384, 0.3506010879493423, 0.3625630994492935, 0.3267549033261215, 0.3192700931429863, 0.33841892452755323, 0.3864942112208034, 0.3229447863742502, 0.3208585694090774, 0.33514878486231375, 0.2955334279450795, 0.37277368841071923, 0.28407018149400953, 0.31824529653777256, 0.2858812370234066, 0.29879070636195443, 0.33482608852856277, 0.368856198450861, 0.30211460172250454, 0.28326164896237765, 0.31462411055703543, 0.3152401922451746, 0.31594198670445217, 0.3757267279152035, 0.33604353641677237, 0.3250320769096209, 0.28589331494282105, 0.3419145497503795, 0.3726063902381186, 0.30884708607465855, 0.25367693630668026, 0.317832101761467, 0.3066788739126383, 0.27173782788837947, 0.34580528943282046, 0.30705882749158064, 0.2987235506691245, 0.32966054293275293, 0.30062756708357485, 0.33182847872014265, 0.31601763863892607, 0.28088716573909756, 0.3396106737903837, 0.2743318503753593, 0.2687147521121532, 0.32763513904866864, 0.32221422495268703, 0.302387983861845]
BBSR:3.0
ABSR:1.76
max acc:68.76
