======================================
    IID: 1
    Dataset: cifar
    Model: resnet
    Model Init: None
    Aggregation Function: fltrust
    Fraction NonIID: 0
    Long attack: 3
    Wide attack: 3
    Wide attack: trust
    Threshold reject: 0.5
    Threshold down: 0.0
    Attack method: dba
    Fraction of malicious agents: 20.0%
    Poison Frac: 0.2
    Backdoor From 7 to 2
    Attack Begin: 0
    Trigger Shape: square
    Type poisoning: 
    Trigger Position X: 0
    Trigger Position Y: 0
    Number of agents: 100
    Fraction of agents each turn: 30(30.0%)
    Local batch size: 50
    Local epoch: 3
    Client_LR: 0.01
    Client_Momentum: 0.9
    Global Rounds: 100
    Dataset In Server: 200
======================================
main_task_accuracy=[0, 10.0, 11.510000228881836, 17.170000076293945, 24.989999771118164, 33.25, 39.54999923706055, 44.61000061035156, 47.91999816894531, 49.84000015258789, 53.220001220703125, 52.900001525878906, 54.08000183105469, 46.66999816894531, 53.38999938964844, 55.18000030517578, 56.939998626708984, 58.66999816894531, 59.029998779296875, 53.400001525878906, 57.43000030517578, 58.68000030517578, 61.209999084472656, 60.20000076293945, 61.560001373291016, 59.380001068115234, 64.02999877929688, 64.04000091552734, 62.459999084472656, 60.279998779296875, 62.36000061035156, 59.810001373291016, 64.16999816894531, 62.40999984741211, 65.55000305175781, 65.22000122070312, 64.05000305175781, 64.63999938964844, 64.19000244140625, 66.30999755859375, 64.13999938964844, 66.19999694824219, 64.8499984741211, 66.87999725341797, 67.27999877929688, 66.8499984741211, 67.0999984741211, 68.36000061035156, 67.61000061035156, 67.58999633789062, 68.30000305175781, 67.98999786376953, 67.43000030517578, 68.69999694824219, 69.0999984741211, 68.69999694824219, 68.55999755859375, 69.29000091552734, 67.37999725341797, 69.12000274658203, 69.6500015258789, 69.08000183105469, 69.66000366210938, 70.02999877929688, 69.61000061035156, 69.94000244140625, 70.55999755859375, 70.02999877929688, 70.0199966430664, 70.52999877929688, 69.19999694824219, 67.91000366210938, 67.26000213623047, 68.94000244140625, 70.6500015258789, 70.94000244140625, 71.38999938964844, 70.1500015258789, 70.4000015258789, 70.33000183105469, 70.0, 70.2699966430664, 70.68000030517578, 71.16000366210938, 68.54000091552734, 67.9000015258789, 70.80999755859375, 69.63999938964844, 68.98999786376953, 72.69000244140625, 71.73999786376953, 71.87999725341797, 70.80999755859375, 72.5199966430664, 70.86000061035156, 72.04000091552734, 71.63999938964844, 71.91000366210938, 72.1500015258789, 71.8499984741211, 71.33000183105469]
backdoor_accuracy=[0, 0.0, 13.9, 30.6, 26.7, 19.6, 11.7, 8.5, 6.0, 7.1, 4.6, 4.9, 3.3, 0.6, 0.9, 2.1, 4.9, 5.1, 6.5, 7.7, 6.6, 5.1, 4.0, 3.7, 3.3, 7.2, 3.6, 3.9, 5.4, 8.4, 4.6, 6.5, 2.1, 9.0, 3.5, 3.3, 2.4, 2.8, 9.4, 5.5, 2.1, 2.0, 7.1, 3.9, 4.4, 3.4, 5.6, 3.6, 3.0, 5.3, 2.5, 3.2, 3.2, 3.7, 3.5, 4.3, 4.8, 2.8, 2.4, 4.2, 2.8, 5.0, 2.6, 2.7, 3.2, 3.3, 2.0, 2.4, 4.8, 3.1, 2.3, 10.7, 2.2, 2.1, 4.0, 3.5, 3.3, 2.5, 2.6, 2.6, 2.3, 10.7, 5.2, 4.3, 1.7, 1.7, 7.7, 1.4, 1.6, 3.1, 2.3, 2.8, 2.3, 3.5, 2.6, 5.5, 2.8, 5.8, 3.2, 6.4, 2.3]
loss_list=[1.9989859771728518, 1.6142185561524498, 1.2378871195514995, 1.1057662865188385, 0.9574532998436028, 0.888901741165254, 0.8378135663105383, 0.7962911430994669, 0.7574848397903973, 0.7125608874981602, 0.7389860990395147, 0.6892683475630151, 0.825798625747363, 1.0624963944653667, 0.7154777058379518, 0.617046328956882, 0.5660450710482999, 0.7321525942865343, 0.6205438937846985, 0.7232804704167779, 0.5823114602657087, 0.7471289487377122, 0.5811778638284241, 0.7036416973196903, 0.6028384327574166, 0.6798422576173391, 0.5214068547453886, 0.5217317125904892, 0.5064234438150501, 0.6287929481494292, 0.5239345483272337, 0.6513474655203108, 0.519184680582257, 0.574574824501631, 0.49962198241303374, 0.4629398266451123, 0.4823247038369947, 0.42358978736705866, 0.555562658426352, 0.4635528222721121, 0.5322605983384548, 0.4186945027092264, 0.5930296012228873, 0.4527715045705231, 0.4705217060832203, 0.3803518800710379, 0.4249238368166456, 0.3886586550223486, 0.4094869004113652, 0.44424259005379607, 0.367867124298678, 0.41110050397549974, 0.4093012192410727, 0.37309527091268035, 0.3905557813382863, 0.3136372148475816, 0.38847436475489905, 0.3550254039067984, 0.3256340491560857, 0.34269832361547753, 0.35956400995556664, 0.3746497469307441, 0.3337017180540392, 0.3109440816775895, 0.2864822146077899, 0.3413932604438419, 0.3082645473051687, 0.28911507776252826, 0.26368417760279644, 0.26706812558818555, 0.24730449313918756, 0.20917428785902709, 0.33614293247293164, 0.24701962069976918, 0.27231871431036986, 0.2551509790447825, 0.2490877146651555, 0.23471775326683814, 0.27402874829590373, 0.23230191306560302, 0.17240487481978362, 0.23275259636281087, 0.20344603017173038, 0.15482457624557558, 0.19747623781414914, 0.24114508086721695, 0.18251735709103134, 0.1690019370385239, 0.18375034369531523, 0.14990004313010205, 0.13412844181280686, 0.16479213068087117, 0.18666872341936042, 0.16577956014830206, 0.09991699500895468, 0.1556312342218007, 0.11948943398769998, 0.1272654054379867, 0.09038468427571286, 0.09168822783000197]
BBSR:30.993124200998373
ABSR:33.573622298295945
max acc:72.52
