======================================
    IID: 1
    Dataset: cifar
    Model: resnet
    Model Init: None
    Aggregation Function: fltrust
    Fraction NonIID: 0
    Long attack: 3
    Wide attack: 3
    Wide attack: trust
    Threshold reject: 0.5
    Threshold down: 0.0
    Attack method: badnet
    Fraction of malicious agents: 30.0%
    Poison Frac: 0.2
    Backdoor From 7 to 2
    Attack Begin: 0
    Trigger Shape: square
    Type poisoning: 
    Trigger Position X: 0
    Trigger Position Y: 0
    Number of agents: 100
    Fraction of agents each turn: 30(30.0%)
    Local batch size: 50
    Local epoch: 3
    Client_LR: 0.01
    Client_Momentum: 0.9
    Global Rounds: 100
    Dataset In Server: 200
======================================
main_task_accuracy=[0, 10.640000343322754, 11.069999694824219, 13.039999961853027, 20.56999969482422, 27.979999542236328, 34.939998626708984, 40.040000915527344, 45.0099983215332, 47.81999969482422, 49.0099983215332, 49.150001525878906, 51.58000183105469, 54.58000183105469, 49.41999816894531, 52.84000015258789, 52.7400016784668, 53.099998474121094, 54.5099983215332, 10.0, 59.849998474121094, 59.61000061035156, 10.0, 60.97999954223633, 61.47999954223633, 58.88999938964844, 59.709999084472656, 10.0, 62.7400016784668, 62.13999938964844, 10.0, 64.13999938964844, 63.41999816894531, 62.2599983215332, 62.560001373291016, 62.47999954223633, 63.0099983215332, 64.33000183105469, 61.54999923706055, 64.9000015258789, 65.62999725341797, 65.81999969482422, 66.37000274658203, 66.2300033569336, 67.7300033569336, 67.36000061035156, 67.97000122070312, 67.08999633789062, 67.43000030517578, 67.58000183105469, 68.0, 68.23999786376953, 68.08999633789062, 67.98999786376953, 68.80000305175781, 68.56999969482422, 69.44999694824219, 69.54000091552734, 69.7300033569336, 69.45999908447266, 69.62999725341797, 69.81999969482422, 69.22000122070312, 70.06999969482422, 69.4000015258789, 10.0, 69.73999786376953, 69.37999725341797, 70.45999908447266, 70.0199966430664, 70.0, 69.6500015258789, 70.01000213623047, 10.0, 70.06999969482422, 69.27999877929688, 10.0, 69.45999908447266, 70.7699966430664, 70.06999969482422, 71.19000244140625, 70.9000015258789, 71.33000183105469, 70.77999877929688, 70.79000091552734, 69.58999633789062, 71.51000213623047, 71.6500015258789, 69.20999908447266, 71.66999816894531, 70.76000213623047, 72.06999969482422, 70.9800033569336, 10.0, 71.0, 68.94999694824219, 71.47000122070312, 72.45999908447266, 70.70999908447266, 71.12999725341797, 70.47000122070312]
backdoor_accuracy=[0, 6.3, 67.7, 37.9, 20.1, 15.9, 9.8, 6.4, 4.9, 3.8, 4.7, 5.8, 5.3, 3.2, 5.4, 6.0, 5.5, 5.7, 8.2, 0.0, 6.0, 6.0, 0.0, 3.8, 4.5, 9.1, 7.4, 0.0, 5.6, 6.6, 0.0, 6.9, 4.8, 2.6, 2.0, 2.0, 1.5, 1.4, 1.6, 4.0, 4.9, 5.8, 3.2, 3.3, 2.8, 2.5, 3.0, 2.8, 3.1, 3.8, 4.1, 4.9, 3.1, 6.4, 3.4, 3.4, 3.1, 2.9, 4.3, 3.1, 6.3, 3.3, 3.7, 5.3, 3.8, 0.0, 3.3, 3.1, 4.5, 4.6, 3.0, 3.5, 3.1, 0.0, 5.2, 3.9, 0.0, 4.5, 2.7, 3.8, 2.3, 2.7, 3.0, 4.6, 3.3, 2.0, 4.1, 3.1, 3.2, 1.3, 1.2, 2.8, 2.5, 0.0, 3.5, 2.8, 3.3, 2.6, 2.3, 2.9, 2.4]
loss_list=[2.009890165991253, 1.602598674429788, 1.2417532291677262, 1.060103325214651, 0.9668695064054594, 0.8945636021428638, 0.8139903449763854, 0.7783013513601489, 0.7560406180885103, 0.7134726883222661, 0.7021057055807777, 0.6657333330975638, 0.6978919851303931, 1.0798362840380933, 0.6970372370102752, 0.9655473387862243, 0.709194612535648, 0.9906056559996471, 0.6739456424497378, 0.802563610444518, 0.6140503235148369, 0.5633414622072855, 0.669287977655444, 0.5828777520482739, 0.5015494691458945, 0.6476771569853492, 0.4853751698435129, 0.580622631311158, 0.5288471918180585, 0.4625022281839564, 0.5152160989466615, 0.5081364532808463, 0.4739328993629251, 0.500818280480388, 0.48624600427535675, 0.4473184198146272, 0.5352340613088259, 0.46393554170305534, 0.48188381483422643, 0.4927835844647942, 0.40173703972166147, 0.3544748254042741, 0.46462578036822383, 0.3993763235453257, 0.3934621963900929, 0.31828350164992225, 0.4107009591506277, 0.3659156881847108, 0.4776163959172037, 0.3518159380376648, 0.3894814235771385, 0.4085679278188359, 0.3116319803182786, 0.3130981228994723, 0.31478849971408235, 0.2762787995385265, 0.3848084734975903, 0.3175292394867737, 0.2780276551453345, 0.2684595569770965, 0.31027508953547417, 0.2782053988644879, 0.23342650250298905, 0.2531919362916637, 0.2358594860358992, 0.2372680344954521, 0.2809580305707318, 0.29858768765009397, 0.21551202994483495, 0.24279263092680292, 0.2438026231218181, 0.27337956231262067, 0.27344036592047716, 0.270301039872995, 0.2885121876869299, 0.20160928950622392, 0.1921960616938951, 0.2009143741943667, 0.22815757930923913, 0.227511303550208, 0.20444633466068707, 0.15971926596549263, 0.15363834304473126, 0.13415497639774307, 0.20806591755387163, 0.09926981675263961, 0.1526483658301489, 0.09934036076162657, 0.18513918387001876, 0.1805133348093498, 0.1392496688502595, 0.1348579329238661, 0.10313004537323853, 0.09847177199265894, 0.0707743423927847, 0.1168818261493127, 0.12949284900122118, 0.09115260920406501, 0.07057537422182374, 0.15876000568881862]
BBSR:22.795923800447106
ABSR:26.288961102987777
max acc:72.46
