======================================
    IID: 0
    Dataset: mnist
    Model: Mnist_CNN
    Model Init: None
    Aggregation Function: avg
    Fraction NonIID: 0
    Long attack: 5
    Wide attack: 5
    Wide attack: trust
    Threshold reject: 0.5
    Threshold down: 0.0
    Attack method: badnet
    Fraction of malicious agents: 13.0%
    Poison Frac: 0.2
    Backdoor From 7 to 2
    Attack Begin: 0
    Trigger Shape: square
    Type poisoning: pgd
    Trigger Position X: 0
    Trigger Position Y: 0
    Number of agents: 100
    Fraction of agents each turn: 30(30.0%)
    Local batch size: 50
    Local epoch: 3
    Client_LR: 0.01
    Client_Momentum: 0.9
    Global Rounds: 100
======================================
main_task_accuracy=[0, 47.68000030517578, 39.4900016784668, 41.18000030517578, 55.29999923706055, 67.87999725341797, 46.66999816894531, 78.83000183105469, 84.48999786376953, 81.97000122070312, 84.83999633789062, 91.45999908447266, 92.62999725341797, 88.41999816894531, 94.16999816894531, 94.16999816894531, 95.4800033569336, 95.4000015258789, 94.98999786376953, 94.26000213623047, 95.88999938964844, 96.12000274658203, 96.20999908447266, 96.3499984741211, 94.8499984741211, 95.27999877929688, 95.48999786376953, 96.7699966430664, 96.86000061035156, 96.94999694824219, 96.61000061035156, 96.36000061035156, 96.7300033569336, 97.16999816894531, 97.04000091552734, 96.87000274658203, 97.1500015258789, 97.0, 97.38999938964844, 97.26000213623047, 97.51000213623047, 97.58999633789062, 97.45999908447266, 97.55999755859375, 97.48999786376953, 97.30000305175781, 97.75, 97.69000244140625, 97.97000122070312, 97.81999969482422, 97.77999877929688, 98.05999755859375, 97.76000213623047, 97.91999816894531, 97.91999816894531, 97.8499984741211, 98.01000213623047, 98.12999725341797, 98.12000274658203, 97.83000183105469, 96.51000213623047, 96.69999694824219, 97.81999969482422, 97.0999984741211, 97.55000305175781, 98.06999969482422, 98.19999694824219, 97.79000091552734, 98.08999633789062, 97.87999725341797, 98.12999725341797, 98.20999908447266, 98.16999816894531, 98.4000015258789, 98.47000122070312, 98.0999984741211, 98.33999633789062, 98.4800033569336, 98.0999984741211, 98.37999725341797, 98.33000183105469, 97.91999816894531, 97.9800033569336, 98.18000030517578, 98.29000091552734, 98.20999908447266, 98.2699966430664, 98.20999908447266, 98.20999908447266, 98.1500015258789, 98.12999725341797, 98.27999877929688, 98.13999938964844, 97.91999816894531, 98.33999633789062, 98.1500015258789, 98.43000030517578, 98.47000122070312, 98.47000122070312, 98.68000030517578, 98.55000305175781]
backdoor_accuracy=[0, 0.0, 0.09727626459143969, 0.09727626459143969, 14.785992217898833, 0.38910505836575876, 1.1673151750972763, 3.501945525291829, 5.252918287937743, 1.556420233463035, 14.785992217898833, 1.1673151750972763, 13.035019455252918, 2.431906614785992, 4.280155642023346, 10.505836575875486, 6.031128404669261, 12.45136186770428, 2.431906614785992, 6.614785992217898, 10.408560311284047, 11.381322957198444, 5.933852140077821, 12.354085603112841, 15.369649805447471, 6.031128404669261, 8.073929961089494, 6.712062256809339, 19.55252918287938, 9.43579766536965, 11.964980544747082, 50.38910505836576, 7.003891050583658, 7.490272373540856, 41.43968871595331, 22.276264591439688, 31.90661478599222, 16.828793774319067, 30.836575875486382, 42.704280155642024, 25.875486381322958, 19.941634241245136, 79.96108949416342, 54.18287937743191, 55.05836575875487, 48.83268482490272, 76.65369649805447, 91.147859922179, 90.36964980544747, 93.09338521400778, 96.20622568093385, 86.7704280155642, 79.37743190661479, 94.8443579766537, 93.57976653696498, 87.7431906614786, 92.02334630350195, 92.21789883268482, 96.49805447470817, 93.57976653696498, 96.69260700389106, 93.3852140077821, 99.31906614785993, 84.24124513618678, 99.5136186770428, 96.98443579766537, 98.73540856031128, 97.37354085603113, 97.17898832684826, 98.5408560311284, 97.47081712062257, 93.28793774319067, 96.40077821011673, 98.92996108949416, 98.83268482490273, 98.05447470817121, 99.0272373540856, 98.92996108949416, 97.95719844357977, 98.63813229571984, 98.44357976653697, 98.24902723735408, 97.66536964980544, 99.41634241245136, 98.5408560311284, 99.80544747081711, 95.91439688715953, 99.61089494163424, 99.61089494163424, 95.91439688715953, 99.61089494163424, 98.92996108949416, 98.5408560311284, 99.70817120622569, 99.61089494163424, 99.5136186770428, 99.80544747081711, 99.5136186770428, 99.80544747081711, 99.80544747081711, 99.61089494163424]
loss_list=[0.5087456408153282, 0.2422165019732919, 0.19773311174110603, 0.17892977521749515, 0.16785329814297892, 0.14155805039127903, 0.13614161229542762, 0.13919478756637085, 0.09158479781688882, 0.08329827220635734, 0.07651486937745673, 0.08358790847976773, 0.06711209613514904, 0.0711912075261605, 0.05875084723641533, 0.05583207683667231, 0.052209011828226036, 0.04936472666316285, 0.04899110960489889, 0.050768638714562206, 0.047937047538034815, 0.044234669735578235, 0.052747694457483965, 0.045512078415697224, 0.05041726398703887, 0.04663947932728609, 0.04050008175632047, 0.04362205812617352, 0.04001913303355854, 0.036372218433452494, 0.03790926352622946, 0.04395097458903078, 0.03566714301637606, 0.039024341361433255, 0.03426629155930267, 0.03542708728992416, 0.03459106753085639, 0.0316874259770619, 0.035301388248432194, 0.036739657556973865, 0.02919291219585096, 0.03484354214182132, 0.032229498353149325, 0.031186326482800973, 0.03136577180585536, 0.031490705012327674, 0.027858482702688987, 0.033923130693085286, 0.026286786256867978, 0.025696848877905052, 0.027326460497573382, 0.029042925119144712, 0.030626218419940898, 0.028973534716521396, 0.02761308884358636, 0.025689622734990588, 0.026783792437131655, 0.024834695100828325, 0.02460962348549402, 0.032080714162488685, 0.03161478176821712, 0.029018684658157448, 0.025337429798437044, 0.029084973043952203, 0.024842568447742765, 0.02351920367932039, 0.02062301651838004, 0.02281241663005008, 0.022581899327130686, 0.022817147497701147, 0.027636206535219067, 0.022709829105204346, 0.023842532670005138, 0.023177366626580924, 0.025235481886521405, 0.02437165343142693, 0.024931784753387747, 0.02019913062753367, 0.02413761943048843, 0.02466592510548186, 0.016705434579092248, 0.022587127021070078, 0.026138157178372822, 0.022234018241080955, 0.020736741436922692, 0.02188611711948874, 0.02140438324307619, 0.019160850561077542, 0.027886257171819712, 0.01977934398617267, 0.01940673385368991, 0.021174149965128206, 0.031166907270561157, 0.022423438516180966, 0.018099843618624045, 0.02094095496353759, 0.020194461817691092, 0.019378450468488805, 0.01966420061728503, 0.018255969092604227]
BBSR:99.81
ABSR:99.48
max acc:98.68
