======================================
    IID: 0
    Dataset: mnist
    Model: Mnist_CNN
    Model Init: None
    Aggregation Function: RLR
    Fraction NonIID: 0
    Long attack: 3
    Wide attack: 3
    Wide attack: trust
    Threshold reject: 0.5
    Threshold down: 0.0
    Attack method: badnet
    Fraction of malicious agents: 13.0%
    Poison Frac: 0.2
    Backdoor From 7 to 2
    Attack Begin: 0
    Trigger Shape: square
    Type poisoning: pgd
    Trigger Position X: 0
    Trigger Position Y: 0
    Number of agents: 100
    Fraction of agents each turn: 30(30.0%)
    Local batch size: 50
    Local epoch: 3
    Client_LR: 0.01
    Client_Momentum: 0.9
    Global Rounds: 100
    RobustLR_threshold: 4
======================================
main_task_accuracy=[0, 35.040000915527344, 43.27000045776367, 38.16999816894531, 59.5, 67.95999908447266, 66.44000244140625, 70.87000274658203, 78.22000122070312, 88.3499984741211, 84.16000366210938, 91.08999633789062, 84.80000305175781, 90.7699966430664, 91.19999694824219, 91.47000122070312, 88.19000244140625, 92.54000091552734, 93.16000366210938, 86.66000366210938, 91.13999938964844, 93.37999725341797, 93.91000366210938, 89.55999755859375, 89.08000183105469, 92.91000366210938, 91.3499984741211, 95.69000244140625, 95.16000366210938, 94.51000213623047, 94.44000244140625, 95.11000061035156, 88.73999786376953, 95.79000091552734, 93.88999938964844, 93.70999908447266, 93.0, 94.95999908447266, 95.76000213623047, 95.26000213623047, 95.88999938964844, 95.2300033569336, 95.80000305175781, 96.5199966430664, 95.94999694824219, 96.79000091552734, 95.69999694824219, 95.66000366210938, 96.7699966430664, 95.94999694824219, 96.83000183105469, 95.20999908447266, 94.93000030517578, 94.76000213623047, 95.77999877929688, 96.66999816894531, 94.54000091552734, 96.05000305175781, 95.56999969482422, 96.58000183105469, 96.68000030517578, 96.70999908447266, 94.91000366210938, 96.87000274658203, 96.5, 96.80000305175781, 96.69000244140625, 96.7699966430664, 95.98999786376953, 96.48999786376953, 97.11000061035156, 96.75, 96.47000122070312, 96.77999877929688, 96.12999725341797, 96.12999725341797, 95.73999786376953, 96.08999633789062, 96.47000122070312, 96.25, 97.06999969482422, 96.97000122070312, 95.7699966430664, 96.37999725341797, 96.44999694824219, 97.3499984741211, 96.13999938964844, 96.69000244140625, 96.7699966430664, 96.81999969482422, 96.62000274658203, 97.36000061035156, 97.16999816894531, 97.44000244140625, 96.22000122070312, 96.81999969482422, 96.91999816894531, 97.69000244140625, 97.36000061035156, 96.93000030517578, 96.91999816894531]
backdoor_accuracy=[0, 0.38910505836575876, 0.0, 98.05447470817121, 0.0, 0.0, 0.2918287937743191, 5.155642023346304, 2.431906614785992, 1.1673151750972763, 0.9727626459143969, 7.684824902723736, 1.264591439688716, 1.264591439688716, 2.237354085603113, 3.307392996108949, 0.8754863813229572, 2.7237354085603114, 8.463035019455253, 1.9455252918287937, 2.140077821011673, 1.0700389105058365, 2.237354085603113, 0.2918287937743191, 16.05058365758755, 0.2918287937743191, 2.821011673151751, 2.3346303501945527, 2.3346303501945527, 2.821011673151751, 1.6536964980544746, 3.7937743190661477, 1.4591439688715953, 2.529182879377432, 2.529182879377432, 1.6536964980544746, 1.6536964980544746, 4.571984435797665, 2.431906614785992, 1.3618677042801557, 2.3346303501945527, 1.4591439688715953, 2.140077821011673, 1.8482490272373542, 2.237354085603113, 3.307392996108949, 1.8482490272373542, 10.894941634241246, 1.264591439688716, 2.140077821011673, 2.431906614785992, 1.1673151750972763, 1.4591439688715953, 2.821011673151751, 2.529182879377432, 2.431906614785992, 1.556420233463035, 2.6264591439688716, 5.739299610894942, 1.3618677042801557, 2.237354085603113, 1.0700389105058365, 2.140077821011673, 1.9455252918287937, 2.140077821011673, 2.237354085603113, 2.0428015564202333, 1.4591439688715953, 1.1673151750972763, 2.529182879377432, 2.140077821011673, 0.9727626459143969, 3.5992217898832686, 5.155642023346304, 4.280155642023346, 2.140077821011673, 0.6809338521400778, 1.3618677042801557, 2.7237354085603114, 3.21011673151751, 1.4591439688715953, 0.8754863813229572, 4.961089494163424, 3.11284046692607, 5.836575875486381, 3.0155642023346303, 4.571984435797665, 1.4591439688715953, 1.264591439688716, 1.0700389105058365, 7.198443579766537, 1.0700389105058365, 6.22568093385214, 0.9727626459143969, 3.7937743190661477, 4.863813229571984, 4.377431906614786, 2.140077821011673, 3.501945525291829, 1.6536964980544746, 1.0700389105058365]
loss_list=[0.48378680702776417, 0.32505984981608244, 0.257688629799165, 0.20104935698297322, 0.17406817849775363, 0.16436839931851296, 0.139101901356781, 0.10851754269930389, 0.1167626749626533, 0.09842112425715453, 0.10355139372384896, 0.0943742955198394, 0.0961567576112575, 0.07759250201958277, 0.07846701769406937, 0.06794270249729148, 0.07139368984009581, 0.07931085743011446, 0.07207531676602184, 0.06854543930814509, 0.06531539679878688, 0.06602980036983118, 0.06355666590553223, 0.08625328164254384, 0.0800948976311718, 0.06628845248377227, 0.06131340642236681, 0.04942114988763497, 0.06012673138207239, 0.06026780895524984, 0.05396654584697758, 0.0487374142008369, 0.0604483073287393, 0.0582834690209653, 0.042638342972999045, 0.0524559937441655, 0.06497090836829472, 0.0476311900400346, 0.042185256646641675, 0.048755143129786814, 0.03812061686177293, 0.04678767160233387, 0.044223490454866995, 0.05031607924184049, 0.05580086579188014, 0.050169181281067045, 0.05194168261980479, 0.049223250387988436, 0.04674315801777111, 0.04876072237757213, 0.03513413521788906, 0.03687896682355501, 0.03882654692696367, 0.045834316864462675, 0.05258142919531547, 0.03354844784931941, 0.049479326936830464, 0.046282163750314145, 0.05268318194343926, 0.040434512315438376, 0.04330317406925862, 0.032877649386168266, 0.04534568220585638, 0.0354962010106155, 0.04692588798757116, 0.04992345522692364, 0.04548708006275536, 0.05093340543531465, 0.044565494638659255, 0.03489356527977737, 0.04474667318942043, 0.04216528548605917, 0.052492324729325954, 0.03867341153321781, 0.02607916724967733, 0.04882072833701932, 0.0507864863071689, 0.03715606949190399, 0.043882420884029646, 0.041136907460689424, 0.04316094243188768, 0.03602759836967264, 0.03436151100136232, 0.03403749781149913, 0.0335740120176274, 0.03324214143093114, 0.03891768416052258, 0.04557657274755898, 0.0407580400894509, 0.03712598599736476, 0.04515259880551147, 0.03956935725775099, 0.03810636530496097, 0.03419221502050311, 0.032408734097453366, 0.042772552238553, 0.03401189167024547, 0.03601102820665338, 0.04933094611480285, 0.03277678836961209]
BBSR:6.23
ABSR:2.97
max acc:97.69
