======================================
    IID: 0
    Dataset: fashion_mnist
    Model: Mnist_CNN
    Model Init: None
    Aggregation Function: krum
    Fraction NonIID: 0
    Long attack: 3
    Wide attack: 3
    Wide attack: trust
    Threshold reject: 0.5
    Threshold down: 0.0
    Attack method: badnet
    Fraction of malicious agents: 30.0%
    Poison Frac: 0.2
    Backdoor From 7 to 2
    Attack Begin: 0
    Trigger Shape: square
    Type poisoning: 
    Trigger Position X: 0
    Trigger Position Y: 0
    Number of agents: 100
    Fraction of agents each turn: 30(30.0%)
    Local batch size: 50
    Local epoch: 3
    Client_LR: 0.01
    Client_Momentum: 0.9
    Global Rounds: 100
    Proportion of malicious are selected: 0.56
    Average score of malicious clients: 1261.342529296875
    Average score of benign clients: 340.8829040527344
======================================
main_task_accuracy=[0, 48.77000045776367, 58.43000030517578, 65.55000305175781, 67.05999755859375, 74.6500015258789, 75.69999694824219, 73.87000274658203, 76.12999725341797, 76.38999938964844, 77.62000274658203, 75.94999694824219, 78.48999786376953, 76.22000122070312, 78.66999816894531, 79.47000122070312, 79.29000091552734, 79.02999877929688, 79.5, 80.06999969482422, 78.8499984741211, 80.0, 80.37999725341797, 79.44999694824219, 80.44999694824219, 79.86000061035156, 80.20999908447266, 81.13999938964844, 79.66999816894531, 80.61000061035156, 80.33000183105469, 79.43000030517578, 80.19999694824219, 80.19000244140625, 81.61000061035156, 80.1500015258789, 81.27999877929688, 80.94000244140625, 80.5, 81.1500015258789, 81.72000122070312, 80.94999694824219, 82.4800033569336, 82.44999694824219, 82.66000366210938, 81.08999633789062, 82.56999969482422, 81.23999786376953, 82.13999938964844, 82.88999938964844, 83.2699966430664, 81.8499984741211, 83.95999908447266, 82.79000091552734, 83.9800033569336, 84.05999755859375, 82.87999725341797, 82.55000305175781, 82.3499984741211, 83.2699966430664, 83.83999633789062, 83.88999938964844, 83.3499984741211, 83.08000183105469, 82.16999816894531, 82.13999938964844, 83.4000015258789, 83.38999938964844, 83.5, 82.87999725341797, 83.80000305175781, 83.2300033569336, 84.22000122070312, 83.87999725341797, 83.93000030517578, 83.66000366210938, 83.25, 83.56999969482422, 83.27999877929688, 83.63999938964844, 82.08999633789062, 83.9000015258789, 83.44999694824219, 83.19999694824219, 82.91000366210938, 83.02999877929688, 83.19999694824219, 82.48999786376953, 83.13999938964844, 83.41000366210938, 84.43000030517578, 83.7699966430664, 84.22000122070312, 83.86000061035156, 83.63999938964844, 83.91000366210938, 82.75, 84.22000122070312, 83.51000213623047, 83.37000274658203, 84.3499984741211]
backdoor_accuracy=[0, 65.9, 100.0, 94.9, 1.7, 100.0, 99.7, 99.4, 83.0, 86.0, 24.1, 100.0, 99.8, 100.0, 100.0, 100.0, 100.0, 100.0, 100.0, 100.0, 100.0, 100.0, 100.0, 100.0, 100.0, 100.0, 100.0, 100.0, 100.0, 100.0, 100.0, 100.0, 100.0, 100.0, 100.0, 100.0, 100.0, 100.0, 99.9, 99.9, 100.0, 99.9, 99.9, 100.0, 99.9, 99.9, 99.9, 99.8, 99.9, 99.9, 99.8, 100.0, 99.9, 99.9, 99.9, 99.9, 99.9, 99.9, 99.9, 99.9, 99.9, 99.9, 99.9, 99.9, 99.9, 100.0, 99.9, 99.9, 99.9, 99.9, 99.9, 99.9, 99.9, 99.9, 99.9, 99.9, 99.9, 99.9, 99.9, 99.9, 99.9, 99.9, 99.9, 99.9, 99.9, 99.9, 99.9, 99.9, 99.9, 99.9, 99.9, 99.9, 99.9, 99.9, 99.9, 99.9, 99.9, 99.9, 99.9, 99.9, 99.9]
loss_list=[1.431473198533058, 0.9197017015682326, 0.8158221294206602, 0.6701529206501113, 0.5708696444553357, 0.5522069686540851, 0.5169443257842903, 0.545863498043683, 0.5203196989855281, 0.5279119350292064, 0.48143385407273426, 0.4815877475672299, 0.43304171126197877, 0.5043873457169091, 0.4698168699595112, 0.4383747166126139, 0.4542110900291138, 0.48991546016186477, 0.4508032200789009, 0.48016381326510954, 0.4087754396790709, 0.460403917171061, 0.44380216361885816, 0.48116153107473136, 0.4423067242803949, 0.44698690169456384, 0.46562920015098314, 0.47508214991539727, 0.43089096130441057, 0.47127963534332123, 0.457539026349507, 0.41375357946725905, 0.43056045121478803, 0.4286224672812278, 0.4078120149085643, 0.3992736967858272, 0.44592622633230083, 0.429415877101322, 0.44127497461589954, 0.45525169897548573, 0.381583155558824, 0.5050888884398671, 0.3903065262224388, 0.4458812218245672, 0.4615291516365552, 0.39279182119364, 0.4694101219513902, 0.3703419320854462, 0.43717107126118476, 0.476552378496638, 0.3798932982712156, 0.3988648427477865, 0.3897597551673513, 0.39963411030066365, 0.40880447101296374, 0.4225502359387638, 0.40516855654789624, 0.404049425140989, 0.3962570121485946, 0.435099491159673, 0.3923062910705254, 0.40053912096234295, 0.3877686560416974, 0.42180922347103694, 0.42344073711859964, 0.38127789664754846, 0.3303295320572539, 0.4116299341881164, 0.42281750497684156, 0.4086460093389853, 0.3810278889309201, 0.3767812883990161, 0.3897702524050449, 0.41574783467049536, 0.3942789354598735, 0.40148651383588685, 0.40265394088023126, 0.4290775970895387, 0.4489413920227283, 0.45801826269296864, 0.43985154470428817, 0.4085747801767731, 0.42885447480301914, 0.47953135851184253, 0.42500363723245554, 0.4058843076237718, 0.44131921520090167, 0.46178445473649643, 0.47888655014750026, 0.4135050294498258, 0.3873354822569699, 0.42671476322122737, 0.38573746264618997, 0.38528614114599163, 0.41454145034421575, 0.42899475692398414, 0.4080696064239386, 0.4340765092666348, 0.4394021040865617, 0.439428151444601]
BBSR:99.9
ABSR:99.9
max acc:84.35
