======================================
    IID: 1
    Dataset: cifar
    Model: resnet
    Model Init: None
    Aggregation Function: RLR
    Fraction NonIID: 0
    Long attack: 3
    Wide attack: 3
    Wide attack: trust
    Threshold reject: 0.5
    Threshold down: 0.0
    Attack method: badnet
    Fraction of malicious agents: 13.0%
    Poison Frac: 0.2
    Backdoor From 7 to 2
    Attack Begin: 0
    Trigger Shape: square
    Type poisoning: cs
    Trigger Position X: 0
    Trigger Position Y: 0
    Number of agents: 100
    Fraction of agents each turn: 30(30.0%)
    Local batch size: 50
    Local epoch: 3
    Client_LR: 0.01
    Client_Momentum: 0.9
    Global Rounds: 100
    RobustLR_threshold: 4
======================================
main_task_accuracy=[0, 10.029999732971191, 17.559999465942383, 34.13999938964844, 37.970001220703125, 42.09000015258789, 47.18000030517578, 50.0099983215332, 51.900001525878906, 54.540000915527344, 55.29999923706055, 57.61000061035156, 58.13999938964844, 59.72999954223633, 61.220001220703125, 62.5, 62.08000183105469, 63.77000045776367, 63.970001220703125, 64.1500015258789, 63.66999816894531, 64.76000213623047, 64.58000183105469, 66.0999984741211, 64.80999755859375, 64.91999816894531, 64.5, 64.87000274658203, 66.4800033569336, 66.83999633789062, 66.5999984741211, 66.37999725341797, 67.45999908447266, 66.95999908447266, 67.68000030517578, 68.22000122070312, 66.80000305175781, 68.18000030517578, 67.9800033569336, 68.69000244140625, 68.80999755859375, 68.68000030517578, 69.69999694824219, 68.91000366210938, 69.33000183105469, 68.79000091552734, 69.7300033569336, 71.31999969482422, 71.55000305175781, 70.83000183105469, 70.73999786376953, 70.31999969482422, 69.86000061035156, 71.08000183105469, 71.47000122070312, 71.97000122070312, 72.2699966430664, 71.83999633789062, 71.72000122070312, 72.36000061035156, 71.04000091552734, 72.62000274658203, 71.66000366210938, 71.73999786376953, 71.91000366210938, 72.66000366210938, 72.70999908447266, 72.91999816894531, 72.93000030517578, 72.80999755859375, 72.77999877929688, 73.04000091552734, 72.81999969482422, 72.83000183105469, 72.8499984741211, 72.48999786376953, 72.51000213623047, 72.51000213623047, 72.72000122070312, 72.73999786376953, 72.55000305175781, 72.79000091552734, 72.76000213623047, 72.58999633789062, 72.62999725341797, 72.52999877929688, 72.62000274658203, 72.66999816894531, 72.6500015258789, 72.66000366210938, 72.62000274658203, 72.61000061035156, 72.55999755859375, 72.52999877929688, 72.51000213623047, 72.5999984741211, 72.48999786376953, 72.54000091552734, 72.56999969482422, 72.38999938964844, 72.41000366210938]
backdoor_accuracy=[0, 0.0, 19.6, 8.5, 8.8, 4.3, 4.1, 3.9, 3.4, 2.3, 2.7, 2.0, 2.5, 3.8, 2.6, 2.8, 1.6, 2.2, 3.3, 1.9, 1.5, 1.3, 1.8, 0.8, 1.7, 1.3, 1.5, 1.9, 1.0, 0.7, 1.3, 1.8, 1.5, 2.7, 2.1, 3.7, 3.5, 2.3, 1.2, 1.6, 1.6, 1.5, 1.2, 2.5, 1.9, 1.1, 1.8, 2.0, 2.8, 2.1, 1.5, 1.3, 2.2, 2.0, 2.8, 1.8, 2.6, 2.5, 3.0, 1.8, 1.4, 2.3, 1.9, 2.1, 1.9, 2.4, 2.1, 3.1, 2.7, 2.3, 2.0, 3.0, 2.7, 2.9, 3.3, 3.2, 3.7, 3.4, 3.2, 2.8, 2.6, 2.3, 2.9, 2.9, 3.0, 2.7, 2.6, 2.2, 2.6, 2.9, 2.6, 2.3, 2.3, 2.3, 2.8, 2.8, 2.7, 2.7, 2.9, 2.8, 2.8]
loss_list=[1.9543299925327304, 1.4983809565835526, 1.1202076412240665, 0.9890065799984668, 0.84298097382817, 0.7355726358211704, 0.6604860675086577, 0.6172699423196415, 0.568912788906859, 0.5558372108762464, 0.5337533029520679, 0.5222927084689338, 0.4680537211977774, 0.44695896746383773, 0.44314800186289693, 0.43541812590840784, 0.40974043846544295, 0.3981034563005798, 0.36401890493825906, 0.3614396190229389, 0.3436377678873639, 0.35207116026638285, 0.31270949487160477, 0.35316489723097116, 0.30007190258552624, 0.3163157979683536, 0.3112726905771221, 0.2767375358121677, 0.26742601993855913, 0.27914029698922405, 0.2548206345720165, 0.2217780021019279, 0.21377020395891225, 0.23034295739683638, 0.23190032227521037, 0.2147326056677331, 0.24925797438100245, 0.18461948681622742, 0.19119230222733075, 0.20569630593397756, 0.21127636486522125, 0.15675284697958783, 0.17711511000719235, 0.17819628812534372, 0.16995545623726988, 0.11546059729330914, 0.13936226917113853, 0.1557542570726946, 0.12394058733344232, 0.1410150474107488, 0.12410671560407432, 0.11676785112733747, 0.11438537216932874, 0.0997857166421535, 0.085158907577473, 0.07152101774328104, 0.0983626892993925, 0.09228832006076118, 0.0689248906635718, 0.09175830655690838, 0.06177160400007979, 0.08245093474879263, 0.08414889165682123, 0.06085184949621583, 0.042424119204790466, 0.05728012043557505, 0.03140327404628301, 0.05143815221040211, 0.05035523522325093, 0.03260840197498006, 0.04623047914343058, 0.03562040511193723, 0.028646042234177, 0.053164369665432275, 0.0347922053334494, 0.054093589591066124, 0.039834457461183775, 0.02600324977769762, 0.03592659600894776, 0.03700301140178151, 0.03935654822378841, 0.025640749869700007, 0.049212887397103874, 0.015968886773815836, 0.010282327239191444, 0.01770922246425066, 0.045148498744302816, 0.03442577893578547, 0.021843979604960217, 0.015402283667721756, 0.04193077507242885, 0.02028648746743177, 0.026990188697115322, 0.020104145938773094, 0.011925981143981012, 0.03865561958272236, 0.015855624699720967, 0.02092235457247928, 0.05040370854030899, 0.011321342708878442]
BBSR:2.9
ABSR:2.64
max acc:72.61
