======================================
    IID: 1
    Dataset: cifar
    Model: resnet
    Model Init: None
    Aggregation Function: DABA
    Fraction NonIID: 0
    Long attack: 3
    Wide attack: 3
    Wide attack: trust
    Threshold reject: 0.5
    Threshold down: 0.0
    Attack method: dba
    Fraction of malicious agents: 13.0%
    Poison Frac: 0.2
    Backdoor From 7 to 2
    Attack Begin: 0
    Trigger Shape: square
    Type poisoning: 
    Trigger Position X: 0
    Trigger Position Y: 0
    Number of agents: 100
    Fraction of agents each turn: 30(30.0%)
    Local batch size: 50
    Local epoch: 3
    Client_LR: 0.01
    Client_Momentum: 0.9
    Global Rounds: 100
======================================
main_task_accuracy=[0, 10.020000457763672, 28.940000534057617, 42.11000061035156, 41.33000183105469, 49.0099983215332, 51.790000915527344, 55.0, 55.869998931884766, 59.470001220703125, 60.54999923706055, 61.58000183105469, 61.599998474121094, 62.58000183105469, 63.7599983215332, 65.54000091552734, 64.8499984741211, 65.70999908447266, 66.25, 65.08000183105469, 67.38999938964844, 66.2699966430664, 67.9000015258789, 66.98999786376953, 68.8499984741211, 69.11000061035156, 69.56999969482422, 70.5999984741211, 69.30999755859375, 70.19999694824219, 70.69999694824219, 70.4800033569336, 70.91000366210938, 71.8499984741211, 72.02999877929688, 71.87999725341797, 72.22000122070312, 72.6500015258789, 71.95999908447266, 71.94999694824219, 72.41000366210938, 72.19999694824219, 72.9000015258789, 72.91000366210938, 72.62000274658203, 73.16000366210938, 72.94999694824219, 72.80000305175781, 72.73999786376953, 72.7699966430664, 72.8499984741211, 73.0199966430664, 72.9800033569336, 73.04000091552734, 73.12999725341797, 72.72000122070312, 72.91000366210938, 72.95999908447266, 72.86000061035156, 72.8499984741211, 72.94999694824219, 72.94000244140625, 72.93000030517578, 73.02999877929688, 72.86000061035156, 72.79000091552734, 72.80000305175781, 72.66999816894531, 72.62000274658203, 72.54000091552734, 72.5999984741211, 72.66000366210938, 72.58000183105469, 72.58000183105469, 72.36000061035156, 72.62000274658203, 72.66000366210938, 72.52999877929688, 72.55999755859375, 72.62999725341797, 72.63999938964844, 72.58999633789062, 72.63999938964844, 72.62999725341797, 72.61000061035156, 72.5, 72.5999984741211, 72.45999908447266, 72.41999816894531, 72.41999816894531, 72.51000213623047, 72.45999908447266, 72.63999938964844, 72.48999786376953, 72.52999877929688, 72.55999755859375, 72.58000183105469, 72.48999786376953, 72.55999755859375, 72.37000274658203, 72.4800033569336]
backdoor_accuracy=[0, 0.0, 4.3, 5.8, 4.5, 4.1, 3.1, 2.9, 4.1, 3.6, 1.2, 1.3, 1.7, 1.6, 2.0, 1.5, 1.7, 1.8, 1.3, 1.9, 1.2, 1.6, 1.0, 1.0, 1.6, 1.7, 1.6, 1.0, 2.1, 1.9, 2.6, 1.9, 2.7, 4.3, 2.1, 2.7, 2.8, 2.2, 1.4, 2.8, 3.4, 2.8, 3.2, 3.3, 3.2, 2.8, 4.1, 4.6, 3.3, 3.6, 5.1, 3.7, 4.6, 4.3, 4.2, 4.7, 4.4, 4.6, 5.0, 4.2, 3.8, 4.3, 4.2, 4.3, 4.1, 4.4, 4.2, 3.7, 4.9, 5.2, 4.5, 4.6, 4.7, 4.7, 5.0, 5.2, 4.8, 5.0, 4.8, 4.9, 4.8, 4.9, 4.9, 5.2, 4.9, 4.7, 4.8, 4.8, 5.2, 5.1, 4.9, 4.7, 4.9, 4.6, 5.2, 4.5, 5.0, 5.0, 5.0, 5.3, 5.0]
loss_list=[1.9971190089649624, 1.5464788598484462, 1.1626718683044115, 0.9631197765303983, 0.7930161535739899, 0.6906225955072375, 0.6132415684312582, 0.5664357286608881, 0.5266094517293902, 0.4679904546443787, 0.4754585560411215, 0.4230764908033112, 0.38576229985596394, 0.38701605048651505, 0.3466615564520988, 0.36673985110285384, 0.3342999598978915, 0.3346181949895497, 0.29960754602837064, 0.27060558240343296, 0.2971179556546526, 0.23481279178962317, 0.2612840125280329, 0.22156613666512484, 0.21571158265927806, 0.17955536451798657, 0.16567979387007656, 0.1721066843724758, 0.1436255081464899, 0.144627224360722, 0.1278268515945982, 0.146342413725021, 0.1008273396096451, 0.11230536314995132, 0.11559451909768136, 0.10128421144223668, 0.07832739034195481, 0.08974839128812569, 0.12184685889579769, 0.06432842343166058, 0.0631523319124244, 0.09088261284102271, 0.06637473118381523, 0.05024261127323069, 0.0212766000096518, 0.04759485713749501, 0.025472755948366177, 0.03399136784796914, 0.011311129780693187, 0.034399248972864976, 0.016713808255735783, 0.01060624098043061, 0.01784405255712854, 0.023702095374076936, 0.006217777983838459, 0.01953217702172373, 0.005312228960360193, 0.00751760565944197, 0.006717062444982325, 0.011782314525981847, 0.004364320691125209, 0.004355889034502777, 0.005223936965760207, 0.006895666615204796, 0.002826878717347023, 0.004186561744508152, 0.0030941588212671273, 0.001995895472807913, 0.0015292661839177728, 0.0026882378640746343, 0.0022585115570917776, 0.001373898942531216, 0.002519629269502022, 0.0024960729853773954, 0.003234782209498614, 0.0012503998457395937, 0.0013358210003288047, 0.0026916322901686532, 0.003434733188769315, 0.0014025433666392925, 0.0028951340199677763, 0.0016139967493816385, 0.0021728073540725743, 0.0012421400364675923, 0.0012219608734044918, 0.0011743902591842923, 0.0013460371088715164, 0.0008538896187221529, 0.0016276052449312477, 0.0009454973907122624, 0.0018880613588892934, 0.0007367626631942891, 0.0012363878819612892, 0.0007669843839297148, 0.003255698455290662, 0.0007541302945416345, 0.0019042791252448096, 0.0007712548614492536, 0.0007291855366282916, 0.0006726888843533945]
BBSR:5.3
ABSR:4.92
max acc:72.64
