======================================
    IID: 0
    Dataset: fashion_mnist
    Model: Mnist_CNN
    Model Init: None
    Aggregation Function: flame
    Fraction NonIID: 0
    Long attack: 3
    Wide attack: 3
    Wide attack: trust
    Threshold reject: 0.5
    Threshold down: 0.0
    Attack method: dba
    Fraction of malicious agents: 30.0%
    Poison Frac: 0.2
    Backdoor From 7 to 2
    Attack Begin: 0
    Trigger Shape: square
    Type poisoning: 
    Trigger Position X: 0
    Trigger Position Y: 0
    Number of agents: 100
    Fraction of agents each turn: 30(30.0%)
    Local batch size: 50
    Local epoch: 3
    Client_LR: 0.01
    Client_Momentum: 0.9
    Global Rounds: 100
    Noise in FLAME: 0.001
proportion of malicious are selected:0.6444444444444445
proportion of benign are selected:0.49476190476190474
======================================
main_task_accuracy=[0, 54.31999969482422, 69.27999877929688, 74.0, 74.62000274658203, 76.73999786376953, 78.97000122070312, 77.80999755859375, 78.31999969482422, 79.9000015258789, 81.4800033569336, 79.25, 82.19999694824219, 82.43000030517578, 82.73999786376953, 82.7300033569336, 83.75, 83.91999816894531, 83.2699966430664, 84.37999725341797, 85.06999969482422, 82.94000244140625, 84.62999725341797, 85.58000183105469, 85.38999938964844, 85.51000213623047, 85.76000213623047, 85.87000274658203, 85.45999908447266, 85.9000015258789, 86.47000122070312, 85.37000274658203, 85.62999725341797, 86.66999816894531, 86.37000274658203, 86.19999694824219, 86.83999633789062, 86.83000183105469, 86.68000030517578, 86.94000244140625, 87.29000091552734, 87.1500015258789, 86.44000244140625, 87.29000091552734, 87.4000015258789, 87.30000305175781, 87.37999725341797, 87.5199966430664, 87.48999786376953, 87.5999984741211, 87.6500015258789, 87.5, 87.62999725341797, 87.98999786376953, 87.87000274658203, 87.25, 88.01000213623047, 87.9800033569336, 87.7300033569336, 87.9800033569336, 88.2300033569336, 88.06999969482422, 87.87000274658203, 88.16000366210938, 88.37999725341797, 87.77999877929688, 88.4000015258789, 88.70999908447266, 88.4800033569336, 88.23999786376953, 88.45999908447266, 88.37999725341797, 87.95999908447266, 88.56999969482422, 88.13999938964844, 88.1500015258789, 88.69999694824219, 88.5999984741211, 88.33000183105469, 88.55000305175781, 88.43000030517578, 88.41999816894531, 88.16999816894531, 88.80000305175781, 88.75, 88.61000061035156, 88.66000366210938, 89.02999877929688, 88.91999816894531, 88.31999969482422, 89.04000091552734, 88.52999877929688, 88.83999633789062, 89.23999786376953, 88.83999633789062, 88.62999725341797, 88.98999786376953, 89.33000183105469, 88.9000015258789, 88.86000061035156, 89.2300033569336]
backdoor_accuracy=[0, 0.1, 0.3, 32.3, 94.1, 98.0, 98.8, 99.9, 99.9, 99.9, 99.9, 100.0, 100.0, 100.0, 100.0, 100.0, 100.0, 100.0, 100.0, 100.0, 100.0, 100.0, 100.0, 100.0, 100.0, 100.0, 100.0, 100.0, 100.0, 100.0, 100.0, 100.0, 100.0, 100.0, 100.0, 100.0, 100.0, 100.0, 100.0, 100.0, 100.0, 100.0, 100.0, 100.0, 100.0, 100.0, 100.0, 100.0, 100.0, 100.0, 100.0, 100.0, 100.0, 100.0, 100.0, 100.0, 100.0, 100.0, 100.0, 100.0, 100.0, 100.0, 100.0, 100.0, 100.0, 100.0, 100.0, 100.0, 100.0, 100.0, 100.0, 100.0, 100.0, 100.0, 100.0, 100.0, 100.0, 100.0, 100.0, 100.0, 100.0, 100.0, 100.0, 100.0, 100.0, 100.0, 100.0, 100.0, 100.0, 100.0, 100.0, 100.0, 100.0, 100.0, 100.0, 100.0, 100.0, 100.0, 100.0, 100.0, 100.0]
loss_list=[1.412160986441153, 0.8570512162314521, 0.6504780148604402, 0.6080839832485825, 0.5478522959682677, 0.4705208171434977, 0.5082030327783691, 0.4739255306207471, 0.4451365332636569, 0.4049990853777638, 0.4472462410797124, 0.3963508336770314, 0.3587908859813103, 0.3784536771959176, 0.402578481003918, 0.3740725544522758, 0.37895385587105035, 0.38309205865694423, 0.3920651653022677, 0.32390735730252884, 0.3745485693906193, 0.3650430171957446, 0.31178545801796853, 0.3448855548053637, 0.33409991202600015, 0.33027733524019526, 0.32589812677491586, 0.36691592173926796, 0.3244421019494809, 0.296973975840956, 0.32474326871473486, 0.32310994887655536, 0.29205784411686986, 0.3270371485087607, 0.31630644167393995, 0.2989803806050784, 0.3028421380591613, 0.29504160452979034, 0.27766591637153865, 0.2697534695750585, 0.2903728118752716, 0.2868758621522122, 0.23959558213267618, 0.29965335555995504, 0.2630601459976148, 0.2842879064588083, 0.27926320457417103, 0.28370459522638053, 0.2682778930239793, 0.250383522618493, 0.2885302131926572, 0.2720045963250515, 0.2567034121740747, 0.26469360125009656, 0.29665775216805446, 0.249646237609839, 0.2499726343468798, 0.27821013773619024, 0.2685838219726941, 0.222808716106401, 0.29018856167655294, 0.2710541849714463, 0.2345065542927909, 0.23795707747857606, 0.2747815670738756, 0.22542276724966032, 0.23814996707218666, 0.26502575832764036, 0.2549327469094553, 0.2253795025266569, 0.25045350514938713, 0.2565082904123874, 0.22640866017038072, 0.28032486891305003, 0.24304768608805413, 0.22266896047405205, 0.2189416716082228, 0.2631525537654481, 0.2412936500463359, 0.21673511133391277, 0.25264081512232894, 0.2580795232930945, 0.22573647639127792, 0.2240483756280607, 0.25217417204856046, 0.224469347330914, 0.22118582017978447, 0.22832903930296497, 0.22230016088665086, 0.2246423761075777, 0.237544717049847, 0.22680056073047497, 0.2101246716549482, 0.26079995124428357, 0.23344000603106838, 0.23899285259691103, 0.2183388437834327, 0.2353951423084019, 0.23166204239069316, 0.18943049238856746]
BBSR:100.0
ABSR:100.0
max acc:89.33
