======================================
    IID: 1
    Dataset: cifar
    Model: resnet
    Model Init: None
    Aggregation Function: flame
    Fraction NonIID: 0
    Long attack: 3
    Wide attack: 3
    Wide attack: trust
    Threshold reject: 0.5
    Threshold down: 0.0
    Attack method: badnet
    Fraction of malicious agents: 13.0%
    Poison Frac: 0.2
    Backdoor From 7 to 2
    Attack Begin: 0
    Trigger Shape: square
    Type poisoning: 
    Trigger Position X: 0
    Trigger Position Y: 0
    Number of agents: 100
    Fraction of agents each turn: 30(30.0%)
    Local batch size: 50
    Local epoch: 3
    Client_LR: 0.01
    Client_Momentum: 0.9
    Global Rounds: 100
    Noise in FLAME: 0.001
proportion of malicious are selected:0.6966666666666667
proportion of benign are selected:0.5237037037037037
======================================
main_task_accuracy=[0, 10.420000076293945, 35.650001525878906, 45.77000045776367, 49.029998779296875, 45.650001525878906, 54.70000076293945, 55.54999923706055, 57.16999816894531, 57.29999923706055, 59.41999816894531, 61.0, 60.61000061035156, 58.650001525878906, 60.900001525878906, 60.439998626708984, 60.61000061035156, 62.15999984741211, 61.959999084472656, 63.81999969482422, 62.43000030517578, 63.689998626708984, 63.18000030517578, 62.720001220703125, 62.310001373291016, 65.05999755859375, 64.41999816894531, 64.83000183105469, 64.69000244140625, 66.06999969482422, 64.05000305175781, 63.79999923706055, 64.98999786376953, 65.18000030517578, 64.9000015258789, 67.11000061035156, 65.68000030517578, 67.16999816894531, 65.30000305175781, 66.79000091552734, 67.33999633789062, 65.30000305175781, 65.2300033569336, 66.6500015258789, 65.1500015258789, 64.04000091552734, 66.97000122070312, 67.55000305175781, 67.26000213623047, 68.38999938964844, 68.38999938964844, 65.55999755859375, 68.55000305175781, 68.4000015258789, 66.48999786376953, 67.62999725341797, 68.87999725341797, 69.41000366210938, 68.0999984741211, 67.73999786376953, 68.69000244140625, 69.01000213623047, 69.16999816894531, 67.76000213623047, 68.98999786376953, 68.29000091552734, 68.0199966430664, 69.02999877929688, 69.29000091552734, 69.29000091552734, 69.43000030517578, 68.58000183105469, 67.97000122070312, 68.37000274658203, 68.80999755859375, 69.01000213623047, 68.55000305175781, 69.37999725341797, 69.05999755859375, 69.79000091552734, 69.7300033569336, 69.16000366210938, 69.56999969482422, 66.91999816894531, 69.13999938964844, 69.6500015258789, 68.38999938964844, 70.20999908447266, 69.80000305175781, 70.30000305175781, 69.75, 70.0, 69.87000274658203, 69.22000122070312, 69.9800033569336, 69.33999633789062, 70.26000213623047, 70.11000061035156, 71.0999984741211, 70.80000305175781, 70.4000015258789]
backdoor_accuracy=[0, 0.4, 15.1, 2.7, 8.6, 25.3, 2.4, 3.4, 4.7, 7.6, 6.7, 4.4, 2.0, 0.8, 1.0, 1.0, 3.1, 1.7, 0.5, 1.6, 5.8, 1.0, 0.7, 2.2, 1.9, 0.8, 3.1, 2.7, 1.7, 1.4, 5.5, 1.9, 1.8, 3.9, 4.1, 2.3, 2.1, 2.6, 1.8, 1.5, 4.0, 4.1, 0.8, 0.7, 0.5, 1.2, 1.3, 2.1, 0.6, 0.6, 1.4, 1.1, 2.9, 0.8, 0.3, 0.8, 1.7, 1.4, 1.9, 1.5, 0.6, 1.2, 2.0, 2.1, 1.0, 1.3, 1.9, 1.6, 0.8, 1.5, 2.2, 1.0, 0.7, 0.8, 1.3, 1.3, 3.1, 2.3, 2.8, 1.1, 2.1, 2.5, 2.1, 3.2, 1.9, 4.3, 1.3, 1.9, 3.1, 1.8, 2.1, 2.6, 1.3, 2.3, 1.6, 1.1, 1.2, 1.0, 2.6, 1.4, 1.9]
loss_list=[1.9832066864437532, 1.5549842085440952, 1.1790673387381763, 0.9681694211893611, 0.7908497581382594, 0.7688636412719885, 0.656896284557879, 0.598981149730583, 0.5485358933773306, 0.5647192358846466, 0.502513870816264, 0.5266243557549185, 0.4677961062743432, 0.4947578819841147, 0.44913760299690897, 0.4958241303182311, 0.42582784302946597, 0.44296838734919836, 0.3929425448251681, 0.45003704729283023, 0.3865254675700432, 0.3961172863778969, 0.40319628328964535, 0.38129804431667746, 0.39601784476544705, 0.40122969894204286, 0.3992001283127401, 0.41423453182809883, 0.34570765643484064, 0.3633017851541647, 0.36114502185438246, 0.3265821250931671, 0.3691563503594241, 0.3984149651286295, 0.3617079772820903, 0.28052383211130905, 0.3324240853337364, 0.38404166154330593, 0.31636125624076356, 0.27154473395086826, 0.2801967696193605, 0.3578906056331469, 0.2952808088234936, 0.375726718705458, 0.35833196199343853, 0.33159526271124684, 0.3102564439105076, 0.34584676116187546, 0.30450839528037854, 0.31352965293607366, 0.324131571725787, 0.3477523417757928, 0.26980683315855764, 0.3228495752400097, 0.3546959331383308, 0.3147899734187457, 0.30990825284065476, 0.3279820538845122, 0.26573526287244426, 0.27685304826435947, 0.32144532137084764, 0.29489712220125114, 0.3431656727065436, 0.3153178454863114, 0.2905673343589943, 0.3145686726153104, 0.3161005269707594, 0.26237133131491847, 0.3266141409411406, 0.26444892454892394, 0.3200817223079502, 0.31803347195472775, 0.2910395039938804, 0.25691947690625155, 0.31607825789988664, 0.31068923566102363, 0.2629225641289829, 0.24802205048113446, 0.2479901396677208, 0.3026275645651751, 0.3096846172972841, 0.31503639541695716, 0.35370397284238914, 0.3123770523430883, 0.297231778900346, 0.32804649696090366, 0.2790961692259751, 0.2934877119808354, 0.23855287153403168, 0.29635124813506586, 0.3119131199392076, 0.29339421575630287, 0.3434354299638007, 0.3191826627923486, 0.3409947067457768, 0.2426729808437327, 0.3369842748030917, 0.24390266886420753, 0.25839384520659225, 0.22614420331134977]
BBSR:12.501994316840909
ABSR:14.5128415553316
max acc:71.1
