======================================
    IID: 0
    Dataset: fashion_mnist
    Model: Mnist_CNN
    Model Init: None
    Aggregation Function: flame
    Fraction NonIID: 0
    Long attack: 3
    Wide attack: 3
    Wide attack: trust
    Threshold reject: 0.5
    Threshold down: 0.0
    Attack method: dba
    Fraction of malicious agents: 13.0%
    Poison Frac: 0.2
    Backdoor From 7 to 2
    Attack Begin: 0
    Trigger Shape: square
    Type poisoning: 
    Trigger Position X: 0
    Trigger Position Y: 0
    Number of agents: 100
    Fraction of agents each turn: 30(30.0%)
    Local batch size: 50
    Local epoch: 3
    Client_LR: 0.01
    Client_Momentum: 0.9
    Global Rounds: 100
    Noise in FLAME: 0.001
proportion of malicious are selected:0.53
proportion of benign are selected:0.5374074074074074
======================================
main_task_accuracy=[0, 67.2300033569336, 72.73999786376953, 73.91999816894531, 76.48999786376953, 77.7300033569336, 78.5999984741211, 79.86000061035156, 80.62000274658203, 81.08999633789062, 81.58000183105469, 82.19000244140625, 82.68000030517578, 82.68000030517578, 83.80000305175781, 84.11000061035156, 83.56999969482422, 84.48999786376953, 84.3499984741211, 84.66999816894531, 85.11000061035156, 85.18000030517578, 85.30999755859375, 85.58999633789062, 85.69000244140625, 85.69000244140625, 85.81999969482422, 86.33999633789062, 86.51000213623047, 86.11000061035156, 86.41999816894531, 86.87000274658203, 86.55000305175781, 86.62999725341797, 86.97000122070312, 87.12999725341797, 87.08999633789062, 87.0999984741211, 87.13999938964844, 87.23999786376953, 87.44000244140625, 87.4800033569336, 87.54000091552734, 87.38999938964844, 87.6500015258789, 87.93000030517578, 87.80000305175781, 87.83999633789062, 87.9800033569336, 88.22000122070312, 87.91000366210938, 88.25, 87.88999938964844, 88.18000030517578, 87.9800033569336, 88.30999755859375, 88.16000366210938, 88.4000015258789, 88.45999908447266, 88.29000091552734, 88.55000305175781, 88.61000061035156, 88.69999694824219, 88.5, 88.62000274658203, 88.48999786376953, 88.81999969482422, 88.68000030517578, 88.55999755859375, 88.72000122070312, 88.52999877929688, 88.81999969482422, 88.5, 88.69999694824219, 89.0999984741211, 88.91999816894531, 89.0199966430664, 89.0999984741211, 88.9000015258789, 88.98999786376953, 88.93000030517578, 88.87000274658203, 88.80999755859375, 89.33000183105469, 88.8499984741211, 88.87999725341797, 88.91000366210938, 89.01000213623047, 89.38999938964844, 89.11000061035156, 89.01000213623047, 89.20999908447266, 89.13999938964844, 89.45999908447266, 89.2300033569336, 89.37999725341797, 89.2699966430664, 89.5, 89.05999755859375, 89.56999969482422, 89.4000015258789]
backdoor_accuracy=[0, 0.0, 0.0, 0.1, 0.0, 0.0, 0.0, 0.3, 0.4, 0.4, 0.5, 6.3, 1.0, 1.9, 42.5, 17.5, 69.8, 66.5, 71.9, 73.9, 93.6, 88.8, 96.4, 98.0, 99.7, 99.8, 98.9, 99.8, 99.7, 99.8, 99.8, 99.8, 99.8, 99.8, 99.8, 99.8, 99.8, 99.8, 99.9, 99.9, 100.0, 99.9, 99.9, 100.0, 99.9, 99.9, 99.9, 100.0, 100.0, 100.0, 100.0, 100.0, 100.0, 100.0, 100.0, 100.0, 100.0, 100.0, 100.0, 100.0, 100.0, 100.0, 100.0, 100.0, 100.0, 100.0, 100.0, 100.0, 100.0, 100.0, 100.0, 100.0, 100.0, 100.0, 100.0, 100.0, 100.0, 100.0, 100.0, 100.0, 100.0, 100.0, 100.0, 100.0, 100.0, 100.0, 100.0, 100.0, 100.0, 100.0, 100.0, 100.0, 100.0, 100.0, 100.0, 100.0, 100.0, 100.0, 100.0, 100.0, 100.0]
loss_list=[1.4404726750320858, 0.9102081752209752, 0.635112891594569, 0.5644802910241264, 0.5153205606396551, 0.5189362097255609, 0.5078524272474977, 0.46237336739345836, 0.42192487668384, 0.41049867086802366, 0.42023471221327785, 0.37235649612352806, 0.39285286087542765, 0.3754937961559604, 0.35371230314313273, 0.38116882488269505, 0.36262148223403423, 0.3572707344329467, 0.3534085321136647, 0.3194140855498888, 0.3343729233162271, 0.3288961180416798, 0.3301820777253145, 0.3541576576177721, 0.3426296758810403, 0.32087945156144315, 0.32990283050608854, 0.32203563648034567, 0.32543610893189906, 0.3255075496138522, 0.31315495929232356, 0.3252500899101573, 0.30093258737620937, 0.29063574266619985, 0.2861198182907645, 0.33319763329776897, 0.2967634730316974, 0.3040122357197106, 0.3000770347503324, 0.26921910454898523, 0.3040843414280702, 0.28962150155221705, 0.28292932987765024, 0.2505280649392969, 0.2826425505008686, 0.26358048543851403, 0.27602449311633354, 0.28863554798687496, 0.2479495205192102, 0.2693144992528552, 0.2686913397525334, 0.2650780210754386, 0.2740720078745788, 0.2764085549619739, 0.2692053248381449, 0.26649943086732597, 0.2658531254364384, 0.2608983595148418, 0.26120560904447404, 0.2667715178336948, 0.2665825516709851, 0.234024433772666, 0.2658187226116382, 0.234547276015359, 0.2668745826170953, 0.26035401604862674, 0.2563655125322165, 0.26009378181770443, 0.2550338192265136, 0.2455098080000392, 0.24238273772342062, 0.23250919525270108, 0.2775912337729501, 0.2512687451637316, 0.24848247591095668, 0.2446742071752885, 0.2351634804245636, 0.2597855660581479, 0.24419516271877068, 0.24954925686276205, 0.2689855531685882, 0.26137573381333984, 0.23159202900025305, 0.2423253637531565, 0.2540890407869248, 0.2355910023777849, 0.24408572447072308, 0.2710388688180872, 0.25001097006240375, 0.2253675002846177, 0.24498018569192268, 0.22221900639124217, 0.23619317184202376, 0.25500079565509054, 0.23887709395753012, 0.24758927412503567, 0.22116513440247493, 0.2362732872625606, 0.24994193953634414, 0.23495470134161964]
BBSR:100.0
ABSR:100.0
max acc:89.57
