======================================
    IID: 0
    Dataset: fashion_mnist
    Model: Mnist_CNN
    Model Init: None
    Aggregation Function: avg
    Fraction NonIID: 0
    Long attack: 3
    Wide attack: 3
    Wide attack: trust
    Threshold reject: 0.5
    Threshold down: 0.0
    Attack method: badnet
    Fraction of malicious agents: 13.0%
    Poison Frac: 0.2
    Backdoor From 7 to 2
    Attack Begin: 0
    Trigger Shape: square
    Type poisoning: 
    Trigger Position X: 0
    Trigger Position Y: 0
    Number of agents: 100
    Fraction of agents each turn: 30(30.0%)
    Local batch size: 50
    Local epoch: 3
    Client_LR: 0.01
    Client_Momentum: 0.9
    Global Rounds: 100
======================================
main_task_accuracy=[0, 60.400001525878906, 70.12999725341797, 74.12000274658203, 75.6500015258789, 77.63999938964844, 78.88999938964844, 79.0999984741211, 80.38999938964844, 80.75, 81.51000213623047, 80.83000183105469, 82.66000366210938, 82.80000305175781, 83.16000366210938, 84.08999633789062, 84.12999725341797, 84.41999816894531, 84.91000366210938, 85.22000122070312, 85.41000366210938, 85.2300033569336, 85.56999969482422, 85.80000305175781, 85.87000274658203, 85.98999786376953, 86.16999816894531, 86.33000183105469, 86.4000015258789, 86.45999908447266, 86.51000213623047, 86.63999938964844, 86.73999786376953, 86.98999786376953, 87.01000213623047, 87.20999908447266, 87.16000366210938, 87.44999694824219, 87.33999633789062, 87.52999877929688, 87.68000030517578, 87.68000030517578, 87.88999938964844, 87.80999755859375, 87.62999725341797, 88.11000061035156, 88.12000274658203, 88.2300033569336, 88.29000091552734, 88.37999725341797, 88.37999725341797, 88.44999694824219, 88.5199966430664, 88.43000030517578, 88.48999786376953, 88.69000244140625, 88.66999816894531, 88.63999938964844, 88.81999969482422, 88.9000015258789, 88.81999969482422, 88.95999908447266, 88.91999816894531, 89.04000091552734, 88.98999786376953, 88.94000244140625, 89.02999877929688, 89.01000213623047, 88.93000030517578, 89.1500015258789, 89.12000274658203, 89.22000122070312, 89.27999877929688, 89.43000030517578, 89.43000030517578, 89.52999877929688, 89.3499984741211, 89.5, 89.56999969482422, 89.41000366210938, 89.2300033569336, 89.55999755859375, 89.5999984741211, 89.72000122070312, 89.55999755859375, 89.91999816894531, 89.69000244140625, 89.91999816894531, 89.69999694824219, 89.77999877929688, 89.7300033569336, 89.66000366210938, 89.91000366210938, 90.04000091552734, 89.72000122070312, 90.05000305175781, 90.22000122070312, 90.0199966430664, 89.86000061035156, 90.1500015258789, 90.02999877929688]
backdoor_accuracy=[0, 0.0, 0.0, 0.0, 0.0, 0.0, 0.2, 0.2, 0.5, 12.6, 26.3, 81.5, 68.4, 88.9, 94.2, 96.0, 95.7, 97.8, 98.5, 99.6, 99.7, 99.8, 99.7, 99.8, 99.8, 99.8, 99.8, 99.8, 99.8, 99.8, 99.8, 99.8, 99.8, 99.8, 99.8, 99.9, 99.8, 99.8, 99.8, 99.9, 99.9, 100.0, 100.0, 100.0, 100.0, 100.0, 100.0, 100.0, 100.0, 100.0, 100.0, 100.0, 100.0, 100.0, 100.0, 100.0, 100.0, 100.0, 100.0, 100.0, 100.0, 100.0, 100.0, 100.0, 100.0, 100.0, 100.0, 100.0, 100.0, 100.0, 100.0, 100.0, 100.0, 100.0, 100.0, 100.0, 100.0, 100.0, 100.0, 100.0, 100.0, 100.0, 100.0, 100.0, 100.0, 100.0, 100.0, 100.0, 100.0, 100.0, 100.0, 100.0, 100.0, 100.0, 100.0, 100.0, 100.0, 100.0, 100.0, 100.0, 100.0]
loss_list=[1.4643077829369786, 0.8513366342142774, 0.6406613584055946, 0.5701622853124583, 0.5397888964800922, 0.48273641119400656, 0.4759133961741572, 0.43177330677432046, 0.40796900341908143, 0.4178879852648134, 0.44345675216366837, 0.43042664193306807, 0.38017900282586065, 0.3777938812764155, 0.3699489624756904, 0.34844049995558124, 0.37345550665976823, 0.3576719074579024, 0.34745003923221873, 0.3478796008042991, 0.3481515157760846, 0.31993878494120304, 0.3514998499511017, 0.31806108843604175, 0.29622291674906454, 0.29451435419420396, 0.3053461186863758, 0.31999652225317227, 0.3031805135413176, 0.2798420588934311, 0.31227108829447797, 0.2795422491479527, 0.2902538180489231, 0.2635703676621671, 0.28241051161765224, 0.27677360264653406, 0.29295946839782927, 0.2712328268180567, 0.26153174403158047, 0.277557216498449, 0.2600460534501407, 0.26323558553639376, 0.2514084733194775, 0.2576768143068033, 0.2506195589624069, 0.2688728187164223, 0.2670934158963737, 0.2592090149892977, 0.2619391385327886, 0.24638071075530243, 0.25310024862971015, 0.23991597730631903, 0.23359450377799845, 0.24392465732439803, 0.24540675173651566, 0.23827041700585844, 0.22808562378330086, 0.222097184655636, 0.24624193937483213, 0.22214292112427453, 0.22445388767281887, 0.24088839842006565, 0.2220163363187263, 0.22784899128083552, 0.2188808906099035, 0.21344008428148092, 0.22758236081442904, 0.21784420995110718, 0.19625217038275747, 0.20568935415293613, 0.20283763377616798, 0.2233485484254305, 0.2213459758958951, 0.20129134326966272, 0.20666029284518486, 0.2170978408703512, 0.2031035441215391, 0.20980620934731428, 0.19799928380504112, 0.1909920164608155, 0.2106476027941055, 0.17405791032748918, 0.20326275045776532, 0.20812199638673554, 0.17589091842442198, 0.19288380426803117, 0.19683211905605819, 0.19822364366199413, 0.1974262367899495, 0.2055188415796255, 0.1879685133592122, 0.1968457691095493, 0.19793659172331296, 0.1804209460763054, 0.19718753994890934, 0.19353154073814274, 0.19637972632664494, 0.18591807818091993, 0.19847105474866647, 0.17883968651984578]
BBSR:100.0
ABSR:100.0
max acc:90.22
