======================================
    IID: 0
    Dataset: mnist
    Model: Mnist_CNN
    Model Init: None
    Aggregation Function: krum
    Fraction NonIID: 0
    Long attack: 4
    Wide attack: 4
    Wide attack: trust
    Threshold reject: 0.5
    Threshold down: 0.0
    Attack method: badnet
    Fraction of malicious agents: 13.0%
    Poison Frac: 0.2
    Backdoor From 7 to 2
    Attack Begin: 0
    Trigger Shape: square
    Type poisoning: pgd
    Trigger Position X: 0
    Trigger Position Y: 0
    Number of agents: 100
    Fraction of agents each turn: 30(30.0%)
    Local batch size: 50
    Local epoch: 3
    Client_LR: 0.01
    Client_Momentum: 0.9
    Global Rounds: 100
    Proportion of malicious are selected: 0.74
    Average score of malicious clients: 811.77734375
    Average score of benign clients: 897.2923583984375
======================================
main_task_accuracy=[0, 9.800000190734863, 19.559999465942383, 19.0, 19.139999389648438, 21.100000381469727, 28.280000686645508, 22.56999969482422, 29.260000228881836, 29.020000457763672, 29.8799991607666, 23.670000076293945, 26.899999618530273, 23.059999465942383, 33.290000915527344, 46.59000015258789, 25.450000762939453, 41.630001068115234, 32.75, 36.52000045776367, 43.599998474121094, 19.780000686645508, 30.209999084472656, 33.869998931884766, 45.36000061035156, 9.65999984741211, 19.200000762939453, 19.399999618530273, 19.600000381469727, 19.360000610351562, 17.3700008392334, 19.559999465942383, 29.989999771118164, 27.1299991607666, 25.239999771118164, 20.040000915527344, 20.440000534057617, 35.61000061035156, 33.5, 36.65999984741211, 43.91999816894531, 23.3700008392334, 19.8799991607666, 27.899999618530273, 28.5, 39.02000045776367, 40.900001525878906, 49.400001525878906, 16.75, 21.139999389648438, 34.790000915527344, 40.900001525878906, 26.329999923706055, 37.720001220703125, 43.900001525878906, 24.190000534057617, 37.9900016784668, 40.7400016784668, 46.2400016784668, 27.389999389648438, 24.110000610351562, 40.099998474121094, 50.63999938964844, 29.93000030517578, 40.90999984741211, 50.90999984741211, 30.40999984741211, 27.43000030517578, 38.310001373291016, 50.599998474121094, 53.529998779296875, 46.959999084472656, 48.38999938964844, 51.599998474121094, 56.439998626708984, 30.889999389648438, 43.7400016784668, 56.970001220703125, 68.06999969482422, 51.619998931884766, 53.369998931884766, 43.709999084472656, 30.450000762939453, 43.779998779296875, 51.84000015258789, 34.81999969482422, 48.279998779296875, 59.02000045776367, 65.66999816894531, 49.220001220703125, 61.65999984741211, 42.5, 60.86000061035156, 65.7699966430664, 68.83000183105469, 51.61000061035156, 57.84000015258789, 55.779998779296875, 47.7400016784668, 62.040000915527344, 56.41999816894531]
backdoor_accuracy=[0, 0.0, 0.0, 0.0, 0.0, 0.0, 0.0, 0.0, 0.0, 0.0, 0.0, 0.0, 0.0, 0.0, 0.0, 0.0, 0.0, 0.0, 0.0, 0.0, 0.0, 0.0, 0.0, 0.0, 0.0, 0.0, 0.0, 0.0, 0.0, 0.0, 0.0, 0.0, 0.0, 100.0, 100.0, 0.0, 100.0, 0.0, 100.0, 100.0, 100.0, 88.52140077821012, 0.0, 0.0, 0.0, 0.0, 0.0, 0.0, 0.0, 0.0, 0.0, 0.0, 100.0, 93.19066147859922, 0.0, 0.0, 0.0, 0.0, 0.0, 0.0, 0.0, 0.0, 0.0, 0.0, 0.0, 0.0, 0.0, 100.0, 100.0, 100.0, 100.0, 0.0, 100.0, 100.0, 100.0, 100.0, 100.0, 100.0, 99.5136186770428, 0.0, 0.0, 0.0, 0.0, 0.0, 0.0, 100.0, 99.70817120622569, 97.08171206225681, 100.0, 100.0, 100.0, 100.0, 100.0, 100.0, 100.0, 0.0, 0.09727626459143969, 0.19455252918287938, 0.0, 36.478599221789885, 0.7782101167315175]
loss_list=[0.4434179103300206, 3.0671759601609736, 2.468448688766579, 1.4689094301053944, 1.191543342488141, 0.7733359903457747, 0.6795650078992669, 0.625435329300032, 0.6243937731468588, 0.607072626860965, 0.5307259222592662, 0.5112858433026888, 0.5053664621654413, 0.8161228560983383, 0.6506009675270855, 0.5966003018726549, 0.9639961297030866, 0.6200149842822245, 0.5913529059037282, 0.6123847594594517, 0.4907533749978837, 0.8381807259986273, 0.6470407784239616, 0.4995437703927838, 0.4190153845507895, 1.0236000253320998, 1.28776294503483, 1.366282460260202, 1.2442135185436336, 1.1199145691609236, 0.9515159284111452, 0.8681227310000529, 0.7728882384458604, 0.7817385705356467, 0.6018620349381781, 0.5513748582689454, 0.7194492509918627, 0.766389344415298, 0.7491439792933999, 0.4520248457453894, 0.43928128364418245, 0.6678529122106369, 0.852179598258186, 0.8257435795995122, 0.6320153964697764, 0.6165695564472787, 0.5161353644991603, 0.49041062114490475, 0.6242841039177274, 0.7440798883510136, 0.7288121045671763, 0.6296400545272094, 0.7922077237397288, 0.708438176112395, 0.6423231490295384, 0.7970302390489035, 0.631682458167262, 0.6020662977228243, 0.4952008347471617, 0.49095244884974465, 0.5196630537328608, 0.5271906967289266, 0.46624425222134297, 0.6954100344232503, 0.45028461783048, 0.4365579739736185, 0.5321041584588245, 0.6692693568886844, 0.6155576201819779, 0.5448222349256379, 0.468183159010594, 0.48857269984051144, 0.4939184108793203, 0.44234254009803414, 0.3674180664186053, 0.5759263393216668, 0.42698252142970156, 0.4280173663542121, 0.3469972886770748, 0.4591329055187746, 0.38195515610431363, 0.45747194028707094, 0.6462693850373856, 0.41262021630859974, 0.42656615152865374, 0.5700099071615333, 0.4621447101175637, 0.365888986285025, 0.3504821144290751, 0.3715018687119922, 0.3895878386782004, 0.5033672973534483, 0.3595738389355373, 0.31144676401092897, 0.27382743760672545, 0.3618507698589438, 0.3277821103893796, 0.3058408937225942, 0.35334962599037373, 0.33975450282569164]
BBSR:100.0
ABSR:43.75
max acc:68.83
