======================================
    IID: 1
    Dataset: cifar
    Model: resnet
    Model Init: None
    Aggregation Function: flame
    Fraction NonIID: 0
    Long attack: 3
    Wide attack: 3
    Wide attack: trust
    Threshold reject: 0.5
    Threshold down: 0.0
    Attack method: badnet
    Fraction of malicious agents: 13.0%
    Poison Frac: 0.2
    Backdoor From 7 to 2
    Attack Begin: 0
    Trigger Shape: square
    Type poisoning: cs
    Trigger Position X: 0
    Trigger Position Y: 0
    Number of agents: 100
    Fraction of agents each turn: 30(30.0%)
    Local batch size: 50
    Local epoch: 3
    Client_LR: 0.01
    Client_Momentum: 0.9
    Global Rounds: 100
    Noise in FLAME: 0.001
proportion of malicious are selected:0.9166666666666666
proportion of benign are selected:0.4981481481481482
======================================
main_task_accuracy=[0, 10.0600004196167, 37.540000915527344, 42.65999984741211, 49.83000183105469, 49.349998474121094, 54.54999923706055, 52.63999938964844, 55.650001525878906, 57.900001525878906, 59.619998931884766, 58.849998474121094, 59.88999938964844, 59.540000915527344, 60.189998626708984, 61.540000915527344, 60.970001220703125, 61.54999923706055, 62.459999084472656, 62.470001220703125, 63.189998626708984, 63.25, 63.84000015258789, 63.400001525878906, 64.45999908447266, 63.09000015258789, 63.41999816894531, 62.2599983215332, 63.150001525878906, 63.810001373291016, 64.80999755859375, 65.73999786376953, 66.01000213623047, 66.61000061035156, 63.36000061035156, 64.58999633789062, 66.5199966430664, 66.2699966430664, 64.87000274658203, 64.83000183105469, 64.26000213623047, 65.16000366210938, 66.58999633789062, 66.33999633789062, 67.26000213623047, 66.19999694824219, 66.6500015258789, 67.0199966430664, 66.86000061035156, 67.95999908447266, 65.98999786376953, 67.9000015258789, 66.9000015258789, 66.58999633789062, 68.12000274658203, 67.86000061035156, 67.63999938964844, 67.08999633789062, 67.9800033569336, 67.66999816894531, 68.08000183105469, 67.88999938964844, 67.6500015258789, 67.33999633789062, 67.87999725341797, 67.51000213623047, 67.7699966430664, 68.62000274658203, 67.08999633789062, 68.58999633789062, 68.86000061035156, 67.66000366210938, 68.3499984741211, 67.80000305175781, 67.56999969482422, 68.33999633789062, 67.98999786376953, 67.5999984741211, 67.91000366210938, 68.97000122070312, 69.87000274658203, 69.2699966430664, 70.37000274658203, 69.83000183105469, 69.98999786376953, 69.33000183105469, 69.30000305175781, 68.93000030517578, 69.69000244140625, 69.19999694824219, 68.81999969482422, 69.51000213623047, 69.91000366210938, 69.37999725341797, 70.0199966430664, 70.11000061035156, 70.47000122070312, 70.18000030517578, 70.23999786376953, 67.94999694824219, 69.51000213623047]
backdoor_accuracy=[0, 0.9, 5.7, 9.2, 2.3, 7.5, 3.9, 3.4, 2.1, 6.3, 3.9, 1.8, 2.1, 6.1, 3.1, 2.7, 1.0, 1.7, 2.3, 3.9, 1.6, 1.7, 1.7, 1.9, 5.8, 3.0, 3.3, 2.0, 2.5, 1.7, 0.9, 2.0, 2.1, 2.5, 4.2, 1.5, 1.8, 1.0, 1.1, 1.8, 0.8, 3.0, 4.6, 2.0, 0.2, 0.7, 3.1, 2.6, 0.4, 1.5, 0.9, 2.4, 0.8, 2.0, 2.5, 1.5, 0.5, 1.3, 1.3, 0.8, 1.2, 1.2, 1.1, 1.0, 2.6, 0.8, 1.5, 4.1, 2.2, 3.7, 1.6, 1.1, 0.9, 2.4, 0.6, 1.9, 1.2, 1.3, 1.3, 2.2, 2.8, 2.0, 2.1, 1.8, 1.7, 2.8, 0.9, 2.2, 1.8, 2.3, 1.5, 1.4, 0.9, 2.4, 2.1, 1.2, 1.7, 1.5, 2.0, 2.8, 3.3]
loss_list=[1.9882492589950558, 1.509810405506028, 1.1391567650106218, 0.9325636081645884, 0.7763395722955464, 0.7365566893501415, 0.6306598272360859, 0.6115435992036429, 0.5503604761428303, 0.5549589833141202, 0.5153997071025274, 0.5421949938808879, 0.5025042847554303, 0.5059147956449953, 0.4628219000870982, 0.4909305727719847, 0.5066307566252848, 0.4544234178391182, 0.4381905581439948, 0.4324369306551913, 0.4328859451506287, 0.4152047023187494, 0.4082717877636766, 0.41734198685321544, 0.41104184148626205, 0.4286700410385514, 0.4288787031535887, 0.4099223223763209, 0.41935452282532215, 0.36550452009878226, 0.33715913178968354, 0.35943631839783236, 0.3665730300742304, 0.4111315924218959, 0.38074839825638473, 0.35572620370218316, 0.3281614157340179, 0.3889351815388849, 0.3929383069576902, 0.3924011005533652, 0.3347104341254776, 0.3360145361214462, 0.40585539909338375, 0.40700021793600166, 0.3576483899965469, 0.33772812210333836, 0.3863382572841107, 0.34537323848810053, 0.3636095277302795, 0.34763066729220243, 0.33181374131391445, 0.3256315735318801, 0.3863420306410018, 0.32424078097929143, 0.3511389564686558, 0.3311799179612555, 0.34336114460473055, 0.3619094797011672, 0.3776747743371461, 0.3662087902628505, 0.3246101654843532, 0.40128406346853207, 0.3427247090430724, 0.371215382700579, 0.3398989278564437, 0.29006013430551525, 0.31598402229344674, 0.3599583136269615, 0.35638435421511533, 0.283469461593777, 0.36502908701387543, 0.3362113971578785, 0.3357026487661319, 0.34221875405508195, 0.3066877358603394, 0.32775760929514136, 0.32614972777561185, 0.36310577233115005, 0.3052014434575621, 0.265414797876858, 0.3079393083172747, 0.295221423064876, 0.2985402143022252, 0.27211197306815943, 0.2330739901445082, 0.26863053173059603, 0.3216931367564636, 0.2550260539603833, 0.2792655062481451, 0.28633689847102184, 0.32702055879609865, 0.28181654622416125, 0.3256676272437391, 0.27149406921066765, 0.28947738562141445, 0.292547840662818, 0.27690765678623896, 0.2661519050101439, 0.3595526895377164, 0.30982700174157]
BBSR:18.341493133156987
ABSR:21.343244949744754
max acc:70.47
