======================================
    IID: 1
    Dataset: cifar
    Model: resnet
    Model Init: None
    Aggregation Function: RLR
    Fraction NonIID: 0
    Long attack: 3
    Wide attack: 3
    Wide attack: trust
    Threshold reject: 0.5
    Threshold down: 0.0
    Attack method: badnet
    Fraction of malicious agents: 13.0%
    Poison Frac: 0.2
    Backdoor From 7 to 2
    Attack Begin: 0
    Trigger Shape: square
    Type poisoning: pgd
    Trigger Position X: 0
    Trigger Position Y: 0
    Number of agents: 100
    Fraction of agents each turn: 30(30.0%)
    Local batch size: 50
    Local epoch: 3
    Client_LR: 0.01
    Client_Momentum: 0.9
    Global Rounds: 100
    RobustLR_threshold: 4
======================================
main_task_accuracy=[0, 10.0, 16.1200008392334, 35.45000076293945, 38.349998474121094, 43.08000183105469, 45.369998931884766, 48.0099983215332, 49.880001068115234, 51.59000015258789, 53.2599983215332, 54.72999954223633, 57.90999984741211, 57.91999816894531, 58.689998626708984, 61.2599983215332, 61.560001373291016, 60.16999816894531, 60.9900016784668, 62.689998626708984, 63.040000915527344, 64.0, 64.5999984741211, 64.05999755859375, 63.56999969482422, 64.22000122070312, 63.790000915527344, 64.5199966430664, 65.08000183105469, 65.69000244140625, 66.58000183105469, 67.19000244140625, 66.87000274658203, 67.33000183105469, 67.62999725341797, 67.01000213623047, 67.19000244140625, 67.80000305175781, 69.06999969482422, 69.72000122070312, 67.6500015258789, 69.63999938964844, 69.30999755859375, 68.8499984741211, 67.58000183105469, 68.08999633789062, 70.01000213623047, 69.25, 70.3499984741211, 69.80000305175781, 71.44999694824219, 71.70999908447266, 70.69999694824219, 70.73999786376953, 69.38999938964844, 70.51000213623047, 70.08000183105469, 70.4000015258789, 70.75, 70.75, 71.11000061035156, 71.86000061035156, 72.0199966430664, 71.58000183105469, 72.29000091552734, 72.26000213623047, 72.23999786376953, 72.31999969482422, 72.33000183105469, 72.05000305175781, 72.30999755859375, 72.38999938964844, 72.13999938964844, 72.30000305175781, 72.3499984741211, 72.04000091552734, 72.33999633789062, 72.43000030517578, 72.44000244140625, 72.36000061035156, 72.2300033569336, 72.2300033569336, 72.31999969482422, 72.19000244140625, 72.19999694824219, 72.04000091552734, 72.13999938964844, 72.12000274658203, 72.12999725341797, 72.0999984741211, 72.08000183105469, 72.08999633789062, 72.11000061035156, 72.13999938964844, 72.05999755859375, 72.06999969482422, 71.7300033569336, 72.04000091552734, 71.93000030517578, 72.02999877929688, 72.0199966430664]
backdoor_accuracy=[0, 0.0, 23.7, 8.9, 5.4, 5.1, 6.1, 4.9, 5.2, 4.7, 5.0, 3.8, 3.7, 2.2, 1.9, 2.6, 2.8, 4.1, 3.5, 2.9, 1.5, 2.4, 1.4, 1.7, 2.1, 1.8, 1.2, 2.2, 1.7, 2.4, 2.0, 2.1, 2.3, 1.4, 2.4, 2.0, 1.8, 2.3, 1.0, 2.3, 2.7, 1.8, 4.1, 1.3, 2.7, 2.4, 2.5, 3.8, 2.3, 4.6, 1.9, 3.5, 1.9, 1.8, 1.5, 3.0, 2.4, 4.0, 3.3, 3.4, 3.0, 3.9, 3.2, 3.6, 3.8, 3.0, 2.3, 3.8, 3.2, 3.4, 2.5, 3.4, 3.6, 2.6, 4.0, 2.8, 2.9, 2.7, 3.3, 3.0, 2.8, 2.7, 2.9, 3.2, 2.0, 3.4, 3.4, 2.9, 3.1, 3.0, 2.9, 2.7, 3.0, 3.0, 2.8, 3.0, 2.9, 3.1, 2.8, 2.9, 2.9]
loss_list=[1.9871597377459207, 1.5839101763566334, 1.2028683046499886, 1.043144700874885, 0.8613168634060355, 0.7889500443554585, 0.6988877029054693, 0.6320027667284012, 0.5923059183234971, 0.5623236810002062, 0.5430253637871808, 0.4966745350261529, 0.4639613430947066, 0.46197340326383707, 0.4414863327207666, 0.4039845191025071, 0.46765571697718566, 0.3823737743352023, 0.3859139908964021, 0.3763991952832374, 0.35743111803713773, 0.31535172013669377, 0.34367462815923816, 0.34097883757048597, 0.3235611673553164, 0.30931738854127205, 0.29648874084051285, 0.3123751375875953, 0.3122649115893162, 0.22913066384951689, 0.23765045182236158, 0.2566248586085728, 0.27057658997674777, 0.24846054193395603, 0.2629147007417244, 0.23198248327373425, 0.1910333874136106, 0.15866023976821453, 0.19388521406618464, 0.21246131049300956, 0.16464310614954838, 0.1838760705081383, 0.1640819532175212, 0.1874811353190388, 0.1719491112863438, 0.14153404304954975, 0.15854062012173623, 0.08153499290851564, 0.10995738884146299, 0.07792285174244576, 0.08860211473983429, 0.08886089595649131, 0.08450382731938992, 0.17266381548274592, 0.12476343785962346, 0.10331446976378272, 0.1208962622536152, 0.10453665595967324, 0.1014632472181337, 0.12113759429721134, 0.06600776977688333, 0.08179251496793263, 0.0697846779323461, 0.0575327277436251, 0.03127543517909038, 0.04157374365306977, 0.04310858419507793, 0.042906533334624124, 0.03569528632473925, 0.01700267941741913, 0.031006481228929867, 0.07627650861010705, 0.03748548918534653, 0.04157420982791034, 0.033005054223128064, 0.02254228026047511, 0.016960354609359962, 0.029939639995637767, 0.015508160310968782, 0.012226207016234792, 0.011363527587293198, 0.018941591221523092, 0.013494142343952261, 0.0419872521682151, 0.02287795437930779, 0.019092996206155587, 0.004727460528532295, 0.005851480391667992, 0.003274501104824594, 0.005670608899591672, 0.011044231826696586, 0.00553718684594868, 0.019541018780255395, 0.0033883257635069536, 0.004432990492023237, 0.0235007352347586, 0.01696327468345771, 0.005939581800693201, 0.009078881902603623, 0.00724416781129144]
BBSR:3.1
ABSR:2.91
max acc:72.14
