======================================
    IID: 0
    Dataset: mnist
    Model: Mnist_CNN
    Model Init: None
    Aggregation Function: RLR
    Fraction NonIID: 0
    Long attack: 3
    Wide attack: 3
    Wide attack: trust
    Threshold reject: 0.5
    Threshold down: 0.0
    Attack method: badnet
    Fraction of malicious agents: 13.0%
    Poison Frac: 0.2
    Backdoor From 7 to 2
    Attack Begin: 0
    Trigger Shape: square
    Type poisoning: pgd
    Trigger Position X: 0
    Trigger Position Y: 0
    Number of agents: 100
    Fraction of agents each turn: 30(30.0%)
    Local batch size: 50
    Local epoch: 3
    Client_LR: 0.01
    Client_Momentum: 0.9
    Global Rounds: 100
    RobustLR_threshold: 4
======================================
main_task_accuracy=[0, 41.36000061035156, 55.93000030517578, 39.09000015258789, 49.36000061035156, 63.209999084472656, 86.58999633789062, 81.20999908447266, 75.44000244140625, 80.58999633789062, 85.05000305175781, 90.7699966430664, 93.06999969482422, 89.36000061035156, 92.76000213623047, 89.05999755859375, 94.2300033569336, 92.55999755859375, 89.45999908447266, 92.95999908447266, 92.68000030517578, 93.91999816894531, 94.4000015258789, 90.81999969482422, 93.95999908447266, 94.3499984741211, 94.2699966430664, 92.5999984741211, 92.88999938964844, 95.0999984741211, 94.0, 95.51000213623047, 93.75, 94.51000213623047, 95.33999633789062, 95.73999786376953, 93.37999725341797, 94.38999938964844, 95.95999908447266, 92.94000244140625, 96.38999938964844, 95.72000122070312, 95.91000366210938, 96.06999969482422, 96.04000091552734, 94.76000213623047, 97.0, 95.61000061035156, 95.72000122070312, 96.62999725341797, 95.91999816894531, 96.68000030517578, 96.41999816894531, 95.79000091552734, 96.61000061035156, 97.12999725341797, 96.73999786376953, 96.72000122070312, 96.54000091552734, 96.30000305175781, 97.29000091552734, 96.30999755859375, 96.91000366210938, 96.68000030517578, 96.62999725341797, 97.22000122070312, 96.9000015258789, 96.79000091552734, 97.08999633789062, 97.30000305175781, 96.83999633789062, 96.66000366210938, 96.8499984741211, 96.86000061035156, 96.9800033569336, 97.33000183105469, 96.86000061035156, 97.16999816894531, 97.02999877929688, 97.26000213623047, 96.0999984741211, 96.97000122070312, 97.36000061035156, 97.30999755859375, 96.91999816894531, 96.61000061035156, 96.70999908447266, 96.87999725341797, 96.69999694824219, 97.23999786376953, 96.62000274658203, 96.77999877929688, 96.87999725341797, 96.77999877929688, 97.05000305175781, 96.18000030517578, 97.56999969482422, 97.47000122070312, 97.69999694824219, 97.48999786376953, 97.41000366210938]
backdoor_accuracy=[0, 0.0, 25.58365758754864, 0.0, 2.0428015564202333, 8.171206225680933, 1.7509727626459144, 6.906614785992218, 1.8482490272373542, 9.727626459143968, 1.8482490272373542, 2.237354085603113, 3.11284046692607, 3.9883268482490273, 2.0428015564202333, 5.836575875486381, 2.9182879377431905, 2.821011673151751, 10.019455252918288, 5.252918287937743, 2.237354085603113, 1.3618677042801557, 5.544747081712062, 1.4591439688715953, 6.712062256809339, 4.085603112840467, 3.7937743190661477, 1.7509727626459144, 2.9182879377431905, 5.058365758754864, 3.21011673151751, 3.21011673151751, 3.6964980544747084, 3.307392996108949, 2.529182879377432, 2.821011673151751, 6.128404669260701, 1.6536964980544746, 2.140077821011673, 11.964980544747082, 2.821011673151751, 8.463035019455253, 0.8754863813229572, 1.4591439688715953, 0.8754863813229572, 4.961089494163424, 3.307392996108949, 5.155642023346304, 8.365758754863814, 3.9883268482490273, 3.0155642023346303, 2.431906614785992, 3.404669260700389, 1.8482490272373542, 2.3346303501945527, 2.237354085603113, 0.8754863813229572, 3.0155642023346303, 1.7509727626459144, 5.447470817120623, 2.821011673151751, 0.9727626459143969, 1.264591439688716, 2.237354085603113, 3.5992217898832686, 2.140077821011673, 2.431906614785992, 2.3346303501945527, 4.280155642023346, 2.0428015564202333, 5.739299610894942, 5.933852140077821, 0.6809338521400778, 4.571984435797665, 4.377431906614786, 2.237354085603113, 2.0428015564202333, 1.1673151750972763, 1.3618677042801557, 2.6264591439688716, 0.9727626459143969, 1.8482490272373542, 2.9182879377431905, 4.669260700389105, 2.9182879377431905, 7.976653696498055, 1.8482490272373542, 1.8482490272373542, 1.7509727626459144, 3.6964980544747084, 1.1673151750972763, 1.264591439688716, 4.474708171206226, 1.1673151750972763, 7.003891050583658, 1.8482490272373542, 3.21011673151751, 5.739299610894942, 2.6264591439688716, 2.431906614785992, 2.140077821011673]
loss_list=[0.5224745577309557, 0.34991698666149895, 0.2644584323125944, 0.22750546956388665, 0.23811971403616541, 0.19085316629123544, 0.13875336526485524, 0.13320294826844167, 0.13277954372185097, 0.11948064226252991, 0.09771681639800299, 0.08286951180860207, 0.07768129338079786, 0.0865740518986342, 0.09570275397384732, 0.07982903800387145, 0.07205756430207005, 0.06095921309913093, 0.07876903537175141, 0.05611562845827811, 0.05933545310469031, 0.06065318749975088, 0.057612499664439744, 0.051795214370059274, 0.05977423400391856, 0.055703454975427516, 0.06409702974293881, 0.06489531253382744, 0.061987335943692996, 0.045016887590821, 0.06686887420328215, 0.058925538996122816, 0.06349361064719866, 0.05239965577274744, 0.0437874464194514, 0.040343802776081766, 0.05823406991550415, 0.06817575837138075, 0.05310585870119416, 0.05109154840532213, 0.04972738857796528, 0.04707509007413162, 0.04693202451001291, 0.05290034760803333, 0.04189985819769921, 0.0711213594458475, 0.04656736509839195, 0.04359675107308325, 0.04630042242615678, 0.04368350240694585, 0.04906756058442625, 0.04506418772605944, 0.04158364739757461, 0.04818166696945254, 0.03830636043061832, 0.03530984942965365, 0.04248128402444261, 0.04072985454821368, 0.050302965089097526, 0.04673869748410419, 0.03636153048632553, 0.04237301503193827, 0.03125475490265007, 0.044313034889692515, 0.04894303969405845, 0.030583182998187058, 0.04001894345671663, 0.04214406816921396, 0.03937593283549736, 0.03214071814343808, 0.03169248062794183, 0.0493185569194552, 0.041090559972035104, 0.03263171106648619, 0.040593597676813774, 0.032607141069083766, 0.03785584405454887, 0.034776687318055624, 0.04044979492577349, 0.042920306019579316, 0.048007350053847216, 0.040292754373754, 0.03752557841783712, 0.042280511410777114, 0.03353016729443097, 0.04376370869785172, 0.0457060165620314, 0.03419839311787257, 0.039913423700235505, 0.03476897734467286, 0.039550843420600376, 0.032846250550653204, 0.043356113620814145, 0.0392276048573864, 0.027338855970445886, 0.046150272865527295, 0.03795421665486189, 0.044717582141034225, 0.032997315353326326, 0.03787815493026333]
BBSR:7.0
ABSR:3.19
max acc:97.7
