======================================
    IID: 0
    Dataset: fashion_mnist
    Model: Mnist_CNN
    Model Init: None
    Aggregation Function: avg
    Fraction NonIID: 0
    Long attack: 3
    Wide attack: 3
    Wide attack: trust
    Threshold reject: 0.5
    Threshold down: 0.0
    Attack method: badnet
    Fraction of malicious agents: 20.0%
    Poison Frac: 0.2
    Backdoor From 7 to 2
    Attack Begin: 0
    Trigger Shape: square
    Type poisoning: pgd
    Trigger Position X: 0
    Trigger Position Y: 0
    Number of agents: 100
    Fraction of agents each turn: 30(30.0%)
    Local batch size: 50
    Local epoch: 3
    Client_LR: 0.01
    Client_Momentum: 0.9
    Global Rounds: 100
======================================
main_task_accuracy=[0, 55.08000183105469, 70.38999938964844, 74.94000244140625, 77.26000213623047, 78.54000091552734, 79.37999725341797, 80.5, 80.94999694824219, 81.30000305175781, 82.44999694824219, 83.33000183105469, 83.66000366210938, 84.13999938964844, 84.4000015258789, 84.86000061035156, 84.88999938964844, 85.08000183105469, 85.30000305175781, 85.5199966430664, 85.66000366210938, 85.7699966430664, 85.87000274658203, 86.05000305175781, 86.1500015258789, 86.27999877929688, 86.44000244140625, 86.55999755859375, 86.68000030517578, 86.93000030517578, 86.7699966430664, 87.06999969482422, 86.98999786376953, 87.2300033569336, 87.30000305175781, 87.45999908447266, 87.45999908447266, 87.73999786376953, 87.62999725341797, 87.83000183105469, 87.94000244140625, 87.91999816894531, 87.91999816894531, 87.97000122070312, 88.05000305175781, 88.20999908447266, 88.33999633789062, 87.7300033569336, 88.37000274658203, 88.44999694824219, 88.1500015258789, 88.20999908447266, 88.3499984741211, 88.66000366210938, 88.45999908447266, 88.62000274658203, 88.62999725341797, 88.45999908447266, 88.83000183105469, 88.83999633789062, 88.93000030517578, 88.9000015258789, 88.80999755859375, 88.75, 89.02999877929688, 88.97000122070312, 89.11000061035156, 89.19999694824219, 89.19999694824219, 88.66000366210938, 89.0999984741211, 89.13999938964844, 89.02999877929688, 89.56999969482422, 89.43000030517578, 89.5, 89.47000122070312, 89.45999908447266, 89.30000305175781, 89.56999969482422, 89.41999816894531, 89.81999969482422, 89.66999816894531, 89.80000305175781, 89.63999938964844, 89.76000213623047, 89.7300033569336, 89.87000274658203, 89.93000030517578, 89.8499984741211, 89.87999725341797, 89.98999786376953, 90.05000305175781, 90.12999725341797, 89.93000030517578, 90.08999633789062, 90.23999786376953, 90.12999725341797, 90.06999969482422, 90.11000061035156, 90.16000366210938]
backdoor_accuracy=[0, 0.0, 0.0, 0.0, 0.0, 0.1, 5.2, 39.4, 77.7, 85.9, 93.6, 98.1, 98.6, 98.8, 98.9, 99.5, 99.8, 99.8, 99.8, 99.8, 99.8, 99.8, 99.8, 99.8, 99.9, 99.9, 99.9, 99.9, 99.9, 99.9, 99.9, 99.9, 100.0, 99.9, 100.0, 100.0, 99.9, 100.0, 100.0, 100.0, 100.0, 100.0, 100.0, 100.0, 100.0, 100.0, 100.0, 100.0, 100.0, 100.0, 100.0, 100.0, 100.0, 100.0, 100.0, 100.0, 100.0, 100.0, 100.0, 100.0, 100.0, 100.0, 100.0, 100.0, 100.0, 100.0, 100.0, 100.0, 100.0, 100.0, 100.0, 100.0, 100.0, 100.0, 100.0, 100.0, 100.0, 100.0, 100.0, 100.0, 100.0, 100.0, 100.0, 100.0, 100.0, 100.0, 100.0, 100.0, 100.0, 100.0, 100.0, 100.0, 100.0, 100.0, 100.0, 100.0, 100.0, 100.0, 100.0, 100.0, 100.0]
loss_list=[1.4114070057868957, 0.8473942231800822, 0.6290252987157418, 0.5533038071598168, 0.5289330429087082, 0.4705732447129708, 0.46658022427862444, 0.41695237336335367, 0.4363011231369994, 0.4064381534785584, 0.39329906320544306, 0.3989545279975843, 0.37180108307274407, 0.36500289631248617, 0.3560991744200388, 0.3639173549186023, 0.35937492638412455, 0.3260906369321876, 0.31881618634625164, 0.3402330731076223, 0.30335581934217504, 0.32330102774280095, 0.29652535027513893, 0.2859072748364673, 0.3283370356523881, 0.28467732499422577, 0.2838725330170106, 0.2811039860498299, 0.27479648522825706, 0.2945403603422974, 0.2715404857260486, 0.28354498660191896, 0.2426784967658696, 0.27370602629940827, 0.27871660366309464, 0.27799054863000355, 0.25849651484577746, 0.2655715072182594, 0.25127020899413355, 0.2520047001989075, 0.24797939310816153, 0.24108774191527452, 0.2472899811204385, 0.24363781677955693, 0.26163585880357354, 0.24152619106074177, 0.24423117925999344, 0.24700220108929058, 0.22673520479972165, 0.24575461519330186, 0.23683954140999255, 0.24346739202220408, 0.26031795025078786, 0.23997008583542925, 0.23077143719419835, 0.22783864632731782, 0.21910376023259703, 0.21377722818783867, 0.22093112984051308, 0.20934247473013343, 0.23600543839167112, 0.23201617736162417, 0.20469161240659933, 0.2131479314062744, 0.2096990654227772, 0.2199058094510326, 0.2094207583478203, 0.21270283991384703, 0.21610425381610793, 0.20780295240175395, 0.1897675593452597, 0.1989762782757343, 0.21028055620759176, 0.19668974430145078, 0.22092609380854783, 0.1991763684208746, 0.1914634050490956, 0.19040166782905105, 0.18972830794475695, 0.18542169175904102, 0.1907323561212117, 0.19695457071410835, 0.18359412493149715, 0.20014025622081977, 0.1984760082413063, 0.17971293517664352, 0.20051794208724188, 0.18391531631695454, 0.17113178555543224, 0.1816328172464165, 0.197509237258971, 0.1841468265961373, 0.18551514213387338, 0.18095883563574816, 0.17078316228472873, 0.18440055229390664, 0.18982244571067255, 0.18665230453393802, 0.18606426241221252, 0.18245523927077928]
BBSR:100.0
ABSR:100.0
max acc:90.24
