======================================
    IID: 0
    Dataset: mnist
    Model: Mnist_CNN
    Model Init: None
    Aggregation Function: fltrust
    Fraction NonIID: 0
    Long attack: 3
    Wide attack: 3
    Wide attack: trust
    Threshold reject: 0.5
    Threshold down: 0.0
    Attack method: badnet
    Fraction of malicious agents: 20.0%
    Poison Frac: 0.2
    Backdoor From 7 to 2
    Attack Begin: 0
    Trigger Shape: square
    Type poisoning: 
    Trigger Position X: 0
    Trigger Position Y: 0
    Number of agents: 100
    Fraction of agents each turn: 30(30.0%)
    Local batch size: 50
    Local epoch: 3
    Client_LR: 0.01
    Client_Momentum: 0.9
    Global Rounds: 100
    Dataset In Server: 200
======================================
main_task_accuracy=[0, 33.189998626708984, 44.09000015258789, 34.9900016784668, 62.70000076293945, 63.939998626708984, 58.27000045776367, 68.0, 70.76000213623047, 74.79000091552734, 74.66999816894531, 83.56999969482422, 83.58000183105469, 77.75, 85.27999877929688, 88.2699966430664, 86.08000183105469, 85.94999694824219, 88.98999786376953, 88.36000061035156, 91.4800033569336, 86.45999908447266, 92.80000305175781, 84.91000366210938, 92.41000366210938, 89.76000213623047, 93.05000305175781, 91.08999633789062, 89.95999908447266, 93.2300033569336, 91.44999694824219, 90.95999908447266, 91.29000091552734, 87.52999877929688, 93.36000061035156, 93.5199966430664, 94.4800033569336, 95.08999633789062, 94.0, 94.73999786376953, 93.62999725341797, 95.16000366210938, 94.4000015258789, 95.52999877929688, 94.9000015258789, 94.11000061035156, 94.97000122070312, 95.19999694824219, 94.77999877929688, 93.54000091552734, 94.62999725341797, 95.47000122070312, 95.25, 95.9800033569336, 96.23999786376953, 95.55000305175781, 95.70999908447266, 95.08999633789062, 95.58000183105469, 94.94000244140625, 95.76000213623047, 95.93000030517578, 96.77999877929688, 96.5199966430664, 97.0199966430664, 96.02999877929688, 97.01000213623047, 96.3499984741211, 96.95999908447266, 96.31999969482422, 95.04000091552734, 96.6500015258789, 95.6500015258789, 96.81999969482422, 96.33000183105469, 96.9000015258789, 96.88999938964844, 94.86000061035156, 96.83000183105469, 96.7699966430664, 97.11000061035156, 96.83000183105469, 94.73999786376953, 96.55999755859375, 96.62999725341797, 96.06999969482422, 96.98999786376953, 97.06999969482422, 96.98999786376953, 97.30000305175781, 97.25, 97.33000183105469, 97.29000091552734, 95.41999816894531, 96.86000061035156, 97.05999755859375, 96.87999725341797, 97.02999877929688, 97.63999938964844, 97.43000030517578, 97.61000061035156]
backdoor_accuracy=[0, 1.7509727626459144, 25.291828793774318, 4.280155642023346, 0.0, 3.404669260700389, 0.0, 2.9182879377431905, 5.447470817120623, 0.6809338521400778, 1.7509727626459144, 3.6964980544747084, 2.7237354085603114, 8.852140077821012, 2.529182879377432, 2.9182879377431905, 7.490272373540856, 3.8910505836575875, 9.33852140077821, 3.8910505836575875, 11.575875486381323, 2.237354085603113, 17.704280155642024, 2.0428015564202333, 14.980544747081712, 2.529182879377432, 14.007782101167315, 4.474708171206226, 6.031128404669261, 6.128404669260701, 6.906614785992218, 16.926070038910506, 3.8910505836575875, 12.937743190661479, 12.54863813229572, 6.031128404669261, 23.832684824902724, 7.101167315175097, 41.9260700389105, 4.085603112840467, 35.311284046692606, 4.377431906614786, 10.214007782101167, 9.04669260700389, 27.33463035019455, 7.684824902723736, 24.90272373540856, 16.828793774319067, 9.14396887159533, 25.291828793774318, 15.17509727626459, 21.88715953307393, 25.77821011673152, 16.147859922178988, 22.859922178988327, 16.245136186770427, 32.39299610894942, 10.992217898832685, 39.10505836575876, 19.55252918287938, 26.750972762645915, 43.48249027237354, 32.295719844357976, 73.83268482490273, 42.4124513618677, 74.80544747081711, 25.389105058365757, 52.04280155642024, 38.91050583657587, 21.20622568093385, 72.17898832684826, 18.579766536964982, 76.07003891050584, 29.571984435797667, 47.95719844357976, 31.03112840466926, 59.72762645914397, 60.21400778210117, 19.941634241245136, 63.13229571984436, 23.929961089494164, 64.49416342412451, 51.36186770428016, 41.9260700389105, 64.49416342412451, 65.85603112840467, 67.60700389105058, 44.94163424124513, 38.91050583657587, 33.0739299610895, 64.88326848249027, 42.99610894941634, 64.78599221789884, 89.78599221789884, 64.39688715953308, 96.69260700389106, 66.92607003891051, 46.69260700389105, 91.73151750972762, 65.1750972762646, 91.82879377431907]
loss_list=[0.471389704678734, 0.4261375825119505, 0.335062150714869, 0.2696069662103129, 0.2602516748757144, 0.17551026667617364, 0.16967772936803024, 0.1767648420092827, 0.14915589277227392, 0.14746575944111603, 0.1547334648523256, 0.14288458828056363, 0.09842015381560736, 0.12751445908786557, 0.10918787055403874, 0.11519293284914361, 0.09245316742340878, 0.10741204292476737, 0.09265945749763572, 0.11950477725118418, 0.09048612664520182, 0.10580979566201207, 0.08634973466796157, 0.08390765737614703, 0.06818000746395517, 0.0812657137168281, 0.08186165257915001, 0.09329544112181058, 0.08416443711327984, 0.06035923169945339, 0.07269042341527308, 0.05346834338188864, 0.07266500362584806, 0.07587072807540486, 0.0633458609046128, 0.06934425855311097, 0.06746339125783431, 0.06052431836817777, 0.05467953579254105, 0.059944046141775904, 0.05068527772950222, 0.04776405511227037, 0.05370394046361224, 0.05105208192286155, 0.05538661152505241, 0.05138070358684131, 0.05595990943605326, 0.04509203525824208, 0.041575786192536664, 0.045340342059139165, 0.050232811626177175, 0.04703502521166246, 0.051669316021323124, 0.05297054221303081, 0.04576890434892219, 0.046230770039855956, 0.04151786367385631, 0.03791057622309326, 0.046873496114167926, 0.04733395331447356, 0.049136538092008616, 0.0498788313428742, 0.04007256013577116, 0.04520170662923771, 0.03707061592301043, 0.04811161380368778, 0.04167394082370684, 0.04462247949925735, 0.04532985767228605, 0.04089645644647987, 0.042802444015875026, 0.036909008191166846, 0.0402846946763876, 0.042785164343679113, 0.03869480883631427, 0.0357890007891654, 0.03747272962605661, 0.045187428125117446, 0.04362052317257744, 0.03171134181922551, 0.043912530520541705, 0.03650568303441249, 0.045232512840800605, 0.03542768864011232, 0.04745186603336698, 0.03732929798653117, 0.038342405561047836, 0.03302552655726493, 0.03995807882762812, 0.031364656689294515, 0.030917403891828493, 0.039208048308888396, 0.035103201346678055, 0.03794770438292308, 0.038438628314493364, 0.03526357282470314, 0.027768807199229244, 0.04183643039824405, 0.033040471281053585, 0.03767950733570159]
BBSR:96.69
ABSR:72.1
max acc:97.64
