======================================
    IID: 0
    Dataset: mnist
    Model: Mnist_CNN
    Model Init: None
    Aggregation Function: DABA
    Fraction NonIID: 0
    Long attack: 5
    Wide attack: 5
    Wide attack: trust
    Threshold reject: 0.5
    Threshold down: 0.0
    Attack method: badnet
    Fraction of malicious agents: 13.0%
    Poison Frac: 0.2
    Backdoor From 7 to 2
    Attack Begin: 0
    Trigger Shape: square
    Type poisoning: 
    Trigger Position X: 0
    Trigger Position Y: 0
    Number of agents: 100
    Fraction of agents each turn: 30(30.0%)
    Local batch size: 50
    Local epoch: 3
    Client_LR: 0.01
    Client_Momentum: 0.9
    Global Rounds: 100
======================================
main_task_accuracy=[0, 36.619998931884766, 20.90999984741211, 21.969999313354492, 27.0, 46.88999938964844, 67.51000213623047, 60.33000183105469, 65.16999816894531, 59.61000061035156, 73.81999969482422, 77.91999816894531, 79.44999694824219, 82.48999786376953, 92.94000244140625, 74.41000366210938, 87.5, 67.7300033569336, 83.55999755859375, 75.83999633789062, 84.0999984741211, 91.7300033569336, 91.68000030517578, 82.05000305175781, 92.05999755859375, 95.54000091552734, 92.27999877929688, 90.26000213623047, 93.48999786376953, 94.22000122070312, 89.52999877929688, 90.20999908447266, 94.70999908447266, 92.69000244140625, 92.7300033569336, 91.76000213623047, 86.55000305175781, 91.33000183105469, 93.31999969482422, 96.33999633789062, 96.12999725341797, 94.94000244140625, 93.06999969482422, 96.5999984741211, 93.2699966430664, 89.95999908447266, 87.25, 91.66000366210938, 95.29000091552734, 95.69000244140625, 96.45999908447266, 96.83000183105469, 97.13999938964844, 95.66999816894531, 67.75, 92.26000213623047, 94.12999725341797, 95.31999969482422, 96.91000366210938, 96.36000061035156, 96.37000274658203, 95.33999633789062, 95.98999786376953, 96.0199966430664, 97.72000122070312, 93.36000061035156, 95.9000015258789, 97.33999633789062, 93.80999755859375, 96.43000030517578, 97.88999938964844, 95.73999786376953, 97.43000030517578, 96.25, 97.58999633789062, 97.30000305175781, 97.38999938964844, 97.37999725341797, 97.61000061035156, 96.75, 96.47000122070312, 97.94000244140625, 97.76000213623047, 97.72000122070312, 97.18000030517578, 97.81999969482422, 98.0, 98.12999725341797, 97.77999877929688, 97.51000213623047, 97.54000091552734, 98.01000213623047, 98.29000091552734, 97.30000305175781, 98.19999694824219, 97.41999816894531, 97.05000305175781, 96.83999633789062, 97.75, 93.73999786376953, 97.3499984741211]
backdoor_accuracy=[0, 0.0, 0.0, 0.0, 0.0, 19.455252918287936, 0.0, 3.9883268482490273, 1.264591439688716, 24.124513618677042, 0.0, 2.821011673151751, 2.6264591439688716, 11.673151750972762, 3.501945525291829, 53.793774319066145, 0.2918287937743191, 70.23346303501945, 0.2918287937743191, 1.1673151750972763, 14.785992217898833, 5.155642023346304, 3.9883268482490273, 93.77431906614785, 0.48638132295719844, 4.280155642023346, 7.587548638132295, 6.42023346303502, 2.6264591439688716, 10.019455252918288, 2.237354085603113, 75.38910505836576, 0.8754863813229572, 5.058365758754864, 7.587548638132295, 7.101167315175097, 1.0700389105058365, 3.11284046692607, 14.105058365758754, 10.797665369649806, 11.381322957198444, 69.74708171206225, 86.57587548638132, 97.08171206225681, 7.684824902723736, 33.75486381322957, 81.1284046692607, 38.42412451361868, 82.78210116731518, 66.43968871595331, 53.89105058365759, 93.3852140077821, 100.0, 99.90272373540856, 91.05058365758755, 96.98443579766537, 100.0, 7.490272373540856, 99.61089494163424, 88.42412451361868, 66.147859922179, 97.17898832684826, 99.70817120622569, 99.22178988326849, 86.38132295719845, 96.88715953307393, 98.92996108949416, 99.31906614785993, 99.41634241245136, 97.76264591439688, 72.85992217898833, 90.07782101167315, 75.0, 97.37354085603113, 98.05447470817121, 95.8171206225681, 49.5136186770428, 98.63813229571984, 98.24902723735408, 47.568093385214006, 98.24902723735408, 75.19455252918289, 99.5136186770428, 99.90272373540856, 85.11673151750973, 99.70817120622569, 96.88715953307393, 73.15175097276264, 95.42801556420234, 91.147859922179, 98.83268482490273, 93.67704280155642, 99.80544747081711, 86.47859922178988, 98.44357976653697, 95.23346303501945, 98.63813229571984, 100.0, 99.70817120622569, 98.5408560311284, 99.90272373540856]
loss_list=[0.5447048165179365, 0.2602549854630923, 0.42383333613953733, 0.2872778918520522, 0.21899160906987059, 0.21217178222142033, 0.15246608385752608, 0.1570614235735057, 0.14259912633000474, 0.1777914359764982, 0.1386121186504469, 0.12211782772733336, 0.12564693913090638, 0.10421234255125485, 0.08315641054497334, 0.09738380816031242, 0.09821425275975706, 0.10384606538474549, 0.10400710377198873, 0.07959262555842431, 0.09544945940814678, 0.0678806885106761, 0.06671156241507155, 0.07621060097997914, 0.061666274293989146, 0.05685675446191675, 0.054817560225537035, 0.06756311906909639, 0.051924652457598794, 0.06350819032871363, 0.058641983060863795, 0.0604561321237982, 0.06021276663994, 0.05407311883939328, 0.05621782268274531, 0.061897182245674594, 0.05677064704663895, 0.04707042165218945, 0.05081427245295135, 0.04701864723894385, 0.04452837071998769, 0.05130259547697637, 0.04497264271062773, 0.03961166202156942, 0.04897168067055657, 0.061932910807144796, 0.05936286511337778, 0.06741833512165885, 0.042787081711397515, 0.046585161747927484, 0.04492307623446979, 0.034428141370726854, 0.03237970905610154, 0.042587709344391954, 0.0920635093394779, 0.06856336091604535, 0.04805359098071955, 0.0472870670669863, 0.04117423690573725, 0.041615315329364036, 0.04190476902152247, 0.034064737596972886, 0.03712732359201793, 0.037639619678999155, 0.03553598395171891, 0.04283648815539949, 0.040258099302099025, 0.030057138475143783, 0.04032901248155028, 0.03479882997073302, 0.03375360818964989, 0.03725030116383972, 0.03587290192613139, 0.02892976886088536, 0.031007969852043446, 0.02827975923826946, 0.03958574744953285, 0.0313702170178141, 0.03450749903917101, 0.03462428437783337, 0.03700137604082944, 0.030437261551324205, 0.026423819832132676, 0.027800166305312107, 0.03178619359743062, 0.031771037778329285, 0.02631338055828318, 0.022682069913637765, 0.026109781674378284, 0.03583155084535671, 0.029971746726171037, 0.029802657984406847, 0.0261245200618208, 0.030962995692630106, 0.025912842711223006, 0.03186293236108444, 0.027941256634992803, 0.026180314748958433, 0.027354317805571148, 0.042398545380668624]
BBSR:100.0
ABSR:97.04
max acc:98.29
