======================================
    IID: 1
    Dataset: cifar
    Model: resnet
    Model Init: None
    Aggregation Function: RLR
    Fraction NonIID: 0
    Long attack: 3
    Wide attack: 3
    Wide attack: trust
    Threshold reject: 0.5
    Threshold down: 0.0
    Attack method: badnet
    Fraction of malicious agents: 20.0%
    Poison Frac: 0.2
    Backdoor From 7 to 2
    Attack Begin: 0
    Trigger Shape: square
    Type poisoning: 
    Trigger Position X: 0
    Trigger Position Y: 0
    Number of agents: 100
    Fraction of agents each turn: 30(30.0%)
    Local batch size: 50
    Local epoch: 3
    Client_LR: 0.01
    Client_Momentum: 0.9
    Global Rounds: 100
    RobustLR_threshold: 4
======================================
main_task_accuracy=[0, 10.0, 17.6200008392334, 38.15999984741211, 39.54999923706055, 46.849998474121094, 49.959999084472656, 53.5099983215332, 54.52000045776367, 58.15999984741211, 57.630001068115234, 58.77000045776367, 60.619998931884766, 63.33000183105469, 61.650001525878906, 63.02000045776367, 62.790000915527344, 64.13999938964844, 63.15999984741211, 64.80000305175781, 65.05000305175781, 65.5999984741211, 66.26000213623047, 66.05000305175781, 66.26000213623047, 66.66000366210938, 66.91999816894531, 68.38999938964844, 68.16999816894531, 69.08999633789062, 67.76000213623047, 69.2699966430664, 69.23999786376953, 68.55000305175781, 70.16000366210938, 69.08000183105469, 69.48999786376953, 69.25, 68.33999633789062, 70.51000213623047, 68.38999938964844, 70.73999786376953, 69.76000213623047, 70.80000305175781, 68.76000213623047, 70.61000061035156, 71.6500015258789, 69.83000183105469, 70.06999969482422, 71.4000015258789, 69.08000183105469, 71.83999633789062, 70.19999694824219, 71.25, 72.0, 71.0, 72.55000305175781, 70.62999725341797, 71.83000183105469, 72.88999938964844, 71.76000213623047, 72.73999786376953, 71.55999755859375, 72.33000183105469, 71.55000305175781, 72.56999969482422, 72.80999755859375, 72.69000244140625, 72.56999969482422, 72.18000030517578, 73.05000305175781, 72.80000305175781, 72.76000213623047, 72.9800033569336, 72.94999694824219, 72.4800033569336, 73.01000213623047, 73.30999755859375, 72.91999816894531, 73.0199966430664, 72.97000122070312, 73.06999969482422, 72.95999908447266, 73.05000305175781, 73.19000244140625, 73.08999633789062, 73.16000366210938, 72.87000274658203, 72.7300033569336, 73.1500015258789, 73.20999908447266, 73.23999786376953, 73.27999877929688, 73.16999816894531, 73.12000274658203, 73.18000030517578, 73.0199966430664, 73.01000213623047, 72.8499984741211, 72.91999816894531, 73.04000091552734]
backdoor_accuracy=[0, 0.0, 16.4, 5.9, 5.7, 5.8, 6.3, 4.2, 3.1, 3.0, 2.4, 2.0, 3.6, 3.9, 1.7, 2.1, 2.6, 2.3, 2.1, 2.3, 2.5, 2.9, 2.5, 2.6, 1.8, 1.8, 2.5, 1.6, 1.7, 2.9, 4.3, 3.2, 1.6, 2.8, 2.0, 2.1, 1.8, 1.3, 2.3, 2.2, 3.8, 1.9, 3.5, 4.3, 2.0, 3.4, 2.2, 3.3, 3.5, 3.7, 2.5, 2.2, 5.6, 2.1, 2.6, 2.1, 2.4, 2.6, 2.4, 2.0, 3.1, 3.1, 1.4, 2.6, 0.9, 4.1, 1.7, 2.6, 2.1, 3.4, 1.1, 4.2, 1.6, 2.7, 2.0, 4.8, 1.7, 3.6, 1.8, 1.4, 2.3, 3.9, 2.3, 3.6, 1.7, 1.5, 2.8, 1.5, 1.4, 1.9, 2.4, 2.2, 2.3, 2.7, 2.2, 2.1, 1.9, 2.7, 2.5, 2.8, 2.2]
loss_list=[1.969429589642419, 1.5631281223562028, 1.1773911971847215, 1.0004322872228093, 0.8306642710748647, 0.7337404974384439, 0.665794895518985, 0.5938897411152719, 0.5493354719711676, 0.5359225541353225, 0.5002724501200847, 0.45393155469352175, 0.4639065514629086, 0.421620783958998, 0.406733910917408, 0.4127120059883842, 0.4200185226338605, 0.3813467362874911, 0.35672232919890023, 0.34176063032458637, 0.34851438046329547, 0.29097619947718656, 0.31944929839913844, 0.3032166718295775, 0.27962702717683796, 0.33137620784368166, 0.2178563886707545, 0.25763420230088135, 0.2672212355479132, 0.2648931152019132, 0.2090576368324562, 0.21947945300774235, 0.21542450907142158, 0.18668280467688525, 0.2526346311861804, 0.19287782063914669, 0.2398133715298415, 0.1897726008235218, 0.1555229187934634, 0.1571194006631332, 0.18639208419138514, 0.17109445408516982, 0.15705761784105565, 0.14831394279559992, 0.14286240221706167, 0.11137760610200026, 0.11838584648222118, 0.09039213068534283, 0.14599022364098346, 0.15437299797337292, 0.09139986338582173, 0.13382338124155974, 0.09263305491298929, 0.12571915012522364, 0.10163471812000756, 0.07505533607666924, 0.11904546427273696, 0.09824927726228554, 0.06733780543601217, 0.08106856221997684, 0.07383129520906045, 0.08306879779300487, 0.07433362656874425, 0.1055386160782008, 0.0499539251838966, 0.06943814794473128, 0.039893962364302656, 0.06675126597986189, 0.08370686039223885, 0.03382201565525773, 0.052887057286966924, 0.03719480154175674, 0.04460542702493209, 0.018722025401608937, 0.09117796330719204, 0.035650575722946894, 0.05428034166991388, 0.028053497999866926, 0.05120562077391595, 0.046485954271099916, 0.041997081900052656, 0.04341603546406988, 0.05447957620081677, 0.01045434586620508, 0.01614360314769227, 0.027756449814102475, 0.02559106449568086, 0.026640458256549922, 0.01648541629715813, 0.027092128540629756, 0.006265145223947507, 0.012010370873475845, 0.002423618687880663, 0.0196648258344107, 0.014075123161651893, 0.0153066039956482, 0.020783405439198967, 0.024439526315152563, 0.01309454509673641, 0.012884563890783183]
BBSR:2.8
ABSR:2.36
max acc:73.28
