======================================
    IID: 0
    Dataset: fashion_mnist
    Model: Mnist_CNN
    Model Init: None
    Aggregation Function: avg
    Fraction NonIID: 0
    Long attack: 3
    Wide attack: 3
    Wide attack: trust
    Threshold reject: 0.5
    Threshold down: 0.0
    Attack method: badnet
    Fraction of malicious agents: 20.0%
    Poison Frac: 0.2
    Backdoor From 7 to 2
    Attack Begin: 0
    Trigger Shape: square
    Type poisoning: 
    Trigger Position X: 0
    Trigger Position Y: 0
    Number of agents: 100
    Fraction of agents each turn: 30(30.0%)
    Local batch size: 50
    Local epoch: 3
    Client_LR: 0.01
    Client_Momentum: 0.9
    Global Rounds: 100
======================================
main_task_accuracy=[0, 61.27000045776367, 72.30000305175781, 75.30999755859375, 76.94999694824219, 78.87000274658203, 78.97000122070312, 79.87000274658203, 80.52999877929688, 80.83999633789062, 81.83000183105469, 82.0999984741211, 82.94999694824219, 83.13999938964844, 84.02999877929688, 84.06999969482422, 84.5999984741211, 85.01000213623047, 85.37999725341797, 85.41999816894531, 85.4800033569336, 85.5, 85.95999908447266, 86.04000091552734, 86.13999938964844, 86.44000244140625, 86.47000122070312, 86.62000274658203, 86.69999694824219, 87.0999984741211, 86.93000030517578, 87.01000213623047, 87.22000122070312, 87.12999725341797, 87.33000183105469, 87.58000183105469, 87.68000030517578, 87.6500015258789, 87.41999816894531, 87.76000213623047, 87.80000305175781, 88.02999877929688, 87.9800033569336, 88.01000213623047, 87.98999786376953, 88.1500015258789, 88.30000305175781, 88.19000244140625, 88.30000305175781, 88.37999725341797, 88.62999725341797, 88.56999969482422, 88.7300033569336, 88.58999633789062, 88.93000030517578, 88.62000274658203, 88.45999908447266, 88.83999633789062, 88.72000122070312, 88.80999755859375, 89.08999633789062, 89.16999816894531, 89.19999694824219, 89.12000274658203, 89.23999786376953, 89.2699966430664, 89.25, 89.33999633789062, 89.16999816894531, 89.29000091552734, 89.38999938964844, 89.58000183105469, 89.33999633789062, 89.62999725341797, 89.58000183105469, 89.62000274658203, 89.52999877929688, 89.48999786376953, 89.5999984741211, 89.75, 89.87000274658203, 89.83000183105469, 89.68000030517578, 89.83999633789062, 89.69000244140625, 89.55999755859375, 89.94000244140625, 89.7300033569336, 89.9000015258789, 89.93000030517578, 89.9800033569336, 89.81999969482422, 90.01000213623047, 89.87999725341797, 89.97000122070312, 89.94999694824219, 90.19000244140625, 90.08000183105469, 89.95999908447266, 90.08999633789062, 90.2699966430664]
backdoor_accuracy=[0, 0.0, 0.0, 0.0, 1.1, 4.9, 45.1, 71.4, 90.9, 98.0, 99.0, 99.5, 99.8, 99.8, 99.8, 99.8, 99.9, 99.9, 99.9, 100.0, 100.0, 99.9, 100.0, 100.0, 100.0, 100.0, 100.0, 100.0, 100.0, 100.0, 100.0, 100.0, 100.0, 100.0, 100.0, 100.0, 100.0, 100.0, 100.0, 100.0, 100.0, 100.0, 100.0, 100.0, 100.0, 100.0, 100.0, 100.0, 100.0, 100.0, 100.0, 100.0, 100.0, 100.0, 100.0, 100.0, 100.0, 100.0, 100.0, 100.0, 100.0, 100.0, 100.0, 100.0, 100.0, 100.0, 100.0, 100.0, 100.0, 100.0, 100.0, 100.0, 100.0, 100.0, 100.0, 100.0, 100.0, 100.0, 100.0, 100.0, 100.0, 100.0, 100.0, 100.0, 100.0, 100.0, 100.0, 100.0, 100.0, 100.0, 100.0, 100.0, 100.0, 100.0, 100.0, 100.0, 100.0, 100.0, 100.0, 100.0, 100.0]
loss_list=[1.441886125339402, 0.8680999135529553, 0.6763809712258754, 0.5685161597612832, 0.5270316572997857, 0.47939461524839755, 0.43768031810996705, 0.43742025226906484, 0.44799206259625923, 0.395336125218482, 0.3758517176775193, 0.386238848918152, 0.3844948285086839, 0.37289037947991377, 0.34963843403729017, 0.3453151913980644, 0.3639575664023006, 0.3161775144506936, 0.33813787832925163, 0.34196316309756153, 0.2944897585479474, 0.3152890593779307, 0.30183041626587503, 0.3077690844458561, 0.3215913245661391, 0.2822391591241791, 0.2905105677364326, 0.28392234182123227, 0.2841400680080471, 0.30157098604228216, 0.2889506085016937, 0.2812845009551556, 0.2808424266986549, 0.2413919781817606, 0.2720684009431689, 0.2697977030356587, 0.26189511226904066, 0.27724671575965154, 0.25895090565016426, 0.2806588101994108, 0.24818946595338207, 0.2709726936218363, 0.2488509692389656, 0.2440643974079716, 0.22439365071348014, 0.24725136130323835, 0.24618329559970237, 0.25837375692402326, 0.2543430091778714, 0.2333975344810083, 0.23284414608065998, 0.22860023972267904, 0.2374272253545415, 0.22769738816725163, 0.2411790716099656, 0.22877811383869917, 0.23443754335899872, 0.22112244636001485, 0.221654109492967, 0.20958948898801785, 0.21179439388732949, 0.24108866428680437, 0.22025575144043952, 0.2064726207957224, 0.20718859356172653, 0.21953731529690604, 0.21484542841229728, 0.23591181386986543, 0.22185955595707998, 0.1958759594872525, 0.2123339310978298, 0.20281575348107486, 0.20013396539552894, 0.18353615057551204, 0.19570679434368177, 0.18726450601006275, 0.1936698146630079, 0.20122260232283562, 0.20632527658232933, 0.18069490709911204, 0.18926603384747134, 0.1851871239297368, 0.19539832065088883, 0.19889274714902666, 0.1932815749336171, 0.19812527659642337, 0.19661440177113507, 0.19365890518141288, 0.18317833655617302, 0.20235024252561506, 0.20660198934341745, 0.17755769276732783, 0.18034939811461506, 0.19261797784344745, 0.18284351266058232, 0.2002029582944319, 0.1823115113346527, 0.18307267293006324, 0.19734478611154138, 0.17407709468949448]
BBSR:100.0
ABSR:100.0
max acc:90.27
