======================================
    IID: 0
    Dataset: mnist
    Model: Mnist_CNN
    Model Init: None
    Aggregation Function: krum
    Fraction NonIID: 0
    Long attack: 3
    Wide attack: 3
    Wide attack: trust
    Threshold reject: 0.5
    Threshold down: 0.0
    Attack method: dba
    Fraction of malicious agents: 13.0%
    Poison Frac: 0.2
    Backdoor From 7 to 2
    Attack Begin: 0
    Trigger Shape: square
    Type poisoning: 
    Trigger Position X: 0
    Trigger Position Y: 0
    Number of agents: 100
    Fraction of agents each turn: 30(30.0%)
    Local batch size: 50
    Local epoch: 3
    Client_LR: 0.01
    Client_Momentum: 0.9
    Global Rounds: 100
    Proportion of malicious are selected: 0.2
    Average score of malicious clients: 948.6878051757812
    Average score of benign clients: 988.9260864257812
======================================
main_task_accuracy=[0, 20.139999389648438, 19.670000076293945, 17.56999969482422, 8.920000076293945, 10.319999694824219, 18.690000534057617, 19.56999969482422, 18.350000381469727, 10.319999694824219, 19.18000030517578, 9.800000190734863, 20.219999313354492, 18.65999984741211, 18.979999542236328, 13.489999771118164, 19.149999618530273, 19.09000015258789, 19.360000610351562, 19.700000762939453, 19.760000228881836, 27.489999771118164, 20.3799991607666, 24.209999084472656, 20.389999389648438, 26.510000228881836, 26.65999984741211, 37.380001068115234, 32.880001068115234, 33.25, 36.290000915527344, 36.41999816894531, 35.380001068115234, 31.68000030517578, 34.599998474121094, 34.02000045776367, 40.25, 39.560001373291016, 39.4900016784668, 38.33000183105469, 37.47999954223633, 38.95000076293945, 39.130001068115234, 38.97999954223633, 39.02000045776367, 37.77000045776367, 38.900001525878906, 38.459999084472656, 38.02000045776367, 36.68000030517578, 38.86000061035156, 40.470001220703125, 40.11000061035156, 39.849998474121094, 39.470001220703125, 39.59000015258789, 39.63999938964844, 39.880001068115234, 38.900001525878906, 38.11000061035156, 35.7599983215332, 39.66999816894531, 39.58000183105469, 39.45000076293945, 39.459999084472656, 39.119998931884766, 39.0099983215332, 40.22999954223633, 39.900001525878906, 40.25, 24.469999313354492, 26.809999465942383, 37.83000183105469, 37.720001220703125, 39.599998474121094, 39.54999923706055, 38.959999084472656, 39.709999084472656, 39.599998474121094, 39.529998779296875, 39.43000030517578, 39.4900016784668, 39.66999816894531, 40.02000045776367, 40.09000015258789, 39.63999938964844, 39.619998931884766, 39.560001373291016, 39.279998779296875, 39.130001068115234, 39.41999816894531, 39.2599983215332, 39.25, 39.43000030517578, 39.099998474121094, 39.41999816894531, 39.09000015258789, 39.119998931884766, 39.0099983215332, 39.5, 39.220001220703125]
backdoor_accuracy=[0, 0.0, 0.6809338521400778, 0.0, 0.0, 100.0, 0.0, 99.31906614785993, 0.0, 100.0, 0.0, 0.0, 0.0, 100.0, 0.0, 0.0, 0.0, 0.0, 0.0, 0.0, 0.0, 0.0, 0.0, 0.0, 0.0, 0.0, 0.0, 0.0, 0.0, 0.0, 0.0, 0.0, 0.0, 0.0, 0.0, 0.0, 0.0, 0.0, 0.0, 0.0, 0.0, 0.0, 0.0, 0.0, 0.0, 0.0, 0.0, 0.0, 0.0, 0.0, 0.0, 0.0, 0.0, 0.0, 0.0, 0.0, 0.0, 0.0, 0.0, 0.0, 0.0, 0.0, 0.0, 0.0, 0.0, 0.0, 0.0, 0.0, 0.0, 0.0, 97.27626459143968, 0.0, 0.0, 0.0, 0.0, 0.0, 0.0, 0.0, 0.0, 0.0, 0.0, 0.0, 0.0, 0.0, 0.0, 0.0, 0.0, 0.0, 0.0, 0.0, 0.0, 0.0, 0.0, 0.0, 0.0, 0.0, 0.0, 0.0, 0.0, 0.0, 0.0]
loss_list=[0.5616247259759857, 0.7224378010477298, 1.3959329676347805, 1.9516557241893433, 1.6616804140080883, 1.6630249188201456, 1.090123819434556, 1.60055799060551, 1.6910953811332272, 1.9015281991338109, 1.2404569851772431, 1.7266492573584271, 1.2739382470522176, 1.147952574387571, 1.4481576359537736, 1.233453075173887, 1.196142779117229, 1.2517796380639161, 1.0762649060121694, 1.2685856800755029, 1.0435141965297154, 0.9891302148939202, 1.3619647650549405, 0.9571822349255872, 1.1648992499340374, 0.9803906392674566, 0.8920563197614193, 1.080682784484592, 0.8851782040040914, 0.8883313311657154, 1.1529429081367695, 0.893452026603364, 0.9958428542602097, 0.9450910593672662, 0.9225200818015042, 0.9982995025980361, 0.9077428945132098, 0.7428618784664711, 0.7284119075180823, 0.977724757723366, 0.7329217768033481, 0.9792349297806026, 0.7949911523707555, 0.9228025491687861, 0.7415400582279197, 0.9615532868044486, 0.822061868329506, 1.1727926308569319, 0.964847032183694, 1.010063564988001, 0.8633844849706515, 0.7339001811468001, 0.8017871867485457, 0.8723422395599464, 0.8622518696767205, 0.7117145785868878, 0.9023345674476752, 0.8700076989104528, 0.7832094817193177, 0.8875142843598491, 0.8807401605137156, 0.8942436177290991, 0.8317762859074187, 0.9163352409849671, 0.9345467645741254, 0.8394039713505724, 0.74682842616198, 0.9445769911386912, 0.8570529794442824, 1.1289485877472187, 1.2502330555460097, 1.4084198202567577, 1.1396558612715126, 0.9945444067999901, 1.054411749577069, 1.2192134046627845, 0.9277730575638842, 1.0403200096624239, 1.1244658017319658, 0.9409642480607624, 0.9728170927381657, 1.211370752656585, 0.8986778528115333, 1.0529582846131844, 1.106276323406887, 1.0446006143760178, 0.8009410663439042, 1.0616800276088432, 0.9851735041855065, 0.9759578849833072, 0.9277584874692366, 1.0022075972286013, 0.9678789098117911, 0.9924835873485292, 0.9056918713926067, 1.1154526258257917, 1.0467386232549554, 0.9774374189294264, 0.9598312513115979, 0.9698631645444273]
BBSR:0.0
ABSR:0.0
max acc:39.5
