======================================
    IID: 0
    Dataset: mnist
    Model: Mnist_CNN
    Model Init: None
    Aggregation Function: krum
    Fraction NonIID: 0
    Long attack: 5
    Wide attack: 5
    Wide attack: trust
    Threshold reject: 0.5
    Threshold down: 0.0
    Attack method: badnet
    Fraction of malicious agents: 13.0%
    Poison Frac: 0.2
    Backdoor From 7 to 2
    Attack Begin: 0
    Trigger Shape: square
    Type poisoning: 
    Trigger Position X: 0
    Trigger Position Y: 0
    Number of agents: 100
    Fraction of agents each turn: 30(30.0%)
    Local batch size: 50
    Local epoch: 3
    Client_LR: 0.01
    Client_Momentum: 0.9
    Global Rounds: 100
    Proportion of malicious are selected: 0.02
    Average score of malicious clients: 1327.709716796875
    Average score of benign clients: 1413.563720703125
======================================
main_task_accuracy=[0, 10.279999732971191, 24.899999618530273, 11.239999771118164, 9.579999923706055, 9.800000190734863, 20.31999969482422, 21.049999237060547, 19.75, 13.380000114440918, 19.40999984741211, 23.68000030517578, 19.510000228881836, 21.5, 21.6299991607666, 18.709999084472656, 20.030000686645508, 19.290000915527344, 19.65999984741211, 22.989999771118164, 23.350000381469727, 18.81999969482422, 17.09000015258789, 21.549999237060547, 26.510000228881836, 24.729999542236328, 37.119998931884766, 30.15999984741211, 29.079999923706055, 36.060001373291016, 34.650001525878906, 43.400001525878906, 36.97999954223633, 34.20000076293945, 42.970001220703125, 35.08000183105469, 33.75, 34.90999984741211, 33.650001525878906, 34.810001373291016, 32.900001525878906, 33.38999938964844, 43.439998626708984, 40.540000915527344, 36.060001373291016, 36.86000061035156, 35.56999969482422, 35.16999816894531, 34.06999969482422, 34.59000015258789, 33.56999969482422, 32.70000076293945, 41.279998779296875, 39.709999084472656, 39.060001373291016, 38.790000915527344, 36.709999084472656, 33.880001068115234, 40.5099983215332, 37.84000015258789, 36.529998779296875, 36.560001373291016, 34.41999816894531, 33.90999984741211, 33.79999923706055, 33.2400016784668, 40.43000030517578, 40.060001373291016, 38.790000915527344, 39.7400016784668, 38.470001220703125, 47.0, 46.380001068115234, 46.70000076293945, 45.86000061035156, 45.33000183105469, 44.900001525878906, 45.310001373291016, 46.849998474121094, 46.91999816894531, 45.93000030517578, 43.040000915527344, 44.43000030517578, 44.650001525878906, 44.060001373291016, 44.209999084472656, 43.72999954223633, 44.220001220703125, 43.2400016784668, 43.04999923706055, 42.84000015258789, 41.130001068115234, 40.560001373291016, 46.04999923706055, 43.720001220703125, 43.130001068115234, 43.29999923706055, 42.709999084472656, 42.2400016784668, 42.470001220703125, 45.56999969482422]
backdoor_accuracy=[0, 0.0, 0.0, 0.0, 0.0, 0.0, 0.0, 0.0, 99.70817120622569, 0.0, 0.0, 99.61089494163424, 0.0, 0.0, 0.0, 0.0, 0.0, 0.0, 0.0, 0.0, 0.0, 0.0, 0.0, 99.80544747081711, 0.0, 0.0, 0.0, 0.0, 0.0, 0.0, 0.0, 0.0, 0.0, 0.0, 0.0, 0.0, 0.0, 0.0, 0.0, 0.0, 0.0, 0.0, 0.0, 0.0, 0.0, 0.0, 0.0, 0.0, 0.0, 0.0, 0.0, 0.0, 0.0, 0.0, 0.0, 0.0, 0.0, 0.0, 0.0, 0.0, 0.0, 0.0, 0.0, 0.0, 0.0, 0.0, 0.0, 0.0, 0.0, 0.0, 0.0, 0.0, 0.0, 0.0, 0.0, 0.0, 0.0, 0.0, 0.0, 0.0, 0.0, 0.0, 0.0, 0.0, 0.0, 0.0, 0.0, 0.0, 0.0, 0.0, 0.0, 0.0, 0.0, 0.0, 0.0, 0.0, 0.0, 0.0, 0.0, 0.0, 0.0]
loss_list=[0.4690540466664657, 4.441890126994082, 0.8310819629471611, 1.645912968096565, 1.4121000950572558, 1.2650226862573393, 0.9770054858269318, 1.2594075832409206, 1.4059227009832815, 0.9747835412964895, 0.927128952409001, 1.1782871131646364, 1.0461640322763894, 0.90199055166492, 0.9838070008622857, 1.0489275186006517, 0.9860073803226761, 1.08992355326581, 1.2316713060555196, 1.0714196608084616, 1.0059491811058923, 0.8161389980076855, 1.0570010036872712, 1.0427513025699968, 0.95475635324521, 1.1320772067028209, 0.8225035314218968, 0.7425788313587052, 1.0044847217298818, 0.859396617756637, 0.8985842353743364, 0.7733656897979081, 0.8782054340695917, 0.7783338847523225, 0.7600256688585095, 0.7056934700807957, 0.8139670503123132, 0.6843981874215731, 0.7935075833400905, 0.7460624807738123, 0.8063378535633091, 0.7476280928476492, 0.6947744565312687, 0.8099911979915181, 0.8222741812194397, 0.7374553769249932, 0.6770515767536469, 0.8115937611777988, 0.8079393192985439, 0.8328388379320965, 0.693327360782622, 0.6954616365577274, 0.6703676982767152, 0.7088884936969551, 0.7109887715475885, 0.7034121536675949, 0.7217903234340594, 0.8115865751552194, 0.6053970091013696, 0.8041131120343853, 0.8278445647636142, 0.8020734529787196, 0.6970488996967273, 0.8187267856291546, 0.823078063610582, 0.9167836084453761, 0.6940529210346101, 0.7564391565519819, 0.7005975674798377, 0.8319719777617846, 0.7822339324882264, 0.6250798408135078, 0.7727643930295305, 0.7586688223684511, 0.6819600585722657, 0.8535636141193982, 0.9065339857688605, 0.8662249081274301, 0.5840970853427226, 0.7615798219352793, 0.7670217008190302, 0.7587517518115477, 0.7921566602998305, 0.7759122109713978, 0.6588492619357667, 0.7831861185260498, 0.751049176177053, 0.7006623823227576, 0.6878012134763806, 0.6979160704403191, 0.7810496700611301, 0.7422712889659994, 0.8012529522110221, 0.778199596907222, 0.5951350523730408, 0.8656664526203433, 0.731049446067343, 0.758858173648415, 0.8635627180448341, 0.8888205007315401]
BBSR:0.0
ABSR:0.0
max acc:46.05
