======================================
    IID: 1
    Dataset: cifar
    Model: resnet
    Model Init: None
    Aggregation Function: RLR
    Fraction NonIID: 0
    Long attack: 3
    Wide attack: 3
    Wide attack: trust
    Threshold reject: 0.5
    Threshold down: 0.0
    Attack method: dba
    Fraction of malicious agents: 13.0%
    Poison Frac: 0.2
    Backdoor From 7 to 2
    Attack Begin: 0
    Trigger Shape: square
    Type poisoning: 
    Trigger Position X: 0
    Trigger Position Y: 0
    Number of agents: 100
    Fraction of agents each turn: 30(30.0%)
    Local batch size: 50
    Local epoch: 3
    Client_LR: 0.01
    Client_Momentum: 0.9
    Global Rounds: 100
    RobustLR_threshold: 4
======================================
main_task_accuracy=[0, 10.029999732971191, 16.420000076293945, 40.61000061035156, 36.54999923706055, 43.689998626708984, 49.02000045776367, 51.310001373291016, 55.5, 55.369998931884766, 57.93000030517578, 59.79999923706055, 61.380001068115234, 62.52000045776367, 59.880001068115234, 62.779998779296875, 64.62000274658203, 64.45999908447266, 65.16000366210938, 66.05999755859375, 66.37999725341797, 65.70999908447266, 65.69000244140625, 67.33999633789062, 66.41000366210938, 67.69999694824219, 67.37999725341797, 68.19000244140625, 68.69999694824219, 67.2300033569336, 67.47000122070312, 68.66999816894531, 69.18000030517578, 68.66999816894531, 69.7300033569336, 69.27999877929688, 69.16000366210938, 69.5, 69.1500015258789, 70.13999938964844, 70.37000274658203, 71.08000183105469, 71.30999755859375, 70.2300033569336, 70.55000305175781, 70.51000213623047, 70.66000366210938, 71.56999969482422, 71.68000030517578, 71.33000183105469, 71.3499984741211, 70.87000274658203, 71.7300033569336, 71.47000122070312, 71.58000183105469, 71.73999786376953, 72.37000274658203, 72.37000274658203, 72.12999725341797, 71.77999877929688, 71.98999786376953, 72.22000122070312, 72.27999877929688, 72.29000091552734, 72.12999725341797, 72.18000030517578, 71.5999984741211, 71.91000366210938, 72.05999755859375, 71.80999755859375, 72.13999938964844, 71.9800033569336, 72.12000274658203, 71.91000366210938, 72.0, 72.13999938964844, 72.12999725341797, 72.08999633789062, 72.02999877929688, 72.31999969482422, 71.83999633789062, 72.23999786376953, 72.30000305175781, 72.19000244140625, 72.0, 72.05999755859375, 71.91999816894531, 71.94999694824219, 71.87999725341797, 72.11000061035156, 72.05000305175781, 71.98999786376953, 71.91999816894531, 71.97000122070312, 71.86000061035156, 72.0, 71.93000030517578, 71.94999694824219, 71.95999908447266, 72.0199966430664, 72.05000305175781]
backdoor_accuracy=[0, 0.0, 5.8, 7.7, 7.3, 7.6, 6.7, 5.7, 5.5, 2.9, 2.7, 3.3, 4.3, 4.5, 4.4, 2.9, 2.0, 4.5, 2.0, 2.6, 2.8, 1.0, 1.8, 1.8, 2.7, 2.5, 3.1, 2.7, 4.2, 2.7, 2.4, 3.7, 2.8, 2.4, 3.9, 3.1, 2.4, 3.6, 4.0, 3.9, 2.5, 3.6, 3.6, 3.7, 2.9, 3.1, 3.6, 3.3, 4.0, 4.6, 3.9, 4.4, 5.4, 5.7, 3.4, 4.1, 6.7, 4.1, 4.4, 7.2, 4.5, 6.5, 4.0, 5.5, 4.7, 4.7, 5.9, 4.6, 5.4, 5.6, 7.1, 4.9, 6.0, 6.8, 6.0, 6.7, 4.5, 4.6, 6.1, 5.6, 7.3, 6.5, 6.5, 6.7, 6.4, 7.1, 5.2, 5.7, 7.1, 5.1, 6.5, 6.0, 6.5, 5.9, 7.0, 6.5, 6.3, 6.3, 5.5, 5.8, 6.2]
loss_list=[1.9818027333418522, 1.5507323045863048, 1.1579968671003975, 0.9702627546423013, 0.8243283729172415, 0.736535845105019, 0.6650158269123897, 0.6074335004844598, 0.5692098925883572, 0.5170203443575238, 0.47014840056498847, 0.47885969277264334, 0.44127509185837366, 0.47254207601770754, 0.4178425590776733, 0.36214115678229264, 0.3976578827533457, 0.3769082383852866, 0.349810479781073, 0.3422539339431872, 0.3369868308533397, 0.32657382171808014, 0.3361474761832504, 0.2914651552815404, 0.3016630323055303, 0.2734249013163046, 0.2339984694400078, 0.2563061640480171, 0.26747681301319975, 0.2748008957859646, 0.2249847333562664, 0.2371297948000331, 0.22801047101358166, 0.23923722778524584, 0.17762871039158196, 0.2224476133852214, 0.193151558971731, 0.18678021690058005, 0.22301793031019368, 0.13433927936854567, 0.10219492463330324, 0.13808250354913373, 0.17953860083776008, 0.13524190254884563, 0.11711459532467414, 0.12811515080878358, 0.14890928628440533, 0.10795853053814627, 0.09595161860711718, 0.11090820203554662, 0.09647597168219765, 0.07475268367978669, 0.06251544335617734, 0.08555415246383445, 0.10586324231999848, 0.031084984645632273, 0.07130418313893541, 0.03052378247254334, 0.09605930230085508, 0.030330897530754252, 0.018822725998098668, 0.05336498609642149, 0.018311629379540038, 0.029817937728900384, 0.03235258985018138, 0.058445073304545875, 0.010268127621271154, 0.05391848179915946, 0.06666022030842013, 0.01558558584142399, 0.016375314291185026, 0.023292176076873953, 0.04054756992840946, 0.02197683615424063, 0.022330278107886747, 0.024349227034245916, 0.02394031092450961, 0.0054035303503042085, 0.024270427732489122, 0.024922232345395767, 0.008200880333630872, 0.01084021531938763, 0.012748463856720871, 0.04456670115896686, 0.01753658590267959, 0.018359393753716077, 0.0128902934686145, 0.018633644081310193, 0.003474860446169462, 0.00436518463054704, 0.003473663069857543, 0.0032468250941140773, 0.004380383493314891, 0.006664806016492043, 0.00351858755346863, 0.0036123781614514883, 0.001642011697488973, 0.004666378878652418, 0.0013357531357643083, 0.010657932732501652]
BBSR:7.0
ABSR:6.2
max acc:72.05
