======================================
    IID: 0
    Dataset: mnist
    Model: Mnist_CNN
    Model Init: None
    Aggregation Function: flame
    Fraction NonIID: 0
    Long attack: 3
    Wide attack: 3
    Wide attack: trust
    Threshold reject: 0.5
    Threshold down: 0.0
    Attack method: badnet
    Fraction of malicious agents: 13.0%
    Poison Frac: 0.2
    Backdoor From 7 to 2
    Attack Begin: 0
    Trigger Shape: square
    Type poisoning: pgd
    Trigger Position X: 0
    Trigger Position Y: 0
    Number of agents: 100
    Fraction of agents each turn: 30(30.0%)
    Local batch size: 50
    Local epoch: 3
    Client_LR: 0.01
    Client_Momentum: 0.9
    Global Rounds: 100
    Noise in FLAME: 0.001
proportion of malicious are selected:0.7866666666666666
proportion of benign are selected:0.5418518518518518
======================================
main_task_accuracy=[0, 26.899999618530273, 30.920000076293945, 45.880001068115234, 49.380001068115234, 55.9900016784668, 68.7300033569336, 68.55999755859375, 70.19000244140625, 65.87999725341797, 61.060001373291016, 64.48999786376953, 71.41999816894531, 72.86000061035156, 71.47000122070312, 73.87999725341797, 75.43000030517578, 74.66999816894531, 77.5999984741211, 77.05000305175781, 76.19000244140625, 76.48999786376953, 76.41000366210938, 73.6500015258789, 78.76000213623047, 74.9800033569336, 78.62000274658203, 76.3499984741211, 79.22000122070312, 79.19000244140625, 78.58999633789062, 77.48999786376953, 78.22000122070312, 77.06999969482422, 77.27999877929688, 79.9000015258789, 79.0199966430664, 78.91999816894531, 78.77999877929688, 80.16999816894531, 79.0999984741211, 79.9000015258789, 80.31999969482422, 79.05999755859375, 79.58999633789062, 78.04000091552734, 77.38999938964844, 81.0199966430664, 80.69000244140625, 79.95999908447266, 80.68000030517578, 80.58999633789062, 80.30999755859375, 80.06999969482422, 80.16999816894531, 80.94999694824219, 80.83000183105469, 79.63999938964844, 78.91000366210938, 79.25, 81.33999633789062, 81.18000030517578, 81.5199966430664, 79.69000244140625, 81.05999755859375, 80.94999694824219, 81.62000274658203, 81.66000366210938, 81.16000366210938, 81.27999877929688, 81.66000366210938, 80.2300033569336, 78.5999984741211, 79.06999969482422, 79.16999816894531, 79.27999877929688, 80.2300033569336, 79.81999969482422, 79.02999877929688, 80.45999908447266, 80.33999633789062, 81.55000305175781, 81.43000030517578, 80.66000366210938, 79.83999633789062, 80.97000122070312, 81.51000213623047, 81.80000305175781, 81.16000366210938, 80.73999786376953, 81.12999725341797, 81.11000061035156, 81.87000274658203, 82.94000244140625, 82.18000030517578, 83.0999984741211, 82.51000213623047, 82.91000366210938, 81.66000366210938, 81.79000091552734, 82.61000061035156]
backdoor_accuracy=[0, 0.0, 0.0, 0.0, 4.766536964980545, 1.3618677042801557, 0.19455252918287938, 0.2918287937743191, 0.2918287937743191, 0.0, 0.09727626459143969, 24.610894941634243, 1.8482490272373542, 2.821011673151751, 14.105058365758754, 3.6964980544747084, 1.9455252918287937, 1.556420233463035, 11.381322957198444, 1.8482490272373542, 1.3618677042801557, 16.147859922178988, 8.754863813229573, 22.276264591439688, 16.439688715953306, 3.404669260700389, 29.961089494163424, 3.5992217898832686, 17.412451361867703, 18.09338521400778, 27.82101167315175, 29.085603112840467, 14.494163424124514, 20.330739299610894, 7.879377431906615, 17.217898832684824, 18.67704280155642, 10.019455252918288, 68.28793774319067, 17.801556420233464, 47.568093385214006, 40.07782101167315, 21.30350194552529, 34.143968871595334, 50.29182879377432, 87.06225680933852, 7.392996108949417, 86.38132295719845, 20.525291828793776, 93.57976653696498, 39.88326848249027, 42.023346303501945, 80.35019455252919, 30.739299610894943, 91.73151750972762, 81.71206225680933, 26.653696498054476, 15.75875486381323, 17.607003891050585, 29.571984435797667, 85.50583657587549, 89.39688715953308, 98.63813229571984, 97.27626459143968, 98.5408560311284, 56.32295719844358, 98.73540856031128, 99.70817120622569, 99.12451361867704, 99.90272373540856, 99.61089494163424, 87.84046692607004, 87.64591439688716, 99.22178988326849, 99.90272373540856, 99.70817120622569, 99.61089494163424, 100.0, 99.70817120622569, 99.61089494163424, 99.90272373540856, 99.61089494163424, 99.61089494163424, 99.80544747081711, 99.22178988326849, 99.90272373540856, 99.90272373540856, 99.90272373540856, 99.5136186770428, 99.5136186770428, 98.73540856031128, 99.80544747081711, 99.90272373540856, 99.61089494163424, 99.90272373540856, 99.80544747081711, 99.70817120622569, 99.70817120622569, 99.90272373540856, 99.90272373540856, 100.0]
loss_list=[0.4431056225573732, 0.29280502121351326, 0.28000500478862167, 0.28879999420612007, 0.24615871060918118, 0.18072238132633922, 0.15527802010230046, 0.14230760977396928, 0.1499687775654284, 0.1670846074000611, 0.1760713799309475, 0.16519810069992757, 0.1643031046443457, 0.13427902975626896, 0.10691127277839262, 0.13414289822895167, 0.11452636045608779, 0.1272596794314533, 0.12394341877276058, 0.09376763476801386, 0.11401160847698301, 0.11469487703965185, 0.13003230847550393, 0.11880675868387523, 0.07738670065150845, 0.13799684200554296, 0.08821447426913119, 0.0996130327228477, 0.11417527927822917, 0.09858772728162453, 0.07577417081809022, 0.08537254268449623, 0.08097728185227854, 0.10746945068555694, 0.1209809194680726, 0.09864912224993828, 0.10574459149119063, 0.08990482525535003, 0.12552238294318793, 0.08946000316196424, 0.07635474245156518, 0.11170215186092317, 0.06246863402614502, 0.1001256449452223, 0.10162793252750627, 0.08992964180079502, 0.10964320467343282, 0.07375230815132136, 0.110957762947061, 0.10146834808972803, 0.08708459878400882, 0.06840244440357329, 0.07968969163458245, 0.10691815212549874, 0.09494707721780217, 0.053728095960333455, 0.10139757226040168, 0.07188347588523343, 0.08059433432555609, 0.10550777954546185, 0.061594437747458784, 0.10365111436367326, 0.09398905915022161, 0.06328397554066276, 0.08235139204506714, 0.08113478109817168, 0.08654523333062335, 0.08640598338800128, 0.10576934463609519, 0.08924091284775945, 0.08125739970593525, 0.08626749311359008, 0.09452521447254875, 0.07466707249216982, 0.09698175918875217, 0.08447610037892875, 0.08967940813448552, 0.08503018120012912, 0.09899178113884696, 0.09521209561701677, 0.05869081088194676, 0.09855860232563424, 0.08986090931114633, 0.09777912209786757, 0.09967096631066737, 0.0836085431500923, 0.08233450783754166, 0.08675870395791176, 0.10379522072802291, 0.0928968038136747, 0.0686928782472192, 0.10980737193060912, 0.07913173746560188, 0.06100788431969724, 0.059989825536168134, 0.09764899744310045, 0.08054908660529514, 0.06551722774571898, 0.07981054867121969, 0.08369684353211668]
BBSR:100.0
ABSR:99.82
max acc:83.1
