======================================
    IID: 0
    Dataset: fashion_mnist
    Model: Mnist_CNN
    Model Init: None
    Aggregation Function: RLR
    Fraction NonIID: 0
    Long attack: 3
    Wide attack: 3
    Wide attack: trust
    Threshold reject: 0.5
    Threshold down: 0.0
    Attack method: badnet
    Fraction of malicious agents: 20.0%
    Poison Frac: 0.2
    Backdoor From 7 to 2
    Attack Begin: 0
    Trigger Shape: square
    Type poisoning: pgd
    Trigger Position X: 0
    Trigger Position Y: 0
    Number of agents: 100
    Fraction of agents each turn: 30(30.0%)
    Local batch size: 50
    Local epoch: 3
    Client_LR: 0.01
    Client_Momentum: 0.9
    Global Rounds: 100
    RobustLR_threshold: 4
======================================
main_task_accuracy=[0, 64.08999633789062, 74.38999938964844, 75.9000015258789, 77.26000213623047, 78.81999969482422, 78.9000015258789, 80.27999877929688, 80.06999969482422, 81.01000213623047, 81.12999725341797, 81.38999938964844, 82.9000015258789, 82.76000213623047, 83.58000183105469, 83.55000305175781, 83.7300033569336, 84.31999969482422, 84.20999908447266, 84.79000091552734, 85.04000091552734, 85.26000213623047, 85.19999694824219, 85.43000030517578, 85.63999938964844, 85.98999786376953, 85.81999969482422, 85.9800033569336, 86.01000213623047, 86.23999786376953, 86.54000091552734, 86.3499984741211, 86.7699966430664, 86.80999755859375, 86.7699966430664, 86.86000061035156, 86.8499984741211, 86.91000366210938, 87.02999877929688, 87.11000061035156, 87.23999786376953, 87.23999786376953, 87.26000213623047, 87.52999877929688, 87.52999877929688, 87.37999725341797, 87.56999969482422, 87.69999694824219, 87.6500015258789, 87.80000305175781, 87.83999633789062, 87.79000091552734, 87.80999755859375, 88.12000274658203, 88.04000091552734, 87.98999786376953, 88.08000183105469, 88.22000122070312, 88.19999694824219, 88.06999969482422, 88.13999938964844, 88.38999938964844, 88.30000305175781, 88.47000122070312, 88.5, 88.61000061035156, 88.63999938964844, 88.56999969482422, 88.68000030517578, 88.73999786376953, 88.58000183105469, 88.69000244140625, 88.9000015258789, 88.8499984741211, 88.9000015258789, 88.91999816894531, 88.95999908447266, 89.1500015258789, 89.04000091552734, 89.12999725341797, 89.1500015258789, 89.16000366210938, 89.19999694824219, 89.31999969482422, 89.33000183105469, 89.37999725341797, 89.29000091552734, 89.38999938964844, 89.33000183105469, 89.36000061035156, 89.37999725341797, 89.30000305175781, 89.4800033569336, 89.37000274658203, 89.33000183105469, 89.45999908447266, 89.76000213623047, 89.62000274658203, 89.51000213623047, 89.63999938964844, 89.55999755859375]
backdoor_accuracy=[0, 0.0, 0.0, 0.0, 0.0, 0.0, 0.0, 0.2, 4.3, 21.5, 35.2, 55.4, 80.7, 87.3, 88.8, 93.3, 97.9, 98.7, 98.8, 99.5, 99.6, 99.7, 99.7, 99.8, 99.7, 99.8, 99.8, 99.8, 99.8, 99.8, 99.8, 99.8, 99.8, 99.8, 99.8, 99.8, 99.8, 99.8, 99.8, 99.9, 99.8, 99.8, 99.9, 99.9, 99.9, 99.9, 99.9, 99.9, 99.9, 99.9, 99.9, 99.9, 99.9, 99.9, 99.9, 99.9, 99.9, 99.9, 99.9, 99.9, 99.9, 99.9, 100.0, 100.0, 100.0, 100.0, 100.0, 100.0, 100.0, 100.0, 100.0, 100.0, 100.0, 100.0, 100.0, 100.0, 100.0, 100.0, 100.0, 100.0, 100.0, 100.0, 100.0, 100.0, 100.0, 100.0, 100.0, 100.0, 100.0, 100.0, 100.0, 100.0, 100.0, 100.0, 100.0, 100.0, 100.0, 100.0, 100.0, 100.0, 100.0]
loss_list=[1.3852266120137993, 0.7627861751726379, 0.569135734507883, 0.5286737255200192, 0.4870252829045057, 0.46259789312327354, 0.46360656512832205, 0.4590133959358491, 0.42314868837732955, 0.42992926820836697, 0.4086779838289928, 0.4122932213117127, 0.41025319207045763, 0.40189171071957663, 0.39339093013356125, 0.3768456536172717, 0.374586868348221, 0.37806099757414174, 0.3417785407837342, 0.35768275421664675, 0.33383783735334877, 0.3299712961401652, 0.3405649374618574, 0.3291310886542002, 0.3473725320150455, 0.35465260232557305, 0.31278706607926227, 0.32281750379544166, 0.3287929856183904, 0.29014942562207585, 0.2938968567212146, 0.320216872136074, 0.31635316419932574, 0.30443112201022887, 0.29358884182034267, 0.2725846969626017, 0.2889418786253642, 0.2826491958323729, 0.2882929953849978, 0.27957662439525677, 0.2786706428836893, 0.2923671754197804, 0.260419655294606, 0.2543907235445524, 0.25279854068670565, 0.26346097925884854, 0.2554643210610031, 0.2514966560648409, 0.2780241282104894, 0.25492152187248895, 0.27540273007902283, 0.280939600797784, 0.27912752628326415, 0.26357537672889453, 0.2730141787186127, 0.24996550112134883, 0.2759127601049841, 0.2592968146937589, 0.25945322117595754, 0.2669797331146482, 0.23430974882578962, 0.2777293824659729, 0.2355038383665184, 0.23467712631552587, 0.250016440389057, 0.253851578546757, 0.2687822286384526, 0.23406087334302292, 0.254488660969461, 0.22650781068950898, 0.2479107625299581, 0.24134347305667622, 0.23707026124379973, 0.25044341493673894, 0.23031737224060905, 0.2247838772074492, 0.2210967433276689, 0.22894723415202292, 0.22699111231292293, 0.2171256581459332, 0.2422615882250722, 0.22104721433241614, 0.23147330782893633, 0.22477168652780904, 0.23289634856843835, 0.21562488878456257, 0.21991270744345257, 0.23450207875662105, 0.22273820540867753, 0.2127123774563963, 0.2261934417041225, 0.21510265497490766, 0.20439586372080223, 0.20812471930317025, 0.2200922363454959, 0.19461143987805202, 0.2107277326027138, 0.2013443011186878, 0.19788246145299457, 0.21072537733190178]
BBSR:100.0
ABSR:100.0
max acc:89.76
