======================================
    IID: 0
    Dataset: mnist
    Model: Mnist_CNN
    Model Init: None
    Aggregation Function: fltrust
    Fraction NonIID: 0
    Long attack: 3
    Wide attack: 3
    Wide attack: trust
    Threshold reject: 0.5
    Threshold down: 0.0
    Attack method: badnet
    Fraction of malicious agents: 13.0%
    Poison Frac: 0.2
    Backdoor From 7 to 2
    Attack Begin: 0
    Trigger Shape: square
    Type poisoning: 
    Trigger Position X: 0
    Trigger Position Y: 0
    Number of agents: 100
    Fraction of agents each turn: 30(30.0%)
    Local batch size: 50
    Local epoch: 3
    Client_LR: 0.01
    Client_Momentum: 0.9
    Global Rounds: 100
    Dataset In Server: 200
======================================
main_task_accuracy=[0, 23.639999389648438, 39.7599983215332, 51.349998474121094, 60.689998626708984, 63.08000183105469, 68.9800033569336, 69.56999969482422, 57.20000076293945, 78.05000305175781, 82.27999877929688, 83.01000213623047, 85.29000091552734, 90.11000061035156, 84.12999725341797, 90.87999725341797, 88.62999725341797, 91.56999969482422, 89.97000122070312, 85.58000183105469, 90.16000366210938, 87.16999816894531, 89.02999877929688, 92.1500015258789, 92.66000366210938, 91.94999694824219, 93.33000183105469, 94.41000366210938, 94.0, 92.5999984741211, 91.31999969482422, 95.13999938964844, 94.93000030517578, 95.20999908447266, 94.23999786376953, 94.7300033569336, 94.02999877929688, 94.2699966430664, 90.97000122070312, 94.2699966430664, 95.98999786376953, 94.75, 96.05999755859375, 95.04000091552734, 95.2699966430664, 95.73999786376953, 95.69999694824219, 95.87000274658203, 96.16000366210938, 95.37999725341797, 96.62000274658203, 96.36000061035156, 95.19000244140625, 95.91999816894531, 96.72000122070312, 96.05000305175781, 96.72000122070312, 96.30999755859375, 96.33999633789062, 96.80999755859375, 96.8499984741211, 96.8499984741211, 95.30000305175781, 96.12999725341797, 96.75, 96.68000030517578, 96.91000366210938, 96.6500015258789, 97.0, 95.4800033569336, 97.27999877929688, 96.91000366210938, 97.16999816894531, 97.0199966430664, 97.33000183105469, 97.5199966430664, 97.20999908447266, 96.75, 97.16000366210938, 97.20999908447266, 97.38999938964844, 96.77999877929688, 97.33999633789062, 96.2300033569336, 97.30000305175781, 97.20999908447266, 97.2300033569336, 97.41000366210938, 97.16000366210938, 97.62000274658203, 97.5199966430664, 97.44000244140625, 97.63999938964844, 97.62000274658203, 97.19999694824219, 97.41999816894531, 97.62000274658203, 97.66000366210938, 97.62999725341797, 97.48999786376953, 97.87000274658203]
backdoor_accuracy=[0, 0.0, 0.0, 43.67704280155642, 0.38910505836575876, 1.1673151750972763, 6.128404669260701, 2.237354085603113, 0.19455252918287938, 2.3346303501945527, 1.556420233463035, 1.1673151750972763, 1.9455252918287937, 3.6964980544747084, 2.140077821011673, 3.404669260700389, 2.140077821011673, 7.782101167315175, 1.4591439688715953, 8.365758754863814, 1.556420233463035, 2.0428015564202333, 2.821011673151751, 3.404669260700389, 4.766536964980545, 2.9182879377431905, 7.392996108949417, 2.237354085603113, 5.739299610894942, 3.0155642023346303, 4.377431906614786, 2.529182879377432, 12.256809338521402, 2.431906614785992, 5.739299610894942, 5.544747081712062, 2.0428015564202333, 24.22178988326848, 1.4591439688715953, 16.147859922178988, 2.9182879377431905, 13.521400778210117, 3.11284046692607, 11.673151750972762, 2.237354085603113, 8.268482490272374, 4.377431906614786, 5.447470817120623, 4.961089494163424, 5.058365758754864, 4.863813229571984, 6.128404669260701, 11.089494163424124, 5.252918287937743, 3.6964980544747084, 4.182879377431907, 5.933852140077821, 6.22568093385214, 4.961089494163424, 10.603112840466926, 4.085603112840467, 12.062256809338521, 2.529182879377432, 7.879377431906615, 4.377431906614786, 7.198443579766537, 6.22568093385214, 5.252918287937743, 5.544747081712062, 35.992217898832685, 3.501945525291829, 20.525291828793776, 3.11284046692607, 21.108949416342412, 3.0155642023346303, 5.544747081712062, 4.280155642023346, 10.603112840466926, 6.031128404669261, 7.003891050583658, 5.642023346303502, 7.2957198443579765, 5.058365758754864, 11.575875486381323, 3.7937743190661477, 9.82490272373541, 3.307392996108949, 10.116731517509727, 4.474708171206226, 11.478599221789883, 5.058365758754864, 27.140077821011673, 4.474708171206226, 18.19066147859922, 9.33852140077821, 5.739299610894942, 4.474708171206226, 14.688715953307392, 6.42023346303502, 18.579766536964982, 7.684824902723736]
loss_list=[0.49861694878477125, 0.36383216431271403, 0.2864088890886831, 0.28997517135020673, 0.2234480781288018, 0.18869262492330863, 0.14181758779414386, 0.15254758026183668, 0.12911975011328064, 0.12030241671496926, 0.11268240389541201, 0.09564880747243151, 0.11704684818930398, 0.08474209562200555, 0.11053693005164072, 0.09175409872147838, 0.08426906638655016, 0.08245486097354826, 0.06744494995751922, 0.07786194827104491, 0.07171943742811136, 0.07344818795995173, 0.07271242807146683, 0.079156171344768, 0.07079070786293545, 0.06734579171250697, 0.07399559521147339, 0.06019306231034872, 0.06077008733960277, 0.05533178059710932, 0.058851558064167135, 0.054882546621570286, 0.04955866934249312, 0.05796276613328955, 0.05250294068917748, 0.05468038371151248, 0.05226209078508596, 0.05179612819969206, 0.05170570786625268, 0.05175246234617027, 0.040723251751335385, 0.055113740625587944, 0.056019379568375105, 0.045496433263771216, 0.038546066262304425, 0.0435175449359929, 0.03890579485480983, 0.04411110078265471, 0.04440557864293464, 0.04217257466099552, 0.038649693681637856, 0.039673717616607686, 0.0355582492571824, 0.03974699411213182, 0.03933261682276393, 0.04485311946052494, 0.04139506007326987, 0.04228538821451022, 0.04042044717683693, 0.03527001734448163, 0.04471036771572039, 0.03115640649748917, 0.03609952585506606, 0.03379364196803782, 0.04082613505155361, 0.03778739301327368, 0.03285717278398694, 0.03282000351958142, 0.03428369411598126, 0.03814107141137469, 0.03292861520870069, 0.03690066477609121, 0.03383577686938279, 0.03061879917461908, 0.03655501975624045, 0.03315272425749384, 0.0375770882628652, 0.03733713918239015, 0.03359959196936762, 0.03541992867889503, 0.031902432354959216, 0.031052830336913622, 0.027626514108822595, 0.03401537086620361, 0.034638762823985404, 0.030286272082008438, 0.03111686762303376, 0.029956639434047347, 0.030998535908638998, 0.02948207797400416, 0.02998797099853074, 0.028829207365016065, 0.03012975997765732, 0.02365600616990786, 0.03145984637243169, 0.03773401872214819, 0.026638531082282164, 0.03210671683049971, 0.028208170455499507, 0.02815979825542503]
BBSR:27.14
ABSR:11.67
max acc:97.87
