======================================
    IID: 0
    Dataset: mnist
    Model: Mnist_CNN
    Model Init: None
    Aggregation Function: RLR
    Fraction NonIID: 0
    Long attack: 4
    Wide attack: 4
    Wide attack: trust
    Threshold reject: 0.5
    Threshold down: 0.0
    Attack method: dba
    Fraction of malicious agents: 13.0%
    Poison Frac: 0.2
    Backdoor From 7 to 2
    Attack Begin: 0
    Trigger Shape: square
    Type poisoning: 
    Trigger Position X: 0
    Trigger Position Y: 0
    Number of agents: 100
    Fraction of agents each turn: 30(30.0%)
    Local batch size: 50
    Local epoch: 3
    Client_LR: 0.01
    Client_Momentum: 0.9
    Global Rounds: 100
    RobustLR_threshold: 4
======================================
main_task_accuracy=[0, 48.59000015258789, 36.470001220703125, 47.790000915527344, 58.2599983215332, 39.93000030517578, 57.93000030517578, 84.94999694824219, 85.30999755859375, 87.8499984741211, 82.5999984741211, 81.97000122070312, 89.16000366210938, 89.37999725341797, 91.62999725341797, 87.56999969482422, 93.12000274658203, 91.81999969482422, 93.6500015258789, 90.94000244140625, 93.12000274658203, 94.97000122070312, 93.56999969482422, 92.11000061035156, 87.37999725341797, 94.22000122070312, 95.31999969482422, 95.41000366210938, 95.3499984741211, 96.0199966430664, 93.95999908447266, 95.69000244140625, 95.37999725341797, 96.16000366210938, 96.04000091552734, 96.47000122070312, 96.62999725341797, 95.05999755859375, 95.41999816894531, 95.91000366210938, 96.44999694824219, 96.04000091552734, 96.93000030517578, 96.81999969482422, 95.45999908447266, 95.55999755859375, 96.72000122070312, 96.77999877929688, 96.72000122070312, 96.97000122070312, 96.5, 96.4800033569336, 96.93000030517578, 95.95999908447266, 96.76000213623047, 96.80999755859375, 97.08999633789062, 96.52999877929688, 96.91999816894531, 96.81999969482422, 96.62000274658203, 96.37999725341797, 97.2699966430664, 97.41000366210938, 97.33000183105469, 97.12000274658203, 96.93000030517578, 97.05000305175781, 97.38999938964844, 97.23999786376953, 97.25, 96.7699966430664, 97.01000213623047, 97.44000244140625, 97.4800033569336, 97.3499984741211, 96.94999694824219, 96.91000366210938, 97.37000274658203, 97.13999938964844, 96.52999877929688, 97.2300033569336, 97.72000122070312, 97.5999984741211, 97.76000213623047, 97.12000274658203, 96.63999938964844, 97.75, 96.98999786376953, 96.7300033569336, 97.5199966430664, 96.69999694824219, 97.33000183105469, 96.8499984741211, 97.6500015258789, 97.19999694824219, 97.94000244140625, 97.5999984741211, 97.72000122070312, 97.66999816894531, 97.62999725341797]
backdoor_accuracy=[0, 18.28793774319066, 0.0, 5.933852140077821, 7.587548638132295, 0.0, 2.9182879377431905, 2.821011673151751, 6.22568093385214, 2.237354085603113, 4.182879377431907, 2.237354085603113, 7.392996108949417, 5.155642023346304, 1.1673151750972763, 1.8482490272373542, 6.906614785992218, 5.642023346303502, 0.9727626459143969, 2.0428015564202333, 1.4591439688715953, 5.544747081712062, 4.669260700389105, 7.198443579766537, 5.642023346303502, 3.7937743190661477, 14.396887159533074, 5.836575875486381, 7.101167315175097, 8.852140077821012, 5.544747081712062, 5.836575875486381, 4.377431906614786, 14.007782101167315, 10.408560311284047, 8.463035019455253, 7.198443579766537, 2.7237354085603114, 23.151750972762645, 13.813229571984436, 3.6964980544747084, 3.11284046692607, 10.408560311284047, 10.797665369649806, 1.8482490272373542, 11.186770428015564, 3.501945525291829, 9.14396887159533, 3.501945525291829, 4.085603112840467, 25.09727626459144, 9.24124513618677, 10.019455252918288, 13.229571984435797, 19.55252918287938, 7.587548638132295, 9.24124513618677, 6.031128404669261, 3.5992217898832686, 5.447470817120623, 30.739299610894943, 8.268482490272374, 12.15953307392996, 23.638132295719846, 23.249027237354085, 11.673151750972762, 2.529182879377432, 5.933852140077821, 8.852140077821012, 11.867704280155642, 15.369649805447471, 11.478599221789883, 8.365758754863814, 25.58365758754864, 15.46692607003891, 17.412451361867703, 32.68482490272373, 7.684824902723736, 15.56420233463035, 4.766536964980545, 5.933852140077821, 18.3852140077821, 34.92217898832685, 18.3852140077821, 11.284046692607005, 17.217898832684824, 60.797665369649806, 9.24124513618677, 5.836575875486381, 2.529182879377432, 17.217898832684824, 1.9455252918287937, 16.634241245136188, 8.073929961089494, 20.525291828793776, 9.04669260700389, 29.085603112840467, 25.0, 16.439688715953306, 48.83268482490272, 30.35019455252918]
loss_list=[0.5243605835435481, 0.3444673897955746, 0.20143006206636327, 0.20956710282994614, 0.19676165633112816, 0.1816882577773294, 0.19347294638621107, 0.14346167154738246, 0.09682990343221715, 0.1318463360287933, 0.10611197833014865, 0.09151783869717796, 0.08432715751999978, 0.08536079581530663, 0.07922697247959982, 0.07861061220447917, 0.06655875231451534, 0.0783854004372923, 0.07202373255813237, 0.07155425051075355, 0.07273370057463031, 0.05137712564574636, 0.07099086405990061, 0.07171557809157478, 0.06640169563742239, 0.06447690265822306, 0.04353705498555216, 0.051308077737771136, 0.05191536470072704, 0.046830880174473406, 0.059334027220338106, 0.053250475055275456, 0.06019719288682486, 0.05191282453076221, 0.04681706691324072, 0.05892454531559761, 0.0423427396992088, 0.04603767097722327, 0.03995318991737969, 0.05287915192518368, 0.060229176896556914, 0.04272045460797233, 0.04344272519003733, 0.04376227663448595, 0.044552464935717837, 0.04741980479142806, 0.04000734884433202, 0.040842110344365475, 0.04834249775546508, 0.04567488204813672, 0.04130405953976072, 0.03951270958939793, 0.04530895345617379, 0.04373176393046044, 0.033696712059713106, 0.03981415227983322, 0.04136364505042765, 0.04119367322774027, 0.041557014896652325, 0.04685351554731575, 0.0453141384293144, 0.04674640743418101, 0.04168347474946943, 0.03195455996132118, 0.03872409033132424, 0.04018026014588025, 0.03743446728162604, 0.03678115131530071, 0.029718441675459364, 0.03230179703860704, 0.03478827447114237, 0.03573524852114717, 0.034704718390654886, 0.04186759397409674, 0.030145445220947798, 0.02981726911065682, 0.0348902764520962, 0.03943813001101505, 0.03537336398606704, 0.0394048816772941, 0.037714388418871564, 0.04603832510315929, 0.03152322367783782, 0.04197677826502758, 0.031928706182715566, 0.03757439410386499, 0.04080982399235533, 0.042708908441327145, 0.034751505876846216, 0.039634246614222914, 0.03476523856804781, 0.039238109107485, 0.03135176701714722, 0.04003546044166917, 0.03582398433895021, 0.036109864647594095, 0.032722874915735035, 0.035831786811319696, 0.03709512377731041, 0.03621222971955015]
BBSR:48.83
ABSR:20.59
max acc:97.94
