======================================
    IID: 0
    Dataset: mnist
    Model: Mnist_CNN
    Model Init: None
    Aggregation Function: fltrust
    Fraction NonIID: 0
    Long attack: 5
    Wide attack: 5
    Wide attack: trust
    Threshold reject: 0.5
    Threshold down: 0.0
    Attack method: badnet
    Fraction of malicious agents: 13.0%
    Poison Frac: 0.2
    Backdoor From 7 to 2
    Attack Begin: 0
    Trigger Shape: square
    Type poisoning: 
    Trigger Position X: 0
    Trigger Position Y: 0
    Number of agents: 100
    Fraction of agents each turn: 30(30.0%)
    Local batch size: 50
    Local epoch: 3
    Client_LR: 0.01
    Client_Momentum: 0.9
    Global Rounds: 100
    Dataset In Server: 200
======================================
main_task_accuracy=[0, 45.84000015258789, 40.040000915527344, 52.130001068115234, 69.33999633789062, 62.810001373291016, 59.52000045776367, 85.7300033569336, 70.51000213623047, 82.9800033569336, 77.56999969482422, 83.04000091552734, 74.26000213623047, 85.58999633789062, 88.45999908447266, 82.5, 88.55000305175781, 88.2699966430664, 88.26000213623047, 85.75, 91.44000244140625, 82.06999969482422, 88.43000030517578, 89.1500015258789, 92.7699966430664, 90.62999725341797, 92.76000213623047, 90.83999633789062, 93.08000183105469, 93.51000213623047, 93.5, 92.05000305175781, 90.06999969482422, 91.55000305175781, 93.16999816894531, 94.18000030517578, 94.37000274658203, 94.37999725341797, 94.75, 95.61000061035156, 93.16000366210938, 94.55999755859375, 93.5999984741211, 95.61000061035156, 92.7300033569336, 95.81999969482422, 93.6500015258789, 91.87000274658203, 94.87999725341797, 93.16000366210938, 95.18000030517578, 96.56999969482422, 95.27999877929688, 93.38999938964844, 95.9800033569336, 92.9000015258789, 96.52999877929688, 95.12000274658203, 96.27999877929688, 95.66000366210938, 96.44000244140625, 96.38999938964844, 95.86000061035156, 96.37999725341797, 88.5, 94.91000366210938, 96.4000015258789, 97.1500015258789, 93.22000122070312, 96.8499984741211, 94.80999755859375, 96.86000061035156, 97.1500015258789, 96.62000274658203, 97.55999755859375, 96.44000244140625, 97.29000091552734, 96.0199966430664, 97.47000122070312, 96.54000091552734, 97.36000061035156, 97.45999908447266, 97.16000366210938, 96.5999984741211, 96.94999694824219, 96.87000274658203, 97.19999694824219, 97.62999725341797, 97.68000030517578, 96.52999877929688, 97.48999786376953, 97.51000213623047, 96.69999694824219, 97.51000213623047, 97.45999908447266, 97.0199966430664, 97.4000015258789, 97.83000183105469, 96.23999786376953, 97.5, 96.7699966430664]
backdoor_accuracy=[0, 0.0, 0.0, 0.0, 5.739299610894942, 1.1673151750972763, 21.88715953307393, 3.7937743190661477, 1.264591439688716, 4.571984435797665, 1.8482490272373542, 9.14396887159533, 1.0700389105058365, 3.0155642023346303, 4.961089494163424, 4.474708171206226, 3.21011673151751, 2.821011673151751, 3.21011673151751, 3.307392996108949, 4.474708171206226, 1.0700389105058365, 5.252918287937743, 2.140077821011673, 6.517509727626459, 1.4591439688715953, 6.614785992217898, 1.3618677042801557, 4.085603112840467, 2.6264591439688716, 2.9182879377431905, 1.7509727626459144, 0.9727626459143969, 7.684824902723736, 1.556420233463035, 12.743190661478598, 1.556420233463035, 8.463035019455253, 1.7509727626459144, 5.642023346303502, 1.6536964980544746, 7.684824902723736, 2.3346303501945527, 3.5992217898832686, 3.501945525291829, 3.5992217898832686, 4.766536964980545, 5.058365758754864, 3.6964980544747084, 3.11284046692607, 7.587548638132295, 2.529182879377432, 7.782101167315175, 1.0700389105058365, 10.505836575875486, 0.9727626459143969, 4.571984435797665, 1.264591439688716, 3.9883268482490273, 1.8482490272373542, 3.0155642023346303, 2.6264591439688716, 2.7237354085603114, 4.280155642023346, 2.7237354085603114, 5.447470817120623, 3.5992217898832686, 3.501945525291829, 2.237354085603113, 3.307392996108949, 5.642023346303502, 3.307392996108949, 5.3501945525291825, 3.5992217898832686, 4.377431906614786, 3.0155642023346303, 6.22568093385214, 3.7937743190661477, 7.490272373540856, 5.058365758754864, 5.155642023346304, 8.852140077821012, 3.404669260700389, 18.19066147859922, 1.264591439688716, 27.33463035019455, 1.1673151750972763, 7.003891050583658, 5.155642023346304, 6.031128404669261, 5.642023346303502, 2.6264591439688716, 31.03112840466926, 3.404669260700389, 11.673151750972762, 5.058365758754864, 7.490272373540856, 5.544747081712062, 14.007782101167315, 11.089494163424124, 10.311284046692608]
loss_list=[0.4850116876041559, 0.3546209330723199, 0.23079696079702752, 0.22991301473522543, 0.1706962857941509, 0.16349099385428062, 0.17104638934052036, 0.1432520714809032, 0.15549882371541132, 0.1332098767376321, 0.1166122643823007, 0.08906228911429742, 0.10890404814975631, 0.09731038447028403, 0.09216891146216145, 0.09274119864540246, 0.09938544501400533, 0.09511354579929425, 0.09001142583282433, 0.08042871994577601, 0.07313785935641831, 0.08833777414027312, 0.07133879441155598, 0.07502970911564828, 0.06399946290828346, 0.06970093903031134, 0.06353683217968148, 0.06895166508529152, 0.0682235412620072, 0.04743844008130404, 0.05175426449555594, 0.060377464178570414, 0.06474693017458608, 0.06635366494653515, 0.04545233973957976, 0.05827894697125797, 0.05574585641746303, 0.05789689234486085, 0.05379549086422948, 0.044891781518569186, 0.0502371588382203, 0.050950263230307644, 0.057414098122268845, 0.047228308725692066, 0.062115418207435116, 0.04003628600371565, 0.04310252093928387, 0.04675932025053394, 0.04600413773079136, 0.05035408219319367, 0.04848049515883904, 0.03641826383701826, 0.03473992170027844, 0.0402455476562226, 0.03790837479044719, 0.046520012716651515, 0.037965045051965934, 0.045876932828358294, 0.042485665605320445, 0.0386662405498556, 0.04030323366412865, 0.038244387386855164, 0.04291233093122661, 0.029913472227157352, 0.046453870999193694, 0.04279149085086029, 0.039001022482720075, 0.0415097815338393, 0.04224222736577135, 0.03576151113167982, 0.04037474158242186, 0.03561345041922423, 0.03161588092579454, 0.036900263855161826, 0.0355144532837706, 0.04257828027986415, 0.03199702339715222, 0.04410116692028729, 0.03643542112400581, 0.04057978851441075, 0.03506314933913683, 0.02862678122303412, 0.035868459703166516, 0.03378456158053287, 0.03865950456100402, 0.031377966864366814, 0.03337025459973046, 0.029799040172683318, 0.027660421989827214, 0.04121011035354114, 0.02584400114465132, 0.03694238208864627, 0.03633516726012373, 0.028907099286760263, 0.029610123915883666, 0.03710457360837301, 0.03264562264105516, 0.029307727453804788, 0.03525805818213837, 0.028039278025778522]
BBSR:31.03
ABSR:10.22
max acc:97.83
