======================================
    IID: 0
    Dataset: mnist
    Model: Mnist_CNN
    Model Init: None
    Aggregation Function: DABA
    Fraction NonIID: 0
    Long attack: 3
    Wide attack: 3
    Wide attack: trust
    Threshold reject: 0.5
    Threshold down: 0.0
    Attack method: badnet
    Fraction of malicious agents: 13.0%
    Poison Frac: 0.2
    Backdoor From 7 to 2
    Attack Begin: 0
    Trigger Shape: square
    Type poisoning: 
    Trigger Position X: 0
    Trigger Position Y: 0
    Number of agents: 100
    Fraction of agents each turn: 30(30.0%)
    Local batch size: 50
    Local epoch: 3
    Client_LR: 0.01
    Client_Momentum: 0.9
    Global Rounds: 100
======================================
main_task_accuracy=[0, 25.440000534057617, 10.789999961853027, 48.18000030517578, 50.06999969482422, 46.2400016784668, 65.23999786376953, 51.52000045776367, 50.08000183105469, 69.58999633789062, 85.76000213623047, 81.63999938964844, 66.69999694824219, 68.70999908447266, 75.26000213623047, 87.29000091552734, 82.9000015258789, 70.41999816894531, 84.41000366210938, 58.13999938964844, 84.41999816894531, 91.77999877929688, 90.16999816894531, 90.25, 93.29000091552734, 93.62000274658203, 80.18000030517578, 88.91000366210938, 92.3499984741211, 82.69000244140625, 88.9800033569336, 94.23999786376953, 94.87000274658203, 87.8499984741211, 85.7699966430664, 94.48999786376953, 95.9000015258789, 95.0, 95.75, 85.30000305175781, 94.75, 96.4000015258789, 96.05000305175781, 94.91000366210938, 94.05999755859375, 95.68000030517578, 97.05999755859375, 96.9000015258789, 96.12999725341797, 94.0199966430664, 96.41999816894531, 96.77999877929688, 94.7699966430664, 96.69999694824219, 96.87999725341797, 93.3499984741211, 96.23999786376953, 97.38999938964844, 96.5199966430664, 97.36000061035156, 96.06999969482422, 97.45999908447266, 96.43000030517578, 97.43000030517578, 97.58999633789062, 95.30000305175781, 96.33000183105469, 96.54000091552734, 95.5999984741211, 97.41000366210938, 96.68000030517578, 95.5999984741211, 95.2300033569336, 95.33000183105469, 96.87000274658203, 96.2699966430664, 95.63999938964844, 97.02999877929688, 96.70999908447266, 96.41999816894531, 95.37000274658203, 97.20999908447266, 97.0999984741211, 95.66999816894531, 97.38999938964844, 96.5999984741211, 98.0999984741211, 97.30999755859375, 97.13999938964844, 97.70999908447266, 96.47000122070312, 97.37000274658203, 97.52999877929688, 97.0, 97.87999725341797, 96.55999755859375, 97.16999816894531, 97.48999786376953, 96.72000122070312, 97.5, 97.13999938964844]
backdoor_accuracy=[0, 87.15953307392996, 0.0, 0.0, 0.7782101167315175, 4.182879377431907, 7.490272373540856, 0.38910505836575876, 16.245136186770427, 0.6809338521400778, 23.151750972762645, 1.1673151750972763, 46.98443579766537, 0.0, 10.992217898832685, 2.140077821011673, 1.4591439688715953, 1.556420233463035, 6.031128404669261, 74.22178988326849, 0.19455252918287938, 23.346303501945524, 1.3618677042801557, 5.544747081712062, 3.0155642023346303, 4.766536964980545, 0.2918287937743191, 3.8910505836575875, 7.879377431906615, 1.9455252918287937, 2.140077821011673, 3.0155642023346303, 5.544747081712062, 0.9727626459143969, 35.797665369649806, 2.529182879377432, 2.821011673151751, 11.673151750972762, 2.3346303501945527, 0.6809338521400778, 34.72762645914397, 2.431906614785992, 12.937743190661479, 4.182879377431907, 23.832684824902724, 0.5836575875486382, 1.9455252918287937, 15.66147859922179, 4.474708171206226, 3.7937743190661477, 3.307392996108949, 0.9727626459143969, 14.105058365758754, 1.0700389105058365, 7.003891050583658, 1.9455252918287937, 11.575875486381323, 1.4591439688715953, 2.0428015564202333, 5.642023346303502, 0.9727626459143969, 8.949416342412452, 2.237354085603113, 8.560311284046692, 1.9455252918287937, 78.01556420233463, 0.19455252918287938, 4.474708171206226, 0.9727626459143969, 7.587548638132295, 50.583657587548636, 2.9182879377431905, 15.95330739299611, 4.766536964980545, 98.5408560311284, 50.29182879377432, 7.879377431906615, 51.65369649805447, 93.48249027237354, 3.21011673151751, 27.140077821011673, 24.708171206225682, 51.55642023346304, 99.0272373540856, 6.517509727626459, 68.77431906614785, 25.09727626459144, 25.68093385214008, 84.24124513618678, 14.688715953307392, 89.78599221789884, 1.0700389105058365, 11.770428015564203, 2.0428015564202333, 10.992217898832685, 78.30739299610894, 18.8715953307393, 4.863813229571984, 11.186770428015564, 38.13229571984436, 87.54863813229572]
loss_list=[0.45308973198832664, 0.3293270499391803, 0.4887500779592703, 0.28606366641291886, 0.2163240915122877, 0.18488783622863048, 0.18544426424421767, 0.1794263333712365, 0.2387493153312028, 0.14958435784386864, 0.08692340829174688, 0.10415180661436914, 0.11365399886367371, 0.16226963542191936, 0.11262174301994551, 0.09215955530584169, 0.09970741744416256, 0.1198805314940722, 0.138477818761658, 0.13447914854809798, 0.14168397552747672, 0.08768603923989016, 0.07535447350752543, 0.06606458116384166, 0.05773884220710386, 0.06176244382894981, 0.0746072688421864, 0.07353553659997501, 0.06793422055687967, 0.07574461101420026, 0.08056104004795386, 0.0602186197581853, 0.06534357011135576, 0.06999538687486977, 0.06872177212820563, 0.06037380640728634, 0.0448746422411581, 0.05006880087734746, 0.045940436902028314, 0.07499033094857253, 0.04851411159920706, 0.0569425026534185, 0.05240051210056348, 0.04481698076116219, 0.05313101815316117, 0.05134952087410032, 0.04128174232554655, 0.03871255854833756, 0.048394705116433866, 0.052614342945227904, 0.03585999627810318, 0.04114582550288325, 0.05154292735757885, 0.04162492941400104, 0.03341322003584069, 0.04820539338196505, 0.04729656537345572, 0.036278771913882533, 0.039265723125970035, 0.03809648265348448, 0.03955945862548616, 0.03367873370207838, 0.042250282006828, 0.02994998190018373, 0.02938956204306459, 0.04307537593910916, 0.03219199669873735, 0.042623142705430245, 0.0424728876414398, 0.0397329094679614, 0.04057424466180572, 0.03752453953286387, 0.03755832338260157, 0.03980894976659589, 0.039472334601928685, 0.03442409200428563, 0.04105722762250805, 0.03136070174234983, 0.03508792528018533, 0.0371199877250312, 0.0418989472947646, 0.030129080390017483, 0.035975648281400284, 0.0414724812384905, 0.03442516342718448, 0.036403228124460806, 0.0271548164107282, 0.03265888339164147, 0.03381221314627974, 0.0262063170957196, 0.03434392514991445, 0.027880044052318757, 0.02607422958935923, 0.028827060246301425, 0.03015719463432047, 0.030911620767781443, 0.031584735737362736, 0.030938459322497874, 0.02884028041222013, 0.0290665136524232]
BBSR:11.706398967082173
ABSR:13.17864528769256
max acc:97.88
