======================================
    IID: 0
    Dataset: mnist
    Model: Mnist_CNN
    Model Init: None
    Aggregation Function: fltrust
    Fraction NonIID: 0
    Long attack: 5
    Wide attack: 5
    Wide attack: trust
    Threshold reject: 0.5
    Threshold down: 0.0
    Attack method: badnet
    Fraction of malicious agents: 13.0%
    Poison Frac: 0.2
    Backdoor From 7 to 2
    Attack Begin: 0
    Trigger Shape: square
    Type poisoning: pgd
    Trigger Position X: 0
    Trigger Position Y: 0
    Number of agents: 100
    Fraction of agents each turn: 30(30.0%)
    Local batch size: 50
    Local epoch: 3
    Client_LR: 0.01
    Client_Momentum: 0.9
    Global Rounds: 100
    Dataset In Server: 200
======================================
main_task_accuracy=[0, 40.77000045776367, 52.81999969482422, 48.900001525878906, 56.31999969482422, 66.2699966430664, 71.11000061035156, 68.73999786376953, 76.05000305175781, 79.0999984741211, 82.87999725341797, 69.91000366210938, 81.8499984741211, 70.91999816894531, 81.16999816894531, 84.20999908447266, 89.12000274658203, 86.76000213623047, 83.55999755859375, 86.11000061035156, 84.76000213623047, 84.58000183105469, 85.94999694824219, 91.30000305175781, 92.4000015258789, 91.16000366210938, 92.02999877929688, 91.20999908447266, 82.30999755859375, 93.29000091552734, 90.66999816894531, 93.79000091552734, 91.61000061035156, 94.3499984741211, 94.0999984741211, 94.37999725341797, 92.37000274658203, 95.19999694824219, 94.56999969482422, 94.55999755859375, 91.94999694824219, 93.73999786376953, 93.19000244140625, 94.98999786376953, 95.16000366210938, 95.25, 94.69999694824219, 94.9800033569336, 95.19999694824219, 95.44000244140625, 94.29000091552734, 95.16000366210938, 96.0199966430664, 95.68000030517578, 95.52999877929688, 95.75, 94.12000274658203, 94.94000244140625, 96.44000244140625, 96.13999938964844, 96.5199966430664, 96.36000061035156, 96.08000183105469, 96.13999938964844, 95.4800033569336, 95.4000015258789, 96.52999877929688, 96.27999877929688, 95.9000015258789, 96.68000030517578, 96.37000274658203, 96.9800033569336, 96.04000091552734, 96.79000091552734, 96.63999938964844, 96.94000244140625, 96.69999694824219, 97.01000213623047, 95.95999908447266, 96.56999969482422, 97.04000091552734, 97.0999984741211, 96.94000244140625, 96.58999633789062, 97.12999725341797, 97.0999984741211, 97.16000366210938, 97.18000030517578, 97.45999908447266, 95.22000122070312, 97.01000213623047, 96.6500015258789, 97.16000366210938, 96.76000213623047, 97.18000030517578, 97.05000305175781, 97.3499984741211, 96.93000030517578, 97.31999969482422, 97.55000305175781, 97.23999786376953]
backdoor_accuracy=[0, 25.291828793774318, 0.0, 0.0, 0.09727626459143969, 0.0, 3.5992217898832686, 0.8754863813229572, 1.8482490272373542, 1.4591439688715953, 1.7509727626459144, 0.5836575875486382, 1.264591439688716, 0.38910505836575876, 2.6264591439688716, 3.5992217898832686, 2.6264591439688716, 2.237354085603113, 3.21011673151751, 3.0155642023346303, 0.8754863813229572, 1.8482490272373542, 2.431906614785992, 1.556420233463035, 2.821011673151751, 2.529182879377432, 2.7237354085603114, 7.2957198443579765, 0.7782101167315175, 8.171206225680933, 1.6536964980544746, 4.863813229571984, 2.529182879377432, 3.9883268482490273, 2.3346303501945527, 7.879377431906615, 1.0700389105058365, 4.961089494163424, 1.4591439688715953, 3.7937743190661477, 2.0428015564202333, 2.6264591439688716, 2.0428015564202333, 3.307392996108949, 2.529182879377432, 2.7237354085603114, 3.501945525291829, 3.21011673151751, 2.529182879377432, 2.529182879377432, 7.879377431906615, 2.140077821011673, 5.447470817120623, 4.182879377431907, 3.7937743190661477, 3.7937743190661477, 3.501945525291829, 3.307392996108949, 2.9182879377431905, 3.6964980544747084, 5.836575875486381, 2.0428015564202333, 12.937743190661479, 1.556420233463035, 2.7237354085603114, 2.7237354085603114, 5.642023346303502, 2.6264591439688716, 2.3346303501945527, 5.447470817120623, 2.6264591439688716, 7.003891050583658, 1.556420233463035, 7.003891050583658, 2.431906614785992, 5.933852140077821, 1.9455252918287937, 6.906614785992218, 1.8482490272373542, 14.007782101167315, 2.529182879377432, 6.128404669260701, 4.182879377431907, 12.937743190661479, 3.9883268482490273, 2.7237354085603114, 3.9883268482490273, 5.836575875486381, 3.11284046692607, 7.2957198443579765, 3.5992217898832686, 3.9883268482490273, 5.642023346303502, 2.237354085603113, 6.031128404669261, 3.6964980544747084, 3.5992217898832686, 6.42023346303502, 2.3346303501945527, 4.669260700389105, 4.182879377431907]
loss_list=[0.5250389165597886, 0.43252005753557815, 0.34241722991702683, 0.23796359729428, 0.18422646068652013, 0.16990938255185617, 0.16734154075735827, 0.1636626909146394, 0.1520781239222758, 0.14330253373702767, 0.1342475919620734, 0.1073428179360254, 0.11059245339786923, 0.13814274514978075, 0.11500982946023977, 0.11266526109197376, 0.11304572631010967, 0.09791311887937769, 0.1075122148864678, 0.08538726520867165, 0.09794137900149906, 0.099870753880293, 0.08226402725857157, 0.07650038260379109, 0.06727163285967706, 0.09383568647955921, 0.07009105934469809, 0.0763466309471724, 0.0927878306727501, 0.07121408156565984, 0.07670774759677883, 0.07078234985452787, 0.07614392318504441, 0.048822144810979975, 0.06564067298205628, 0.06091882551982167, 0.06455881914363527, 0.06284561687732294, 0.0550617414771507, 0.06975228128863879, 0.061937437194885606, 0.07011001536805869, 0.05864655761267705, 0.04247354260663325, 0.06453341155786678, 0.0695792403246506, 0.05464905513443383, 0.0526116204653277, 0.04227427689035899, 0.056098653127233916, 0.05565437653789826, 0.049731262264117414, 0.04996827133664971, 0.048173167813953185, 0.04818095157494558, 0.059170384263270946, 0.04164812386934583, 0.054084335175580395, 0.04397934479969111, 0.038010470940439293, 0.047058785155996846, 0.04713608836311947, 0.037249314193812486, 0.04896948782889245, 0.04178483106368138, 0.043863847985690874, 0.047947161073800565, 0.046625818720783155, 0.041364912386038545, 0.04369970188666941, 0.03373744180208722, 0.03668229692426243, 0.04860180729325562, 0.037841929399943616, 0.0412522353717155, 0.04305196123038905, 0.04032035648110951, 0.0494040706371296, 0.04685110772033938, 0.03905684772627977, 0.03567574921656181, 0.04113732266343422, 0.04031615942225307, 0.031624997588001455, 0.04114760304776484, 0.03135939419243516, 0.035572157990532566, 0.03323849627129392, 0.033802681607149325, 0.042908081646055383, 0.03729416840645526, 0.03879298099502253, 0.03265991101685094, 0.03726006527193308, 0.04147211184705741, 0.03607637329228946, 0.02925204771069135, 0.029765407882009726, 0.03074442582934839, 0.033975299007660636]
BBSR:6.42
ABSR:4.28
max acc:97.55
