======================================
    IID: 0
    Dataset: fashion_mnist
    Model: Mnist_CNN
    Model Init: None
    Aggregation Function: flame
    Fraction NonIID: 0
    Long attack: 3
    Wide attack: 3
    Wide attack: trust
    Threshold reject: 0.5
    Threshold down: 0.0
    Attack method: badnet
    Fraction of malicious agents: 30.0%
    Poison Frac: 0.2
    Backdoor From 7 to 2
    Attack Begin: 0
    Trigger Shape: square
    Type poisoning: cs
    Trigger Position X: 0
    Trigger Position Y: 0
    Number of agents: 100
    Fraction of agents each turn: 30(30.0%)
    Local batch size: 50
    Local epoch: 3
    Client_LR: 0.01
    Client_Momentum: 0.9
    Global Rounds: 100
    Noise in FLAME: 0.001
proportion of malicious are selected:0.6077777777777778
proportion of benign are selected:0.5066666666666667
======================================
main_task_accuracy=[0, 65.0999984741211, 71.33999633789062, 74.0999984741211, 74.51000213623047, 77.1500015258789, 79.02999877929688, 79.52999877929688, 79.23999786376953, 81.33999633789062, 80.18000030517578, 81.55999755859375, 82.4000015258789, 81.0999984741211, 82.4800033569336, 83.45999908447266, 84.51000213623047, 84.7699966430664, 84.8499984741211, 83.62999725341797, 84.93000030517578, 85.18000030517578, 85.25, 85.47000122070312, 85.98999786376953, 86.26000213623047, 86.43000030517578, 86.30999755859375, 86.52999877929688, 86.62999725341797, 86.81999969482422, 86.80999755859375, 86.94000244140625, 86.88999938964844, 87.25, 87.0999984741211, 87.41999816894531, 87.23999786376953, 87.27999877929688, 87.22000122070312, 87.51000213623047, 87.45999908447266, 87.6500015258789, 87.73999786376953, 87.76000213623047, 87.66000366210938, 87.83000183105469, 87.91000366210938, 87.91000366210938, 87.44999694824219, 87.70999908447266, 88.06999969482422, 88.16000366210938, 88.08000183105469, 88.13999938964844, 88.25, 88.33000183105469, 88.38999938964844, 87.97000122070312, 88.43000030517578, 88.33999633789062, 88.4800033569336, 88.25, 88.2699966430664, 88.44000244140625, 88.47000122070312, 88.58999633789062, 88.44000244140625, 88.58999633789062, 88.83000183105469, 88.47000122070312, 88.54000091552734, 88.69999694824219, 88.45999908447266, 88.69999694824219, 88.80999755859375, 88.70999908447266, 88.63999938964844, 88.83000183105469, 88.5199966430664, 88.80000305175781, 88.95999908447266, 88.98999786376953, 89.0, 88.98999786376953, 88.70999908447266, 89.12000274658203, 88.7699966430664, 89.08999633789062, 88.98999786376953, 89.06999969482422, 89.36000061035156, 89.08999633789062, 89.01000213623047, 89.20999908447266, 89.05000305175781, 89.1500015258789, 89.31999969482422, 89.29000091552734, 89.30000305175781, 89.37000274658203]
backdoor_accuracy=[0, 0.0, 2.9, 19.4, 74.7, 93.5, 96.5, 99.8, 99.9, 99.9, 100.0, 100.0, 100.0, 100.0, 100.0, 100.0, 100.0, 100.0, 100.0, 100.0, 100.0, 100.0, 100.0, 100.0, 100.0, 100.0, 100.0, 100.0, 100.0, 100.0, 100.0, 100.0, 100.0, 100.0, 100.0, 100.0, 100.0, 100.0, 100.0, 100.0, 100.0, 100.0, 100.0, 100.0, 100.0, 100.0, 100.0, 100.0, 100.0, 100.0, 100.0, 100.0, 100.0, 100.0, 100.0, 100.0, 100.0, 100.0, 100.0, 100.0, 100.0, 100.0, 100.0, 100.0, 100.0, 100.0, 100.0, 100.0, 100.0, 100.0, 100.0, 100.0, 100.0, 100.0, 100.0, 100.0, 100.0, 100.0, 100.0, 100.0, 100.0, 100.0, 100.0, 100.0, 100.0, 100.0, 100.0, 100.0, 100.0, 100.0, 100.0, 100.0, 100.0, 100.0, 100.0, 100.0, 100.0, 100.0, 100.0, 100.0, 100.0]
loss_list=[1.412724091719698, 0.8609565681053534, 0.6236598645095471, 0.5527403557190189, 0.5029282578715573, 0.4664027766083126, 0.44534325447209455, 0.45424906691467315, 0.41295180030305073, 0.430009077951588, 0.4028327642905492, 0.3891330736309842, 0.4200508420045177, 0.38661665483895274, 0.393290356874328, 0.3491616975378106, 0.3544279942116529, 0.34311875592641256, 0.3947839120471919, 0.3475068459149312, 0.3206322817821745, 0.36087519894871456, 0.34118460349186697, 0.3116448345456134, 0.34420484219574266, 0.29226260216975647, 0.3142141142791068, 0.3077995259176801, 0.3055698354383586, 0.30655441713277937, 0.30566790275689626, 0.294266264009531, 0.3161482273135335, 0.29125932084603445, 0.31374831556997923, 0.3058741999272671, 0.27125418701174636, 0.29933181087382976, 0.2797825971652788, 0.287858851517861, 0.29895638553943077, 0.27127950517115773, 0.25581556592412563, 0.2819026246597921, 0.27102518097532013, 0.2829573142376763, 0.2654968064726779, 0.25300004580920493, 0.29189845268718073, 0.27549256499580765, 0.2761555842382627, 0.25221047241033784, 0.2600591293587867, 0.24428191718438433, 0.24943219821348234, 0.2525891437436696, 0.23310078690863323, 0.2668657786092135, 0.23862825913906652, 0.2571048871458818, 0.24739965551567303, 0.2326421800069511, 0.2669745287875197, 0.2536089355126023, 0.24108551507470782, 0.228857029762326, 0.26179064891335585, 0.2500839999635463, 0.2392421081455218, 0.25123362988923437, 0.25228143228148975, 0.24198604643569083, 0.25411015705171003, 0.2583008970375414, 0.23829242874247336, 0.2647036623934077, 0.25362925096932387, 0.24180994859241223, 0.25289560887721124, 0.23296984759745773, 0.2321347933383314, 0.2217457940767484, 0.22839177483865233, 0.25527149684709954, 0.2583019383441381, 0.2302349570457375, 0.24772119701805498, 0.24071805202402177, 0.24210042574494667, 0.22371222305939426, 0.2106060197180206, 0.2009868272252519, 0.20636593053307112, 0.2198242915423449, 0.19029946291508773, 0.20836038356388198, 0.2296008973054726, 0.22736315971318014, 0.23752057220855793, 0.219807337531475]
BBSR:100.0
ABSR:100.0
max acc:89.37
