======================================
    IID: 0
    Dataset: mnist
    Model: Mnist_CNN
    Model Init: None
    Aggregation Function: DABA
    Fraction NonIID: 0
    Long attack: 5
    Wide attack: 5
    Wide attack: trust
    Threshold reject: 0.5
    Threshold down: 0.0
    Attack method: badnet
    Fraction of malicious agents: 13.0%
    Poison Frac: 0.2
    Backdoor From 7 to 2
    Attack Begin: 0
    Trigger Shape: square
    Type poisoning: pgd
    Trigger Position X: 0
    Trigger Position Y: 0
    Number of agents: 100
    Fraction of agents each turn: 30(30.0%)
    Local batch size: 50
    Local epoch: 3
    Client_LR: 0.01
    Client_Momentum: 0.9
    Global Rounds: 100
======================================
main_task_accuracy=[0, 30.25, 36.27000045776367, 32.93000030517578, 32.369998931884766, 58.0, 48.09000015258789, 57.9900016784668, 73.12999725341797, 62.41999816894531, 75.04000091552734, 76.37999725341797, 76.29000091552734, 85.55000305175781, 88.51000213623047, 81.26000213623047, 77.29000091552734, 78.72000122070312, 77.4000015258789, 84.87999725341797, 80.26000213623047, 91.02999877929688, 62.310001373291016, 89.23999786376953, 93.51000213623047, 88.62999725341797, 92.75, 86.94000244140625, 88.98999786376953, 91.13999938964844, 93.97000122070312, 96.22000122070312, 90.41000366210938, 91.8499984741211, 94.9800033569336, 91.66999816894531, 93.69000244140625, 88.44000244140625, 93.38999938964844, 95.47000122070312, 95.93000030517578, 95.8499984741211, 93.05000305175781, 96.19000244140625, 90.30999755859375, 96.52999877929688, 96.33999633789062, 96.69999694824219, 97.05000305175781, 97.19999694824219, 96.01000213623047, 93.30000305175781, 94.58000183105469, 96.63999938964844, 96.93000030517578, 96.16000366210938, 97.26000213623047, 94.81999969482422, 97.43000030517578, 96.79000091552734, 96.51000213623047, 94.80999755859375, 97.20999908447266, 96.81999969482422, 95.63999938964844, 97.8499984741211, 97.26000213623047, 97.05999755859375, 95.69000244140625, 97.5999984741211, 95.2300033569336, 97.47000122070312, 97.80999755859375, 91.26000213623047, 92.58999633789062, 96.20999908447266, 97.73999786376953, 96.9800033569336, 97.47000122070312, 97.55000305175781, 97.44000244140625, 97.62000274658203, 97.55999755859375, 97.69000244140625, 96.87999725341797, 97.22000122070312, 98.05000305175781, 97.58000183105469, 97.69000244140625, 97.55000305175781, 97.44000244140625, 97.3499984741211, 97.41999816894531, 97.19000244140625, 96.48999786376953, 96.68000030517578, 98.47000122070312, 97.5, 97.76000213623047, 98.33000183105469, 96.77999877929688]
backdoor_accuracy=[0, 0.0, 0.0, 0.0, 10.700389105058365, 0.0, 27.140077821011673, 0.0, 13.813229571984436, 0.2918287937743191, 2.431906614785992, 9.53307392996109, 0.6809338521400778, 11.575875486381323, 4.377431906614786, 0.0, 15.66147859922179, 1.4591439688715953, 1.8482490272373542, 1.6536964980544746, 4.766536964980545, 5.836575875486381, 1.8482490272373542, 1.7509727626459144, 7.587548638132295, 4.085603112840467, 2.529182879377432, 0.6809338521400778, 35.70038910505836, 9.43579766536965, 3.307392996108949, 24.90272373540856, 13.424124513618677, 62.840466926070036, 97.66536964980544, 0.2918287937743191, 19.55252918287938, 13.715953307392995, 5.836575875486381, 16.439688715953306, 18.28793774319066, 8.560311284046692, 63.13229571984436, 4.377431906614786, 98.73540856031128, 2.237354085603113, 57.68482490272373, 3.404669260700389, 39.29961089494164, 13.910505836575876, 4.474708171206226, 35.89494163424124, 1.556420233463035, 24.513618677042803, 21.49805447470817, 55.05836575875487, 8.560311284046692, 23.929961089494164, 58.17120622568093, 13.326848249027238, 37.159533073929964, 86.18677042801556, 67.21789883268482, 92.99610894941634, 17.120622568093385, 70.8171206225681, 80.44747081712062, 94.16342412451363, 35.89494163424124, 84.14396887159533, 91.82879377431907, 35.311284046692606, 92.70428015564202, 8.365758754863814, 96.3035019455253, 98.24902723735408, 96.10894941634241, 95.62256809338521, 86.18677042801556, 99.5136186770428, 98.15175097276264, 79.96108949416342, 95.23346303501945, 60.89494163424124, 99.61089494163424, 15.95330739299611, 75.77821011673151, 89.98054474708171, 79.57198443579766, 96.3035019455253, 99.0272373540856, 93.57976653696498, 99.90272373540856, 98.05447470817121, 100.0, 99.5136186770428, 97.27626459143968, 96.78988326848248, 99.12451361867704, 99.61089494163424, 99.70817120622569]
loss_list=[0.5135030341674176, 0.41752643360211367, 0.27971075032071796, 0.266729986894459, 0.28246625409350495, 0.20428292805088252, 0.17626599274995053, 0.18743261638565326, 0.14053577319952348, 0.14443536606759808, 0.11538262669363016, 0.12341013107914366, 0.12108153988073928, 0.10348760606340823, 0.08820022160424111, 0.08514390011490504, 0.08807809046656463, 0.10499708219838508, 0.11396737667342775, 0.10229252591908479, 0.07946950057289194, 0.08147855440675246, 0.13973527270554092, 0.07934557866808092, 0.06997059801225432, 0.06626728358808709, 0.058662279327337224, 0.07911690344364618, 0.07056888183876335, 0.06506229350369325, 0.05684323185578989, 0.05744118527845375, 0.051624112352730164, 0.05126380080877782, 0.04835247622077619, 0.0594409145455167, 0.04535388595390045, 0.06111048190344693, 0.05511145734013416, 0.04397992722442587, 0.043953158975771484, 0.04391232995643894, 0.048527193010971074, 0.04263841660740734, 0.05570238540426691, 0.046198022756162506, 0.042992685809715395, 0.042266063605182994, 0.03384950575509912, 0.038233817507942476, 0.0350421516362193, 0.03448588012508531, 0.05220294174132815, 0.04002757489494589, 0.038595066945804044, 0.037788266837679364, 0.03320678188949195, 0.03865450212336966, 0.030466415868734237, 0.032097008011441816, 0.03987691362107949, 0.037847373318627024, 0.03262040751158089, 0.03176665187302478, 0.03302065156092425, 0.026364328000469592, 0.031197274875952676, 0.0345385579036622, 0.034867758505881155, 0.036209485617288234, 0.03770309193466461, 0.029583279592298208, 0.030702244782486236, 0.040432231854405816, 0.038777420773478365, 0.03565731701288436, 0.03144719914017029, 0.03313291859844125, 0.027750148112320024, 0.029589025379094486, 0.029429014936836043, 0.027270245994086676, 0.027853477749393733, 0.028278043538340587, 0.03101023883856621, 0.029147072842105177, 0.025868550493929554, 0.03082381029846407, 0.026284258839552658, 0.023567458632145714, 0.026167817202228962, 0.031545346735113694, 0.030692008649508978, 0.028130747885210087, 0.026065013418595764, 0.029495931667533223, 0.025783615331070455, 0.0268261201176436, 0.023242603521054672, 0.02915156622069886]
BBSR:6.466864671953184
ABSR:7.026426300355396
max acc:98.47
