======================================
    IID: 0
    Dataset: mnist
    Model: Mnist_CNN
    Model Init: None
    Aggregation Function: avg
    Fraction NonIID: 0
    Long attack: 3
    Wide attack: 3
    Wide attack: trust
    Threshold reject: 0.5
    Threshold down: 0.0
    Attack method: badnet
    Fraction of malicious agents: 13.0%
    Poison Frac: 0.2
    Backdoor From 7 to 2
    Attack Begin: 0
    Trigger Shape: square
    Type poisoning: 
    Trigger Position X: 0
    Trigger Position Y: 0
    Number of agents: 100
    Fraction of agents each turn: 30(30.0%)
    Local batch size: 50
    Local epoch: 3
    Client_LR: 0.01
    Client_Momentum: 0.9
    Global Rounds: 100
======================================
main_task_accuracy=[0, 18.329999923706055, 44.220001220703125, 59.88999938964844, 81.5199966430664, 76.55000305175781, 78.61000061035156, 68.02999877929688, 71.29000091552734, 85.56999969482422, 91.98999786376953, 90.29000091552734, 89.05999755859375, 91.0999984741211, 89.66999816894531, 91.6500015258789, 92.62000274658203, 90.68000030517578, 91.8499984741211, 91.81999969482422, 93.94000244140625, 95.18000030517578, 95.2699966430664, 96.2300033569336, 95.93000030517578, 96.0199966430664, 96.12000274658203, 96.72000122070312, 96.93000030517578, 96.80000305175781, 96.94999694824219, 96.76000213623047, 96.83999633789062, 97.16000366210938, 96.91000366210938, 96.83999633789062, 97.37000274658203, 97.12000274658203, 97.33000183105469, 97.23999786376953, 97.25, 97.4000015258789, 97.2300033569336, 97.66000366210938, 97.6500015258789, 97.16000366210938, 97.22000122070312, 97.5199966430664, 97.58999633789062, 97.55000305175781, 97.76000213623047, 97.62999725341797, 97.83000183105469, 97.83000183105469, 97.8499984741211, 97.86000061035156, 97.75, 98.08000183105469, 98.22000122070312, 97.9800033569336, 98.01000213623047, 98.0, 98.2699966430664, 98.05999755859375, 98.26000213623047, 98.16999816894531, 98.3499984741211, 98.19999694824219, 98.04000091552734, 97.77999877929688, 98.04000091552734, 98.23999786376953, 98.36000061035156, 98.4000015258789, 98.29000091552734, 98.16999816894531, 98.37000274658203, 98.08999633789062, 98.29000091552734, 98.16999816894531, 98.41000366210938, 98.06999969482422, 98.41999816894531, 97.97000122070312, 97.05000305175781, 98.19000244140625, 98.5, 98.5199966430664, 98.55999755859375, 98.29000091552734, 98.43000030517578, 98.33000183105469, 98.58999633789062, 98.62000274658203, 98.54000091552734, 98.2300033569336, 98.37000274658203, 98.51000213623047, 98.44999694824219, 98.41999816894531, 98.41000366210938]
backdoor_accuracy=[0, 15.077821011673151, 0.0, 20.330739299610894, 3.9883268482490273, 3.8910505836575875, 9.82490272373541, 0.19455252918287938, 21.69260700389105, 1.0700389105058365, 4.377431906614786, 18.77431906614786, 1.4591439688715953, 13.715953307392995, 2.140077821011673, 13.326848249027238, 2.9182879377431905, 8.852140077821012, 10.116731517509727, 2.237354085603113, 11.186770428015564, 12.256809338521402, 7.587548638132295, 15.369649805447471, 11.381322957198444, 20.817120622568094, 28.79377431906615, 20.038910505836576, 20.233463035019454, 14.396887159533074, 15.66147859922179, 17.120622568093385, 38.81322957198444, 6.906614785992218, 22.470817120622566, 20.330739299610894, 30.058365758754864, 34.53307392996109, 15.95330739299611, 27.626459143968873, 93.28793774319067, 75.19455252918289, 45.81712062256809, 86.284046692607, 73.73540856031128, 79.6692607003891, 84.63035019455253, 63.03501945525292, 85.50583657587549, 87.45136186770428, 78.98832684824903, 60.505836575875485, 90.95330739299611, 65.36964980544747, 89.78599221789884, 94.64980544747081, 58.0739299610895, 97.56809338521401, 95.3307392996109, 79.47470817120623, 93.19066147859922, 72.85992217898833, 86.38132295719845, 89.78599221789884, 88.03501945525292, 74.61089494163424, 91.73151750972762, 95.8171206225681, 95.13618677042801, 97.76264591439688, 96.3035019455253, 95.8171206225681, 95.42801556420234, 93.19066147859922, 94.74708171206225, 93.77431906614785, 96.98443579766537, 98.15175097276264, 96.20622568093385, 98.34630350194553, 96.59533073929961, 96.10894941634241, 98.83268482490273, 98.44357976653697, 98.83268482490273, 97.17898832684826, 97.37354085603113, 97.66536964980544, 99.0272373540856, 97.66536964980544, 99.0272373540856, 97.08171206225681, 99.0272373540856, 98.73540856031128, 98.63813229571984, 95.71984435797665, 99.5136186770428, 98.5408560311284, 99.0272373540856, 99.70817120622569, 99.80544747081711]
loss_list=[0.4029161777096354, 0.23835638219377614, 0.2346564371662126, 0.21570916983749053, 0.15670830104853384, 0.1296917662029413, 0.11279969784465829, 0.12763879213803056, 0.09178551230884159, 0.07790256350725364, 0.06941282752995478, 0.07681117586520449, 0.06028987004850327, 0.06478020649275848, 0.061275387739104605, 0.05823738556702025, 0.06310108947565181, 0.050288137830344685, 0.06922166695820518, 0.057992658781527755, 0.048400096436791835, 0.05023430628842127, 0.046041347908919894, 0.04686350511243196, 0.04383515272334169, 0.04240931944407984, 0.04519678968817553, 0.04351447550299868, 0.04259176891260261, 0.035474310704668124, 0.027178071546803736, 0.038208874651742365, 0.03586953980071486, 0.03392099668194612, 0.03802932372375708, 0.03755783833444414, 0.027766912510527517, 0.026323460887351085, 0.03644147326596325, 0.037549103075465044, 0.03235029786775571, 0.02753672337055779, 0.032343842927525616, 0.028101703433477798, 0.03338108173813987, 0.026763173049349134, 0.03240134633334187, 0.024292660981718492, 0.028852504190524333, 0.028481059495334343, 0.03021712329699368, 0.024285211307967455, 0.02177695797875208, 0.03317881163192269, 0.028114883182874032, 0.02658576992610146, 0.027941888114386068, 0.025490996048098742, 0.024751882042735943, 0.025678455014257636, 0.028140076616588797, 0.023733296447329456, 0.02289650640330952, 0.025706440749638994, 0.023214094572146633, 0.0252397831359506, 0.024620590849871463, 0.023296336613428694, 0.02460181832812574, 0.024569246196042973, 0.02242432398721117, 0.020497933847432027, 0.026135478150405084, 0.02094638117426421, 0.021394311079801536, 0.025972908146725874, 0.019874273388420093, 0.02152883962055619, 0.024217229828592167, 0.023931348228268624, 0.024661716544608196, 0.02528048405218575, 0.023463304957318364, 0.02365299202644449, 0.024052640344189476, 0.02063292137031957, 0.019388246860148717, 0.018755275959364045, 0.022930469963913493, 0.022248593222072902, 0.02220057898167395, 0.023840072330899117, 0.024612999406166233, 0.01935958836481962, 0.01839955192882726, 0.022700374309224915, 0.01883135967397333, 0.023915453686943814, 0.020225974873521426, 0.01941993257532747]
BBSR:99.81
ABSR:98.58
max acc:98.62
