======================================
    IID: 1
    Dataset: cifar
    Model: resnet
    Model Init: None
    Aggregation Function: fltrust
    Fraction NonIID: 0
    Long attack: 3
    Wide attack: 3
    Wide attack: trust
    Threshold reject: 0.5
    Threshold down: 0.0
    Attack method: badnet
    Fraction of malicious agents: 20.0%
    Poison Frac: 0.2
    Backdoor From 7 to 2
    Attack Begin: 0
    Trigger Shape: square
    Type poisoning: pgd
    Trigger Position X: 0
    Trigger Position Y: 0
    Number of agents: 100
    Fraction of agents each turn: 30(30.0%)
    Local batch size: 50
    Local epoch: 3
    Client_LR: 0.01
    Client_Momentum: 0.9
    Global Rounds: 100
    Dataset In Server: 200
======================================
main_task_accuracy=[0, 10.010000228881836, 11.649999618530273, 17.049999237060547, 24.43000030517578, 30.260000228881836, 36.060001373291016, 40.18000030517578, 44.2599983215332, 48.4900016784668, 48.369998931884766, 45.88999938964844, 10.0, 54.34000015258789, 52.77000045776367, 54.4900016784668, 56.189998626708984, 57.66999816894531, 57.529998779296875, 59.91999816894531, 59.130001068115234, 60.880001068115234, 60.58000183105469, 59.38999938964844, 59.2599983215332, 62.4900016784668, 62.0, 61.2400016784668, 60.220001220703125, 60.43000030517578, 62.33000183105469, 62.40999984741211, 62.31999969482422, 64.23999786376953, 64.66999816894531, 65.06999969482422, 65.18000030517578, 64.86000061035156, 64.44999694824219, 65.11000061035156, 66.23999786376953, 65.36000061035156, 65.44999694824219, 65.08000183105469, 66.79000091552734, 67.52999877929688, 67.48999786376953, 66.54000091552734, 67.95999908447266, 67.62000274658203, 67.16000366210938, 68.1500015258789, 67.45999908447266, 68.66999816894531, 68.0, 67.18000030517578, 69.1500015258789, 68.91999816894531, 67.55000305175781, 69.29000091552734, 69.2300033569336, 68.11000061035156, 67.7300033569336, 69.37999725341797, 68.5999984741211, 69.66999816894531, 69.45999908447266, 68.38999938964844, 70.04000091552734, 70.19000244140625, 69.79000091552734, 69.08000183105469, 71.01000213623047, 70.41000366210938, 68.58999633789062, 71.12000274658203, 70.9800033569336, 69.81999969482422, 70.73999786376953, 71.26000213623047, 69.88999938964844, 71.06999969482422, 70.0, 70.87000274658203, 69.72000122070312, 70.9800033569336, 70.51000213623047, 70.0999984741211, 70.56999969482422, 69.43000030517578, 70.16999816894531, 70.2300033569336, 69.63999938964844, 70.41000366210938, 71.80000305175781, 71.76000213623047, 70.36000061035156, 71.80999755859375, 71.38999938964844, 70.9000015258789, 71.36000061035156]
backdoor_accuracy=[0, 0.0, 17.4, 13.7, 10.1, 5.7, 7.3, 5.5, 4.6, 2.6, 1.1, 0.7, 0.0, 2.6, 3.0, 2.6, 5.3, 7.2, 7.8, 5.3, 6.3, 4.7, 4.7, 3.9, 1.9, 3.7, 4.8, 3.3, 3.3, 1.9, 1.8, 2.8, 6.3, 6.3, 4.8, 4.3, 3.5, 5.3, 4.3, 2.4, 3.4, 2.6, 1.7, 2.8, 3.5, 3.7, 3.7, 3.3, 2.5, 2.6, 2.9, 5.1, 3.2, 3.3, 3.6, 2.1, 1.9, 2.3, 2.5, 2.2, 2.1, 2.6, 2.4, 2.6, 2.5, 3.3, 2.8, 1.5, 2.6, 2.4, 2.3, 2.0, 2.0, 2.2, 1.1, 2.2, 2.7, 1.4, 1.2, 3.3, 2.7, 1.7, 1.4, 1.2, 1.3, 1.2, 1.5, 1.8, 2.0, 1.9, 1.1, 1.9, 3.3, 2.5, 1.9, 1.6, 0.4, 1.5, 1.1, 0.8, 2.0]
loss_list=[1.9797405690617027, 1.5611763206455445, 1.1751148711310493, 1.006702243503597, 0.9238228094412222, 0.8604322205897836, 0.807982799311479, 0.7500063231090703, 0.72222157297449, 0.8534248481897845, 1.1702261481421175, 0.8206426790260917, 1.0183784268338543, 0.766013161374463, 0.6559589946288098, 0.8601861218895972, 0.6419479626555565, 0.7326744018743435, 0.5778466487295616, 0.6396514551324717, 0.5252165186701393, 0.5791740690544248, 0.5361464648114311, 0.501714938185307, 0.66655739614947, 0.4978705268125568, 0.5115473169336717, 0.4890659816977051, 0.490286961308577, 0.5642288699081272, 0.5833571527837516, 0.5155617399449046, 0.5355249063331737, 0.4544801546333151, 0.4121488438450938, 0.4092664187544465, 0.3915543472404695, 0.4260031269658874, 0.410760152206575, 0.49936663346746685, 0.42746820202304264, 0.35516254837366024, 0.41932847962831143, 0.343993884760938, 0.37333111878290454, 0.34532324991370034, 0.37253802973414885, 0.2804534632994587, 0.39650931407490536, 0.3160407534905244, 0.3083049997783059, 0.416043584095961, 0.23735190313231821, 0.2664978921488445, 0.3413018634936048, 0.25889631834721916, 0.2936470607355134, 0.32302581408707837, 0.24047524088191696, 0.2653944006960632, 0.22589754531037115, 0.25976914749429036, 0.28540778961860475, 0.3362342438359175, 0.23783734943762988, 0.31983090995823854, 0.20558093376030837, 0.2151018711681374, 0.25088421097943664, 0.22876056227315633, 0.21833803706692478, 0.17357940303084127, 0.1936420494697005, 0.18952944292014262, 0.17735705573803798, 0.13551749669856186, 0.16624525630600856, 0.1494154996492176, 0.17031753666686, 0.15046097934498295, 0.17747688441996515, 0.1434573795386435, 0.13594998874792105, 0.15539728246480483, 0.09830636462015617, 0.11670961599431597, 0.07864388267512873, 0.1999447949347086, 0.13272622492843464, 0.13862087093093176, 0.14364574469732663, 0.12891104385612484, 0.11449514391799716, 0.12437864883126974, 0.13773359573058164, 0.09427809580297132, 0.11465503927093881, 0.07043451545119753, 0.1066774788872701, 0.09579117251139703]
BBSR:29.675112960041897
ABSR:31.635754614112447
max acc:71.81
