======================================
    IID: 1
    Dataset: cifar
    Model: resnet
    Model Init: None
    Aggregation Function: avg
    Fraction NonIID: 0
    Long attack: 3
    Wide attack: 3
    Wide attack: trust
    Threshold reject: 0.5
    Threshold down: 0.0
    Attack method: dba
    Fraction of malicious agents: 20.0%
    Poison Frac: 0.2
    Backdoor From 7 to 2
    Attack Begin: 0
    Trigger Shape: square
    Type poisoning: 
    Trigger Position X: 0
    Trigger Position Y: 0
    Number of agents: 100
    Fraction of agents each turn: 30(30.0%)
    Local batch size: 50
    Local epoch: 3
    Client_LR: 0.01
    Client_Momentum: 0.9
    Global Rounds: 100
======================================
main_task_accuracy=[0, 10.449999809265137, 26.219999313354492, 41.540000915527344, 47.400001525878906, 48.59000015258789, 52.84000015258789, 53.310001373291016, 55.400001525878906, 57.689998626708984, 59.09000015258789, 61.70000076293945, 62.54999923706055, 63.029998779296875, 63.33000183105469, 64.7300033569336, 64.83999633789062, 66.06999969482422, 64.25, 66.4000015258789, 66.58999633789062, 66.43000030517578, 67.91999816894531, 68.19000244140625, 68.06999969482422, 68.31999969482422, 69.30999755859375, 68.5, 68.87999725341797, 69.02999877929688, 69.61000061035156, 69.91000366210938, 69.70999908447266, 71.16000366210938, 69.94999694824219, 71.2699966430664, 71.12000274658203, 70.8499984741211, 71.51000213623047, 71.30999755859375, 71.26000213623047, 72.18000030517578, 71.9000015258789, 72.47000122070312, 72.5199966430664, 72.38999938964844, 72.47000122070312, 72.44000244140625, 72.72000122070312, 72.63999938964844, 72.19000244140625, 72.04000091552734, 72.36000061035156, 72.0199966430664, 72.2699966430664, 72.18000030517578, 72.20999908447266, 72.08999633789062, 72.18000030517578, 72.05000305175781, 72.1500015258789, 72.16999816894531, 72.25, 71.98999786376953, 72.05999755859375, 71.83999633789062, 71.93000030517578, 71.91999816894531, 71.69999694824219, 71.73999786376953, 71.66999816894531, 71.5199966430664, 71.62999725341797, 71.54000091552734, 71.5199966430664, 71.41000366210938, 71.29000091552734, 71.5, 71.51000213623047, 71.55999755859375, 71.55000305175781, 71.45999908447266, 71.5, 71.5199966430664, 71.5, 71.43000030517578, 71.36000061035156, 71.45999908447266, 71.37999725341797, 71.38999938964844, 71.3499984741211, 71.4000015258789, 71.23999786376953, 71.30999755859375, 71.2300033569336, 71.26000213623047, 71.22000122070312, 71.3499984741211, 71.22000122070312, 71.36000061035156, 71.33999633789062]
backdoor_accuracy=[0, 0.8, 9.5, 9.0, 5.7, 4.4, 6.1, 6.5, 3.8, 4.5, 3.8, 2.2, 1.8, 2.8, 2.3, 2.5, 1.3, 2.7, 2.0, 1.6, 2.3, 2.0, 2.5, 1.4, 1.7, 2.2, 1.6, 3.0, 1.7, 1.4, 1.4, 0.9, 1.5, 1.5, 1.0, 2.6, 1.9, 1.2, 1.8, 3.3, 1.8, 2.6, 2.4, 3.0, 2.9, 2.6, 2.8, 2.5, 2.2, 2.6, 2.3, 2.2, 2.7, 2.1, 2.5, 2.9, 2.6, 3.5, 3.2, 2.8, 2.4, 2.4, 2.7, 3.1, 3.2, 2.6, 2.6, 2.4, 2.7, 2.7, 3.3, 3.2, 3.2, 3.1, 2.9, 2.9, 2.6, 3.1, 2.7, 2.8, 2.6, 2.7, 2.8, 2.6, 2.9, 2.8, 2.9, 2.9, 2.8, 2.8, 3.0, 2.7, 3.1, 3.0, 3.0, 2.9, 3.1, 3.1, 3.2, 3.2, 2.9]
loss_list=[1.9782259947723815, 1.5314652236302697, 1.1733728626370434, 0.9631501515706378, 0.7961351582490737, 0.7110588216284909, 0.6104078447777365, 0.5664027717999287, 0.5396480237754683, 0.4980971932080058, 0.4430560785076685, 0.4342804072404073, 0.40004310301194584, 0.40103568694657754, 0.35587463158389754, 0.3425429210491065, 0.3245963388867676, 0.31726745387228833, 0.26469134952407336, 0.2846806963212373, 0.25134371907088077, 0.2848448360270251, 0.19976262126066205, 0.2451260404697516, 0.2303084470479128, 0.18879020003213856, 0.24916608819556937, 0.1655021874854962, 0.1907459405760488, 0.14622388106240478, 0.12589366198155202, 0.16773494759884972, 0.11598021144396627, 0.16822495835982001, 0.10047773829519024, 0.1140687251766859, 0.1025478716316219, 0.06959146294341836, 0.09982057539616813, 0.09186374064315007, 0.06738658608804045, 0.0720355556815371, 0.05685609227676954, 0.03798274121803439, 0.03722219949646387, 0.020390821671624308, 0.054273589168959815, 0.030129785883602576, 0.022793145981882437, 0.018331681217564944, 0.011079607924330047, 0.012656547910284848, 0.027457905276322785, 0.016952260192289632, 0.005836769256242809, 0.004773870543285739, 0.013326848834888855, 0.005443566784799461, 0.005031855126160533, 0.007032765741120482, 0.03211328403869023, 0.007148664145626955, 0.004770204141516136, 0.0026958271308265263, 0.003813379658337605, 0.0024303718956717696, 0.0048238201839719995, 0.0021650482119811285, 0.002439272596562256, 0.0024750850573925878, 0.0030814103971513545, 0.0017300954256158246, 0.0013242874545620804, 0.003913940717094293, 0.0011778267436925996, 0.0027500035882096407, 0.0015943578474980312, 0.0025694215448068764, 0.0011213746460109382, 0.0015231734538974707, 0.001299889181245817, 0.0010607246680592651, 0.0013847956459519786, 0.0017387928173169108, 0.0009666426978057848, 0.0008389526940380975, 0.0021363313205236202, 0.0009480103617372353, 0.0009361968311875698, 0.0008172896392029037, 0.0016465503433573752, 0.0008677384345436522, 0.0018094215609259362, 0.0007799180264313083, 0.0006712086998676467, 0.0006875461876269481, 0.001237363842163985, 0.0006506274447504742, 0.0007511063031496531, 0.0011600861020512338]
BBSR:3.2
ABSR:3.02
max acc:71.4
