======================================
    IID: 0
    Dataset: mnist
    Model: Mnist_CNN
    Model Init: None
    Aggregation Function: fltrust
    Fraction NonIID: 0
    Long attack: 3
    Wide attack: 3
    Wide attack: trust
    Threshold reject: 0.5
    Threshold down: 0.0
    Attack method: badnet
    Fraction of malicious agents: 13.0%
    Poison Frac: 0.2
    Backdoor From 7 to 2
    Attack Begin: 0
    Trigger Shape: square
    Type poisoning: 
    Trigger Position X: 0
    Trigger Position Y: 0
    Number of agents: 100
    Fraction of agents each turn: 30(30.0%)
    Local batch size: 50
    Local epoch: 3
    Client_LR: 0.01
    Client_Momentum: 0.9
    Global Rounds: 100
    Dataset In Server: 200
======================================
main_task_accuracy=[0, 22.059999465942383, 42.2599983215332, 64.55000305175781, 55.619998931884766, 60.959999084472656, 75.86000061035156, 67.12999725341797, 83.13999938964844, 69.2300033569336, 69.22000122070312, 80.36000061035156, 85.47000122070312, 86.55000305175781, 87.16000366210938, 72.16000366210938, 84.2300033569336, 89.33999633789062, 87.9800033569336, 88.5999984741211, 90.08000183105469, 89.54000091552734, 91.55000305175781, 91.0, 90.0199966430664, 91.25, 91.2300033569336, 91.44000244140625, 92.41999816894531, 94.7699966430664, 93.47000122070312, 93.7300033569336, 91.29000091552734, 92.48999786376953, 89.13999938964844, 92.83999633789062, 82.2300033569336, 92.9000015258789, 95.08999633789062, 94.5199966430664, 95.47000122070312, 94.16000366210938, 95.0999984741211, 94.9800033569336, 92.83999633789062, 95.63999938964844, 95.19000244140625, 95.52999877929688, 94.62000274658203, 95.4800033569336, 95.76000213623047, 95.95999908447266, 96.13999938964844, 95.52999877929688, 95.16000366210938, 96.44000244140625, 86.12000274658203, 92.9800033569336, 95.25, 96.47000122070312, 96.61000061035156, 95.1500015258789, 96.2300033569336, 94.55000305175781, 94.19999694824219, 96.18000030517578, 96.72000122070312, 96.19000244140625, 96.86000061035156, 95.94000244140625, 96.18000030517578, 96.05000305175781, 95.77999877929688, 96.79000091552734, 96.5999984741211, 96.83000183105469, 96.83999633789062, 96.75, 96.9800033569336, 96.87000274658203, 96.56999969482422, 96.76000213623047, 97.0999984741211, 96.5, 97.30999755859375, 96.93000030517578, 97.06999969482422, 97.55000305175781, 97.19000244140625, 96.98999786376953, 97.02999877929688, 97.51000213623047, 97.25, 96.79000091552734, 97.2699966430664, 97.30999755859375, 97.08000183105469, 97.43000030517578, 97.56999969482422, 96.83999633789062, 97.4800033569336]
backdoor_accuracy=[0, 0.0, 0.0, 0.38910505836575876, 0.0, 12.45136186770428, 5.933852140077821, 1.1673151750972763, 3.404669260700389, 0.38910505836575876, 1.9455252918287937, 2.3346303501945527, 2.6264591439688716, 1.9455252918287937, 3.9883268482490273, 1.9455252918287937, 4.766536964980545, 2.140077821011673, 2.3346303501945527, 7.976653696498055, 1.3618677042801557, 9.43579766536965, 1.4591439688715953, 9.43579766536965, 1.6536964980544746, 3.0155642023346303, 8.754863813229573, 1.9455252918287937, 7.2957198443579765, 4.571984435797665, 12.645914396887159, 2.821011673151751, 25.291828793774318, 1.8482490272373542, 7.782101167315175, 4.766536964980545, 3.8910505836575875, 3.21011673151751, 11.478599221789883, 2.529182879377432, 7.198443579766537, 3.7937743190661477, 3.501945525291829, 3.9883268482490273, 2.237354085603113, 11.381322957198444, 2.140077821011673, 16.731517509727627, 2.3346303501945527, 12.354085603112841, 4.863813229571984, 10.700389105058365, 4.863813229571984, 5.933852140077821, 5.933852140077821, 9.53307392996109, 4.280155642023346, 8.657587548638132, 4.474708171206226, 5.544747081712062, 5.447470817120623, 19.455252918287936, 6.3229571984435795, 9.53307392996109, 3.0155642023346303, 32.19844357976654, 3.7937743190661477, 16.147859922178988, 8.365758754863814, 6.809338521400778, 4.961089494163424, 21.69260700389105, 3.0155642023346303, 11.284046692607005, 3.8910505836575875, 15.46692607003891, 8.949416342412452, 12.45136186770428, 7.879377431906615, 13.229571984435797, 10.214007782101167, 4.766536964980545, 13.715953307392995, 9.43579766536965, 7.490272373540856, 7.003891050583658, 22.56809338521401, 23.540856031128406, 19.64980544747082, 23.151750972762645, 11.964980544747082, 31.32295719844358, 13.229571984435797, 43.57976653696498, 14.007782101167315, 28.21011673151751, 15.077821011673151, 26.945525291828794, 44.16342412451362, 7.587548638132295, 26.556420233463037]
loss_list=[0.45644565476940535, 0.36195578144254886, 0.2584340531743562, 0.23694449267523032, 0.19872501912146445, 0.21506245163871882, 0.1479249949081686, 0.15650776373744163, 0.1454114308122172, 0.1508716543422331, 0.13918198525337366, 0.14425271571316975, 0.14870507260734442, 0.10974591478104918, 0.10714571067423678, 0.1028937170309623, 0.1039268872745404, 0.09044291618946693, 0.0853886737905624, 0.08485186339656553, 0.0675865994218765, 0.06710131551604932, 0.07168094768592413, 0.06840581165254735, 0.07478694797601262, 0.07042942193634465, 0.07776994496874792, 0.08008967741855193, 0.08388260246570693, 0.057562427401160535, 0.05896888291631985, 0.062027650708641836, 0.057224651221881355, 0.07425082497696776, 0.07206062906119995, 0.05183126641991801, 0.07472836867524456, 0.05463779705640171, 0.060462014718624654, 0.05807614059087402, 0.04217874611277496, 0.04942724059076682, 0.05354510828690454, 0.057061756819538546, 0.050663891822973574, 0.05224723599307377, 0.059855324790418746, 0.045544372707559184, 0.04852247057588453, 0.0458373157422735, 0.043016369069626234, 0.04528003884492165, 0.03946008226871268, 0.040313052042936545, 0.046231790241228525, 0.04617476069465086, 0.058359369497914676, 0.04258888619343216, 0.042351004012434475, 0.04214204563312198, 0.041490708071586314, 0.046776893892243446, 0.03993071237986677, 0.0444403528078879, 0.04460701808745599, 0.04092956655074043, 0.04225356176052321, 0.044815069539151396, 0.04077829634854482, 0.040782055541822224, 0.03447787518553454, 0.03645621962294853, 0.04458325444552183, 0.04564963310749589, 0.04038077836048438, 0.03816232925367403, 0.03331935776229161, 0.04348994551593387, 0.030603727667481196, 0.03630819549431939, 0.03331125097900721, 0.04395915890189338, 0.037557797712681196, 0.03698747802393421, 0.036185060282049604, 0.031328241186580445, 0.033569195908703144, 0.03388373369738211, 0.03541472726121, 0.03797106962591489, 0.039676773975052856, 0.0323470868451365, 0.036878849129649435, 0.03192866721473627, 0.036145759925104916, 0.032243697482161514, 0.04181544551473611, 0.028147412567272177, 0.02774426816626606, 0.042326807998208524]
BBSR:44.16
ABSR:25.07
max acc:97.57
