======================================
    IID: 0
    Dataset: mnist
    Model: Mnist_CNN
    Model Init: None
    Aggregation Function: fltrust
    Fraction NonIID: 0
    Long attack: 3
    Wide attack: 3
    Wide attack: trust
    Threshold reject: 0.5
    Threshold down: 0.0
    Attack method: badnet
    Fraction of malicious agents: 13.0%
    Poison Frac: 0.2
    Backdoor From 7 to 2
    Attack Begin: 0
    Trigger Shape: square
    Type poisoning: 
    Trigger Position X: 0
    Trigger Position Y: 0
    Number of agents: 100
    Fraction of agents each turn: 30(30.0%)
    Local batch size: 50
    Local epoch: 3
    Client_LR: 0.01
    Client_Momentum: 0.9
    Global Rounds: 100
    Dataset In Server: 200
======================================
main_task_accuracy=[0, 19.559999465942383, 42.5, 35.84000015258789, 74.1500015258789, 71.56999969482422, 79.22000122070312, 56.459999084472656, 69.1500015258789, 75.3499984741211, 79.51000213623047, 81.58000183105469, 85.69000244140625, 87.05000305175781, 78.1500015258789, 84.91000366210938, 88.75, 88.25, 91.87000274658203, 90.87999725341797, 85.98999786376953, 90.5999984741211, 88.63999938964844, 92.30999755859375, 92.51000213623047, 90.16999816894531, 92.70999908447266, 90.5199966430664, 90.76000213623047, 93.77999877929688, 90.83000183105469, 93.72000122070312, 90.19000244140625, 92.23999786376953, 92.9000015258789, 94.5999984741211, 92.0, 93.18000030517578, 93.98999786376953, 94.41000366210938, 95.31999969482422, 94.75, 95.19999694824219, 94.55999755859375, 93.61000061035156, 93.12000274658203, 94.4800033569336, 92.87000274658203, 95.45999908447266, 96.37000274658203, 96.11000061035156, 94.73999786376953, 95.8499984741211, 95.26000213623047, 96.05000305175781, 94.81999969482422, 95.30000305175781, 90.20999908447266, 96.66000366210938, 96.16000366210938, 95.30000305175781, 95.1500015258789, 96.5199966430664, 96.33999633789062, 96.30000305175781, 96.44999694824219, 96.66999816894531, 96.8499984741211, 94.9000015258789, 96.6500015258789, 95.54000091552734, 95.94000244140625, 96.47000122070312, 96.95999908447266, 96.9800033569336, 96.98999786376953, 96.69000244140625, 96.58999633789062, 96.9000015258789, 96.58999633789062, 97.06999969482422, 96.63999938964844, 96.9800033569336, 96.44999694824219, 97.33000183105469, 96.94000244140625, 97.54000091552734, 96.88999938964844, 97.25, 97.44999694824219, 95.69999694824219, 97.62000274658203, 97.18000030517578, 96.93000030517578, 96.94999694824219, 97.70999908447266, 97.56999969482422, 97.41000366210938, 97.13999938964844, 97.69000244140625, 97.30000305175781]
backdoor_accuracy=[0, 0.0, 0.2918287937743191, 0.0, 0.38910505836575876, 0.6809338521400778, 2.140077821011673, 0.38910505836575876, 2.529182879377432, 1.264591439688716, 1.556420233463035, 2.6264591439688716, 3.21011673151751, 1.556420233463035, 0.9727626459143969, 3.21011673151751, 1.1673151750972763, 1.9455252918287937, 1.8482490272373542, 1.3618677042801557, 0.9727626459143969, 3.0155642023346303, 1.556420233463035, 2.529182879377432, 1.9455252918287937, 0.9727626459143969, 3.6964980544747084, 0.9727626459143969, 1.0700389105058365, 3.11284046692607, 0.48638132295719844, 4.766536964980545, 0.6809338521400778, 3.6964980544747084, 1.1673151750972763, 1.9455252918287937, 1.556420233463035, 1.4591439688715953, 1.3618677042801557, 1.264591439688716, 3.307392996108949, 1.0700389105058365, 2.7237354085603114, 1.264591439688716, 1.4591439688715953, 0.9727626459143969, 2.7237354085603114, 0.8754863813229572, 1.4591439688715953, 1.4591439688715953, 3.0155642023346303, 1.0700389105058365, 1.7509727626459144, 1.264591439688716, 1.4591439688715953, 0.9727626459143969, 2.529182879377432, 0.38910505836575876, 4.182879377431907, 0.9727626459143969, 2.529182879377432, 1.0700389105058365, 1.9455252918287937, 1.264591439688716, 1.0700389105058365, 2.0428015564202333, 1.556420233463035, 1.8482490272373542, 2.431906614785992, 1.4591439688715953, 4.085603112840467, 1.556420233463035, 2.821011673151751, 1.9455252918287937, 1.556420233463035, 1.3618677042801557, 2.431906614785992, 0.8754863813229572, 1.9455252918287937, 1.9455252918287937, 1.7509727626459144, 1.4591439688715953, 2.237354085603113, 0.9727626459143969, 1.7509727626459144, 1.0700389105058365, 2.0428015564202333, 2.0428015564202333, 0.9727626459143969, 2.7237354085603114, 0.5836575875486382, 3.0155642023346303, 1.8482490272373542, 4.961089494163424, 2.6264591439688716, 3.6964980544747084, 2.431906614785992, 3.501945525291829, 2.140077821011673, 6.128404669260701, 1.4591439688715953]
loss_list=[0.5248770808500424, 0.44737983834809386, 0.3279164041865379, 0.2874116716865519, 0.2322000922036184, 0.19101402714306784, 0.13418112793665063, 0.17831157070808468, 0.15482430830450514, 0.13238805230147876, 0.12408937711410725, 0.11529291827622284, 0.12315360740558315, 0.08927064328756663, 0.12455369905359438, 0.08931334043141081, 0.08845699075231027, 0.10366304418281545, 0.08375718400255415, 0.07299550721549347, 0.0964111449188901, 0.0752251126023939, 0.07715986936732033, 0.07489511165458859, 0.07756567938107699, 0.06561340028839666, 0.05925786397130305, 0.07379269597466816, 0.05349261180050522, 0.06229415070479706, 0.0729749598675109, 0.05944843177934814, 0.06507193388733881, 0.06114123590128698, 0.05770953056281849, 0.05161806750744429, 0.05715349020596608, 0.05030223689382052, 0.0718738260204166, 0.05165467788845721, 0.058033021075914015, 0.06151639674988667, 0.05111387344852848, 0.06798618598343646, 0.05065323811817805, 0.05122175167301672, 0.044564826354294415, 0.05841343493472117, 0.053050936356811615, 0.04204058033873507, 0.0474977569338557, 0.04328440200340075, 0.039206760037842354, 0.05856591208504304, 0.03903944066780961, 0.050022886383641336, 0.035663482233511574, 0.04420200907049609, 0.04644262336476791, 0.050836485064113195, 0.04329838539466835, 0.050842255497781354, 0.033127596954988, 0.03720729045543085, 0.042286308201266616, 0.04297387628627211, 0.03884923328793374, 0.04897494867658001, 0.041817087432223454, 0.03525294373075605, 0.040040116626328046, 0.04439610463175968, 0.04191604870799331, 0.03600710342939971, 0.03998083679072246, 0.03125262176260069, 0.03756331075802942, 0.03727505874874371, 0.04249312672821412, 0.03305325503773426, 0.03220089527412458, 0.04884718203986808, 0.03852025637045632, 0.04286446818853722, 0.03303672905874078, 0.039284167821226006, 0.02989658270579199, 0.03461972419915981, 0.03878591174515796, 0.03825592520878236, 0.044098561223582695, 0.02938091000191957, 0.03789168430396214, 0.031641319938437475, 0.036196575137303115, 0.028482958372792064, 0.027292756103128743, 0.03295827644770021, 0.03288946084055208, 0.035812006092201185]
BBSR:6.13
ABSR:3.18
max acc:97.71
