======================================
    IID: 0
    Dataset: mnist
    Model: Mnist_CNN
    Model Init: None
    Aggregation Function: avg
    Fraction NonIID: 0
    Long attack: 4
    Wide attack: 4
    Wide attack: trust
    Threshold reject: 0.5
    Threshold down: 0.0
    Attack method: dba
    Fraction of malicious agents: 13.0%
    Poison Frac: 0.2
    Backdoor From 7 to 2
    Attack Begin: 0
    Trigger Shape: square
    Type poisoning: 
    Trigger Position X: 0
    Trigger Position Y: 0
    Number of agents: 100
    Fraction of agents each turn: 30(30.0%)
    Local batch size: 50
    Local epoch: 3
    Client_LR: 0.01
    Client_Momentum: 0.9
    Global Rounds: 100
======================================
main_task_accuracy=[0, 53.08000183105469, 50.61000061035156, 52.08000183105469, 57.119998931884766, 43.75, 65.86000061035156, 82.0, 87.75, 88.9000015258789, 88.26000213623047, 89.47000122070312, 87.33000183105469, 91.5199966430664, 94.20999908447266, 94.8499984741211, 94.19999694824219, 94.2699966430664, 95.93000030517578, 93.98999786376953, 95.30999755859375, 95.69999694824219, 94.18000030517578, 95.77999877929688, 93.69000244140625, 96.16000366210938, 96.37999725341797, 96.69999694824219, 96.33000183105469, 95.19000244140625, 96.05999755859375, 96.88999938964844, 96.2300033569336, 96.55999755859375, 97.0999984741211, 97.33999633789062, 96.7300033569336, 96.98999786376953, 97.2699966430664, 97.5999984741211, 97.5199966430664, 97.38999938964844, 96.51000213623047, 97.26000213623047, 96.91999816894531, 97.47000122070312, 97.19000244140625, 97.5999984741211, 97.48999786376953, 97.36000061035156, 97.27999877929688, 97.80999755859375, 97.94999694824219, 97.80000305175781, 97.12000274658203, 97.8499984741211, 97.68000030517578, 97.75, 97.9000015258789, 98.05999755859375, 97.02999877929688, 97.7699966430664, 98.33999633789062, 98.08999633789062, 98.16999816894531, 98.19999694824219, 98.27999877929688, 98.0, 98.18000030517578, 98.2699966430664, 98.05999755859375, 98.33999633789062, 97.98999786376953, 98.13999938964844, 98.37999725341797, 98.30999755859375, 98.41999816894531, 98.3499984741211, 98.30999755859375, 98.37999725341797, 98.05999755859375, 98.38999938964844, 98.47000122070312, 98.62000274658203, 98.33000183105469, 98.19999694824219, 98.55999755859375, 98.4000015258789, 98.58000183105469, 98.33000183105469, 98.62999725341797, 98.55000305175781, 98.5199966430664, 98.31999969482422, 98.62000274658203, 98.55000305175781, 98.63999938964844, 98.19999694824219, 98.5, 98.62999725341797, 98.43000030517578]
backdoor_accuracy=[0, 0.0, 0.2918287937743191, 1.1673151750972763, 1.4591439688715953, 0.0, 0.0, 1.4591439688715953, 1.9455252918287937, 5.155642023346304, 1.556420233463035, 4.961089494163424, 3.0155642023346303, 0.8754863813229572, 1.7509727626459144, 7.684824902723736, 2.6264591439688716, 12.15953307392996, 1.3618677042801557, 2.431906614785992, 3.8910505836575875, 11.381322957198444, 0.7782101167315175, 15.369649805447471, 4.474708171206226, 6.22568093385214, 6.517509727626459, 3.7937743190661477, 3.9883268482490273, 38.61867704280156, 2.3346303501945527, 7.490272373540856, 4.961089494163424, 25.389105058365757, 7.198443579766537, 6.809338521400778, 5.058365758754864, 17.801556420233464, 20.817120622568094, 21.40077821011673, 22.66536964980545, 9.727626459143968, 18.28793774319066, 82.49027237354086, 2.821011673151751, 36.478599221789885, 18.3852140077821, 60.992217898832685, 48.63813229571984, 60.797665369649806, 23.151750972762645, 58.268482490272376, 66.34241245136187, 61.478599221789885, 72.95719844357977, 78.01556420233463, 23.346303501945524, 82.58754863813229, 58.94941634241245, 78.11284046692607, 98.92996108949416, 16.05058365758755, 78.98832684824903, 81.80933852140078, 98.24902723735408, 51.750972762645915, 72.66536964980544, 60.01945525291829, 97.17898832684826, 95.42801556420234, 73.44357976653697, 95.52529182879377, 96.78988326848248, 99.12451361867704, 90.36964980544747, 91.92607003891051, 98.15175097276264, 98.92996108949416, 96.20622568093385, 94.74708171206225, 96.49805447470817, 98.34630350194553, 98.83268482490273, 97.85992217898833, 98.15175097276264, 99.12451361867704, 99.22178988326849, 98.34630350194553, 99.12451361867704, 99.41634241245136, 99.41634241245136, 99.31906614785993, 99.31906614785993, 99.41634241245136, 99.0272373540856, 99.61089494163424, 98.44357976653697, 98.63813229571984, 99.41634241245136, 99.61089494163424, 98.92996108949416]
loss_list=[0.5015853202864746, 0.2235146644525387, 0.18332402050912033, 0.19986375799047454, 0.19280858078480384, 0.17503820200518008, 0.136419154677396, 0.11199782686435909, 0.08264908671356196, 0.08164360569660527, 0.08770570927117853, 0.0714728352923255, 0.06721203762218986, 0.06586467242343745, 0.06664535980822926, 0.055094459277537984, 0.05785464921710466, 0.05650823661779096, 0.053422695024279244, 0.04857034700370813, 0.052845196441134244, 0.04181298137635799, 0.053903374658092126, 0.03604314419725744, 0.041308111460889196, 0.041494402538312415, 0.04111986120423782, 0.042007286478673515, 0.035242644606387895, 0.0387088532514541, 0.035920626852359666, 0.041467418993248975, 0.039914853064842805, 0.03966530158267501, 0.03469903441879093, 0.029286760025923397, 0.0395368740476409, 0.033870846219635126, 0.03586414974092729, 0.030533076641243734, 0.03707875305271299, 0.02539442512709539, 0.037997846928488774, 0.0390610285346332, 0.03642709029966121, 0.034213981313932613, 0.03027270979550644, 0.03248762316381055, 0.028145606162945223, 0.03511241163727584, 0.030720275398048443, 0.023674972445655425, 0.033262790976675324, 0.030674911918653177, 0.03009007477844534, 0.027754701272541468, 0.0260984775244719, 0.030322140913032425, 0.028071040458221955, 0.02504629547279234, 0.03001459018979291, 0.027630094602878512, 0.0271627064134008, 0.026958269714760827, 0.025706627735015804, 0.0250833772898404, 0.02416859593397159, 0.02404600419532556, 0.021633730298970637, 0.02193477166280382, 0.02598078390195812, 0.022375044820332698, 0.022658049214513722, 0.0209402289256197, 0.02522352803108565, 0.023616913410253737, 0.022915888810572795, 0.019255239435112304, 0.021808298950321037, 0.0210240432664191, 0.025731334055492657, 0.025246458532351992, 0.022582080341208618, 0.02036739552110763, 0.023472169217111087, 0.024200369943720428, 0.021676965608229157, 0.022912961186899797, 0.021517923988716957, 0.023729243355038808, 0.023162357097283648, 0.018682904742519893, 0.017932947684004125, 0.017599670016698665, 0.019008697715984083, 0.02224906542739241, 0.01967058256807403, 0.018231573002712567, 0.020850929156186075, 0.02108249195494875]
BBSR:99.61
ABSR:99.17
max acc:98.64
