======================================
    IID: 0
    Dataset: mnist
    Model: Mnist_CNN
    Model Init: None
    Aggregation Function: RLR
    Fraction NonIID: 0
    Long attack: 3
    Wide attack: 3
    Wide attack: trust
    Threshold reject: 0.5
    Threshold down: 0.0
    Attack method: dba
    Fraction of malicious agents: 13.0%
    Poison Frac: 0.2
    Backdoor From 7 to 2
    Attack Begin: 0
    Trigger Shape: square
    Type poisoning: 
    Trigger Position X: 0
    Trigger Position Y: 0
    Number of agents: 100
    Fraction of agents each turn: 30(30.0%)
    Local batch size: 50
    Local epoch: 3
    Client_LR: 0.01
    Client_Momentum: 0.9
    Global Rounds: 100
    RobustLR_threshold: 4
======================================
main_task_accuracy=[0, 28.729999542236328, 52.83000183105469, 52.310001373291016, 56.290000915527344, 72.97000122070312, 72.36000061035156, 75.80999755859375, 77.41999816894531, 87.81999969482422, 82.75, 80.72000122070312, 89.0999984741211, 90.16999816894531, 86.33000183105469, 82.01000213623047, 92.41000366210938, 92.72000122070312, 93.26000213623047, 93.29000091552734, 93.33000183105469, 94.04000091552734, 93.47000122070312, 93.48999786376953, 95.3499984741211, 95.29000091552734, 93.72000122070312, 94.02999877929688, 94.94000244140625, 94.66999816894531, 95.31999969482422, 95.05000305175781, 95.26000213623047, 95.9800033569336, 95.44000244140625, 95.11000061035156, 95.69000244140625, 95.19999694824219, 95.31999969482422, 96.41999816894531, 96.44000244140625, 92.58999633789062, 96.47000122070312, 96.11000061035156, 95.83999633789062, 96.48999786376953, 95.83999633789062, 96.54000091552734, 95.81999969482422, 96.5, 96.91000366210938, 96.26000213623047, 96.9000015258789, 96.2699966430664, 96.0999984741211, 96.29000091552734, 96.37000274658203, 96.8499984741211, 96.5199966430664, 96.7699966430664, 97.08999633789062, 97.0, 97.19000244140625, 96.37999725341797, 96.66999816894531, 95.75, 96.58999633789062, 95.38999938964844, 96.0199966430664, 96.52999877929688, 97.4800033569336, 96.12000274658203, 97.23999786376953, 97.29000091552734, 97.27999877929688, 95.5999984741211, 97.23999786376953, 97.30000305175781, 96.51000213623047, 97.19999694824219, 96.91999816894531, 96.55000305175781, 96.01000213623047, 96.55000305175781, 97.43000030517578, 97.5199966430664, 97.45999908447266, 97.69999694824219, 97.16999816894531, 97.05000305175781, 97.08999633789062, 97.52999877929688, 97.80999755859375, 97.12000274658203, 97.66000366210938, 97.5199966430664, 97.18000030517578, 97.36000061035156, 97.69999694824219, 97.12999725341797, 97.37000274658203]
backdoor_accuracy=[0, 55.35019455252918, 0.0, 18.77431906614786, 0.0, 5.3501945525291825, 0.5836575875486382, 0.0, 7.2957198443579765, 1.3618677042801557, 6.3229571984435795, 5.642023346303502, 8.852140077821012, 4.669260700389105, 7.2957198443579765, 1.0700389105058365, 7.684824902723736, 12.256809338521402, 6.42023346303502, 2.7237354085603114, 2.821011673151751, 10.019455252918288, 3.8910505836575875, 3.501945525291829, 8.754863813229573, 8.560311284046692, 8.754863813229573, 5.155642023346304, 14.980544747081712, 7.490272373540856, 12.645914396887159, 14.202334630350194, 9.727626459143968, 4.961089494163424, 9.24124513618677, 9.82490272373541, 6.3229571984435795, 6.22568093385214, 27.626459143968873, 14.591439688715953, 12.062256809338521, 4.474708171206226, 8.949416342412452, 45.91439688715953, 10.992217898832685, 27.43190661478599, 12.062256809338521, 34.92217898832685, 36.57587548638132, 22.56809338521401, 22.762645914396888, 9.04669260700389, 21.011673151750973, 16.828793774319067, 9.24124513618677, 21.49805447470817, 34.33852140077821, 21.69260700389105, 16.731517509727627, 16.342412451361866, 27.042801556420233, 9.630350194552529, 28.50194552529183, 31.71206225680934, 26.167315175097276, 17.704280155642024, 39.10505836575876, 9.14396887159533, 67.41245136186771, 55.83657587548638, 36.08949416342413, 18.8715953307393, 69.74708171206225, 67.80155642023347, 54.961089494163424, 18.09338521400778, 63.91050583657587, 55.83657587548638, 33.463035019455255, 32.1011673151751, 54.18287937743191, 42.217898832684824, 72.37354085603113, 51.55642023346304, 61.57587548638132, 49.416342412451364, 47.95719844357976, 30.058365758754864, 68.96887159533074, 70.42801556420234, 78.59922178988327, 44.94163424124513, 49.416342412451364, 51.36186770428016, 74.5136186770428, 78.40466926070039, 59.43579766536965, 67.80155642023347, 45.13618677042802, 85.3112840466926, 68.3852140077821]
loss_list=[0.4473203716528467, 0.32522989667688673, 0.21844222335675445, 0.2038094274673107, 0.1907284170297322, 0.1551796347586478, 0.12610195678516348, 0.1099831329908938, 0.08697857976016628, 0.11409612319289851, 0.07807243144639928, 0.09964055405389223, 0.07577545555572814, 0.07891896938581831, 0.08613448329376897, 0.06923465128425543, 0.07281220143338535, 0.06399030754538156, 0.06464749158127443, 0.05943237657677149, 0.07096040642689119, 0.06583180708940205, 0.05926493929172008, 0.0599010426682854, 0.06496820168961867, 0.0603191713635081, 0.06662120830759095, 0.04827193751691851, 0.046398463106050225, 0.05149460969303955, 0.0504482515228104, 0.05404697817352502, 0.051224674340448036, 0.04462294924504771, 0.04570528457826472, 0.05041650992687085, 0.05511003879171052, 0.04776725573118788, 0.05301646381336349, 0.04509391869550349, 0.041953170020547645, 0.046533621728790095, 0.05073643145162871, 0.04336183168875343, 0.05126114600260808, 0.03999502678837746, 0.050999230363784884, 0.04401129012805833, 0.04040088686686092, 0.04546203293505178, 0.04134718296619819, 0.04769858197891152, 0.04374008596871579, 0.04779830888938237, 0.03749395327502136, 0.04641194816744301, 0.04155969936328936, 0.04663140704329997, 0.04244402447916167, 0.04060587979446487, 0.0366727657687882, 0.03948397971242033, 0.03169670961349188, 0.03743391243908855, 0.03449597789851913, 0.04042596366972053, 0.03919051278263, 0.04126966439586332, 0.045654282953931355, 0.041199696975415985, 0.03851748467715623, 0.0369463385727196, 0.044151697233328825, 0.03318216843895658, 0.03314924808952359, 0.04056004235111018, 0.04055681052717024, 0.03405696432653784, 0.03564610257187291, 0.03515918683082994, 0.03722438313811029, 0.05460954524925611, 0.030334722869486058, 0.04127886115496587, 0.03565159386340856, 0.03383630829348139, 0.03826507878070684, 0.03246353010382835, 0.03367421440335316, 0.03877591976102356, 0.034233276057765924, 0.035285889341797196, 0.03441272709552804, 0.03373409083834682, 0.030697186926069316, 0.027178330348732824, 0.03206300507720598, 0.03652729132829571, 0.03649543498621365, 0.03125415844288912]
BBSR:85.31
ABSR:62.47
max acc:97.81
