======================================
    IID: 0
    Dataset: mnist
    Model: Mnist_CNN
    Model Init: None
    Aggregation Function: flame
    Fraction NonIID: 0
    Long attack: 4
    Wide attack: 4
    Wide attack: trust
    Threshold reject: 0.5
    Threshold down: 0.0
    Attack method: badnet
    Fraction of malicious agents: 13.0%
    Poison Frac: 0.2
    Backdoor From 7 to 2
    Attack Begin: 0
    Trigger Shape: square
    Type poisoning: pgd
    Trigger Position X: 0
    Trigger Position Y: 0
    Number of agents: 100
    Fraction of agents each turn: 30(30.0%)
    Local batch size: 50
    Local epoch: 3
    Client_LR: 0.01
    Client_Momentum: 0.9
    Global Rounds: 100
    Noise in FLAME: 0.001
proportion of malicious are selected:0.82
proportion of benign are selected:0.5444444444444444
======================================
main_task_accuracy=[0, 32.7599983215332, 48.70000076293945, 42.11000061035156, 46.720001220703125, 56.65999984741211, 57.91999816894531, 52.970001220703125, 59.099998474121094, 53.869998931884766, 65.25, 67.73999786376953, 70.66999816894531, 68.69999694824219, 66.55000305175781, 66.45999908447266, 68.01000213623047, 59.279998779296875, 61.849998474121094, 67.19999694824219, 74.36000061035156, 72.91000366210938, 76.23999786376953, 75.56999969482422, 74.31999969482422, 73.5999984741211, 77.27999877929688, 76.1500015258789, 75.55000305175781, 76.37999725341797, 74.56999969482422, 72.30999755859375, 71.69000244140625, 78.70999908447266, 79.22000122070312, 77.68000030517578, 75.91000366210938, 75.01000213623047, 77.5999984741211, 78.58000183105469, 78.1500015258789, 77.22000122070312, 78.66999816894531, 78.2699966430664, 77.95999908447266, 76.30999755859375, 76.47000122070312, 79.33999633789062, 80.94999694824219, 79.94999694824219, 78.63999938964844, 80.37999725341797, 79.31999969482422, 78.88999938964844, 78.2300033569336, 77.6500015258789, 76.66999816894531, 76.98999786376953, 76.75, 76.1500015258789, 78.87999725341797, 79.41999816894531, 78.75, 77.62999725341797, 78.55999755859375, 78.55000305175781, 78.66000366210938, 78.61000061035156, 78.36000061035156, 77.6500015258789, 77.87999725341797, 78.93000030517578, 79.01000213623047, 78.88999938964844, 78.5999984741211, 77.75, 76.5999984741211, 76.7300033569336, 77.83000183105469, 80.1500015258789, 80.69999694824219, 79.76000213623047, 79.48999786376953, 79.25, 78.4800033569336, 79.69999694824219, 79.0, 79.61000061035156, 80.19000244140625, 79.4800033569336, 79.86000061035156, 79.11000061035156, 79.55999755859375, 79.37999725341797, 79.26000213623047, 79.44000244140625, 80.31999969482422, 78.77999877929688, 79.19000244140625, 80.02999877929688, 79.72000122070312]
backdoor_accuracy=[0, 4.280155642023346, 0.0, 0.0, 0.0, 0.0, 0.0, 0.0, 0.0, 0.0, 0.0, 0.0, 0.0, 0.0, 0.0, 0.0, 0.0, 0.0, 0.0, 0.09727626459143969, 0.09727626459143969, 0.0, 0.0, 0.0, 0.0, 0.0, 0.0, 0.0, 0.0, 0.0, 0.09727626459143969, 0.19455252918287938, 2.821011673151751, 0.8754863813229572, 0.0, 0.09727626459143969, 0.09727626459143969, 0.0, 0.48638132295719844, 0.19455252918287938, 0.09727626459143969, 0.09727626459143969, 0.2918287937743191, 0.09727626459143969, 0.09727626459143969, 0.0, 0.09727626459143969, 0.0, 0.0, 0.0, 0.0, 0.0, 0.0, 0.09727626459143969, 0.09727626459143969, 0.09727626459143969, 0.09727626459143969, 0.0, 0.09727626459143969, 0.09727626459143969, 0.6809338521400778, 0.5836575875486382, 0.38910505836575876, 0.38910505836575876, 0.8754863813229572, 0.48638132295719844, 0.09727626459143969, 0.8754863813229572, 0.2918287937743191, 0.19455252918287938, 2.140077821011673, 0.19455252918287938, 0.8754863813229572, 1.264591439688716, 1.0700389105058365, 1.6536964980544746, 0.5836575875486382, 0.7782101167315175, 1.0700389105058365, 2.529182879377432, 2.6264591439688716, 3.0155642023346303, 2.7237354085603114, 1.3618677042801557, 2.237354085603113, 1.0700389105058365, 1.0700389105058365, 1.0700389105058365, 1.9455252918287937, 4.669260700389105, 10.408560311284047, 7.003891050583658, 17.412451361867703, 13.521400778210117, 6.031128404669261, 21.011673151750973, 19.55252918287938, 20.428015564202333, 24.22178988326848, 14.785992217898833, 32.1011673151751]
loss_list=[0.47036428189964996, 0.29936706346600755, 0.2528858717456721, 0.23769670384312253, 0.23891951738294293, 0.18621890800209562, 0.23530423833999198, 0.20946205231003914, 0.20613949059484737, 0.24389475412953868, 0.19346534034333696, 0.185472600267416, 0.187818227089633, 0.1852922054690315, 0.14005505834781945, 0.14702146462426968, 0.22481860248768953, 0.13550047484057756, 0.16346305977377276, 0.13743380991153578, 0.1300169909132811, 0.12268431758015036, 0.09496313895831723, 0.11421402035638675, 0.08362790492707209, 0.11419883471010447, 0.08941310860975447, 0.11671333282426281, 0.09126567922366396, 0.08959086270232744, 0.1056345101237596, 0.1328197518013976, 0.10882125679947449, 0.10761746263426165, 0.08046333782122514, 0.06597702834863037, 0.09707511968286368, 0.10782968083602315, 0.08263487354236156, 0.09283286542638101, 0.08865891197755763, 0.09876005561358539, 0.05725568460037569, 0.09502636209044693, 0.08854962344162433, 0.0953671265303666, 0.1117680926226025, 0.11225415333855018, 0.08035937185095203, 0.07450000820232812, 0.11590729039216972, 0.0988448613123582, 0.12496567718688402, 0.06940061353314435, 0.07761209493482472, 0.08935469311133058, 0.09603412718665115, 0.08892476354712817, 0.10392868715585728, 0.11221497824355887, 0.09397495530090061, 0.0762765117156317, 0.06673116461786448, 0.10591343462774855, 0.07478109784066699, 0.07996788034400752, 0.10874524758602414, 0.0882915701134197, 0.08357956553843977, 0.09263792996634093, 0.08354504787897316, 0.11184108770487318, 0.09726186689843871, 0.11019929119671078, 0.07817758153474266, 0.08591099848778619, 0.08357395997134079, 0.11876382606560547, 0.09949110170765788, 0.1354598055233508, 0.08559890877846785, 0.10180831376823525, 0.08666485386178363, 0.08569166498563113, 0.08814918343264294, 0.10192944176903523, 0.08614711854094072, 0.09509751790156244, 0.06962841261636714, 0.09893212192119667, 0.09701947305575326, 0.09500074549919332, 0.09257828070965098, 0.0794554352801969, 0.06832484683006688, 0.09046906113603213, 0.0568545143400283, 0.07201548842068244, 0.0833435281521975, 0.0871361216912966]
BBSR:32.1
ABSR:17.61
max acc:80.32
