======================================
    IID: 0
    Dataset: fashion_mnist
    Model: Mnist_CNN
    Model Init: None
    Aggregation Function: avg
    Fraction NonIID: 0
    Long attack: 3
    Wide attack: 3
    Wide attack: trust
    Threshold reject: 0.5
    Threshold down: 0.0
    Attack method: badnet
    Fraction of malicious agents: 30.0%
    Poison Frac: 0.2
    Backdoor From 7 to 2
    Attack Begin: 0
    Trigger Shape: square
    Type poisoning: 
    Trigger Position X: 0
    Trigger Position Y: 0
    Number of agents: 100
    Fraction of agents each turn: 30(30.0%)
    Local batch size: 50
    Local epoch: 3
    Client_LR: 0.01
    Client_Momentum: 0.9
    Global Rounds: 100
======================================
main_task_accuracy=[0, 64.94000244140625, 72.01000213623047, 75.4000015258789, 76.7699966430664, 77.7699966430664, 78.87000274658203, 79.66999816894531, 79.4800033569336, 80.72000122070312, 81.58999633789062, 81.80999755859375, 82.16000366210938, 82.69000244140625, 83.0199966430664, 82.75, 83.7699966430664, 83.76000213623047, 83.94999694824219, 84.18000030517578, 84.4000015258789, 84.8499984741211, 85.13999938964844, 85.33000183105469, 85.2300033569336, 85.5, 85.70999908447266, 85.87000274658203, 85.97000122070312, 86.20999908447266, 85.9000015258789, 86.2699966430664, 86.63999938964844, 86.3499984741211, 86.69000244140625, 86.62999725341797, 86.9000015258789, 87.0, 86.4800033569336, 87.13999938964844, 87.05000305175781, 87.0999984741211, 87.16999816894531, 87.33000183105469, 87.2300033569336, 87.25, 87.63999938964844, 87.63999938964844, 87.51000213623047, 87.75, 87.80999755859375, 87.88999938964844, 87.91999816894531, 88.0199966430664, 88.02999877929688, 88.01000213623047, 88.05000305175781, 88.12000274658203, 88.26000213623047, 88.20999908447266, 88.27999877929688, 88.2300033569336, 88.41000366210938, 88.5199966430664, 88.55000305175781, 88.61000061035156, 88.55999755859375, 88.58000183105469, 88.55999755859375, 88.4800033569336, 88.69999694824219, 88.5, 88.7300033569336, 88.79000091552734, 88.62999725341797, 88.87000274658203, 89.02999877929688, 89.01000213623047, 88.8499984741211, 88.9000015258789, 89.16999816894531, 89.18000030517578, 89.16999816894531, 89.33999633789062, 89.0999984741211, 89.1500015258789, 89.22000122070312, 89.30000305175781, 89.04000091552734, 89.16999816894531, 89.19000244140625, 89.37999725341797, 89.48999786376953, 89.45999908447266, 89.58999633789062, 89.5, 89.58999633789062, 89.69000244140625, 89.77999877929688, 89.72000122070312, 89.58000183105469]
backdoor_accuracy=[0, 0.0, 0.4, 0.5, 21.6, 41.5, 82.4, 94.9, 97.6, 98.8, 99.7, 99.8, 100.0, 100.0, 100.0, 100.0, 100.0, 100.0, 100.0, 100.0, 100.0, 100.0, 100.0, 100.0, 100.0, 100.0, 100.0, 100.0, 100.0, 100.0, 100.0, 100.0, 100.0, 100.0, 100.0, 100.0, 100.0, 100.0, 100.0, 100.0, 100.0, 100.0, 100.0, 100.0, 100.0, 100.0, 100.0, 100.0, 100.0, 100.0, 100.0, 100.0, 100.0, 100.0, 100.0, 100.0, 100.0, 100.0, 100.0, 100.0, 100.0, 100.0, 100.0, 100.0, 100.0, 100.0, 100.0, 100.0, 100.0, 100.0, 100.0, 100.0, 100.0, 100.0, 100.0, 100.0, 100.0, 100.0, 100.0, 100.0, 100.0, 100.0, 100.0, 100.0, 100.0, 100.0, 100.0, 100.0, 100.0, 100.0, 100.0, 100.0, 100.0, 100.0, 100.0, 100.0, 100.0, 100.0, 100.0, 100.0, 100.0]
loss_list=[1.3948843306413405, 0.840902703586552, 0.6164738430745073, 0.5749195065487315, 0.5296551005017979, 0.4664484534412622, 0.45804939352803753, 0.4409449843758786, 0.40634167313023856, 0.3924013949654721, 0.3983137809981903, 0.40217363953038493, 0.3918416666832787, 0.367060757794038, 0.3654781272496889, 0.3688059287283708, 0.360473593255436, 0.36080025983974334, 0.34919363840103707, 0.3379076183670097, 0.33402835050666774, 0.33184350903525395, 0.3044891581146254, 0.3119599150493741, 0.32408183582334055, 0.32348301986370376, 0.3275500833056867, 0.3011082539679828, 0.29559170644109456, 0.3130070120579115, 0.28476794593174154, 0.29479858586219726, 0.3029534215280027, 0.2880957940662349, 0.2928938155062497, 0.2661449313853626, 0.2931929702801561, 0.28142449420152443, 0.2881773510947823, 0.26836893566435693, 0.2689921995279965, 0.28306802672644454, 0.2585071456101205, 0.259133679807807, 0.26233912466473325, 0.26534739320200906, 0.257798802635322, 0.24338825616847587, 0.26182814353939005, 0.2450349513130883, 0.23478667369733247, 0.25229908549054353, 0.24441289933122415, 0.2458826196724894, 0.24113296020293123, 0.25140107615885365, 0.24781415685321448, 0.2323124654108176, 0.21806038108619827, 0.21690377185673074, 0.22171713619975855, 0.2166383547949846, 0.23601443910091702, 0.24264958952898502, 0.23788771209893403, 0.21735040149479004, 0.22444494581884805, 0.252581363261022, 0.22194096369461877, 0.1969072262635799, 0.21658098969125641, 0.222740931486435, 0.22841781360200708, 0.21953227773688186, 0.21359321254615982, 0.21327908571499082, 0.22328309578372646, 0.22413898758176304, 0.2300992159621308, 0.19666380379866397, 0.20503104014529125, 0.19533142473341694, 0.20910665117445648, 0.19302030963029854, 0.20750579648409725, 0.2067645227157131, 0.20097683395207344, 0.20347610330640303, 0.20203029098920527, 0.2029450604648985, 0.20364503807828038, 0.2097920913068164, 0.19349875853707393, 0.19901268299565547, 0.19253960805945106, 0.1983028921246943, 0.18954330733718558, 0.1826152407202042, 0.17745112858505713, 0.19099725842717347]
BBSR:100.0
ABSR:100.0
max acc:89.78
