======================================
    IID: 0
    Dataset: mnist
    Model: Mnist_CNN
    Model Init: None
    Aggregation Function: avg
    Fraction NonIID: 0
    Long attack: 4
    Wide attack: 4
    Wide attack: trust
    Threshold reject: 0.5
    Threshold down: 0.0
    Attack method: dba
    Fraction of malicious agents: 13.0%
    Poison Frac: 0.2
    Backdoor From 7 to 2
    Attack Begin: 0
    Trigger Shape: square
    Type poisoning: 
    Trigger Position X: 0
    Trigger Position Y: 0
    Number of agents: 100
    Fraction of agents each turn: 30(30.0%)
    Local batch size: 50
    Local epoch: 3
    Client_LR: 0.01
    Client_Momentum: 0.9
    Global Rounds: 100
======================================
main_task_accuracy=[0, 54.709999084472656, 45.779998779296875, 66.33000183105469, 66.5199966430664, 67.94000244140625, 69.33999633789062, 75.25, 63.720001220703125, 68.56999969482422, 81.02999877929688, 86.86000061035156, 89.87000274658203, 92.29000091552734, 91.4800033569336, 88.69999694824219, 94.02999877929688, 92.62999725341797, 90.31999969482422, 95.0199966430664, 94.9000015258789, 95.08000183105469, 92.30000305175781, 95.38999938964844, 95.81999969482422, 96.0, 96.0999984741211, 95.97000122070312, 96.66999816894531, 96.94000244140625, 96.2699966430664, 97.04000091552734, 97.0999984741211, 95.72000122070312, 96.58999633789062, 96.4000015258789, 97.02999877929688, 97.20999908447266, 97.0999984741211, 97.18000030517578, 97.29000091552734, 97.05000305175781, 97.58999633789062, 96.3499984741211, 97.13999938964844, 94.05999755859375, 97.41000366210938, 97.0999984741211, 96.94999694824219, 97.73999786376953, 97.7699966430664, 96.80000305175781, 97.8499984741211, 97.83000183105469, 97.19000244140625, 97.79000091552734, 97.79000091552734, 97.81999969482422, 97.66000366210938, 97.66000366210938, 97.98999786376953, 97.41999816894531, 97.68000030517578, 97.97000122070312, 97.9000015258789, 97.18000030517578, 98.05999755859375, 97.95999908447266, 98.20999908447266, 97.86000061035156, 98.12999725341797, 98.2300033569336, 97.87000274658203, 98.0999984741211, 98.44000244140625, 98.29000091552734, 98.51000213623047, 98.29000091552734, 98.16999816894531, 97.95999908447266, 98.02999877929688, 97.94999694824219, 98.31999969482422, 98.18000030517578, 98.41999816894531, 98.29000091552734, 98.44000244140625, 98.52999877929688, 98.0999984741211, 98.37000274658203, 98.2699966430664, 97.75, 98.29000091552734, 98.05000305175781, 98.41000366210938, 98.58000183105469, 98.47000122070312, 98.62999725341797, 98.3499984741211, 98.48999786376953, 98.45999908447266]
backdoor_accuracy=[0, 6.22568093385214, 0.0, 10.992217898832685, 2.140077821011673, 0.8754863813229572, 1.7509727626459144, 0.8754863813229572, 11.381322957198444, 0.09727626459143969, 1.3618677042801557, 6.3229571984435795, 2.0428015564202333, 4.474708171206226, 1.264591439688716, 10.116731517509727, 2.6264591439688716, 5.155642023346304, 2.431906614785992, 5.3501945525291825, 6.031128404669261, 6.906614785992218, 11.867704280155642, 5.836575875486381, 4.863813229571984, 12.645914396887159, 9.82490272373541, 7.198443579766537, 5.739299610894942, 7.684824902723736, 12.15953307392996, 4.085603112840467, 20.525291828793776, 5.544747081712062, 29.085603112840467, 11.089494163424124, 18.579766536964982, 6.031128404669261, 31.22568093385214, 3.6964980544747084, 6.809338521400778, 3.9883268482490273, 10.700389105058365, 39.202334630350194, 8.268482490272374, 14.785992217898833, 9.43579766536965, 55.73929961089494, 3.8910505836575875, 11.867704280155642, 27.82101167315175, 67.41245136186771, 10.603112840466926, 39.688715953307394, 16.342412451361866, 57.68482490272373, 40.75875486381323, 23.443579766536963, 13.521400778210117, 87.06225680933852, 68.19066147859922, 52.431906614785994, 39.39688715953307, 50.29182879377432, 74.90272373540856, 22.08171206225681, 85.21400778210116, 56.03112840466926, 46.206225680933855, 92.12062256809338, 68.19066147859922, 72.08171206225681, 56.6147859922179, 87.45136186770428, 85.99221789883268, 62.54863813229572, 96.3035019455253, 94.26070038910505, 63.521400778210115, 94.74708171206225, 71.01167315175097, 97.08171206225681, 92.99610894941634, 89.98054474708171, 89.00778210116732, 98.05447470817121, 98.05447470817121, 97.85992217898833, 83.46303501945525, 98.15175097276264, 99.31906614785993, 31.51750972762646, 97.76264591439688, 88.32684824902724, 98.83268482490273, 96.98443579766537, 97.85992217898833, 98.15175097276264, 98.15175097276264, 98.5408560311284, 81.80933852140078]
loss_list=[0.485520644092614, 0.2737597879222849, 0.23712322769051572, 0.17646548651684552, 0.12325346336046476, 0.14106566499905498, 0.1360395528892527, 0.12006310266766662, 0.10907354192280196, 0.13015217256028683, 0.09581722412431842, 0.08131413000671821, 0.058892856399888956, 0.06231332963438031, 0.06669292318158523, 0.06862458541956598, 0.05419917456589001, 0.048454691224840904, 0.056090166357930106, 0.047949335935631755, 0.03845654650220727, 0.043267401222559905, 0.056905071609895885, 0.041191094972137215, 0.04398800872690941, 0.03991279272818333, 0.03353041959654482, 0.04903764804793, 0.03692889271698872, 0.03440707616638058, 0.040590788933903194, 0.03633513793622488, 0.03433285777595607, 0.03529665123116403, 0.03818354175710358, 0.03870797923923355, 0.02796340512200339, 0.036208057760716, 0.0322304134586197, 0.03529387212960258, 0.03231311990080092, 0.03119103605005384, 0.029335548584100053, 0.031155478941339465, 0.0333231868705701, 0.03266892705788147, 0.036284239862850516, 0.030797481637755107, 0.028709749241112238, 0.02772547689574286, 0.027354030623426433, 0.02950453015890274, 0.02573206460266956, 0.030177085045760575, 0.027368095000376173, 0.024663712313563537, 0.02417162308373909, 0.025614787229972066, 0.02924996862132637, 0.026738769444130762, 0.02288890588426704, 0.03206230765848422, 0.026532706659789417, 0.028304465941105455, 0.022165842648078863, 0.025407340500765416, 0.025644313897832612, 0.029623981082313754, 0.027025742828108757, 0.02862582388721457, 0.02601323670139853, 0.022759600786072847, 0.02458076829558027, 0.025565712338610783, 0.023084514552170858, 0.022883994238269336, 0.022963392240150895, 0.02044540642256099, 0.023150363743795473, 0.02480585620497148, 0.017707827908177317, 0.01937612360345445, 0.01778751719344398, 0.020916417352581904, 0.02227765637780376, 0.022352069599462506, 0.018458526636993492, 0.017995511194040536, 0.02006560876348655, 0.018529028744845782, 0.01809042751366853, 0.022069557278308668, 0.02113355385537611, 0.019811483496007254, 0.022459818957193144, 0.01657717095795738, 0.022447293520959713, 0.020554414303046626, 0.02035942675084046, 0.018516792104797467]
BBSR:98.83
ABSR:88.79
max acc:98.63
