======================================
    IID: 1
    Dataset: cifar
    Model: resnet
    Model Init: None
    Aggregation Function: avg
    Fraction NonIID: 0
    Long attack: 3
    Wide attack: 3
    Wide attack: trust
    Threshold reject: 0.5
    Threshold down: 0.0
    Attack method: badnet
    Fraction of malicious agents: 20.0%
    Poison Frac: 0.2
    Backdoor From 7 to 2
    Attack Begin: 0
    Trigger Shape: square
    Type poisoning: pgd
    Trigger Position X: 0
    Trigger Position Y: 0
    Number of agents: 100
    Fraction of agents each turn: 30(30.0%)
    Local batch size: 50
    Local epoch: 3
    Client_LR: 0.01
    Client_Momentum: 0.9
    Global Rounds: 100
======================================
main_task_accuracy=[0, 10.350000381469727, 16.59000015258789, 35.90999984741211, 43.810001373291016, 49.16999816894531, 52.400001525878906, 53.529998779296875, 56.810001373291016, 58.61000061035156, 60.529998779296875, 61.470001220703125, 62.900001525878906, 64.23999786376953, 64.12000274658203, 64.9000015258789, 65.31999969482422, 66.3499984741211, 65.05000305175781, 65.55000305175781, 67.31999969482422, 67.66000366210938, 68.70999908447266, 68.16000366210938, 68.02999877929688, 69.1500015258789, 69.4800033569336, 68.63999938964844, 69.02999877929688, 69.38999938964844, 70.08000183105469, 70.88999938964844, 70.01000213623047, 72.30000305175781, 70.97000122070312, 71.16999816894531, 71.5999984741211, 72.2300033569336, 72.83000183105469, 72.6500015258789, 72.79000091552734, 73.1500015258789, 72.13999938964844, 73.04000091552734, 73.7300033569336, 74.01000213623047, 72.9000015258789, 73.69000244140625, 73.66000366210938, 74.0999984741211, 73.72000122070312, 73.9800033569336, 73.79000091552734, 73.9800033569336, 74.20999908447266, 73.88999938964844, 73.94999694824219, 73.87999725341797, 73.98999786376953, 74.30999755859375, 73.94999694824219, 74.19999694824219, 74.01000213623047, 73.69999694824219, 73.94999694824219, 73.69000244140625, 73.75, 73.83000183105469, 73.80000305175781, 73.93000030517578, 73.66999816894531, 73.72000122070312, 73.6500015258789, 73.54000091552734, 73.66999816894531, 73.69999694824219, 73.72000122070312, 73.5999984741211, 73.62000274658203, 73.4800033569336, 73.41000366210938, 73.37999725341797, 73.29000091552734, 73.41000366210938, 73.30000305175781, 73.37999725341797, 73.41999816894531, 73.43000030517578, 73.45999908447266, 73.58999633789062, 73.44999694824219, 73.51000213623047, 73.43000030517578, 73.44999694824219, 73.4000015258789, 73.41000366210938, 73.3499984741211, 73.30000305175781, 73.37000274658203, 73.37000274658203, 73.38999938964844]
backdoor_accuracy=[0, 0.3, 16.4, 4.9, 3.7, 2.9, 3.0, 3.7, 1.4, 2.5, 2.1, 3.3, 1.2, 1.8, 2.0, 1.7, 2.0, 2.4, 1.7, 1.1, 1.7, 1.5, 1.5, 1.2, 1.6, 0.8, 1.0, 1.3, 1.7, 1.5, 1.4, 0.9, 0.9, 1.4, 1.7, 1.1, 1.9, 1.8, 1.6, 1.9, 1.8, 1.7, 1.0, 1.8, 2.4, 2.5, 2.0, 1.9, 2.3, 2.9, 2.3, 2.0, 1.8, 2.6, 2.3, 2.8, 2.7, 2.8, 2.4, 2.7, 2.6, 2.4, 3.2, 2.3, 3.4, 2.9, 2.9, 2.7, 3.0, 2.9, 3.5, 3.5, 2.8, 3.1, 3.0, 3.4, 3.4, 3.6, 3.1, 3.5, 3.6, 3.4, 3.4, 3.6, 3.3, 3.2, 3.4, 3.4, 3.5, 3.3, 3.5, 3.4, 3.5, 3.5, 3.5, 3.5, 3.6, 3.6, 3.3, 3.3, 3.2]
loss_list=[2.002864802810881, 1.5586147369278807, 1.1928341248631478, 1.0191605208151868, 0.8579092716177307, 0.7518392718997265, 0.6597343508071369, 0.5900616822764279, 0.5671737229534322, 0.5223370074646341, 0.52363130569458, 0.4524472901659708, 0.414244402611835, 0.46537592408764694, 0.39326140486738753, 0.39165067208413445, 0.36467232479817324, 0.3994840094912797, 0.3197374957220422, 0.32658659497689874, 0.34139679179112936, 0.29700490366046634, 0.26208394525469175, 0.29365862673821136, 0.29387522171613656, 0.221503223657815, 0.2729933284885353, 0.23599550615426973, 0.20498775276562411, 0.23680007102950995, 0.20964051104047232, 0.1878677756522989, 0.15841453469642955, 0.1998357793365398, 0.17058281035886874, 0.16641738234126632, 0.16082359132266397, 0.12582520614895557, 0.12024465568816392, 0.12477716728029513, 0.13160897114197725, 0.12443217451231449, 0.09632000003320476, 0.07224821529008395, 0.07054858991242427, 0.12799521941400602, 0.10545682706119905, 0.07653832718762311, 0.046614878992097354, 0.0740165536633382, 0.03952116403592904, 0.07379029095948983, 0.03466204962020533, 0.06141470181703981, 0.039768193816352215, 0.030511190590526285, 0.05734189495395791, 0.04770082744239415, 0.0534112937080661, 0.027168038785877997, 0.03126694382892714, 0.023510028186137788, 0.019966145407023666, 0.026342902849347503, 0.017869839691346798, 0.018527039160512182, 0.03408626996048647, 0.022118990708000233, 0.013794008233590928, 0.010934835920957587, 0.016748381846134884, 0.021115704280560345, 0.01941586966657068, 0.01355928767907446, 0.020097246942055384, 0.017652098628410995, 0.00809546603295732, 0.010698993122075789, 0.007982551615633486, 0.012104226557130457, 0.011324812259489486, 0.005811769879623576, 0.011984167785849422, 0.010764253403467592, 0.007097627174743038, 0.00825577237061225, 0.003405343293205887, 0.009571944168112372, 0.015117877132983673, 0.006620354119756178, 0.011018510599549499, 0.0070341863352385015, 0.007107003200039293, 0.0056120832171210255, 0.00776935958691562, 0.006946472319201955, 0.003911295580959024, 0.0031838888312227536, 0.0028227228903900444, 0.003119705945476501]
BBSR:61.95497852860266
ABSR:63.78335868856754
max acc:73.51
