======================================
    IID: 0
    Dataset: fashion_mnist
    Model: Mnist_CNN
    Model Init: None
    Aggregation Function: flame
    Fraction NonIID: 0
    Long attack: 3
    Wide attack: 3
    Wide attack: trust
    Threshold reject: 0.5
    Threshold down: 0.0
    Attack method: badnet
    Fraction of malicious agents: 13.0%
    Poison Frac: 0.2
    Backdoor From 7 to 2
    Attack Begin: 0
    Trigger Shape: square
    Type poisoning: 
    Trigger Position X: 0
    Trigger Position Y: 0
    Number of agents: 100
    Fraction of agents each turn: 30(30.0%)
    Local batch size: 50
    Local epoch: 3
    Client_LR: 0.01
    Client_Momentum: 0.9
    Global Rounds: 100
    Noise in FLAME: 0.001
proportion of malicious are selected:0.58
proportion of benign are selected:0.53
======================================
main_task_accuracy=[0, 55.060001373291016, 67.97000122070312, 74.7699966430664, 76.2699966430664, 77.79000091552734, 78.44000244140625, 79.1500015258789, 79.29000091552734, 80.22000122070312, 80.72000122070312, 81.36000061035156, 82.43000030517578, 82.76000213623047, 82.98999786376953, 83.51000213623047, 83.88999938964844, 83.91999816894531, 84.29000091552734, 84.62000274658203, 85.0199966430664, 85.2699966430664, 85.12999725341797, 85.3499984741211, 85.58999633789062, 85.98999786376953, 85.87999725341797, 86.08999633789062, 86.75, 86.12999725341797, 86.69000244140625, 86.5, 86.58000183105469, 86.6500015258789, 86.91999816894531, 86.93000030517578, 87.05999755859375, 87.22000122070312, 87.2300033569336, 87.58000183105469, 87.79000091552734, 86.91000366210938, 86.95999908447266, 87.68000030517578, 87.86000061035156, 87.75, 87.7699966430664, 87.81999969482422, 87.94999694824219, 87.95999908447266, 87.7300033569336, 88.05000305175781, 88.1500015258789, 88.0999984741211, 88.12999725341797, 88.19000244140625, 88.18000030517578, 88.33999633789062, 88.5, 88.26000213623047, 88.2300033569336, 88.4800033569336, 88.18000030517578, 88.5999984741211, 88.55000305175781, 88.69000244140625, 88.52999877929688, 88.70999908447266, 88.7300033569336, 88.62999725341797, 88.72000122070312, 88.66999816894531, 88.44999694824219, 88.73999786376953, 88.62000274658203, 88.86000061035156, 88.72000122070312, 88.95999908447266, 88.95999908447266, 88.91999816894531, 89.01000213623047, 89.02999877929688, 89.01000213623047, 88.94999694824219, 89.2300033569336, 88.91000366210938, 88.91000366210938, 89.06999969482422, 88.97000122070312, 88.95999908447266, 88.9800033569336, 88.9800033569336, 89.05000305175781, 89.33999633789062, 89.33000183105469, 89.41000366210938, 89.16000366210938, 89.2300033569336, 89.4800033569336, 89.37999725341797, 89.58999633789062]
backdoor_accuracy=[0, 0.0, 0.0, 0.1, 0.0, 0.1, 0.1, 0.8, 2.8, 9.9, 23.5, 42.4, 38.6, 68.4, 83.4, 96.1, 95.7, 95.5, 96.7, 98.0, 98.5, 98.9, 99.4, 99.5, 99.4, 99.3, 99.4, 99.4, 99.5, 99.8, 99.8, 99.8, 99.8, 99.8, 99.8, 99.8, 99.8, 99.8, 99.8, 99.8, 99.8, 99.8, 99.9, 99.9, 99.9, 99.9, 99.9, 99.9, 99.9, 99.9, 99.9, 99.9, 99.9, 99.9, 99.8, 99.9, 99.9, 99.8, 99.9, 99.8, 99.9, 99.9, 99.9, 99.9, 99.9, 99.9, 99.9, 99.9, 99.9, 100.0, 100.0, 100.0, 99.9, 100.0, 100.0, 99.9, 100.0, 99.9, 99.9, 100.0, 99.9, 99.9, 99.9, 99.9, 99.9, 99.9, 99.9, 99.9, 100.0, 99.9, 99.9, 99.9, 99.9, 99.9, 99.9, 99.9, 100.0, 100.0, 99.9, 99.9, 100.0]
loss_list=[1.4247027791760585, 0.8764634957468068, 0.6438417116387021, 0.5797356430717089, 0.527907742601302, 0.4931099330385526, 0.46271166656580226, 0.44843822450687487, 0.4335630328980861, 0.44456592187009475, 0.4316342341817089, 0.40467490664234856, 0.38903126721442854, 0.4115476313564513, 0.37527514493989733, 0.3770782240424995, 0.3597874098146956, 0.3583779400197306, 0.34847796785265756, 0.3387168048363593, 0.29746713856993995, 0.34630438831669313, 0.3386111224208165, 0.3271078744351311, 0.31715928331293436, 0.30265982141028397, 0.2959651291404885, 0.3033765980594412, 0.3204853238020506, 0.2936096980995327, 0.31346830212752574, 0.3000300738477596, 0.2904669209762856, 0.3022072116464928, 0.29530685708892573, 0.29788982296983396, 0.28742962635501673, 0.30753575410279965, 0.2575502791890391, 0.2977973093934082, 0.29432008906991936, 0.29227519007572145, 0.2659688414867829, 0.30106429792250744, 0.27429706538785936, 0.2575218710186029, 0.28102379607174677, 0.29404276202506113, 0.27224366000887973, 0.27012656125136547, 0.27167137703444394, 0.25233966266150004, 0.233850023240127, 0.2514410346125563, 0.2575672408462399, 0.2527788548678574, 0.26108274239080925, 0.2519344762666151, 0.24084937950527227, 0.24371565041753154, 0.25496352489140844, 0.26200171309626774, 0.24803520652327554, 0.2632636664918175, 0.23625315110440606, 0.2433027803906481, 0.25989151164130486, 0.2456127681165796, 0.23130947993895798, 0.2273340208800855, 0.25582572365248646, 0.25853111486433566, 0.23820610107957485, 0.23581410741726697, 0.2332650619231303, 0.2517971441727477, 0.2343674712538443, 0.23458458884032782, 0.23392509233585937, 0.24304541670717297, 0.22727419147526637, 0.20635337670747605, 0.2459624645041509, 0.23615219836399237, 0.24158926024101673, 0.2652543361850635, 0.23080354393287383, 0.24918675037721796, 0.24121190918678484, 0.25899710859068564, 0.24298827526142344, 0.2235213864534335, 0.2356237144873443, 0.22113961031039558, 0.21953844283362503, 0.20856762173654586, 0.23786736278518755, 0.24201458632704556, 0.21990039589668248, 0.21396618426466976]
BBSR:100.0
ABSR:99.93
max acc:89.59
