======================================
    IID: 0
    Dataset: fashion_mnist
    Model: Mnist_CNN
    Model Init: None
    Aggregation Function: DABA
    Fraction NonIID: 0
    Long attack: 3
    Wide attack: 3
    Wide attack: trust
    Threshold reject: 0.5
    Threshold down: 0.0
    Attack method: badnet
    Fraction of malicious agents: 20.0%
    Poison Frac: 0.2
    Backdoor From 7 to 2
    Attack Begin: 0
    Trigger Shape: square
    Type poisoning: pgd
    Trigger Position X: 0
    Trigger Position Y: 0
    Number of agents: 100
    Fraction of agents each turn: 30(30.0%)
    Local batch size: 50
    Local epoch: 3
    Client_LR: 0.01
    Client_Momentum: 0.9
    Global Rounds: 100
======================================
main_task_accuracy=[0, 62.18000030517578, 71.75, 75.63999938964844, 76.79000091552734, 76.66999816894531, 78.9800033569336, 76.51000213623047, 77.55000305175781, 80.5, 81.01000213623047, 81.08999633789062, 81.08999633789062, 81.08999633789062, 81.55999755859375, 81.06999969482422, 82.5, 77.76000213623047, 82.52999877929688, 83.12999725341797, 81.95999908447266, 83.18000030517578, 84.19000244140625, 83.80000305175781, 80.51000213623047, 83.98999786376953, 83.83000183105469, 84.20999908447266, 84.2300033569336, 84.7300033569336, 82.80999755859375, 84.22000122070312, 85.16000366210938, 84.3499984741211, 84.9000015258789, 80.86000061035156, 84.12999725341797, 83.56999969482422, 83.30999755859375, 85.31999969482422, 85.9000015258789, 85.9000015258789, 85.75, 85.75, 81.66999816894531, 85.4000015258789, 85.94999694824219, 85.5999984741211, 86.56999969482422, 86.23999786376953, 86.08000183105469, 86.38999938964844, 86.45999908447266, 87.29000091552734, 82.58000183105469, 86.4800033569336, 87.4800033569336, 79.18000030517578, 84.45999908447266, 85.8499984741211, 87.08000183105469, 86.36000061035156, 85.66999816894531, 87.37000274658203, 82.25, 86.37999725341797, 86.63999938964844, 86.75, 87.11000061035156, 87.12000274658203, 87.2699966430664, 86.54000091552734, 87.5199966430664, 84.47000122070312, 87.0999984741211, 85.91000366210938, 87.68000030517578, 88.0, 87.76000213623047, 87.33000183105469, 88.44999694824219, 87.41999816894531, 87.55999755859375, 88.33999633789062, 87.7300033569336, 86.36000061035156, 87.41000366210938, 86.5999984741211, 87.72000122070312, 88.66000366210938, 87.94000244140625, 88.44000244140625, 88.31999969482422, 86.05000305175781, 87.91000366210938, 88.08999633789062, 88.36000061035156, 88.02999877929688, 87.48999786376953, 87.11000061035156, 87.29000091552734]
backdoor_accuracy=[0, 0.0, 0.0, 0.0, 0.0, 67.9, 95.1, 99.7, 99.6, 99.9, 96.2, 100.0, 100.0, 100.0, 99.9, 100.0, 100.0, 100.0, 100.0, 100.0, 100.0, 100.0, 100.0, 100.0, 100.0, 100.0, 100.0, 100.0, 100.0, 100.0, 100.0, 100.0, 100.0, 100.0, 100.0, 100.0, 100.0, 100.0, 100.0, 100.0, 100.0, 100.0, 100.0, 100.0, 100.0, 100.0, 100.0, 100.0, 100.0, 100.0, 100.0, 100.0, 100.0, 100.0, 100.0, 100.0, 100.0, 100.0, 100.0, 100.0, 100.0, 100.0, 100.0, 100.0, 100.0, 100.0, 100.0, 100.0, 100.0, 100.0, 100.0, 100.0, 100.0, 100.0, 100.0, 100.0, 100.0, 100.0, 100.0, 100.0, 100.0, 100.0, 100.0, 100.0, 100.0, 100.0, 100.0, 100.0, 100.0, 100.0, 100.0, 100.0, 100.0, 100.0, 100.0, 100.0, 100.0, 100.0, 100.0, 100.0, 100.0]
loss_list=[1.4517370512640033, 0.8510330431991151, 0.6358938049662995, 0.5112009135661303, 0.5418206668976279, 0.4668539482134359, 0.48161227346432434, 0.45359336155018326, 0.42617105001376726, 0.41508380547855744, 0.42153244584936794, 0.3878667020411403, 0.395611839334446, 0.3899094986556857, 0.40974353194512697, 0.3833502337198567, 0.3811361590814259, 0.3837126455166274, 0.38284356932466224, 0.3539296227817733, 0.3657307743129355, 0.37629463262856, 0.35440846182992325, 0.3508811736824337, 0.32684831200857406, 0.32035693928806314, 0.3343527555741646, 0.3148768673202506, 0.310981805857133, 0.3320692245262088, 0.31733421978230275, 0.3270584854952715, 0.31278769937861295, 0.3204853403002576, 0.3279173840941103, 0.34122622213843795, 0.3117495279448728, 0.2981858716380818, 0.33420122423968107, 0.2935900709798767, 0.2999143457454112, 0.27749162103842806, 0.27599449795498343, 0.2999308296375805, 0.2697048713798048, 0.29135988525080453, 0.27164087235341194, 0.27187065279318223, 0.25856807468183063, 0.28402491965400123, 0.29462859231323274, 0.27775626903123884, 0.2660091915823244, 0.2755661441858306, 0.2904036367001632, 0.27023185644712716, 0.2731504070469075, 0.3277990082071886, 0.29427265461051355, 0.27617425955142133, 0.2632520191509415, 0.2755220342962141, 0.28565935530458336, 0.2460077027755755, 0.29288639588005577, 0.25479653715500955, 0.2580154434588083, 0.2569933377016611, 0.25085729479582775, 0.22756717953037617, 0.25381150466596913, 0.26678431283130694, 0.2568074345329983, 0.2620665736134267, 0.22666625877997534, 0.23991880871148566, 0.22304778374188272, 0.2212354423633466, 0.23070293675797682, 0.2278908774532654, 0.22092458575239612, 0.2341918214064747, 0.22271224248429966, 0.23010061389111255, 0.23628557494807023, 0.2325708098795818, 0.22748223812215856, 0.21465812381874363, 0.21195380687023757, 0.21609538114733162, 0.21053034674410745, 0.220046678090606, 0.21183498732883624, 0.24348845316649034, 0.22505464402406858, 0.21222344707283716, 0.22342734136446205, 0.21057823804483095, 0.22241069497713065, 0.24712625500849547]
BBSR:100.0
ABSR:100.0
max acc:88.44
