======================================
    IID: 0
    Dataset: mnist
    Model: Mnist_CNN
    Model Init: None
    Aggregation Function: avg
    Fraction NonIID: 0
    Long attack: 3
    Wide attack: 3
    Wide attack: trust
    Threshold reject: 0.5
    Threshold down: 0.0
    Attack method: badnet
    Fraction of malicious agents: 30.0%
    Poison Frac: 0.2
    Backdoor From 7 to 2
    Attack Begin: 0
    Trigger Shape: square
    Type poisoning: pgd
    Trigger Position X: 0
    Trigger Position Y: 0
    Number of agents: 100
    Fraction of agents each turn: 30(30.0%)
    Local batch size: 50
    Local epoch: 3
    Client_LR: 0.01
    Client_Momentum: 0.9
    Global Rounds: 100
======================================
main_task_accuracy=[0, 29.350000381469727, 36.95000076293945, 54.52000045776367, 72.62000274658203, 73.0199966430664, 66.45999908447266, 70.27999877929688, 88.02999877929688, 81.0999984741211, 90.19000244140625, 88.08999633789062, 93.80999755859375, 92.01000213623047, 93.01000213623047, 91.88999938964844, 91.55999755859375, 93.5999984741211, 91.70999908447266, 94.01000213623047, 95.91000366210938, 93.8499984741211, 94.77999877929688, 94.05000305175781, 93.41999816894531, 95.80000305175781, 96.95999908447266, 96.91999816894531, 96.9000015258789, 96.83999633789062, 95.86000061035156, 97.06999969482422, 96.75, 94.56999969482422, 95.62999725341797, 95.7699966430664, 97.12000274658203, 97.26000213623047, 97.31999969482422, 97.61000061035156, 96.73999786376953, 97.36000061035156, 97.58999633789062, 97.1500015258789, 97.5199966430664, 97.37999725341797, 97.55000305175781, 96.58999633789062, 97.93000030517578, 97.76000213623047, 97.79000091552734, 97.7699966430664, 97.27999877929688, 97.9000015258789, 98.12999725341797, 97.88999938964844, 97.41999816894531, 97.98999786376953, 98.31999969482422, 97.94000244140625, 97.87000274658203, 97.61000061035156, 98.2699966430664, 98.1500015258789, 98.08999633789062, 97.70999908447266, 97.94999694824219, 98.13999938964844, 97.9800033569336, 98.08000183105469, 97.94999694824219, 98.19000244140625, 98.1500015258789, 98.43000030517578, 98.12999725341797, 98.08999633789062, 98.20999908447266, 98.1500015258789, 98.3499984741211, 98.41999816894531, 98.31999969482422, 98.44000244140625, 98.52999877929688, 98.25, 97.95999908447266, 98.5999984741211, 97.95999908447266, 98.44000244140625, 98.41000366210938, 98.3499984741211, 97.22000122070312, 98.4000015258789, 98.45999908447266, 98.44000244140625, 98.27999877929688, 98.44999694824219, 98.44000244140625, 98.56999969482422, 98.54000091552734, 98.44999694824219, 98.36000061035156]
backdoor_accuracy=[0, 0.0, 2.9182879377431905, 7.587548638132295, 3.9883268482490273, 11.867704280155642, 7.490272373540856, 18.96887159533074, 14.396887159533074, 6.3229571984435795, 27.91828793774319, 3.501945525291829, 10.797665369649806, 20.233463035019454, 26.167315175097276, 81.32295719844358, 12.54863813229572, 76.4591439688716, 94.64980544747081, 31.1284046692607, 39.10505836575876, 97.17898832684826, 37.93774319066148, 92.41245136186771, 51.070038910505836, 95.62256809338521, 93.67704280155642, 96.69260700389106, 99.61089494163424, 99.70817120622569, 99.80544747081711, 99.70817120622569, 99.80544747081711, 99.41634241245136, 99.90272373540856, 99.5136186770428, 99.90272373540856, 99.80544747081711, 100.0, 99.90272373540856, 99.90272373540856, 100.0, 100.0, 99.80544747081711, 100.0, 99.80544747081711, 99.80544747081711, 100.0, 99.80544747081711, 99.80544747081711, 99.80544747081711, 100.0, 99.90272373540856, 100.0, 100.0, 100.0, 100.0, 100.0, 100.0, 100.0, 100.0, 100.0, 100.0, 100.0, 100.0, 100.0, 100.0, 100.0, 100.0, 100.0, 99.90272373540856, 100.0, 100.0, 100.0, 100.0, 100.0, 100.0, 100.0, 100.0, 100.0, 99.90272373540856, 100.0, 100.0, 100.0, 100.0, 100.0, 100.0, 100.0, 100.0, 100.0, 100.0, 100.0, 100.0, 100.0, 100.0, 100.0, 100.0, 100.0, 100.0, 100.0, 100.0]
loss_list=[0.5072185034546708, 0.2623223708824249, 0.2794753909225654, 0.22331780993330166, 0.19510845585137648, 0.11225989194178045, 0.14001083176431067, 0.13169072171325152, 0.10166219321727205, 0.09011395925788158, 0.09735146974574457, 0.07292326146738988, 0.07331189549681584, 0.0688207476267599, 0.06112111698306722, 0.06993389926323458, 0.05888266236691227, 0.05537088942905213, 0.0438897208893274, 0.04867293757394322, 0.046294220040288804, 0.05010582058080118, 0.04344842750114218, 0.04671786778218896, 0.04609575928276885, 0.04704975449956902, 0.04085060097963012, 0.044592152501799195, 0.03361630314131641, 0.036733136906111956, 0.041272042827494346, 0.033583688460686795, 0.03513044947368214, 0.04182174729820666, 0.03169493517384198, 0.03630608794137077, 0.031051964381065875, 0.03380442104875291, 0.02676884731386998, 0.029017955729683666, 0.027798703089586155, 0.0320783175511585, 0.030786783594316813, 0.03037802333357772, 0.030285548580351915, 0.03263141698125678, 0.02563541513158896, 0.028442838966526194, 0.02242179780839319, 0.027850536693463983, 0.02937327230302901, 0.026328810421804773, 0.027803319285053408, 0.024251647231448854, 0.024413308891506384, 0.02451388442838722, 0.03074371063330984, 0.025848324410200442, 0.026181054888719833, 0.024126367997730845, 0.02295361762441669, 0.02273688587050305, 0.022540093663648276, 0.025632812433088438, 0.019318708562109696, 0.02264462128391857, 0.02159213426063856, 0.02593844286938475, 0.025830129985203863, 0.024274057877583008, 0.020247566922239675, 0.024346081391856917, 0.02317773775950589, 0.021122159614505167, 0.023442518607988162, 0.01928233392150429, 0.02237535565417918, 0.022280053246591356, 0.019645644496396344, 0.01872200316250058, 0.020038017833710967, 0.019303485356775625, 0.024409675820534625, 0.023496808241958014, 0.020411379148740808, 0.019900480434739045, 0.02423350480575709, 0.02266783646656213, 0.017586970142475313, 0.015983268905253596, 0.020587944640468595, 0.021407280807344154, 0.017147773827070452, 0.026556325200443705, 0.02022427677896897, 0.01644961225949829, 0.020101376288633177, 0.018691701377970295, 0.01939356496908563, 0.018773682625426658]
BBSR:100.0
ABSR:100.0
max acc:98.57
