======================================
    IID: 0
    Dataset: mnist
    Model: Mnist_CNN
    Model Init: None
    Aggregation Function: fltrust
    Fraction NonIID: 0
    Long attack: 3
    Wide attack: 3
    Wide attack: trust
    Threshold reject: 0.5
    Threshold down: 0.0
    Attack method: badnet
    Fraction of malicious agents: 13.0%
    Poison Frac: 0.2
    Backdoor From 7 to 2
    Attack Begin: 0
    Trigger Shape: square
    Type poisoning: cs
    Trigger Position X: 0
    Trigger Position Y: 0
    Number of agents: 100
    Fraction of agents each turn: 30(30.0%)
    Local batch size: 50
    Local epoch: 3
    Client_LR: 0.01
    Client_Momentum: 0.9
    Global Rounds: 100
    Dataset In Server: 200
======================================
main_task_accuracy=[0, 37.04999923706055, 43.869998931884766, 45.040000915527344, 52.5, 58.970001220703125, 70.55999755859375, 73.41000366210938, 72.43000030517578, 68.80999755859375, 84.26000213623047, 78.68000030517578, 83.72000122070312, 86.33000183105469, 83.33000183105469, 91.54000091552734, 87.16999816894531, 87.66000366210938, 86.93000030517578, 90.63999938964844, 90.88999938964844, 90.63999938964844, 92.73999786376953, 92.26000213623047, 93.80000305175781, 88.91999816894531, 91.69000244140625, 92.62999725341797, 92.75, 91.86000061035156, 94.05999755859375, 93.13999938964844, 93.93000030517578, 92.18000030517578, 93.81999969482422, 93.7699966430664, 94.18000030517578, 90.33000183105469, 93.77999877929688, 90.36000061035156, 94.43000030517578, 95.19000244140625, 92.69000244140625, 95.04000091552734, 94.98999786376953, 93.18000030517578, 95.01000213623047, 95.91999816894531, 92.48999786376953, 95.7699966430664, 94.9000015258789, 93.70999908447266, 93.66999816894531, 96.12999725341797, 96.3499984741211, 95.08000183105469, 96.37999725341797, 95.69999694824219, 96.37999725341797, 96.23999786376953, 96.30999755859375, 96.44999694824219, 96.94999694824219, 95.30999755859375, 94.56999969482422, 97.08999633789062, 94.51000213623047, 97.06999969482422, 96.4800033569336, 97.06999969482422, 96.13999938964844, 97.04000091552734, 95.70999908447266, 96.7699966430664, 97.30000305175781, 96.7699966430664, 96.94999694824219, 97.19000244140625, 97.38999938964844, 97.1500015258789, 96.8499984741211, 95.94000244140625, 97.22000122070312, 97.13999938964844, 96.93000030517578, 97.2699966430664, 97.18000030517578, 97.62000274658203, 96.88999938964844, 97.36000061035156, 97.0199966430664, 97.41999816894531, 97.22000122070312, 97.18000030517578, 97.30000305175781, 96.87000274658203, 97.61000061035156, 97.23999786376953, 96.58999633789062, 97.73999786376953, 97.4000015258789]
backdoor_accuracy=[0, 0.09727626459143969, 6.906614785992218, 0.19455252918287938, 16.342412451361866, 5.739299610894942, 1.556420233463035, 4.863813229571984, 2.9182879377431905, 1.556420233463035, 7.392996108949417, 3.404669260700389, 2.431906614785992, 6.031128404669261, 4.182879377431907, 4.377431906614786, 3.6964980544747084, 5.155642023346304, 1.9455252918287937, 3.5992217898832686, 4.377431906614786, 2.237354085603113, 3.8910505836575875, 2.9182879377431905, 8.268482490272374, 1.556420233463035, 7.976653696498055, 3.0155642023346303, 12.645914396887159, 2.0428015564202333, 7.198443579766537, 2.3346303501945527, 7.490272373540856, 2.431906614785992, 8.560311284046692, 1.556420233463035, 10.505836575875486, 1.1673151750972763, 3.307392996108949, 6.517509727626459, 3.307392996108949, 3.9883268482490273, 1.264591439688716, 6.3229571984435795, 4.280155642023346, 4.669260700389105, 6.809338521400778, 4.571984435797665, 1.3618677042801557, 13.910505836575876, 0.9727626459143969, 8.268482490272374, 1.0700389105058365, 3.501945525291829, 5.155642023346304, 1.6536964980544746, 1.9455252918287937, 5.058365758754864, 2.237354085603113, 6.712062256809339, 1.4591439688715953, 9.53307392996109, 1.6536964980544746, 13.229571984435797, 0.7782101167315175, 3.404669260700389, 0.8754863813229572, 3.11284046692607, 2.3346303501945527, 4.766536964980545, 5.3501945525291825, 2.821011673151751, 8.073929961089494, 1.556420233463035, 4.863813229571984, 3.11284046692607, 4.961089494163424, 1.6536964980544746, 4.182879377431907, 2.237354085603113, 6.42023346303502, 0.7782101167315175, 8.657587548638132, 2.140077821011673, 12.743190661478598, 0.9727626459143969, 5.739299610894942, 1.264591439688716, 6.22568093385214, 1.7509727626459144, 2.9182879377431905, 2.3346303501945527, 3.9883268482490273, 2.821011673151751, 12.645914396887159, 0.7782101167315175, 8.754863813229573, 1.556420233463035, 4.377431906614786, 3.307392996108949, 8.073929961089494]
loss_list=[0.4430183201862594, 0.42076969059591035, 0.30434143450168943, 0.24512498963958043, 0.18900367193637907, 0.17660418476476003, 0.16436593390620186, 0.15501746926295862, 0.136331681628311, 0.1360211193762219, 0.1295419541984361, 0.11397832665900752, 0.12069466765045725, 0.08154346315854649, 0.09776034151626924, 0.08537264113541038, 0.07911854367291503, 0.07329479049898552, 0.08183117034321093, 0.08376043529280389, 0.08301230244444677, 0.07201315407566433, 0.07403053118650774, 0.07398129466694733, 0.07575127280636461, 0.0595579142306316, 0.06591887156133114, 0.058695823386948905, 0.06864215400827897, 0.060900277358176026, 0.060894283604524466, 0.06288312051198128, 0.058104866516468894, 0.05541938120857408, 0.06334816450341416, 0.052933376131950635, 0.05671459592275592, 0.05994030765785405, 0.06639457206243794, 0.05516114169813684, 0.05591245892134809, 0.050459848593392184, 0.04696213844899873, 0.049909811232410915, 0.05072659883208198, 0.05798732727257417, 0.0514971458986418, 0.04671106259433056, 0.04610696611140495, 0.046570375421244384, 0.04824064423342682, 0.044982131479697283, 0.044213257288494255, 0.03527332783043625, 0.04284193241078127, 0.04004557605289025, 0.05674283006874058, 0.037415574943301874, 0.037305031290175296, 0.04059240393497537, 0.03820835453459748, 0.03302002150532622, 0.03828012320239849, 0.048637749557486315, 0.043702707663751617, 0.03210982624501786, 0.04962667504814307, 0.03551867011757783, 0.0483416332350819, 0.03459179306455329, 0.03461352763589761, 0.04239909631983809, 0.035320192874268276, 0.05164696215698069, 0.04350064212868335, 0.04451081219298114, 0.034616747796175386, 0.04756952281601766, 0.03335480120785075, 0.03958068944969247, 0.0355170465336723, 0.03418300102049668, 0.03567590249430053, 0.0303550492451383, 0.03129870247699718, 0.03366154812911453, 0.03653230555516991, 0.034574126514240855, 0.039232697493869546, 0.03878569161495166, 0.03472923111681462, 0.03433717153800151, 0.03316319397752511, 0.04311002530964573, 0.028920625214897622, 0.030144853158954113, 0.03580960267930489, 0.03489437323527635, 0.031527816227370914, 0.0282556205153949]
BBSR:12.65
ABSR:4.86
max acc:97.74
