======================================
    IID: 0
    Dataset: mnist
    Model: Mnist_CNN
    Model Init: None
    Aggregation Function: flame
    Fraction NonIID: 0
    Long attack: 5
    Wide attack: 5
    Wide attack: trust
    Threshold reject: 0.5
    Threshold down: 0.0
    Attack method: badnet
    Fraction of malicious agents: 13.0%
    Poison Frac: 0.2
    Backdoor From 7 to 2
    Attack Begin: 0
    Trigger Shape: square
    Type poisoning: pgd
    Trigger Position X: 0
    Trigger Position Y: 0
    Number of agents: 100
    Fraction of agents each turn: 30(30.0%)
    Local batch size: 50
    Local epoch: 3
    Client_LR: 0.01
    Client_Momentum: 0.9
    Global Rounds: 100
    Noise in FLAME: 0.001
proportion of malicious are selected:0.7533333333333333
proportion of benign are selected:0.5474074074074075
======================================
main_task_accuracy=[0, 30.530000686645508, 41.689998626708984, 37.79999923706055, 43.43000030517578, 60.77000045776367, 65.02999877929688, 68.41000366210938, 61.43000030517578, 60.540000915527344, 66.25, 68.48999786376953, 63.720001220703125, 74.11000061035156, 74.13999938964844, 74.80999755859375, 74.18000030517578, 71.06999969482422, 71.58000183105469, 76.0199966430664, 73.13999938964844, 70.72000122070312, 68.80000305175781, 76.4800033569336, 75.16000366210938, 72.6500015258789, 77.0999984741211, 75.68000030517578, 74.43000030517578, 72.43000030517578, 74.06999969482422, 72.55999755859375, 77.7699966430664, 75.30999755859375, 74.48999786376953, 73.2300033569336, 77.18000030517578, 76.61000061035156, 77.52999877929688, 78.13999938964844, 77.51000213623047, 76.93000030517578, 78.26000213623047, 77.52999877929688, 77.51000213623047, 77.33999633789062, 77.05000305175781, 76.01000213623047, 74.33000183105469, 78.75, 78.04000091552734, 78.16000366210938, 78.66999816894531, 77.75, 77.75, 77.69999694824219, 79.16999816894531, 78.9800033569336, 78.73999786376953, 78.16999816894531, 77.86000061035156, 77.69000244140625, 76.95999908447266, 76.62999725341797, 75.94999694824219, 75.2300033569336, 75.88999938964844, 75.12000274658203, 75.05000305175781, 78.62999725341797, 78.22000122070312, 77.94000244140625, 78.47000122070312, 78.26000213623047, 78.79000091552734, 78.69999694824219, 78.44999694824219, 78.25, 78.6500015258789, 78.94999694824219, 78.54000091552734, 78.0, 78.63999938964844, 77.95999908447266, 79.02999877929688, 78.23999786376953, 78.0, 79.0199966430664, 79.11000061035156, 78.80000305175781, 78.68000030517578, 78.76000213623047, 78.87999725341797, 78.75, 78.27999877929688, 78.22000122070312, 78.06999969482422, 78.83000183105469, 78.8499984741211, 79.29000091552734, 78.76000213623047]
backdoor_accuracy=[0, 0.0, 1.0700389105058365, 0.0, 0.0, 0.0, 0.0, 0.0, 0.0, 0.0, 0.0, 0.0, 0.0, 0.0, 0.0, 0.0, 0.0, 0.0, 0.0, 0.0, 0.0, 0.0, 0.0, 0.0, 0.0, 0.0, 0.0, 0.0, 0.0, 0.0, 0.0, 0.0, 0.0, 0.0, 0.0, 0.0, 0.0, 0.0, 0.0, 0.0, 0.0, 0.0, 0.0, 0.0, 0.0, 0.0, 0.0, 0.0, 0.0, 0.0, 0.0, 0.0, 0.0, 0.0, 0.0, 0.0, 0.38910505836575876, 0.8754863813229572, 0.6809338521400778, 0.7782101167315175, 0.48638132295719844, 0.5836575875486382, 1.0700389105058365, 1.1673151750972763, 1.3618677042801557, 1.3618677042801557, 0.9727626459143969, 1.1673151750972763, 1.556420233463035, 1.0700389105058365, 0.8754863813229572, 0.5836575875486382, 0.5836575875486382, 0.5836575875486382, 0.48638132295719844, 0.19455252918287938, 0.2918287937743191, 0.38910505836575876, 0.19455252918287938, 1.0700389105058365, 0.2918287937743191, 0.2918287937743191, 0.9727626459143969, 0.5836575875486382, 1.1673151750972763, 0.8754863813229572, 0.8754863813229572, 2.529182879377432, 6.3229571984435795, 5.155642023346304, 5.058365758754864, 2.431906614785992, 3.11284046692607, 1.8482490272373542, 4.474708171206226, 4.863813229571984, 11.186770428015564, 26.653696498054476, 50.38910505836576, 50.29182879377432, 28.59922178988327]
loss_list=[0.47216310435173714, 0.42279868044968727, 0.3030446390040836, 0.2545760235249834, 0.21456672394855877, 0.17480588705412994, 0.20484343676115435, 0.1336982378082228, 0.1657125136593774, 0.14775929499014728, 0.17239498284261234, 0.15407362463211452, 0.17597446142730172, 0.13643509008374735, 0.12123610336250908, 0.1212542897949851, 0.12720485585176594, 0.13225835303590555, 0.11656682090313515, 0.09368996771633192, 0.13241913878481562, 0.10198574898636115, 0.14848814042600647, 0.12397882732141365, 0.1172003071422464, 0.1585980921679246, 0.12800588254155001, 0.0955953585728031, 0.08885280177099059, 0.10536556641226644, 0.11286118918790357, 0.1285740437382162, 0.08476689949057065, 0.1320291040531953, 0.10765143720185025, 0.12834998144066218, 0.11070466799287067, 0.09722792739039672, 0.11633951512344241, 0.07423189776101274, 0.09374519018576066, 0.11816073163528139, 0.1249864156904685, 0.0980527388838847, 0.10470269892358527, 0.08750842172176491, 0.08420868009236535, 0.14149006646649148, 0.11289156235597468, 0.08718777188260923, 0.09862613360398773, 0.09190223127323188, 0.08061576787814391, 0.08655680967239317, 0.11185662125217147, 0.08976050294281518, 0.0742063234182572, 0.09256645245650835, 0.07468112119228329, 0.10104638277001077, 0.06851478615865811, 0.08160220119778215, 0.09200585288564049, 0.08852217308509398, 0.11502539249380561, 0.10590804926151957, 0.11017490300847803, 0.06965974723684276, 0.09395337415257186, 0.07547162405491242, 0.09621067195863017, 0.09132709495474335, 0.0942737059222155, 0.08841784615567062, 0.07275212190117775, 0.08477709971681827, 0.09871441598737168, 0.08788042557196002, 0.12170563696533114, 0.09179185914486182, 0.07162418113090872, 0.12308076845464427, 0.0918043652023639, 0.09901694367633902, 0.1006253187090102, 0.07562236195493705, 0.0900700000828282, 0.09829213617622275, 0.08985212400081581, 0.10150901411994831, 0.12144043461429356, 0.11822404763273381, 0.08606088517133993, 0.09617063231630384, 0.08758462241021193, 0.08847842893625983, 0.11860311892588418, 0.0904552227329955, 0.11311642266977144, 0.07774075258801937]
BBSR:50.39
ABSR:18.39
max acc:79.29
