======================================
    IID: 0
    Dataset: mnist
    Model: Mnist_CNN
    Model Init: None
    Aggregation Function: fltrust
    Fraction NonIID: 0
    Long attack: 4
    Wide attack: 4
    Wide attack: trust
    Threshold reject: 0.5
    Threshold down: 0.0
    Attack method: dba
    Fraction of malicious agents: 13.0%
    Poison Frac: 0.2
    Backdoor From 7 to 2
    Attack Begin: 0
    Trigger Shape: square
    Type poisoning: 
    Trigger Position X: 0
    Trigger Position Y: 0
    Number of agents: 100
    Fraction of agents each turn: 30(30.0%)
    Local batch size: 50
    Local epoch: 3
    Client_LR: 0.01
    Client_Momentum: 0.9
    Global Rounds: 100
    Dataset In Server: 200
======================================
main_task_accuracy=[0, 35.66999816894531, 48.56999969482422, 38.25, 49.65999984741211, 65.18000030517578, 66.91000366210938, 73.20999908447266, 71.08999633789062, 78.13999938964844, 88.16000366210938, 78.63999938964844, 87.0, 80.97000122070312, 90.45999908447266, 81.8499984741211, 89.25, 87.4000015258789, 88.54000091552734, 87.5, 83.8499984741211, 87.37999725341797, 89.23999786376953, 90.33999633789062, 91.11000061035156, 92.80999755859375, 91.27999877929688, 94.19000244140625, 87.69999694824219, 90.37000274658203, 90.91000366210938, 92.86000061035156, 93.48999786376953, 91.76000213623047, 94.0199966430664, 94.2300033569336, 94.16000366210938, 91.68000030517578, 94.76000213623047, 92.7300033569336, 95.80999755859375, 92.77999877929688, 95.19999694824219, 94.69999694824219, 95.75, 94.73999786376953, 94.9800033569336, 95.13999938964844, 95.77999877929688, 94.94000244140625, 95.45999908447266, 91.48999786376953, 95.48999786376953, 95.11000061035156, 95.18000030517578, 96.12000274658203, 95.91000366210938, 95.11000061035156, 96.93000030517578, 93.5199966430664, 96.66000366210938, 95.56999969482422, 96.5999984741211, 96.20999908447266, 96.7699966430664, 96.4800033569336, 97.38999938964844, 95.69000244140625, 97.06999969482422, 96.41999816894531, 96.58999633789062, 96.41999816894531, 96.83000183105469, 96.9800033569336, 96.37000274658203, 96.95999908447266, 97.05000305175781, 97.19000244140625, 97.23999786376953, 96.93000030517578, 97.4800033569336, 96.08999633789062, 97.61000061035156, 96.23999786376953, 97.47000122070312, 97.2300033569336, 97.54000091552734, 96.88999938964844, 97.38999938964844, 96.76000213623047, 97.86000061035156, 96.47000122070312, 98.0199966430664, 97.05999755859375, 97.87000274658203, 97.4800033569336, 97.80000305175781, 97.75, 97.31999969482422, 97.95999908447266, 97.66000366210938]
backdoor_accuracy=[0, 6.22568093385214, 0.48638132295719844, 0.0, 1.7509727626459144, 0.09727626459143969, 3.501945525291829, 0.7782101167315175, 7.003891050583658, 1.8482490272373542, 2.821011673151751, 1.7509727626459144, 7.490272373540856, 1.3618677042801557, 2.3346303501945527, 1.0700389105058365, 9.04669260700389, 1.1673151750972763, 1.7509727626459144, 2.7237354085603114, 3.9883268482490273, 3.307392996108949, 3.9883268482490273, 2.0428015564202333, 2.9182879377431905, 2.9182879377431905, 1.264591439688716, 6.906614785992218, 0.8754863813229572, 4.669260700389105, 0.9727626459143969, 3.5992217898832686, 2.237354085603113, 2.431906614785992, 5.642023346303502, 2.140077821011673, 2.0428015564202333, 2.431906614785992, 3.7937743190661477, 2.0428015564202333, 4.280155642023346, 1.8482490272373542, 1.9455252918287937, 5.252918287937743, 2.0428015564202333, 3.21011673151751, 3.7937743190661477, 7.490272373540856, 2.0428015564202333, 2.237354085603113, 10.408560311284047, 1.0700389105058365, 11.284046692607005, 3.307392996108949, 2.237354085603113, 6.712062256809339, 2.140077821011673, 5.252918287937743, 5.447470817120623, 2.0428015564202333, 9.24124513618677, 1.6536964980544746, 5.252918287937743, 5.252918287937743, 9.43579766536965, 3.0155642023346303, 8.949416342412452, 1.7509727626459144, 27.237354085603112, 3.9883268482490273, 5.155642023346304, 8.463035019455253, 7.879377431906615, 9.43579766536965, 24.80544747081712, 7.003891050583658, 8.463035019455253, 12.645914396887159, 20.330739299610894, 4.766536964980545, 14.591439688715953, 12.743190661478598, 19.55252918287938, 15.077821011673151, 22.66536964980545, 32.00389105058366, 34.63035019455253, 22.276264591439688, 19.55252918287938, 24.027237354085603, 58.85214007782101, 8.073929961089494, 38.91050583657587, 9.33852140077821, 46.98443579766537, 28.11284046692607, 52.14007782101167, 41.14785992217899, 11.089494163424124, 81.22568093385215, 14.299610894941635]
loss_list=[0.566896290323855, 0.4588235695112014, 0.32527930180446135, 0.27082884146582276, 0.19254915064697703, 0.19194466343579852, 0.17445193668234854, 0.16038213356552344, 0.12814896563398362, 0.1670276804162204, 0.12587810973352123, 0.12902797952547787, 0.10672926075445352, 0.12689289499413944, 0.10516280079146934, 0.10240358324285523, 0.0918923486911522, 0.08907078581363888, 0.08016601292337705, 0.07765114726213516, 0.07532723180730509, 0.06318917466705072, 0.09383923017363836, 0.07868133130677037, 0.07583332511416553, 0.06442582765190419, 0.08082081014103885, 0.0640239933513113, 0.07766450459681264, 0.06192485822533314, 0.07420675050864171, 0.05872646347930515, 0.04956368739903057, 0.054424031357789046, 0.05689703458678614, 0.06093898957781706, 0.05418510441275045, 0.0471380511063851, 0.039085912403682414, 0.05576618562253684, 0.0467032660478556, 0.05448862616693886, 0.048198465596742235, 0.06053860377082407, 0.04621406943039374, 0.050389589827517095, 0.043305870321407876, 0.04181272524842523, 0.05099519257685454, 0.05144954911375071, 0.039008969259470457, 0.046737210429139586, 0.04156585114612534, 0.03940261363699771, 0.03948159447698142, 0.03514327836993877, 0.04123864305831875, 0.0471468416886413, 0.033710670907665254, 0.04736210958577532, 0.0352837174607695, 0.04704867709235653, 0.0398667450499836, 0.04198413922897551, 0.04213419592894597, 0.03526884268936312, 0.03669395540116668, 0.03934529756615476, 0.03607386930253867, 0.032854647912158, 0.04470176574328181, 0.03479010690580918, 0.03984996896250129, 0.03364076194035463, 0.04481270153966937, 0.038790720942292516, 0.04004400671402139, 0.03792590600612981, 0.030881110792151733, 0.028609380353872227, 0.030887255748498287, 0.03919007411195649, 0.026299838897877213, 0.03766170737139028, 0.03390682996601098, 0.04209770599480941, 0.029842229727824323, 0.03385828004218421, 0.031186123252928133, 0.029936687139462334, 0.025291641053456302, 0.03659814626193379, 0.02870501266633989, 0.03353784276121363, 0.0284842312732831, 0.02638233495191217, 0.03090237780178741, 0.025184134915922283, 0.027693704815133596, 0.03233400640390818]
BBSR:81.23
ABSR:33.13
max acc:98.02
