======================================
    IID: 1
    Dataset: cifar
    Model: resnet
    Model Init: None
    Aggregation Function: DABA
    Fraction NonIID: 0
    Long attack: 3
    Wide attack: 3
    Wide attack: trust
    Threshold reject: 0.5
    Threshold down: 0.0
    Attack method: badnet
    Fraction of malicious agents: 13.0%
    Poison Frac: 0.2
    Backdoor From 7 to 2
    Attack Begin: 0
    Trigger Shape: square
    Type poisoning: pgd
    Trigger Position X: 0
    Trigger Position Y: 0
    Number of agents: 100
    Fraction of agents each turn: 30(30.0%)
    Local batch size: 50
    Local epoch: 3
    Client_LR: 0.01
    Client_Momentum: 0.9
    Global Rounds: 100
======================================
main_task_accuracy=[0, 10.329999923706055, 20.299999237060547, 39.540000915527344, 39.70000076293945, 47.130001068115234, 50.86000061035156, 54.040000915527344, 55.400001525878906, 59.41999816894531, 60.310001373291016, 62.34000015258789, 63.41999816894531, 64.0999984741211, 64.05999755859375, 64.47000122070312, 63.97999954223633, 65.5999984741211, 66.43000030517578, 64.7699966430664, 67.69999694824219, 66.80999755859375, 67.75, 67.68000030517578, 67.18000030517578, 67.41000366210938, 68.02999877929688, 69.18000030517578, 69.97000122070312, 69.4800033569336, 70.5, 69.86000061035156, 70.58000183105469, 70.51000213623047, 70.11000061035156, 71.93000030517578, 71.1500015258789, 72.19000244140625, 72.33000183105469, 72.2300033569336, 72.33999633789062, 70.9000015258789, 72.80999755859375, 73.3499984741211, 73.05000305175781, 72.91000366210938, 73.05000305175781, 73.2699966430664, 73.27999877929688, 73.4800033569336, 73.41999816894531, 73.27999877929688, 73.2300033569336, 73.45999908447266, 73.5, 73.52999877929688, 73.44000244140625, 72.94999694824219, 73.19999694824219, 73.05000305175781, 73.12000274658203, 73.11000061035156, 73.01000213623047, 73.1500015258789, 73.20999908447266, 73.33999633789062, 73.16000366210938, 73.23999786376953, 73.12999725341797, 73.1500015258789, 73.26000213623047, 73.05999755859375, 73.01000213623047, 73.05000305175781, 73.25, 73.20999908447266, 73.23999786376953, 73.08000183105469, 73.12999725341797, 73.06999969482422, 72.98999786376953, 73.0999984741211, 73.0, 73.0, 72.98999786376953, 73.0, 73.0999984741211, 73.08999633789062, 72.98999786376953, 73.08000183105469, 73.27999877929688, 73.08999633789062, 73.16999816894531, 73.05000305175781, 72.9800033569336, 73.02999877929688, 72.9000015258789, 72.87999725341797, 72.81999969482422, 72.93000030517578, 72.8499984741211]
backdoor_accuracy=[0, 0.7, 12.7, 3.9, 4.5, 3.7, 2.7, 3.7, 2.7, 1.6, 2.0, 3.3, 2.6, 3.2, 2.3, 1.0, 1.1, 0.9, 1.3, 1.6, 2.0, 2.2, 1.6, 0.9, 1.6, 0.9, 1.1, 1.2, 1.3, 0.8, 2.0, 1.3, 1.4, 1.6, 1.1, 2.0, 0.9, 1.0, 1.9, 1.0, 1.4, 1.5, 1.2, 1.6, 1.2, 1.4, 2.2, 2.3, 1.5, 1.9, 1.5, 1.5, 1.5, 1.6, 1.9, 1.6, 1.9, 1.9, 1.7, 1.8, 2.0, 1.9, 1.9, 2.0, 2.1, 1.9, 2.1, 2.1, 2.1, 2.2, 2.0, 2.0, 2.1, 2.1, 2.1, 2.1, 2.0, 2.0, 2.0, 2.0, 2.0, 2.2, 2.0, 2.1, 1.9, 1.9, 2.1, 2.0, 2.0, 2.0, 2.0, 2.0, 1.9, 2.0, 1.9, 2.2, 2.0, 2.0, 2.0, 2.2, 1.9]
loss_list=[1.9867627122667098, 1.5629542310370337, 1.1178088318308197, 0.9768195486399863, 0.791515072327521, 0.6909524607410034, 0.6361303388037615, 0.59835907973763, 0.5158714103181329, 0.509442845702999, 0.44571238639040117, 0.4494070021414922, 0.3943483972901271, 0.4070824467432167, 0.34725883704713645, 0.3635062449715204, 0.3558377065923477, 0.3152741849660459, 0.3302729908004404, 0.28616163799539207, 0.2774784720187179, 0.24412878926688186, 0.23683753751218323, 0.2837180396614389, 0.23892082148567878, 0.2384427940493657, 0.1859550460947988, 0.21285045819382906, 0.23115263230581246, 0.15190163311134608, 0.12532784426843538, 0.1943582525258858, 0.1972067055677891, 0.1400393098217642, 0.1272081489824793, 0.13731599912564788, 0.1250718622968998, 0.09549012888423426, 0.11638301215044014, 0.089356336574096, 0.12156805325066672, 0.08017898216164515, 0.05908062330421266, 0.06871358788526978, 0.07417447258187973, 0.05245605246458176, 0.03294947302625386, 0.060569897587766826, 0.04168919989748651, 0.0538909413975974, 0.060868500577861515, 0.042959990336837825, 0.037818362015661675, 0.04029331998876942, 0.02952621104105168, 0.04071137737374456, 0.02224448682578643, 0.032953990796231666, 0.03259930772289712, 0.04243349652921703, 0.024421440376592933, 0.029718775247149297, 0.025140529016482314, 0.03511881404622627, 0.04653089292745184, 0.031308632651602636, 0.03768326092243013, 0.02848849123471558, 0.035938181706426084, 0.030429209922488844, 0.03480267010545098, 0.019549162998478586, 0.031382630107400465, 0.023608477986191354, 0.026397273127060743, 0.03550195243688196, 0.029194446445326327, 0.03157745439730611, 0.025668258424638123, 0.0230987790373749, 0.025011784998544794, 0.018831811806497473, 0.02456017031856593, 0.021897441956340732, 0.012306548566929353, 0.02547947140832548, 0.01591580588469191, 0.020448469938532464, 0.01021752601052867, 0.02058549343282519, 0.008712990830633009, 0.0363388856284372, 0.014939961093154526, 0.010688528927437598, 0.016729214425245626, 0.02450831232322444, 0.013208282336717173, 0.017681872914884784, 0.024061643499298957, 0.015517575011916864]
BBSR:2.2
ABSR:2.01
max acc:73.17
