======================================
    IID: 0
    Dataset: fashion_mnist
    Model: Mnist_CNN
    Model Init: None
    Aggregation Function: fltrust
    Fraction NonIID: 0
    Long attack: 3
    Wide attack: 3
    Wide attack: trust
    Threshold reject: 0.5
    Threshold down: 0.0
    Attack method: badnet
    Fraction of malicious agents: 20.0%
    Poison Frac: 0.2
    Backdoor From 7 to 2
    Attack Begin: 0
    Trigger Shape: square
    Type poisoning: pgd
    Trigger Position X: 0
    Trigger Position Y: 0
    Number of agents: 100
    Fraction of agents each turn: 30(30.0%)
    Local batch size: 50
    Local epoch: 3
    Client_LR: 0.01
    Client_Momentum: 0.9
    Global Rounds: 100
    Dataset In Server: 200
======================================
main_task_accuracy=[0, 63.380001068115234, 64.97000122070312, 68.91999816894531, 72.80999755859375, 73.83000183105469, 74.91000366210938, 75.91999816894531, 76.66999816894531, 77.02999877929688, 77.41000366210938, 77.98999786376953, 78.69999694824219, 78.56999969482422, 79.01000213623047, 79.1500015258789, 79.70999908447266, 80.37999725341797, 80.55999755859375, 80.80999755859375, 81.30999755859375, 82.01000213623047, 81.56999969482422, 81.94999694824219, 82.18000030517578, 82.55999755859375, 82.80999755859375, 83.04000091552734, 83.13999938964844, 83.26000213623047, 83.47000122070312, 83.31999969482422, 83.45999908447266, 83.81999969482422, 83.5999984741211, 83.69999694824219, 84.58999633789062, 84.38999938964844, 84.31999969482422, 84.58000183105469, 84.5999984741211, 84.55000305175781, 84.55000305175781, 84.48999786376953, 84.51000213623047, 84.69000244140625, 85.06999969482422, 85.5199966430664, 85.12000274658203, 85.4000015258789, 85.12999725341797, 85.69000244140625, 85.70999908447266, 85.87999725341797, 85.80000305175781, 85.75, 86.19000244140625, 86.04000091552734, 85.94999694824219, 85.68000030517578, 85.94000244140625, 86.13999938964844, 86.12000274658203, 86.2300033569336, 86.20999908447266, 86.3499984741211, 86.5199966430664, 86.26000213623047, 86.30999755859375, 86.4000015258789, 86.31999969482422, 86.4800033569336, 86.77999877929688, 86.5999984741211, 86.43000030517578, 86.56999969482422, 86.54000091552734, 86.31999969482422, 86.73999786376953, 87.08000183105469, 87.05000305175781, 86.91999816894531, 86.77999877929688, 86.94000244140625, 87.12999725341797, 86.94000244140625, 86.87999725341797, 86.19000244140625, 86.91999816894531, 87.41000366210938, 87.4000015258789, 87.54000091552734, 87.62999725341797, 87.68000030517578, 87.41000366210938, 87.47000122070312, 87.68000030517578, 87.22000122070312, 87.04000091552734, 87.08999633789062, 87.20999908447266]
backdoor_accuracy=[0, 0.0, 0.0, 0.0, 0.0, 0.0, 0.0, 0.0, 0.1, 0.1, 0.9, 1.8, 4.2, 8.5, 21.4, 50.1, 64.1, 74.1, 84.1, 92.0, 90.1, 94.8, 96.4, 96.5, 99.1, 99.1, 99.3, 99.8, 99.7, 99.8, 99.8, 99.8, 99.8, 99.8, 99.9, 99.9, 99.9, 99.9, 99.9, 99.9, 99.9, 99.9, 99.9, 99.9, 100.0, 100.0, 99.9, 99.9, 99.9, 99.9, 99.9, 100.0, 99.9, 99.9, 99.9, 99.9, 100.0, 100.0, 100.0, 100.0, 100.0, 100.0, 100.0, 100.0, 100.0, 100.0, 100.0, 100.0, 100.0, 100.0, 100.0, 100.0, 100.0, 100.0, 100.0, 100.0, 100.0, 100.0, 100.0, 100.0, 100.0, 100.0, 100.0, 100.0, 100.0, 100.0, 100.0, 100.0, 100.0, 100.0, 100.0, 100.0, 100.0, 100.0, 100.0, 100.0, 100.0, 100.0, 100.0, 100.0, 100.0]
loss_list=[1.4282105567830579, 1.1086917093506563, 0.8795423826133764, 0.7368845221069124, 0.6668115323892344, 0.6175858350263702, 0.5972720471797165, 0.5649178745432032, 0.5344977420099357, 0.5415127626033844, 0.5150373661821639, 0.52159484455155, 0.4559769914657981, 0.46942554519132323, 0.47278221936689485, 0.45954442825858244, 0.450284881475899, 0.4450531208473775, 0.43818141384119247, 0.4250011899818977, 0.4032172666931595, 0.42036519332064515, 0.41148880233091345, 0.3934251451243957, 0.44186189576845486, 0.3857062403457584, 0.400399153576129, 0.4027295214365477, 0.40517505099651985, 0.38171044881628063, 0.39703939791630816, 0.3820290601570848, 0.3740579486169197, 0.35847910190759985, 0.35443829340791255, 0.35308498132077076, 0.3563295575617639, 0.3613415948356743, 0.36421505788824077, 0.3309893308000433, 0.34826389231063704, 0.33782448600977666, 0.3536715430655964, 0.3451053980461977, 0.35276438425881435, 0.3432161267087967, 0.34815760954041713, 0.3431285129860044, 0.3280488340425546, 0.307823173881129, 0.3385271380965909, 0.33102239248929194, 0.32747862663947874, 0.32499825472564053, 0.330074003049069, 0.325218366338285, 0.33885204141821573, 0.3008420098848917, 0.32702010706481005, 0.29622179535045123, 0.30749314176263637, 0.3102439680309208, 0.31175662853099684, 0.302328826331844, 0.29599810074324956, 0.3178167352038953, 0.29843143661747923, 0.3334604540770805, 0.3083627162915138, 0.2966980627806926, 0.2722474248251981, 0.30170048426974705, 0.30802114712833256, 0.2936599880801858, 0.28476277618427515, 0.28595954123884443, 0.2995074297749885, 0.29958064644425003, 0.28668043073956617, 0.27687223818394596, 0.28890898163188944, 0.2857473720796406, 0.287328686406491, 0.2787880806855995, 0.28003259595759494, 0.28763754652399154, 0.3001073658949247, 0.29886592077263807, 0.28169058914192857, 0.2603558419858692, 0.26928903057446907, 0.26799872600714925, 0.26316040919541756, 0.2697237978982566, 0.2830304191896209, 0.2611962744241787, 0.2757636878018578, 0.2809930709363133, 0.2550368169633051, 0.2633717853575944]
BBSR:100.0
ABSR:100.0
max acc:87.68
