======================================
    IID: 0
    Dataset: mnist
    Model: Mnist_CNN
    Model Init: None
    Aggregation Function: krum
    Fraction NonIID: 0
    Long attack: 3
    Wide attack: 3
    Wide attack: trust
    Threshold reject: 0.5
    Threshold down: 0.0
    Attack method: badnet
    Fraction of malicious agents: 13.0%
    Poison Frac: 0.2
    Backdoor From 7 to 2
    Attack Begin: 0
    Trigger Shape: square
    Type poisoning: pgd
    Trigger Position X: 0
    Trigger Position Y: 0
    Number of agents: 100
    Fraction of agents each turn: 30(30.0%)
    Local batch size: 50
    Local epoch: 3
    Client_LR: 0.01
    Client_Momentum: 0.9
    Global Rounds: 100
    Proportion of malicious are selected: 0.72
    Average score of malicious clients: 1195.35693359375
    Average score of benign clients: 1486.8741455078125
======================================
main_task_accuracy=[0, 10.319999694824219, 20.90999984741211, 21.09000015258789, 11.350000381469727, 18.739999771118164, 19.469999313354492, 19.399999618530273, 23.280000686645508, 17.940000534057617, 21.690000534057617, 13.979999542236328, 24.829999923706055, 10.979999542236328, 26.799999237060547, 18.860000610351562, 18.8799991607666, 17.469999313354492, 22.6200008392334, 29.459999084472656, 36.84000015258789, 38.38999938964844, 46.0099983215332, 41.040000915527344, 43.79999923706055, 33.95000076293945, 17.860000610351562, 25.489999771118164, 30.309999465942383, 41.790000915527344, 39.439998626708984, 48.959999084472656, 9.800000190734863, 19.719999313354492, 19.6299991607666, 19.479999542236328, 19.5, 19.559999465942383, 22.1299991607666, 27.31999969482422, 29.18000030517578, 33.709999084472656, 28.25, 19.6299991607666, 19.850000381469727, 25.0, 29.170000076293945, 34.95000076293945, 43.08000183105469, 45.310001373291016, 19.690000534057617, 26.719999313354492, 25.850000381469727, 36.22999954223633, 43.84000015258789, 48.470001220703125, 20.65999984741211, 28.8700008392334, 27.610000610351562, 29.0, 38.06999969482422, 43.38999938964844, 48.18000030517578, 22.809999465942383, 39.439998626708984, 46.540000915527344, 24.649999618530273, 31.459999084472656, 37.91999816894531, 45.689998626708984, 22.219999313354492, 33.619998931884766, 39.7400016784668, 33.630001068115234, 45.040000915527344, 52.54999923706055, 35.65999984741211, 44.939998626708984, 36.4900016784668, 50.2400016784668, 27.329999923706055, 32.939998626708984, 35.90999984741211, 45.38999938964844, 36.779998779296875, 43.72999954223633, 39.279998779296875, 49.560001373291016, 42.18000030517578, 31.3700008392334, 45.869998931884766, 53.2599983215332, 46.25, 42.90999984741211, 49.630001068115234, 58.900001525878906, 36.459999084472656, 49.5, 57.75, 49.79999923706055, 54.939998626708984]
backdoor_accuracy=[0, 100.0, 0.0, 0.0, 0.0, 0.0, 0.0, 0.0, 0.0, 0.0, 0.0, 0.0, 0.0, 0.0, 0.0, 0.0, 0.0, 0.0, 0.0, 0.0, 0.0, 0.0, 0.0, 0.0, 0.0, 0.0, 0.0, 0.0, 0.0, 0.0, 0.0, 0.0, 0.0, 0.0, 0.0, 0.0, 0.0, 0.0, 0.0, 0.0, 0.0, 0.0, 0.0, 0.0, 0.0, 0.0, 0.0, 0.0, 0.0, 0.0, 0.0, 0.0, 0.0, 0.0, 0.0, 0.0, 0.0, 0.0, 0.0, 0.0, 0.0, 0.0, 0.0, 0.0, 0.0, 0.0, 0.0, 0.0, 0.0, 0.0, 0.0, 0.0, 0.0, 0.0, 0.0, 0.0, 0.0, 0.0, 0.0, 0.0, 0.0, 0.0, 0.0, 0.0, 0.0, 0.0, 0.0, 0.0, 0.0, 0.0, 0.0, 0.0, 0.0, 0.0, 0.0, 40.36964980544747, 0.0, 0.0, 1.1673151750972763, 0.0, 0.5836575875486382]
loss_list=[0.5290949651798635, 4.3187327845072705, 3.235894877781493, 1.4468799076218388, 1.2654297403604746, 1.1759697854271418, 0.8546125805278001, 0.6351495332816075, 0.7033861869979771, 0.556303901300827, 0.6084035460013101, 0.6072430062660836, 0.5143071893962751, 0.4726436894285272, 0.4210849709808159, 1.1448887797042027, 1.4091758154216483, 1.2052351592072914, 0.6996283031403976, 0.638449267766552, 0.6308264265298935, 0.5367304975874737, 0.5456849010294476, 0.5135788681784371, 0.48413787917751416, 0.4492208830988323, 0.8542064534772383, 0.6412023442926957, 0.5114991139798675, 0.4822198442093626, 0.4243113306565249, 0.4099694683631061, 1.666917283568563, 1.4859707269409494, 1.6161449943453419, 1.377650643246199, 1.0975469987795803, 0.9678789991994431, 0.7981091256960552, 0.6910575586210211, 0.621188334185086, 0.701082342642713, 0.5929461620928781, 1.3021688399842553, 0.8258428348289238, 0.8064501733390729, 0.6335660564587299, 0.5528944682012469, 0.6748726380882243, 0.5323592024566058, 0.848594164938691, 0.6955211626054278, 0.5883202841582542, 0.5550627554292308, 0.5436625925388464, 0.4707868022255686, 0.8317112393301311, 0.5176803723858568, 0.6899305568511147, 0.5690275552895784, 0.5343520823125025, 0.4913322338944493, 0.4514751863583018, 0.7110133186294197, 0.43590031844918414, 0.5074392996381777, 0.7391525081060806, 0.5530304444868069, 0.5704436378750734, 0.4923311224507255, 0.6727042857740024, 0.6424131852650639, 0.48202345983950684, 0.5340342882094655, 0.4873912289568058, 0.3771364236394283, 0.5648988423171558, 0.43453574823302676, 0.5594633252069382, 0.459747739607499, 0.5916574954447074, 0.49583696630279017, 0.4435565660782888, 0.49943353564141474, 0.46288064215382657, 0.44118266266913936, 0.4975846702836547, 0.44652630203647814, 0.4783381156069312, 0.5160903659311123, 0.43888775355150855, 0.37391120542105205, 0.4228657368249291, 0.43012080966318056, 0.4074479169279224, 0.4048760476401858, 0.5072685460885554, 0.3817443374347022, 0.3216455048827132, 0.3195542378635112]
BBSR:40.37
ABSR:4.21
max acc:58.9
