======================================
    IID: 1
    Dataset: cifar
    Model: resnet
    Model Init: None
    Aggregation Function: RLR
    Fraction NonIID: 0
    Long attack: 3
    Wide attack: 3
    Wide attack: trust
    Threshold reject: 0.5
    Threshold down: 0.0
    Attack method: badnet
    Fraction of malicious agents: 20.0%
    Poison Frac: 0.2
    Backdoor From 7 to 2
    Attack Begin: 0
    Trigger Shape: square
    Type poisoning: cs
    Trigger Position X: 0
    Trigger Position Y: 0
    Number of agents: 100
    Fraction of agents each turn: 30(30.0%)
    Local batch size: 50
    Local epoch: 3
    Client_LR: 0.01
    Client_Momentum: 0.9
    Global Rounds: 100
    RobustLR_threshold: 4
======================================
main_task_accuracy=[0, 10.130000114440918, 12.770000457763672, 24.100000381469727, 36.36000061035156, 40.38999938964844, 46.77000045776367, 49.7400016784668, 51.97999954223633, 55.209999084472656, 55.7599983215332, 56.810001373291016, 58.36000061035156, 57.779998779296875, 58.4900016784668, 60.119998931884766, 60.880001068115234, 62.09000015258789, 61.66999816894531, 62.20000076293945, 62.5, 63.5099983215332, 63.970001220703125, 63.959999084472656, 64.56999969482422, 64.48999786376953, 64.93000030517578, 64.29000091552734, 65.41999816894531, 65.95999908447266, 66.8499984741211, 65.98999786376953, 66.38999938964844, 67.37999725341797, 66.4000015258789, 66.94999694824219, 66.58999633789062, 67.45999908447266, 67.45999908447266, 66.9800033569336, 67.52999877929688, 66.58999633789062, 67.7699966430664, 67.77999877929688, 68.62000274658203, 68.16000366210938, 68.05999755859375, 66.69999694824219, 67.0999984741211, 67.58999633789062, 68.9800033569336, 69.31999969482422, 69.66000366210938, 68.97000122070312, 67.66999816894531, 67.44000244140625, 68.16999816894531, 67.5199966430664, 66.86000061035156, 66.30999755859375, 67.69000244140625, 69.26000213623047, 69.01000213623047, 70.11000061035156, 70.2699966430664, 69.58999633789062, 70.73999786376953, 70.70999908447266, 69.0999984741211, 70.58999633789062, 69.79000091552734, 70.69000244140625, 69.83999633789062, 68.6500015258789, 71.06999969482422, 70.63999938964844, 70.12000274658203, 70.80000305175781, 71.38999938964844, 71.36000061035156, 71.06999969482422, 71.08000183105469, 71.2699966430664, 70.58000183105469, 71.11000061035156, 71.27999877929688, 70.83000183105469, 70.4800033569336, 71.04000091552734, 71.5199966430664, 71.27999877929688, 71.26000213623047, 71.45999908447266, 71.1500015258789, 71.0199966430664, 71.12999725341797, 71.19000244140625, 71.47000122070312, 71.30000305175781, 71.25, 71.5]
backdoor_accuracy=[0, 0.0, 31.3, 13.3, 9.9, 6.6, 4.0, 2.3, 1.7, 1.7, 1.5, 2.5, 2.3, 1.8, 1.4, 1.6, 1.1, 2.0, 1.4, 1.3, 1.3, 1.1, 1.4, 1.9, 1.1, 1.2, 0.9, 0.7, 1.4, 1.1, 1.0, 1.2, 1.4, 1.5, 1.0, 0.9, 1.0, 0.9, 1.0, 0.6, 1.6, 1.2, 1.2, 1.7, 1.3, 1.9, 1.2, 1.3, 3.0, 1.4, 0.8, 1.1, 1.7, 1.2, 1.3, 1.3, 1.0, 0.9, 1.5, 0.8, 1.4, 1.2, 1.5, 1.4, 1.4, 0.9, 1.1, 1.3, 1.0, 1.3, 2.3, 2.6, 1.8, 1.2, 2.0, 2.1, 1.7, 1.8, 1.9, 1.6, 2.4, 3.3, 2.2, 1.9, 2.1, 2.0, 3.0, 1.5, 2.5, 2.5, 2.4, 2.7, 2.7, 1.8, 1.4, 3.1, 2.4, 1.9, 2.6, 2.0, 2.4]
loss_list=[1.9823299547036488, 1.5512366977002892, 1.2290012734797267, 1.0293141055603823, 0.9175485981421342, 0.7661835561734105, 0.735418738093641, 0.6899303404697112, 0.6112386060381929, 0.5862902618696293, 0.5468354572976628, 0.5672998510259721, 0.4705708391964435, 0.5020641346565551, 0.4628743215029439, 0.4370116117389666, 0.4227708932426241, 0.4132700722395546, 0.43436519889574915, 0.38291940149540704, 0.37987938473622, 0.37601421469201646, 0.36088453698282436, 0.33923767685579753, 0.3820046841270394, 0.31915207483909197, 0.32060009084434965, 0.30788285862085313, 0.2647675817097641, 0.2672906991472053, 0.27368996993224654, 0.32317281249121554, 0.2529611459886655, 0.23323257549290755, 0.2804970996754451, 0.270136551829055, 0.23608233680896878, 0.24076935419321266, 0.23902374939333332, 0.21808150557141442, 0.18613049637940193, 0.19862436112145784, 0.16614793669794578, 0.14827079420249598, 0.1680952086476868, 0.16633309391475962, 0.18092516819383794, 0.22641762254565648, 0.15569534948690691, 0.12391210064149667, 0.1032322496925998, 0.0976538958906248, 0.11331398851034465, 0.13533183663203896, 0.165545672537054, 0.10563678420661342, 0.10801254908867929, 0.13525864832109719, 0.14485554292536104, 0.1283539326519369, 0.08483033683830098, 0.11358399769009944, 0.05532687150669517, 0.09525310686574405, 0.09639201720678507, 0.05717228698545821, 0.03751526123727671, 0.08795880987745476, 0.052196659956567186, 0.059800043134633184, 0.04433446417762347, 0.06587104895825582, 0.08538769777312863, 0.03726450717090403, 0.0662353370366327, 0.06653123903610524, 0.043138486822923976, 0.027441638638641356, 0.0077617468964551045, 0.045841028279432476, 0.04883533537926673, 0.029420140624574244, 0.07105655001683772, 0.036741765665687535, 0.016431616423340328, 0.04698745376101821, 0.04002433024652014, 0.04695738042014353, 0.005539574958549767, 0.026743196388015356, 0.030525919320013296, 0.009825701438433802, 0.07592961643366228, 0.03375610321019446, 0.03203973907313614, 0.019140772895233464, 0.0312801642846595, 0.012688933109243912, 0.02789427041556943, 0.020752207583803584]
BBSR:3.1
ABSR:2.3
max acc:71.5
