======================================
    IID: 0
    Dataset: mnist
    Model: Mnist_CNN
    Model Init: None
    Aggregation Function: DABA
    Fraction NonIID: 0
    Long attack: 3
    Wide attack: 3
    Wide attack: trust
    Threshold reject: 0.5
    Threshold down: 0.0
    Attack method: badnet
    Fraction of malicious agents: 30.0%
    Poison Frac: 0.2
    Backdoor From 7 to 2
    Attack Begin: 0
    Trigger Shape: square
    Type poisoning: pgd
    Trigger Position X: 0
    Trigger Position Y: 0
    Number of agents: 100
    Fraction of agents each turn: 30(30.0%)
    Local batch size: 50
    Local epoch: 3
    Client_LR: 0.01
    Client_Momentum: 0.9
    Global Rounds: 100
======================================
main_task_accuracy=[0, 26.780000686645508, 11.529999732971191, 48.75, 43.939998626708984, 39.93000030517578, 74.08000183105469, 49.970001220703125, 76.69999694824219, 73.61000061035156, 65.5, 77.62999725341797, 77.08000183105469, 79.18000030517578, 84.19000244140625, 69.58000183105469, 75.12000274658203, 88.8499984741211, 91.37000274658203, 88.93000030517578, 91.23999786376953, 87.81999969482422, 88.45999908447266, 92.22000122070312, 93.6500015258789, 94.19999694824219, 90.69000244140625, 89.9800033569336, 88.51000213623047, 93.19999694824219, 79.79000091552734, 86.95999908447266, 94.43000030517578, 94.26000213623047, 95.08999633789062, 95.52999877929688, 95.9800033569336, 89.19000244140625, 90.9800033569336, 95.98999786376953, 94.86000061035156, 91.41000366210938, 92.52999877929688, 94.94000244140625, 88.3499984741211, 95.31999969482422, 94.94000244140625, 95.97000122070312, 95.5999984741211, 96.56999969482422, 96.66000366210938, 96.55000305175781, 96.30999755859375, 95.20999908447266, 94.63999938964844, 91.80999755859375, 92.37999725341797, 96.16999816894531, 94.87999725341797, 91.29000091552734, 94.23999786376953, 96.79000091552734, 97.76000213623047, 96.80000305175781, 97.83999633789062, 96.45999908447266, 95.91000366210938, 97.5999984741211, 97.69999694824219, 97.69999694824219, 96.72000122070312, 96.76000213623047, 97.0999984741211, 96.70999908447266, 97.9000015258789, 90.75, 96.2300033569336, 95.80000305175781, 96.51000213623047, 96.13999938964844, 97.55000305175781, 91.62000274658203, 94.0, 97.6500015258789, 93.72000122070312, 93.77999877929688, 97.19000244140625, 96.43000030517578, 96.94000244140625, 97.87000274658203, 95.44000244140625, 97.93000030517578, 96.66000366210938, 95.87999725341797, 97.88999938964844, 98.2699966430664, 98.0999984741211, 98.13999938964844, 97.04000091552734, 96.70999908447266, 96.94000244140625]
backdoor_accuracy=[0, 0.0, 0.0, 0.0, 0.0, 0.0, 3.501945525291829, 0.0, 5.642023346303502, 0.8754863813229572, 1.4591439688715953, 0.8754863813229572, 1.7509727626459144, 0.8754863813229572, 11.673151750972762, 0.0, 14.591439688715953, 0.7782101167315175, 12.062256809338521, 2.9182879377431905, 1.264591439688716, 28.11284046692607, 0.48638132295719844, 98.34630350194553, 4.085603112840467, 91.63424124513618, 92.21789883268482, 61.57587548638132, 99.80544747081711, 26.556420233463037, 81.51750972762646, 77.82101167315174, 82.68482490272373, 96.98443579766537, 96.59533073929961, 99.61089494163424, 99.61089494163424, 99.5136186770428, 99.90272373540856, 97.27626459143968, 99.90272373540856, 99.41634241245136, 100.0, 100.0, 100.0, 100.0, 99.90272373540856, 100.0, 100.0, 99.90272373540856, 100.0, 100.0, 100.0, 100.0, 100.0, 99.90272373540856, 100.0, 100.0, 100.0, 100.0, 100.0, 100.0, 100.0, 100.0, 100.0, 100.0, 100.0, 100.0, 100.0, 100.0, 100.0, 100.0, 99.90272373540856, 100.0, 99.80544747081711, 99.22178988326849, 100.0, 100.0, 100.0, 100.0, 100.0, 96.20622568093385, 100.0, 100.0, 100.0, 100.0, 100.0, 100.0, 100.0, 100.0, 100.0, 100.0, 100.0, 100.0, 100.0, 100.0, 100.0, 100.0, 100.0, 100.0, 100.0]
loss_list=[0.4970746337752984, 0.31816406385596824, 0.3458273504710728, 0.2903659013750685, 0.258106819971439, 0.20072876923314137, 0.16926536949155396, 0.18045987997131527, 0.13811320714185576, 0.134368472831557, 0.1202921353539669, 0.12608929255090356, 0.10672984104492128, 0.08792831640637684, 0.0955009340710162, 0.12618646835129407, 0.11094535094630703, 0.07799383766002725, 0.0845582359566708, 0.07254530633000197, 0.0637099767840044, 0.05742285628403512, 0.07644296090684229, 0.06167034437731333, 0.0509913203745936, 0.045126085867667545, 0.06400392355216138, 0.05365548972270355, 0.06634525727737017, 0.05587027677718069, 0.0830309334490177, 0.0838655348376294, 0.058231888886213584, 0.042334932756430126, 0.03975491167800686, 0.04162551087871177, 0.04486682606061886, 0.055381539336706025, 0.05262267575748119, 0.045372438165888845, 0.04719847256784301, 0.054470750027779125, 0.043756480860980544, 0.04361213415308547, 0.05486716048475174, 0.04491907864960804, 0.04024678650619153, 0.03592607243619528, 0.04130507588239005, 0.035701019844315014, 0.03645279993569808, 0.0321268621916893, 0.038468280387732014, 0.034143431973796, 0.033852636056321724, 0.04871429588464651, 0.048637325901354646, 0.034285070660896005, 0.04160310794319708, 0.041563116061066684, 0.03700497570096084, 0.036877250657633136, 0.030347547169978065, 0.04034449525541327, 0.03144794094273104, 0.03312314754973032, 0.03338473318130689, 0.03113303034781544, 0.028348836143098584, 0.02703881176461687, 0.036679668287954596, 0.03229514746565238, 0.02984176325407819, 0.03088402612596302, 0.026758935932177874, 0.0447823287994736, 0.03453922434547552, 0.03096543213897722, 0.03615473850548255, 0.03447311569032488, 0.024845537404223288, 0.03943466144898615, 0.030324465305900085, 0.02536802601352088, 0.03551708118930091, 0.03854793443385369, 0.027784066154840515, 0.034696270190512156, 0.027101530432768958, 0.02662942275477063, 0.032719862191914244, 0.02970145510528396, 0.031106221577610317, 0.032401247364933806, 0.025732503640352258, 0.02356436775589952, 0.025445952286963825, 0.02522711528923165, 0.026499294881784277, 0.024867238339232767]
BBSR:100.0
ABSR:100.0
max acc:98.27
