======================================
    IID: 0
    Dataset: mnist
    Model: Mnist_CNN
    Model Init: None
    Aggregation Function: RLR
    Fraction NonIID: 0
    Long attack: 3
    Wide attack: 3
    Wide attack: trust
    Threshold reject: 0.5
    Threshold down: 0.0
    Attack method: badnet
    Fraction of malicious agents: 13.0%
    Poison Frac: 0.2
    Backdoor From 7 to 2
    Attack Begin: 0
    Trigger Shape: square
    Type poisoning: cs
    Trigger Position X: 0
    Trigger Position Y: 0
    Number of agents: 100
    Fraction of agents each turn: 30(30.0%)
    Local batch size: 50
    Local epoch: 3
    Client_LR: 0.01
    Client_Momentum: 0.9
    Global Rounds: 100
    RobustLR_threshold: 4
======================================
main_task_accuracy=[0, 33.599998474121094, 33.29999923706055, 43.5, 33.9900016784668, 60.5099983215332, 79.3499984741211, 82.33999633789062, 80.41000366210938, 82.37000274658203, 86.80999755859375, 87.87000274658203, 86.45999908447266, 75.83000183105469, 93.02999877929688, 85.62000274658203, 84.47000122070312, 92.73999786376953, 92.48999786376953, 92.2300033569336, 93.86000061035156, 93.02999877929688, 92.91000366210938, 90.77999877929688, 94.0999984741211, 94.55999755859375, 93.86000061035156, 91.8499984741211, 93.30999755859375, 93.91999816894531, 94.93000030517578, 92.58999633789062, 91.79000091552734, 92.4800033569336, 95.02999877929688, 92.87000274658203, 93.81999969482422, 93.27999877929688, 90.6500015258789, 91.98999786376953, 94.47000122070312, 94.22000122070312, 96.55999755859375, 94.70999908447266, 96.68000030517578, 96.06999969482422, 96.12999725341797, 96.05000305175781, 96.91000366210938, 96.58999633789062, 96.62999725341797, 96.4000015258789, 95.72000122070312, 96.36000061035156, 96.94000244140625, 96.2300033569336, 96.44000244140625, 96.63999938964844, 96.33000183105469, 96.4800033569336, 96.88999938964844, 97.16000366210938, 96.66000366210938, 96.77999877929688, 96.93000030517578, 96.95999908447266, 97.25, 97.2699966430664, 94.52999877929688, 96.87999725341797, 97.30000305175781, 97.05999755859375, 96.94999694824219, 96.7300033569336, 96.70999908447266, 96.69000244140625, 97.22000122070312, 97.05999755859375, 97.2699966430664, 97.01000213623047, 97.13999938964844, 96.98999786376953, 97.44000244140625, 95.45999908447266, 96.4800033569336, 97.25, 97.41000366210938, 96.98999786376953, 97.19999694824219, 97.37000274658203, 97.06999969482422, 96.94000244140625, 96.97000122070312, 96.77999877929688, 97.51000213623047, 96.87000274658203, 97.4000015258789, 97.5199966430664, 97.52999877929688, 97.55999755859375, 97.63999938964844]
backdoor_accuracy=[0, 0.0, 0.8754863813229572, 0.0, 9.53307392996109, 1.3618677042801557, 7.101167315175097, 5.836575875486381, 1.9455252918287937, 6.22568093385214, 8.949416342412452, 7.587548638132295, 8.073929961089494, 0.6809338521400778, 15.272373540856032, 1.7509727626459144, 2.9182879377431905, 5.933852140077821, 6.128404669260701, 9.727626459143968, 5.3501945525291825, 7.782101167315175, 10.603112840466926, 5.447470817120623, 1.8482490272373542, 4.766536964980545, 3.7937743190661477, 9.33852140077821, 3.6964980544747084, 2.3346303501945527, 11.381322957198444, 6.3229571984435795, 1.556420233463035, 2.529182879377432, 2.431906614785992, 2.3346303501945527, 9.04669260700389, 2.821011673151751, 8.171206225680933, 5.058365758754864, 16.828793774319067, 3.5992217898832686, 9.43579766536965, 1.556420233463035, 6.517509727626459, 3.501945525291829, 8.463035019455253, 7.684824902723736, 8.852140077821012, 7.392996108949417, 7.198443579766537, 4.863813229571984, 1.264591439688716, 6.42023346303502, 3.21011673151751, 31.71206225680934, 9.53307392996109, 9.727626459143968, 8.463035019455253, 5.642023346303502, 6.906614785992218, 2.7237354085603114, 6.517509727626459, 3.0155642023346303, 8.073929961089494, 7.101167315175097, 5.933852140077821, 11.867704280155642, 1.1673151750972763, 3.501945525291829, 11.284046692607005, 9.04669260700389, 4.085603112840467, 5.3501945525291825, 5.642023346303502, 2.3346303501945527, 7.198443579766537, 3.6964980544747084, 11.770428015564203, 8.073929961089494, 5.739299610894942, 3.8910505836575875, 7.587548638132295, 2.431906614785992, 3.6964980544747084, 19.357976653696497, 6.614785992217898, 3.307392996108949, 6.906614785992218, 6.517509727626459, 8.949416342412452, 16.147859922178988, 8.949416342412452, 13.132295719844358, 22.762645914396888, 39.29961089494164, 10.797665369649806, 17.704280155642024, 12.15953307392996, 17.412451361867703, 13.910505836575876]
loss_list=[0.5266577679811336, 0.33557144886140444, 0.2991491033694082, 0.23359609057535546, 0.22359166227453933, 0.172809085863168, 0.15276547018747033, 0.12349899910952152, 0.12611858967349562, 0.10361918371839954, 0.11261375405737395, 0.10614576780246067, 0.09903615491033071, 0.10346869534174628, 0.08029969069791755, 0.07820707243639263, 0.08875575367542483, 0.08229453832181613, 0.08210778925016547, 0.07819792649278808, 0.071358610419648, 0.06847728197400575, 0.06205285848028633, 0.06478457356319939, 0.053633607659138285, 0.06548639309119154, 0.0486437599000467, 0.058252092191492764, 0.07093467315642336, 0.04737274711044395, 0.058596429086505336, 0.05862450685112196, 0.07046556161025147, 0.060130407494771436, 0.04463528647931029, 0.048390218139765864, 0.046394863467064215, 0.061696886424671325, 0.06936055794722025, 0.07505082740843018, 0.05125772778400436, 0.054796740276773975, 0.039773251632683845, 0.050805280350500276, 0.04857793062945028, 0.044143585090862796, 0.04697353838836684, 0.058200414839624785, 0.04069306579763758, 0.05371315811631594, 0.04878246493764613, 0.04099859009459071, 0.04357994437226239, 0.039625954765746124, 0.04943530339831119, 0.03498604893459795, 0.04935575415908962, 0.0366385041394035, 0.04484741966723304, 0.05085270193763622, 0.047441084571509994, 0.04522626874159817, 0.04365657106349027, 0.05735605070779895, 0.03952550665412185, 0.04468970544033314, 0.04991391044845502, 0.03681895993485172, 0.05241465761352932, 0.0427409734423489, 0.0370327992086278, 0.04316254200656135, 0.042527127759161974, 0.041536901380254454, 0.03785642257734337, 0.042232341056616364, 0.04632040657904222, 0.03076488262721628, 0.03772710885083983, 0.03682197116473933, 0.036198883024510534, 0.03756564681091787, 0.04540676671519251, 0.035810740341543794, 0.04552452199495691, 0.03860003511569002, 0.04178971618743813, 0.041495676628232434, 0.040498506038643065, 0.03323293519895702, 0.042714148913417405, 0.04347514499061209, 0.03244367471454468, 0.035105509961463194, 0.034887031367001005, 0.03434486122253833, 0.03901887398865463, 0.03276477185027033, 0.03544876127292347, 0.03662385297162825]
BBSR:39.3
ABSR:17.23
max acc:97.64
