======================================
    IID: 0
    Dataset: mnist
    Model: Mnist_CNN
    Model Init: None
    Aggregation Function: DABA
    Fraction NonIID: 0
    Long attack: 5
    Wide attack: 5
    Wide attack: trust
    Threshold reject: 0.5
    Threshold down: 0.0
    Attack method: badnet
    Fraction of malicious agents: 13.0%
    Poison Frac: 0.2
    Backdoor From 7 to 2
    Attack Begin: 0
    Trigger Shape: square
    Type poisoning: cs
    Trigger Position X: 0
    Trigger Position Y: 0
    Number of agents: 100
    Fraction of agents each turn: 30(30.0%)
    Local batch size: 50
    Local epoch: 3
    Client_LR: 0.01
    Client_Momentum: 0.9
    Global Rounds: 100
======================================
main_task_accuracy=[0, 13.329999923706055, 42.97999954223633, 14.609999656677246, 44.869998931884766, 59.68000030517578, 37.06999969482422, 49.810001373291016, 77.38999938964844, 79.4000015258789, 48.130001068115234, 77.11000061035156, 84.0199966430664, 81.63999938964844, 85.16999816894531, 80.47000122070312, 82.30000305175781, 81.70999908447266, 91.80999755859375, 86.37999725341797, 89.7300033569336, 80.88999938964844, 92.0999984741211, 87.93000030517578, 78.63999938964844, 92.37000274658203, 91.08000183105469, 93.2300033569336, 93.97000122070312, 90.93000030517578, 93.52999877929688, 95.80000305175781, 95.86000061035156, 81.97000122070312, 93.6500015258789, 95.36000061035156, 95.7699966430664, 88.29000091552734, 89.16000366210938, 93.27999877929688, 94.72000122070312, 95.12000274658203, 95.16000366210938, 88.43000030517578, 96.0199966430664, 96.26000213623047, 97.20999908447266, 96.61000061035156, 93.51000213623047, 87.19000244140625, 88.30000305175781, 91.83999633789062, 95.43000030517578, 96.3499984741211, 94.97000122070312, 89.41000366210938, 95.87999725341797, 96.88999938964844, 96.83000183105469, 89.38999938964844, 95.01000213623047, 94.68000030517578, 94.48999786376953, 95.8499984741211, 97.16999816894531, 95.79000091552734, 96.81999969482422, 96.62999725341797, 97.36000061035156, 94.69999694824219, 96.55999755859375, 97.23999786376953, 93.08999633789062, 95.69000244140625, 95.7300033569336, 97.80000305175781, 96.91000366210938, 95.7699966430664, 97.26000213623047, 95.80999755859375, 97.7699966430664, 96.62999725341797, 97.04000091552734, 95.3499984741211, 97.7699966430664, 97.83999633789062, 96.44000244140625, 96.61000061035156, 96.4000015258789, 97.51000213623047, 97.30999755859375, 97.41999816894531, 95.81999969482422, 97.30999755859375, 98.1500015258789, 96.97000122070312, 97.98999786376953, 97.45999908447266, 97.5199966430664, 97.58999633789062, 97.98999786376953]
backdoor_accuracy=[0, 0.0, 42.509727626459146, 0.0, 1.0700389105058365, 0.0, 0.7782101167315175, 0.9727626459143969, 5.933852140077821, 15.272373540856032, 0.19455252918287938, 1.0700389105058365, 7.587548638132295, 0.38910505836575876, 9.43579766536965, 5.3501945525291825, 0.5836575875486382, 0.6809338521400778, 31.420233463035018, 0.9727626459143969, 2.529182879377432, 9.630350194552529, 3.6964980544747084, 0.9727626459143969, 3.9883268482490273, 4.961089494163424, 4.669260700389105, 3.404669260700389, 1.7509727626459144, 31.22568093385214, 23.638132295719846, 2.529182879377432, 10.116731517509727, 3.5992217898832686, 7.587548638132295, 12.937743190661479, 3.21011673151751, 2.529182879377432, 8.463035019455253, 13.424124513618677, 6.031128404669261, 99.5136186770428, 29.474708171206224, 95.13618677042801, 29.280155642023345, 80.93385214007782, 37.159533073929964, 47.37354085603113, 66.24513618677042, 92.12062256809338, 6.128404669260701, 96.88715953307393, 6.614785992217898, 80.83657587548637, 95.42801556420234, 29.961089494163424, 31.32295719844358, 79.86381322957199, 43.8715953307393, 97.76264591439688, 2.0428015564202333, 63.42412451361868, 9.53307392996109, 96.3035019455253, 44.16342412451362, 99.90272373540856, 23.735408560311285, 97.47081712062257, 57.295719844357976, 42.60700389105058, 93.57976653696498, 99.31906614785993, 98.73540856031128, 99.90272373540856, 97.95719844357977, 99.80544747081711, 99.70817120622569, 100.0, 6.809338521400778, 99.5136186770428, 28.891050583657588, 94.74708171206225, 32.19844357976654, 93.96887159533074, 38.521400778210115, 96.88715953307393, 50.87548638132296, 67.21789883268482, 20.428015564202333, 97.85992217898833, 38.2295719844358, 76.55642023346303, 99.61089494163424, 8.852140077821012, 96.98443579766537, 87.64591439688716, 96.40077821011673, 75.68093385214007, 98.24902723735408, 99.22178988326849, 97.08171206225681]
loss_list=[0.4454448284369977, 0.46690633256293324, 0.2749358623205511, 0.41675836433618374, 0.24743823268534576, 0.2232281864724722, 0.2157427187717964, 0.23507311273801407, 0.1641700490538414, 0.11797766284493778, 0.16298871729411257, 0.16418774137317094, 0.1311658513916095, 0.10644843096272405, 0.10796718754423376, 0.11553963263117246, 0.11424720172386117, 0.10259967334474897, 0.08533867517028178, 0.08273111758900704, 0.09630995522564062, 0.0873401960094984, 0.08004988351099453, 0.0926938441268662, 0.1118765434108976, 0.07951801033464354, 0.07675405466083288, 0.08343055982454543, 0.06425924952726604, 0.07367371933862363, 0.07132983284784099, 0.056158953349396364, 0.052529510152418274, 0.090390893336941, 0.06713362972869245, 0.059642755876503244, 0.05393703485222178, 0.066671564188169, 0.07055570297249007, 0.062496608545899904, 0.057451082226129796, 0.04827319716786941, 0.051703841214522456, 0.0749570757506968, 0.05336551333720212, 0.060086531041692245, 0.046908964274540575, 0.04881013758992719, 0.06157258858706709, 0.07579063492907423, 0.07723723845608972, 0.05830993911150682, 0.05623714541540881, 0.04611063540075308, 0.052611916517992664, 0.06264657754847607, 0.04598565324072812, 0.04333102960581855, 0.04114970130542836, 0.06487758520446738, 0.05147950859033397, 0.051657834221552616, 0.043397184502421825, 0.040187034434512416, 0.043155465190746846, 0.0557418427544827, 0.04332998269480768, 0.03661245539360607, 0.03321392502236523, 0.052619455240535934, 0.04335158480304965, 0.03805178752655378, 0.046510763240649115, 0.042298963183035686, 0.04541920697218511, 0.03691196244708461, 0.040067729732980756, 0.04409926951821839, 0.03997666808182584, 0.044940655479023525, 0.03789775729438415, 0.03695690138370982, 0.03767575140794481, 0.038244812578480385, 0.04055485124248876, 0.033731778628025524, 0.04172939975429108, 0.03853519449694247, 0.037876558370086334, 0.034954554568195025, 0.03550564678911062, 0.03809506990723245, 0.040746090268682485, 0.03820216206704235, 0.032904900288889184, 0.03730053452526267, 0.03200295691710995, 0.03255602194108475, 0.0329460318018344, 0.032661073281485424]
BBSR:15.30570621107258
ABSR:18.602997426554932
max acc:98.15
