======================================
    IID: 0
    Dataset: mnist
    Model: Mnist_CNN
    Model Init: None
    Aggregation Function: RLR
    Fraction NonIID: 0
    Long attack: 4
    Wide attack: 4
    Wide attack: trust
    Threshold reject: 0.5
    Threshold down: 0.0
    Attack method: badnet
    Fraction of malicious agents: 13.0%
    Poison Frac: 0.2
    Backdoor From 7 to 2
    Attack Begin: 0
    Trigger Shape: square
    Type poisoning: 
    Trigger Position X: 0
    Trigger Position Y: 0
    Number of agents: 100
    Fraction of agents each turn: 30(30.0%)
    Local batch size: 50
    Local epoch: 3
    Client_LR: 0.01
    Client_Momentum: 0.9
    Global Rounds: 100
    RobustLR_threshold: 4
======================================
main_task_accuracy=[0, 16.100000381469727, 17.81999969482422, 37.52000045776367, 36.4900016784668, 60.02000045776367, 64.52999877929688, 85.45999908447266, 80.66000366210938, 80.68000030517578, 84.4800033569336, 89.2699966430664, 84.80999755859375, 90.27999877929688, 87.5, 93.77999877929688, 93.37999725341797, 92.55000305175781, 95.05000305175781, 92.7699966430664, 93.41000366210938, 94.8499984741211, 93.20999908447266, 93.62999725341797, 92.62999725341797, 92.5199966430664, 88.87000274658203, 94.94000244140625, 94.31999969482422, 92.44999694824219, 93.79000091552734, 95.87999725341797, 94.5999984741211, 91.48999786376953, 94.69999694824219, 96.22000122070312, 95.95999908447266, 96.61000061035156, 96.12999725341797, 95.94000244140625, 96.08999633789062, 96.12000274658203, 95.75, 95.04000091552734, 96.05999755859375, 96.41000366210938, 94.19000244140625, 96.12999725341797, 96.5999984741211, 95.94000244140625, 94.9800033569336, 95.73999786376953, 96.29000091552734, 97.0199966430664, 96.58000183105469, 97.08999633789062, 97.08000183105469, 96.83000183105469, 96.75, 96.77999877929688, 96.7699966430664, 96.6500015258789, 96.83000183105469, 97.19000244140625, 96.70999908447266, 97.2300033569336, 96.52999877929688, 94.88999938964844, 96.66999816894531, 96.38999938964844, 96.94000244140625, 96.68000030517578, 97.45999908447266, 96.26000213623047, 97.16000366210938, 97.37999725341797, 96.56999969482422, 96.06999969482422, 97.08999633789062, 96.2300033569336, 96.47000122070312, 97.11000061035156, 97.33999633789062, 97.43000030517578, 97.36000061035156, 96.27999877929688, 97.4800033569336, 97.54000091552734, 97.58999633789062, 96.94999694824219, 97.55000305175781, 97.5, 97.26000213623047, 95.81999969482422, 97.4800033569336, 97.43000030517578, 97.01000213623047, 97.41000366210938, 96.70999908447266, 97.55999755859375, 97.55000305175781]
backdoor_accuracy=[0, 1.3618677042801557, 0.0, 0.0, 0.0, 2.7237354085603114, 0.0, 1.9455252918287937, 3.8910505836575875, 0.19455252918287938, 5.155642023346304, 1.7509727626459144, 1.7509727626459144, 3.307392996108949, 0.9727626459143969, 3.21011673151751, 2.0428015564202333, 1.4591439688715953, 2.237354085603113, 2.821011673151751, 1.1673151750972763, 1.7509727626459144, 1.8482490272373542, 1.8482490272373542, 1.3618677042801557, 7.879377431906615, 1.8482490272373542, 1.7509727626459144, 2.821011673151751, 7.003891050583658, 4.669260700389105, 2.0428015564202333, 4.377431906614786, 0.9727626459143969, 6.031128404669261, 2.6264591439688716, 4.280155642023346, 3.307392996108949, 2.0428015564202333, 2.7237354085603114, 1.9455252918287937, 1.8482490272373542, 2.237354085603113, 1.3618677042801557, 1.8482490272373542, 4.669260700389105, 2.0428015564202333, 2.0428015564202333, 2.9182879377431905, 0.9727626459143969, 2.9182879377431905, 3.0155642023346303, 6.809338521400778, 1.6536964980544746, 1.3618677042801557, 3.11284046692607, 1.556420233463035, 1.264591439688716, 1.8482490272373542, 1.9455252918287937, 2.529182879377432, 2.431906614785992, 1.264591439688716, 2.237354085603113, 1.4591439688715953, 2.7237354085603114, 5.836575875486381, 1.7509727626459144, 1.7509727626459144, 2.7237354085603114, 1.9455252918287937, 0.9727626459143969, 1.8482490272373542, 1.1673151750972763, 0.8754863813229572, 1.6536964980544746, 0.48638132295719844, 1.1673151750972763, 0.6809338521400778, 0.7782101167315175, 0.6809338521400778, 1.3618677042801557, 1.9455252918287937, 0.48638132295719844, 1.3618677042801557, 3.9883268482490273, 1.556420233463035, 1.556420233463035, 2.821011673151751, 4.474708171206226, 2.431906614785992, 1.3618677042801557, 0.38910505836575876, 6.42023346303502, 2.237354085603113, 2.237354085603113, 0.38910505836575876, 0.9727626459143969, 1.6536964980544746, 2.431906614785992, 0.6809338521400778]
loss_list=[0.47618123267013207, 0.3461213120570209, 0.2808385326021304, 0.2330045459242069, 0.20763336057147488, 0.16624278342940324, 0.1658549372493412, 0.11750132332956424, 0.10045966136118917, 0.10588303203126379, 0.11262306947866943, 0.09373477757534197, 0.08988243259747827, 0.06250849314617371, 0.07011016895179782, 0.08327808680027021, 0.08023591086940952, 0.06846727891658275, 0.06755158559200668, 0.06685402512044605, 0.0767181829844036, 0.05994981699302955, 0.06403280898298333, 0.07007399493882113, 0.07150903869373929, 0.06037283926985097, 0.06455951815802251, 0.06535111768128286, 0.05457850329461842, 0.05206795086408349, 0.059371250631170304, 0.04742768076409508, 0.060268931403901785, 0.06435623766972769, 0.048227697828427195, 0.05892955697803289, 0.054222793081358946, 0.047333453928448475, 0.049240629897009294, 0.03920259180706203, 0.043081755978527585, 0.047959800619056345, 0.04618995182805025, 0.05523024482269374, 0.04050700844343384, 0.040801913955695254, 0.04714202344144459, 0.054173259232048285, 0.04619910050070224, 0.05177849569771951, 0.04420465322781072, 0.04767195709010619, 0.049084752274449556, 0.038736074137213625, 0.042018152380259674, 0.044300376557604694, 0.04891123913595718, 0.040103566301963454, 0.039846335983889494, 0.04326809086011782, 0.038968589740268275, 0.043398290985398276, 0.042343010705544276, 0.03370012182702773, 0.03973676149951067, 0.0397014099393709, 0.04004903217303855, 0.045019628436954756, 0.04117114309727929, 0.03902393586696658, 0.041405673673261464, 0.04222313903139501, 0.03203878004337705, 0.038076340474072864, 0.049332989604971414, 0.03518870533484648, 0.044001710852610024, 0.04141798767085637, 0.04101027737855129, 0.03440769123528282, 0.03309386376826728, 0.037761527767436395, 0.03604996921774294, 0.044762707282333586, 0.04035194460713792, 0.03851920437020411, 0.0379720728723326, 0.04479878145496603, 0.04096959307614972, 0.044632631163620394, 0.04312408226987844, 0.043788058753905096, 0.04347196610064586, 0.04254870657704126, 0.04541331473929223, 0.040095599824574245, 0.04064927632769997, 0.03571654004949042, 0.042133795109789776, 0.03837946019916582]
BBSR:6.42
ABSR:1.88
max acc:97.56
