======================================
    IID: 0
    Dataset: fashion_mnist
    Model: Mnist_CNN
    Model Init: None
    Aggregation Function: DABA
    Fraction NonIID: 0
    Long attack: 3
    Wide attack: 3
    Wide attack: trust
    Threshold reject: 0.5
    Threshold down: 0.0
    Attack method: badnet
    Fraction of malicious agents: 13.0%
    Poison Frac: 0.2
    Backdoor From 7 to 2
    Attack Begin: 0
    Trigger Shape: square
    Type poisoning: 
    Trigger Position X: 0
    Trigger Position Y: 0
    Number of agents: 100
    Fraction of agents each turn: 30(30.0%)
    Local batch size: 50
    Local epoch: 3
    Client_LR: 0.01
    Client_Momentum: 0.9
    Global Rounds: 100
======================================
main_task_accuracy=[0, 63.779998779296875, 73.26000213623047, 75.19000244140625, 76.25, 77.6500015258789, 78.04000091552734, 78.75, 79.94000244140625, 74.2699966430664, 79.7300033569336, 81.55000305175781, 82.02999877929688, 78.4000015258789, 83.0199966430664, 83.0199966430664, 82.94999694824219, 83.91000366210938, 82.37000274658203, 81.91000366210938, 82.79000091552734, 84.04000091552734, 84.55000305175781, 84.51000213623047, 84.91000366210938, 78.08000183105469, 83.47000122070312, 85.02999877929688, 85.62000274658203, 84.30999755859375, 81.86000061035156, 85.3499984741211, 85.23999786376953, 85.7699966430664, 79.62999725341797, 84.7300033569336, 85.63999938964844, 81.83000183105469, 86.19999694824219, 83.91999816894531, 86.05999755859375, 83.2699966430664, 85.98999786376953, 87.08999633789062, 85.08000183105469, 86.73999786376953, 87.06999969482422, 87.29000091552734, 85.23999786376953, 86.79000091552734, 86.83999633789062, 86.30000305175781, 87.05000305175781, 86.80000305175781, 85.80000305175781, 87.19000244140625, 88.0, 87.18000030517578, 86.9000015258789, 88.06999969482422, 86.48999786376953, 87.12000274658203, 87.12999725341797, 87.91000366210938, 82.0, 87.12999725341797, 87.30999755859375, 88.0999984741211, 86.86000061035156, 86.41999816894531, 87.72000122070312, 81.91000366210938, 86.9800033569336, 86.06999969482422, 87.62999725341797, 88.80999755859375, 87.29000091552734, 88.75, 87.66999816894531, 88.08000183105469, 86.63999938964844, 87.9000015258789, 86.72000122070312, 87.80000305175781, 87.83000183105469, 88.36000061035156, 87.54000091552734, 88.16999816894531, 87.16000366210938, 88.73999786376953, 88.41999816894531, 87.38999938964844, 87.27999877929688, 88.0999984741211, 88.30000305175781, 89.37999725341797, 88.79000091552734, 89.70999908447266, 88.45999908447266, 86.30999755859375, 88.55000305175781]
backdoor_accuracy=[0, 0.0, 0.0, 0.0, 0.0, 0.0, 1.1, 0.1, 0.2, 3.9, 65.1, 88.8, 97.5, 96.6, 97.0, 97.0, 98.9, 99.7, 99.4, 99.8, 99.8, 99.8, 99.8, 99.9, 100.0, 99.8, 99.8, 100.0, 99.8, 100.0, 99.9, 100.0, 99.8, 100.0, 100.0, 99.8, 100.0, 99.8, 99.9, 100.0, 100.0, 99.8, 99.9, 99.8, 99.9, 99.9, 99.9, 99.8, 99.9, 100.0, 100.0, 100.0, 100.0, 100.0, 100.0, 100.0, 100.0, 100.0, 100.0, 100.0, 100.0, 100.0, 100.0, 100.0, 99.9, 99.9, 100.0, 100.0, 100.0, 100.0, 100.0, 99.9, 100.0, 100.0, 100.0, 100.0, 100.0, 100.0, 100.0, 100.0, 100.0, 100.0, 100.0, 100.0, 100.0, 100.0, 100.0, 100.0, 100.0, 100.0, 100.0, 100.0, 100.0, 100.0, 100.0, 100.0, 100.0, 100.0, 100.0, 100.0, 100.0]
loss_list=[1.4505539956468116, 0.8553732942651818, 0.6146763888636122, 0.571716034936684, 0.5103451030535829, 0.46863296607302285, 0.451691084044675, 0.4338711736654794, 0.45156834186572153, 0.4404969697473224, 0.3933791131678003, 0.4023909650122126, 0.39532462221880754, 0.36581743790733584, 0.36791913127871567, 0.3663365154147701, 0.34447901301361894, 0.3296074502584007, 0.3716592305546834, 0.3552439659764921, 0.34639940859956864, 0.351053357510655, 0.3143423127148438, 0.34501557380167974, 0.336246199766174, 0.3357988163380436, 0.3048644015634502, 0.290683981852123, 0.3107345179344217, 0.31998241490994883, 0.32101096881346564, 0.2976236228486178, 0.2811391788224379, 0.29058025935319837, 0.3320772448571882, 0.30148204850998744, 0.29974326464451023, 0.3025437486530454, 0.2960727435536682, 0.2716899120369582, 0.2906764615706548, 0.30453364205788136, 0.26551928284784987, 0.27476347291635145, 0.25925401273459475, 0.26786277747057663, 0.26618284481681054, 0.2851341047117279, 0.2617150711206099, 0.2516913070964316, 0.2558789736211852, 0.2660532617148151, 0.25692093863876325, 0.2541078389449804, 0.2812014237218709, 0.24701811749212166, 0.24992853388604186, 0.2687949501719602, 0.24439154973046656, 0.2581922435581132, 0.2541452808616062, 0.23824977727468918, 0.25216295388699683, 0.24637844723442362, 0.26646197305612823, 0.24979605163895974, 0.23230228545489134, 0.23249639505692934, 0.24063013369148528, 0.2437401894135056, 0.24080292127198646, 0.24723435184849363, 0.24632799400327104, 0.22787476135762755, 0.21734744112559218, 0.22074146486680815, 0.23876826143219937, 0.21943424313191182, 0.23475084645777108, 0.20982946239722267, 0.23995170496852586, 0.21383143534573418, 0.22154241445025907, 0.20294736186214896, 0.21401408831761395, 0.21662951132403346, 0.2271693190908991, 0.22060366040699325, 0.22291036418259694, 0.2048362733727252, 0.2242717269601093, 0.22087242157733136, 0.21776315272371807, 0.20195031671577857, 0.20835538253584812, 0.19473493338338344, 0.20792310593856705, 0.21913641759159938, 0.2138598969482162, 0.20336500815874722]
BBSR:100.0
ABSR:100.0
max acc:89.71
