======================================
    IID: 0
    Dataset: mnist
    Model: Mnist_CNN
    Model Init: None
    Aggregation Function: flame
    Fraction NonIID: 0
    Long attack: 4
    Wide attack: 4
    Wide attack: trust
    Threshold reject: 0.5
    Threshold down: 0.0
    Attack method: badnet
    Fraction of malicious agents: 13.0%
    Poison Frac: 0.2
    Backdoor From 7 to 2
    Attack Begin: 0
    Trigger Shape: square
    Type poisoning: 
    Trigger Position X: 0
    Trigger Position Y: 0
    Number of agents: 100
    Fraction of agents each turn: 30(30.0%)
    Local batch size: 50
    Local epoch: 3
    Client_LR: 0.01
    Client_Momentum: 0.9
    Global Rounds: 100
    Noise in FLAME: 0.001
proportion of malicious are selected:0.41333333333333333
proportion of benign are selected:0.5822222222222222
======================================
main_task_accuracy=[0, 25.75, 21.18000030517578, 39.650001525878906, 55.5, 52.25, 49.63999938964844, 56.630001068115234, 53.060001373291016, 64.1500015258789, 66.95999908447266, 59.2599983215332, 64.66000366210938, 68.75, 69.58999633789062, 76.69000244140625, 74.12000274658203, 76.08000183105469, 76.12000274658203, 75.70999908447266, 77.33999633789062, 77.55999755859375, 81.22000122070312, 80.93000030517578, 80.25, 78.05000305175781, 78.80000305175781, 78.76000213623047, 78.80000305175781, 78.16999816894531, 78.66000366210938, 79.0199966430664, 78.27999877929688, 77.44999694824219, 78.80000305175781, 78.0, 78.70999908447266, 78.19999694824219, 78.58000183105469, 76.5, 78.52999877929688, 79.0199966430664, 78.48999786376953, 78.47000122070312, 78.73999786376953, 77.86000061035156, 78.81999969482422, 78.52999877929688, 78.87999725341797, 77.81999969482422, 78.66999816894531, 78.45999908447266, 78.70999908447266, 79.05000305175781, 78.11000061035156, 77.29000091552734, 78.58999633789062, 77.83999633789062, 84.18000030517578, 87.23999786376953, 85.75, 84.55999755859375, 86.12000274658203, 85.9000015258789, 85.04000091552734, 84.81999969482422, 83.30999755859375, 84.38999938964844, 83.52999877929688, 83.54000091552734, 82.94999694824219, 82.63999938964844, 82.80999755859375, 82.37000274658203, 82.27999877929688, 82.25, 82.4000015258789, 82.73999786376953, 82.43000030517578, 81.88999938964844, 81.62999725341797, 82.23999786376953, 82.19999694824219, 81.9000015258789, 80.91000366210938, 81.87999725341797, 81.20999908447266, 81.56999969482422, 81.72000122070312, 87.81999969482422, 87.44999694824219, 86.58000183105469, 85.23999786376953, 85.0999984741211, 87.20999908447266, 87.31999969482422, 86.69999694824219, 86.13999938964844, 85.9800033569336, 84.83000183105469, 84.98999786376953]
backdoor_accuracy=[0, 0.0, 0.19455252918287938, 27.042801556420233, 0.09727626459143969, 5.058365758754864, 1.0700389105058365, 4.377431906614786, 0.7782101167315175, 0.2918287937743191, 2.140077821011673, 6.22568093385214, 0.19455252918287938, 0.0, 0.0, 2.237354085603113, 0.38910505836575876, 0.6809338521400778, 6.614785992217898, 1.8482490272373542, 2.529182879377432, 3.404669260700389, 0.7782101167315175, 1.556420233463035, 1.3618677042801557, 2.140077821011673, 3.8910505836575875, 7.587548638132295, 2.529182879377432, 0.6809338521400778, 1.7509727626459144, 1.8482490272373542, 2.140077821011673, 1.556420233463035, 2.6264591439688716, 0.9727626459143969, 3.307392996108949, 1.0700389105058365, 2.9182879377431905, 2.529182879377432, 0.9727626459143969, 1.7509727626459144, 2.0428015564202333, 3.6964980544747084, 2.7237354085603114, 1.7509727626459144, 2.821011673151751, 3.11284046692607, 2.3346303501945527, 3.404669260700389, 2.6264591439688716, 2.7237354085603114, 2.529182879377432, 1.9455252918287937, 1.1673151750972763, 0.7782101167315175, 1.8482490272373542, 1.556420233463035, 10.311284046692608, 1.0700389105058365, 1.1673151750972763, 1.0700389105058365, 1.6536964980544746, 2.7237354085603114, 1.4591439688715953, 1.6536964980544746, 1.264591439688716, 3.11284046692607, 1.1673151750972763, 2.237354085603113, 2.237354085603113, 3.0155642023346303, 4.085603112840467, 1.556420233463035, 1.6536964980544746, 1.3618677042801557, 2.431906614785992, 0.8754863813229572, 1.264591439688716, 0.8754863813229572, 2.3346303501945527, 3.21011673151751, 2.0428015564202333, 0.6809338521400778, 3.11284046692607, 2.0428015564202333, 3.0155642023346303, 1.9455252918287937, 2.140077821011673, 4.474708171206226, 1.6536964980544746, 1.7509727626459144, 2.0428015564202333, 2.6264591439688716, 1.4591439688715953, 2.140077821011673, 0.8754863813229572, 0.2918287937743191, 1.4591439688715953, 0.2918287937743191, 1.7509727626459144]
loss_list=[0.45380603894794974, 0.26113602633825533, 0.2981725984190718, 0.2640394563784304, 0.1936910134193651, 0.19337869756286227, 0.2025951882339614, 0.15897272997708922, 0.17915792937279312, 0.17318381007546316, 0.20712643364856023, 0.17002745290923843, 0.14307748522232014, 0.12999809241930602, 0.15240481596674593, 0.13261490597795456, 0.1596335545176646, 0.12224276470075753, 0.14156364391677795, 0.15307098242547995, 0.1367105877381975, 0.16202657287710748, 0.10109247212129333, 0.08095613183793063, 0.11781195670931988, 0.10259203050767791, 0.10255013684499462, 0.09128818351650142, 0.12051398861875436, 0.09448133949998067, 0.12344672673514365, 0.0726011395872534, 0.10458370204234094, 0.1130033600765208, 0.12184104399692301, 0.10045834541752585, 0.12854749029741225, 0.10626013735991618, 0.09631420245175244, 0.09449942736286877, 0.12126388250841404, 0.09398573642356747, 0.12214138999518115, 0.11861791556401559, 0.095871426935428, 0.10636494754604618, 0.11826421540010573, 0.11337880881639685, 0.12702101635482566, 0.1176494781034325, 0.12566079462842947, 0.09158623028308886, 0.08267307898278053, 0.12178644544812539, 0.09465175551495301, 0.11957955578605448, 0.1399839062100907, 0.10503491769912521, 0.1074929104514159, 0.0962752636879324, 0.07635205269057198, 0.12095053735507563, 0.0742649163304229, 0.08324785683736541, 0.10663123648395802, 0.09847472714230779, 0.08921884194706049, 0.09289790214887332, 0.08149128095644503, 0.07787909188863999, 0.10382529404096943, 0.10939611088941546, 0.0924092557095077, 0.07302026719491635, 0.09700805212801225, 0.09902855171868484, 0.10200996425685238, 0.09255719708825262, 0.10021153947792974, 0.09382429989764406, 0.0984033001297031, 0.11679204816993279, 0.06501961158309637, 0.09692148598231336, 0.1003192794838605, 0.10520666429252695, 0.08572043360784867, 0.09101534785643382, 0.1395287149331, 0.0733284277437813, 0.09074443175425866, 0.07236296420985347, 0.08769149645360327, 0.1131642250450717, 0.09211397837042316, 0.09461445627990077, 0.07188190115651351, 0.08143181018760792, 0.07318891748121878, 0.09153188685118817]
BBSR:2.63
ABSR:1.47
max acc:87.32
