======================================
    IID: 1
    Dataset: cifar
    Model: resnet
    Model Init: None
    Aggregation Function: RLR
    Fraction NonIID: 0
    Long attack: 3
    Wide attack: 3
    Wide attack: trust
    Threshold reject: 0.5
    Threshold down: 0.0
    Attack method: badnet
    Fraction of malicious agents: 13.0%
    Poison Frac: 0.2
    Backdoor From 7 to 2
    Attack Begin: 0
    Trigger Shape: square
    Type poisoning: pgd
    Trigger Position X: 0
    Trigger Position Y: 0
    Number of agents: 100
    Fraction of agents each turn: 30(30.0%)
    Local batch size: 50
    Local epoch: 3
    Client_LR: 0.01
    Client_Momentum: 0.9
    Global Rounds: 100
    RobustLR_threshold: 4
======================================
main_task_accuracy=[0, 11.460000038146973, 18.450000762939453, 35.2400016784668, 40.36000061035156, 45.0099983215332, 47.20000076293945, 48.66999816894531, 50.849998474121094, 54.11000061035156, 56.310001373291016, 56.54999923706055, 57.619998931884766, 60.43000030517578, 61.5099983215332, 61.06999969482422, 63.040000915527344, 61.810001373291016, 62.22999954223633, 63.88999938964844, 62.83000183105469, 64.69000244140625, 65.19000244140625, 62.619998931884766, 63.84000015258789, 63.939998626708984, 65.0999984741211, 65.62000274658203, 66.19000244140625, 66.66000366210938, 66.68000030517578, 64.44999694824219, 66.02999877929688, 66.52999877929688, 66.26000213623047, 67.33000183105469, 68.13999938964844, 67.26000213623047, 68.47000122070312, 68.94999694824219, 69.16000366210938, 68.30000305175781, 69.19999694824219, 69.2699966430664, 68.80999755859375, 67.2300033569336, 68.4000015258789, 68.66000366210938, 70.58999633789062, 69.54000091552734, 69.30999755859375, 68.6500015258789, 67.58999633789062, 68.66000366210938, 69.58000183105469, 70.30999755859375, 69.98999786376953, 70.47000122070312, 70.7300033569336, 71.16999816894531, 71.54000091552734, 71.22000122070312, 71.55000305175781, 72.08000183105469, 72.04000091552734, 71.66000366210938, 71.43000030517578, 71.47000122070312, 72.11000061035156, 71.95999908447266, 71.58000183105469, 71.91000366210938, 72.05999755859375, 71.26000213623047, 71.66999816894531, 71.6500015258789, 71.51000213623047, 71.66000366210938, 71.43000030517578, 71.5999984741211, 71.29000091552734, 71.43000030517578, 71.58000183105469, 71.29000091552734, 71.7300033569336, 71.30999755859375, 71.55999755859375, 71.63999938964844, 71.73999786376953, 71.7699966430664, 71.75, 71.68000030517578, 71.6500015258789, 71.5999984741211, 71.63999938964844, 71.51000213623047, 71.45999908447266, 71.48999786376953, 71.33000183105469, 71.3499984741211, 71.43000030517578]
backdoor_accuracy=[0, 74.9, 20.4, 11.1, 7.5, 7.7, 5.5, 4.6, 3.9, 3.2, 4.6, 5.0, 5.6, 5.7, 4.0, 4.0, 3.3, 2.2, 2.0, 2.3, 2.5, 2.7, 1.5, 2.2, 1.8, 1.0, 1.6, 2.1, 2.2, 2.6, 2.6, 1.7, 1.1, 1.7, 0.9, 1.0, 1.6, 3.2, 2.8, 1.9, 2.9, 2.4, 2.3, 1.9, 2.4, 4.9, 2.0, 3.6, 3.1, 2.9, 1.9, 3.7, 1.8, 0.8, 2.2, 2.0, 3.2, 2.8, 3.4, 2.7, 2.1, 2.5, 3.2, 3.7, 1.9, 2.7, 3.7, 2.6, 2.2, 2.7, 2.3, 3.0, 2.8, 1.4, 2.1, 2.0, 3.0, 3.2, 2.9, 3.1, 3.0, 2.9, 2.6, 3.4, 2.8, 3.6, 3.0, 3.1, 3.1, 2.9, 2.9, 2.8, 3.1, 3.2, 2.9, 2.9, 2.6, 2.8, 3.1, 3.1, 3.1]
loss_list=[1.9861420994334753, 1.5509569831026924, 1.1936242924465075, 1.026277330004507, 0.8502909421755207, 0.7611043476975624, 0.7075347708331216, 0.6414526976272464, 0.6086026823644836, 0.5431502582712306, 0.503019262721969, 0.5018591431466239, 0.4762057578315338, 0.4472330746489267, 0.4608946339661876, 0.4085654859741529, 0.3953119265771885, 0.4230927863241069, 0.36160743694545494, 0.36862428669300346, 0.3776433331126141, 0.3312455133141743, 0.36614281170587576, 0.29184163595963686, 0.30880865896638066, 0.3021814662652711, 0.2868231340368382, 0.26608724377687193, 0.2723662684195572, 0.29355577714482534, 0.2683264512664431, 0.2610664979122682, 0.26050782768961256, 0.2524340587011021, 0.18157493175886988, 0.23165895403763795, 0.20678940783992097, 0.19022738010376802, 0.23649736024782114, 0.1303515815195472, 0.17834728788390447, 0.1524342690261417, 0.18382686487851765, 0.16263665390802393, 0.18659191026067778, 0.15606329091126098, 0.16727735084390993, 0.10313224284899965, 0.12547827708748327, 0.1862664797498534, 0.14368233685000129, 0.1520470911515359, 0.13830454873522588, 0.12332968478052254, 0.12754901530075582, 0.10494651991285434, 0.09039775740879122, 0.07987288157332738, 0.07717099919947536, 0.07819329328081544, 0.07004986068473146, 0.03150131204239895, 0.05043683287141095, 0.05562147989793125, 0.06243215142965911, 0.049511861452709936, 0.08126485604817087, 0.022623485265551913, 0.03490241096047812, 0.0777302071473807, 0.020998686890549543, 0.04482679913746931, 0.02851810343859446, 0.02912143249553789, 0.027187399510779257, 0.026268660191538708, 0.0179543655600153, 0.0504857464547159, 0.008314091813117557, 0.02803317557709912, 0.043278334614878976, 0.013240870324807476, 0.014271767521495345, 0.034806394680619836, 0.03684080611438629, 0.005355199658717741, 0.009058480691273872, 0.009882789603612361, 0.029600379888571397, 0.019933246039840424, 0.0047152468568512846, 0.010367204165328684, 0.018867105190507168, 0.004250347499906234, 0.019593390089252764, 0.006019219587433326, 0.0030359634345586534, 0.016110753905146945, 0.004238224413339695, 0.002920075424303326]
BBSR:3.2
ABSR:2.96
max acc:71.68
