======================================
    IID: 0
    Dataset: mnist
    Model: Mnist_CNN
    Model Init: None
    Aggregation Function: DABA
    Fraction NonIID: 0
    Long attack: 5
    Wide attack: 5
    Wide attack: trust
    Threshold reject: 0.5
    Threshold down: 0.0
    Attack method: badnet
    Fraction of malicious agents: 13.0%
    Poison Frac: 0.2
    Backdoor From 7 to 2
    Attack Begin: 0
    Trigger Shape: square
    Type poisoning: 
    Trigger Position X: 0
    Trigger Position Y: 0
    Number of agents: 100
    Fraction of agents each turn: 30(30.0%)
    Local batch size: 50
    Local epoch: 3
    Client_LR: 0.01
    Client_Momentum: 0.9
    Global Rounds: 100
======================================
main_task_accuracy=[0, 28.68000030517578, 39.790000915527344, 38.81999969482422, 50.900001525878906, 62.52000045776367, 46.0, 65.69999694824219, 70.30999755859375, 76.13999938964844, 83.37999725341797, 74.44000244140625, 78.22000122070312, 87.80999755859375, 80.38999938964844, 81.33000183105469, 82.41999816894531, 75.55000305175781, 90.05000305175781, 91.91999816894531, 88.43000030517578, 86.44000244140625, 92.66000366210938, 92.45999908447266, 91.86000061035156, 93.0199966430664, 83.81999969482422, 89.1500015258789, 95.41999816894531, 94.7300033569336, 94.72000122070312, 94.31999969482422, 94.66000366210938, 92.51000213623047, 95.2300033569336, 94.55999755859375, 87.44999694824219, 90.77999877929688, 96.27999877929688, 94.61000061035156, 94.22000122070312, 94.4800033569336, 94.56999969482422, 95.3499984741211, 96.04000091552734, 95.05999755859375, 93.22000122070312, 95.04000091552734, 94.18000030517578, 92.83000183105469, 95.25, 94.20999908447266, 96.91999816894531, 95.05000305175781, 97.44000244140625, 97.1500015258789, 93.72000122070312, 94.30000305175781, 95.19000244140625, 96.86000061035156, 94.6500015258789, 95.16999816894531, 96.13999938964844, 95.79000091552734, 97.55999755859375, 96.48999786376953, 97.04000091552734, 97.22000122070312, 97.41000366210938, 96.80999755859375, 96.31999969482422, 94.06999969482422, 96.9000015258789, 96.22000122070312, 98.06999969482422, 91.83000183105469, 94.5999984741211, 96.1500015258789, 97.30000305175781, 98.19999694824219, 97.4000015258789, 97.52999877929688, 97.55999755859375, 97.19999694824219, 98.12000274658203, 98.18000030517578, 97.23999786376953, 94.04000091552734, 97.97000122070312, 96.54000091552734, 97.19999694824219, 97.88999938964844, 97.9800033569336, 96.45999908447266, 97.05999755859375, 97.63999938964844, 97.66000366210938, 95.33000183105469, 97.2300033569336, 95.54000091552734, 97.33000183105469]
backdoor_accuracy=[0, 0.0, 0.0, 6.517509727626459, 0.0, 5.836575875486381, 6.22568093385214, 0.09727626459143969, 48.249027237354085, 1.3618677042801557, 1.264591439688716, 4.571984435797665, 2.3346303501945527, 5.155642023346304, 10.992217898832685, 0.9727626459143969, 5.836575875486381, 2.3346303501945527, 6.128404669260701, 17.217898832684824, 0.8754863813229572, 1.264591439688716, 3.21011673151751, 7.879377431906615, 46.206225680933855, 14.785992217898833, 1.1673151750972763, 31.1284046692607, 19.260700389105057, 1.9455252918287937, 29.863813229571985, 8.560311284046692, 15.369649805447471, 0.5836575875486382, 9.04669260700389, 2.6264591439688716, 77.52918287937743, 96.20622568093385, 6.906614785992218, 78.30739299610894, 4.961089494163424, 92.80155642023347, 58.56031128404669, 77.33463035019456, 32.00389105058366, 7.684824902723736, 98.63813229571984, 2.9182879377431905, 2.6264591439688716, 89.00778210116732, 7.587548638132295, 54.57198443579767, 9.82490272373541, 95.03891050583658, 98.05447470817121, 96.98443579766537, 99.12451361867704, 97.56809338521401, 96.88715953307393, 91.82879377431907, 99.61089494163424, 6.22568093385214, 97.85992217898833, 42.704280155642024, 96.59533073929961, 97.56809338521401, 92.21789883268482, 93.77431906614785, 99.61089494163424, 97.37354085603113, 64.2023346303502, 98.24902723735408, 95.23346303501945, 96.20622568093385, 91.53696498054475, 92.41245136186771, 76.07003891050584, 87.45136186770428, 99.22178988326849, 90.56420233463035, 81.80933852140078, 98.83268482490273, 88.715953307393, 97.47081712062257, 96.01167315175097, 87.35408560311284, 98.73540856031128, 70.91439688715953, 99.12451361867704, 97.27626459143968, 92.21789883268482, 99.5136186770428, 99.80544747081711, 99.0272373540856, 100.0, 99.22178988326849, 99.41634241245136, 99.90272373540856, 97.37354085603113, 97.66536964980544, 99.80544747081711]
loss_list=[0.49389965672277836, 0.39274082176836705, 0.28918216065813707, 0.24208445406884566, 0.18583082556135824, 0.20961397706989834, 0.16596000532423624, 0.17703832500830494, 0.146509728047392, 0.11318678800797179, 0.1148959105156969, 0.11456644966825628, 0.09877761025931107, 0.0916240179494834, 0.0959571590341069, 0.11474219009636036, 0.08672042562994037, 0.10447416418074494, 0.08498776352041154, 0.06278644311184575, 0.09476032095100395, 0.08411022844222106, 0.06203415354506156, 0.05948417178347971, 0.05990018028381301, 0.059299641088764135, 0.08697260204815865, 0.06538555334187186, 0.04745162903062138, 0.05593815018586712, 0.05128505850167056, 0.050318941517943666, 0.046424276777585045, 0.06073885023530092, 0.048516942596846344, 0.05423512929116889, 0.06235076498437432, 0.048326925760317524, 0.046454363115882684, 0.04758158327031983, 0.04473225793006987, 0.04549272887603297, 0.039585083950503905, 0.04015119916492828, 0.04202436994472912, 0.04546568773618338, 0.051631045579724755, 0.042134613364692465, 0.04049507901825291, 0.04763268474615308, 0.04448336640432991, 0.03716516027216573, 0.03994413610427694, 0.05225246694834028, 0.03768755633448719, 0.037252511473576784, 0.04341976029559728, 0.048034730387110376, 0.04045706953180175, 0.036913764889256497, 0.03752432220671888, 0.04313617547771056, 0.03784677226157925, 0.03479358158148254, 0.03133998361550463, 0.04146344444032458, 0.03314110296146871, 0.03093581952495867, 0.03288300765227211, 0.03427275213871998, 0.03890594463651704, 0.04235150545769865, 0.03189324644645208, 0.034536951303012396, 0.02758890789819843, 0.04390516589910414, 0.041491830699366815, 0.0359095918491901, 0.028106036904290532, 0.027924606664635122, 0.03040878598873209, 0.026139394279020726, 0.030826916820584225, 0.03084374530360746, 0.026938708248347057, 0.02827953449635374, 0.030047612321750537, 0.03757194646448659, 0.02511217699632367, 0.036808658427793885, 0.02812959113423169, 0.02766222105726502, 0.02689770792699003, 0.03032798027510394, 0.029444255603269305, 0.024612096201026036, 0.0259165955497202, 0.034473893410120665, 0.026858990694838943, 0.03587053911502126]
BBSR:11.616642056761918
ABSR:13.13560793765194
max acc:97.98
