======================================
    IID: 0
    Dataset: fashion_mnist
    Model: Mnist_CNN
    Model Init: None
    Aggregation Function: DABA
    Fraction NonIID: 0
    Long attack: 3
    Wide attack: 3
    Wide attack: trust
    Threshold reject: 0.5
    Threshold down: 0.0
    Attack method: badnet
    Fraction of malicious agents: 30.0%
    Poison Frac: 0.2
    Backdoor From 7 to 2
    Attack Begin: 0
    Trigger Shape: square
    Type poisoning: pgd
    Trigger Position X: 0
    Trigger Position Y: 0
    Number of agents: 100
    Fraction of agents each turn: 30(30.0%)
    Local batch size: 50
    Local epoch: 3
    Client_LR: 0.01
    Client_Momentum: 0.9
    Global Rounds: 100
======================================
main_task_accuracy=[0, 60.470001220703125, 71.63999938964844, 75.2300033569336, 74.80000305175781, 75.5999984741211, 76.77999877929688, 78.51000213623047, 77.29000091552734, 79.47000122070312, 75.0999984741211, 80.81999969482422, 80.80000305175781, 78.4000015258789, 82.54000091552734, 79.62999725341797, 81.98999786376953, 80.54000091552734, 83.62000274658203, 76.8499984741211, 82.31999969482422, 77.33000183105469, 78.43000030517578, 83.86000061035156, 83.86000061035156, 83.87000274658203, 82.3499984741211, 83.18000030517578, 81.4800033569336, 84.4000015258789, 80.38999938964844, 84.81999969482422, 81.66999816894531, 85.4800033569336, 83.41000366210938, 85.29000091552734, 84.93000030517578, 84.06999969482422, 81.7699966430664, 85.43000030517578, 85.44000244140625, 85.44000244140625, 86.70999908447266, 85.58000183105469, 86.5, 82.9000015258789, 84.4000015258789, 83.91999816894531, 86.66999816894531, 86.05000305175781, 83.20999908447266, 85.37999725341797, 85.41000366210938, 86.02999877929688, 85.58999633789062, 85.62999725341797, 87.44000244140625, 87.16000366210938, 86.9800033569336, 87.66000366210938, 87.01000213623047, 85.62000274658203, 88.02999877929688, 85.51000213623047, 86.80000305175781, 88.16000366210938, 87.0, 88.44000244140625, 88.04000091552734, 84.94999694824219, 84.94999694824219, 87.11000061035156, 85.48999786376953, 87.41999816894531, 87.41999816894531, 86.91999816894531, 87.13999938964844, 87.41999816894531, 88.01000213623047, 87.76000213623047, 84.4800033569336, 87.69000244140625, 87.5199966430664, 87.8499984741211, 85.5, 86.76000213623047, 86.76000213623047, 86.69999694824219, 85.8499984741211, 87.26000213623047, 85.33999633789062, 87.9000015258789, 85.97000122070312, 86.80999755859375, 88.4000015258789, 88.73999786376953, 87.79000091552734, 88.0199966430664, 89.13999938964844, 88.43000030517578, 87.87000274658203]
backdoor_accuracy=[0, 0.0, 0.0, 0.0, 84.5, 96.9, 99.9, 100.0, 100.0, 99.8, 100.0, 99.9, 100.0, 100.0, 99.9, 100.0, 100.0, 100.0, 100.0, 100.0, 100.0, 100.0, 99.9, 100.0, 100.0, 100.0, 100.0, 100.0, 100.0, 100.0, 100.0, 100.0, 100.0, 100.0, 100.0, 100.0, 100.0, 100.0, 100.0, 100.0, 100.0, 100.0, 100.0, 100.0, 100.0, 100.0, 100.0, 100.0, 100.0, 100.0, 100.0, 100.0, 100.0, 100.0, 100.0, 100.0, 100.0, 100.0, 100.0, 100.0, 100.0, 100.0, 100.0, 100.0, 100.0, 100.0, 100.0, 100.0, 100.0, 100.0, 100.0, 100.0, 100.0, 100.0, 100.0, 100.0, 100.0, 100.0, 100.0, 100.0, 100.0, 100.0, 100.0, 100.0, 100.0, 100.0, 100.0, 100.0, 100.0, 100.0, 100.0, 100.0, 100.0, 100.0, 100.0, 100.0, 100.0, 100.0, 100.0, 100.0, 100.0]
loss_list=[1.4414324526157642, 0.8321766871820996, 0.6238244675927692, 0.561723856807307, 0.565620344325348, 0.5093177642259333, 0.4854323469447317, 0.46668258922657485, 0.4199045072275179, 0.44894356777615574, 0.4436892334923701, 0.4047485074304319, 0.41651911024280164, 0.38767054341043594, 0.39189462825586946, 0.3566770803390277, 0.399732275755593, 0.3571977260488051, 0.3710321922200145, 0.3735977648791893, 0.33974914127891814, 0.3612971730599249, 0.34556858686178377, 0.3236105773115048, 0.34265922008220245, 0.3197558214750003, 0.34169510177302137, 0.3606212271825858, 0.3145129525551089, 0.3251986810040695, 0.326752717603274, 0.3480688996095625, 0.3291379513287986, 0.30532826760231896, 0.2962090688136716, 0.285847883724987, 0.294465599267709, 0.29572585785968436, 0.2988052702163932, 0.27274847505959093, 0.26398990861381644, 0.276560561331334, 0.26714110193015256, 0.27842009879510715, 0.2647797015426612, 0.3062905019356145, 0.2877889303990674, 0.27937668258048315, 0.2691411925997171, 0.31324286460704, 0.2717381627885279, 0.25734637445873687, 0.25713437523830823, 0.2867590778576279, 0.27582391918878313, 0.25664224069289593, 0.25773670667161547, 0.24497108941604553, 0.25878061162721777, 0.24435852884004514, 0.22509895770948515, 0.2810659701625506, 0.24531160077787245, 0.2720660950540117, 0.23954125873882468, 0.24013625207115652, 0.232806086835141, 0.2397983789581943, 0.24673232352361085, 0.22910911034344247, 0.2686371344020935, 0.2557748796142362, 0.2954206866143203, 0.23249647587675737, 0.2349895344089924, 0.2739470860472432, 0.2456505014992284, 0.23884851528780052, 0.22394270709094896, 0.22172719896059587, 0.24142945213243364, 0.25144015046836876, 0.23062025088023533, 0.22754140285499122, 0.24524758244623185, 0.21989703774452213, 0.22927535493961634, 0.23755878012247938, 0.24050359350318706, 0.22732926110426582, 0.21747108733247, 0.2046754819582458, 0.2196673612351771, 0.213607046128837, 0.21131796800893626, 0.24594125581422335, 0.2135948600971865, 0.22832644388286602, 0.19780330713924574, 0.21606573119966518]
BBSR:100.0
ABSR:100.0
max acc:89.14
