======================================
    IID: 0
    Dataset: mnist
    Model: Mnist_CNN
    Model Init: None
    Aggregation Function: avg
    Fraction NonIID: 0
    Long attack: 3
    Wide attack: 3
    Wide attack: trust
    Threshold reject: 0.5
    Threshold down: 0.0
    Attack method: badnet
    Fraction of malicious agents: 30.0%
    Poison Frac: 0.2
    Backdoor From 7 to 2
    Attack Begin: 0
    Trigger Shape: square
    Type poisoning: 
    Trigger Position X: 0
    Trigger Position Y: 0
    Number of agents: 100
    Fraction of agents each turn: 30(30.0%)
    Local batch size: 50
    Local epoch: 3
    Client_LR: 0.01
    Client_Momentum: 0.9
    Global Rounds: 100
======================================
main_task_accuracy=[0, 42.75, 49.119998931884766, 75.80999755859375, 65.05000305175781, 54.77000045776367, 81.87000274658203, 84.98999786376953, 91.12000274658203, 89.6500015258789, 88.5, 92.83999633789062, 93.91999816894531, 92.5999984741211, 91.9000015258789, 95.62000274658203, 93.06999969482422, 94.27999877929688, 94.43000030517578, 95.16999816894531, 95.83000183105469, 95.61000061035156, 96.06999969482422, 95.77999877929688, 96.13999938964844, 96.51000213623047, 96.61000061035156, 96.48999786376953, 96.62999725341797, 96.54000091552734, 96.08999633789062, 96.30999755859375, 96.04000091552734, 96.72000122070312, 94.18000030517578, 95.9800033569336, 96.27999877929688, 97.58000183105469, 96.7699966430664, 97.76000213623047, 97.20999908447266, 97.56999969482422, 97.2300033569336, 97.44000244140625, 97.33999633789062, 97.66999816894531, 97.73999786376953, 95.55999755859375, 93.97000122070312, 97.12999725341797, 97.45999908447266, 97.91000366210938, 97.4000015258789, 98.0, 97.83000183105469, 98.0999984741211, 97.91000366210938, 97.94000244140625, 98.0199966430664, 97.81999969482422, 98.12999725341797, 98.0, 97.9000015258789, 98.33000183105469, 97.25, 97.86000061035156, 98.38999938964844, 98.37000274658203, 98.26000213623047, 98.01000213623047, 98.0, 98.13999938964844, 97.8499984741211, 98.43000030517578, 98.48999786376953, 98.31999969482422, 98.2699966430664, 98.33000183105469, 98.22000122070312, 98.37999725341797, 98.55000305175781, 98.41999816894531, 98.37999725341797, 98.26000213623047, 98.08999633789062, 97.97000122070312, 98.45999908447266, 98.04000091552734, 98.4000015258789, 98.19999694824219, 98.41999816894531, 98.02999877929688, 98.12000274658203, 98.45999908447266, 98.30000305175781, 98.44999694824219, 98.30999755859375, 98.16000366210938, 98.62999725341797, 98.75, 98.58999633789062]
backdoor_accuracy=[0, 0.0, 6.809338521400778, 11.089494163424124, 4.669260700389105, 6.42023346303502, 9.727626459143968, 14.396887159533074, 6.614785992217898, 13.326848249027238, 10.603112840466926, 9.14396887159533, 17.704280155642024, 12.15953307392996, 25.389105058365757, 35.505836575875485, 37.93774319066148, 49.5136186770428, 42.99610894941634, 63.61867704280156, 86.67315175097276, 49.221789883268485, 95.52529182879377, 81.6147859922179, 90.95330739299611, 96.40077821011673, 97.76264591439688, 99.61089494163424, 98.34630350194553, 99.31906614785993, 99.61089494163424, 100.0, 99.90272373540856, 100.0, 99.80544747081711, 100.0, 99.80544747081711, 100.0, 99.90272373540856, 100.0, 100.0, 100.0, 100.0, 100.0, 100.0, 99.90272373540856, 100.0, 100.0, 100.0, 100.0, 100.0, 100.0, 100.0, 100.0, 100.0, 100.0, 100.0, 100.0, 100.0, 100.0, 100.0, 100.0, 100.0, 100.0, 100.0, 100.0, 100.0, 100.0, 100.0, 100.0, 100.0, 100.0, 100.0, 100.0, 100.0, 100.0, 100.0, 100.0, 100.0, 100.0, 100.0, 100.0, 100.0, 100.0, 100.0, 100.0, 100.0, 100.0, 100.0, 100.0, 100.0, 100.0, 100.0, 100.0, 100.0, 100.0, 100.0, 100.0, 100.0, 100.0, 100.0]
loss_list=[0.5100114158244399, 0.3136906175734601, 0.25642518327902925, 0.17285122823100832, 0.15959240305995676, 0.1853412288638253, 0.13129336386260232, 0.10266447904723612, 0.09456513497367523, 0.08339292986754385, 0.08715255455421174, 0.07384601733396792, 0.0659695079930311, 0.0715469547560214, 0.06669096614502021, 0.06703882579465444, 0.060624680046965966, 0.05612652926491969, 0.045140760247915454, 0.04766729439430952, 0.044761979837076686, 0.044214248103669744, 0.03887736235662791, 0.04372886123441596, 0.04324332645183514, 0.042901115820582626, 0.03777453118362233, 0.03950085047952318, 0.0332475229168184, 0.03894723620547204, 0.03938418363343036, 0.04591911190352782, 0.037642581632015615, 0.03883965692899544, 0.039833972812141835, 0.03603431542141893, 0.03330825775115776, 0.02886447110006567, 0.03393559431637556, 0.030769183017330694, 0.03347516954428712, 0.02786400413180808, 0.02796174691679188, 0.029837786115300458, 0.032252427361352226, 0.034714133261239316, 0.02266143012421784, 0.03582559256001645, 0.045092999007907385, 0.03312973895290243, 0.032520241057535364, 0.02126445840152668, 0.0318664943497015, 0.02264859092888312, 0.03119412085309202, 0.02597822820246839, 0.01956509283590298, 0.02602571705336409, 0.027551933545385064, 0.025734790998896327, 0.026136112259563256, 0.023945348333614048, 0.025734458468097767, 0.025924358597212274, 0.02698576355516619, 0.022635898199127782, 0.02078250840739625, 0.021829660211225874, 0.02216064174799529, 0.023409306230928868, 0.0245967961091554, 0.020736899251289798, 0.022616008448815613, 0.022751361586553824, 0.019226956381704893, 0.022476283230815672, 0.02508640335199474, 0.02108136379732015, 0.022617888284343354, 0.02183489843189939, 0.021871909465467933, 0.020886419693357066, 0.019302571292987424, 0.024919169940910764, 0.017031723178606704, 0.01606338977968118, 0.021411240154040993, 0.02282769788097438, 0.020087639633053135, 0.02711752243007968, 0.019865899101667785, 0.02068951314980712, 0.02004226672662447, 0.01899656140558579, 0.020841036994589328, 0.017046810119181015, 0.023245772767245466, 0.021549091979998804, 0.019827607374364117, 0.01641402907573325]
BBSR:100.0
ABSR:100.0
max acc:98.75
