======================================
    IID: 0
    Dataset: fashion_mnist
    Model: Mnist_CNN
    Model Init: None
    Aggregation Function: flame
    Fraction NonIID: 0
    Long attack: 3
    Wide attack: 3
    Wide attack: trust
    Threshold reject: 0.5
    Threshold down: 0.0
    Attack method: dba
    Fraction of malicious agents: 30.0%
    Poison Frac: 0.2
    Backdoor From 7 to 2
    Attack Begin: 0
    Trigger Shape: square
    Type poisoning: 
    Trigger Position X: 0
    Trigger Position Y: 0
    Number of agents: 100
    Fraction of agents each turn: 30(30.0%)
    Local batch size: 50
    Local epoch: 3
    Client_LR: 0.01
    Client_Momentum: 0.9
    Global Rounds: 100
    Noise in FLAME: 0.001
proportion of malicious are selected:0.6177777777777778
proportion of benign are selected:0.5023809523809524
======================================
main_task_accuracy=[0, 65.04000091552734, 70.58000183105469, 74.97000122070312, 74.79000091552734, 77.91000366210938, 78.8499984741211, 79.33999633789062, 79.16999816894531, 80.86000061035156, 81.18000030517578, 80.44999694824219, 82.2300033569336, 83.01000213623047, 82.4000015258789, 83.44000244140625, 83.44000244140625, 84.44999694824219, 83.62999725341797, 84.43000030517578, 85.0199966430664, 83.47000122070312, 84.9000015258789, 85.36000061035156, 85.62000274658203, 85.62000274658203, 85.7699966430664, 86.08999633789062, 86.12999725341797, 85.75, 86.30000305175781, 86.18000030517578, 85.94999694824219, 86.70999908447266, 86.80999755859375, 86.5, 86.9000015258789, 87.01000213623047, 86.70999908447266, 87.0199966430664, 87.05000305175781, 87.06999969482422, 86.5199966430664, 87.37000274658203, 87.33999633789062, 87.1500015258789, 87.30999755859375, 87.45999908447266, 87.30000305175781, 87.55999755859375, 87.62999725341797, 86.97000122070312, 87.41000366210938, 87.79000091552734, 87.95999908447266, 87.36000061035156, 88.1500015258789, 88.02999877929688, 87.62999725341797, 87.70999908447266, 88.05999755859375, 88.01000213623047, 87.87999725341797, 88.22000122070312, 88.25, 88.37999725341797, 88.26000213623047, 88.55999755859375, 88.30000305175781, 88.37999725341797, 88.7300033569336, 88.45999908447266, 88.23999786376953, 88.56999969482422, 88.77999877929688, 88.2699966430664, 88.33000183105469, 88.81999969482422, 88.4800033569336, 88.44999694824219, 88.8499984741211, 88.27999877929688, 88.31999969482422, 89.05000305175781, 88.8499984741211, 88.80999755859375, 88.93000030517578, 88.94000244140625, 88.66999816894531, 88.80999755859375, 88.98999786376953, 89.0, 88.6500015258789, 89.1500015258789, 89.08000183105469, 89.16999816894531, 88.95999908447266, 89.48999786376953, 88.87000274658203, 89.05999755859375, 89.37000274658203]
backdoor_accuracy=[0, 0.0, 2.3, 79.7, 97.9, 97.3, 98.2, 99.7, 99.6, 99.8, 99.9, 100.0, 99.9, 99.9, 100.0, 100.0, 100.0, 100.0, 100.0, 100.0, 100.0, 100.0, 100.0, 100.0, 100.0, 100.0, 100.0, 100.0, 100.0, 100.0, 100.0, 100.0, 100.0, 100.0, 100.0, 100.0, 100.0, 100.0, 100.0, 100.0, 100.0, 100.0, 100.0, 100.0, 100.0, 100.0, 100.0, 100.0, 100.0, 100.0, 100.0, 100.0, 100.0, 100.0, 100.0, 100.0, 100.0, 100.0, 100.0, 100.0, 100.0, 100.0, 100.0, 100.0, 100.0, 100.0, 100.0, 100.0, 100.0, 100.0, 100.0, 100.0, 100.0, 100.0, 100.0, 100.0, 100.0, 100.0, 100.0, 100.0, 100.0, 100.0, 100.0, 100.0, 100.0, 100.0, 100.0, 100.0, 100.0, 100.0, 100.0, 100.0, 100.0, 100.0, 100.0, 100.0, 100.0, 100.0, 100.0, 100.0, 100.0]
loss_list=[1.3989893505970636, 0.8370338944373306, 0.6047216973784896, 0.5733091169071418, 0.5135290827326199, 0.4625485267766096, 0.4544074064189637, 0.48869863711987394, 0.41660927595501696, 0.3809653506510789, 0.427356832543457, 0.39863453409462063, 0.37288973021010563, 0.3995827238937771, 0.3698307513914727, 0.3543118561549043, 0.3596122989224063, 0.38836614170146216, 0.3650911680871138, 0.32516366295102567, 0.3703975242735059, 0.3486848416772706, 0.31280556628825484, 0.3432201827703802, 0.30988384032690963, 0.3137621406086341, 0.293088742783638, 0.3226498066965077, 0.3234320412769362, 0.30437066909615645, 0.33270347331892014, 0.3179649807685228, 0.27398434684922296, 0.30643350543730224, 0.31007766748123156, 0.2972783431341803, 0.27847264575151104, 0.3356297478769664, 0.29300514815409706, 0.26324943437551457, 0.2866707179246954, 0.30664371439876664, 0.24581652930420306, 0.2883158650594178, 0.28429859528938933, 0.2582366425716491, 0.2756939279087991, 0.31525488700027815, 0.27038091416643173, 0.2615516171980374, 0.30392691546499184, 0.2645297247433552, 0.25191605048495586, 0.26440341908450204, 0.26628200903500393, 0.24414843514354692, 0.25055570387867865, 0.28451969175496034, 0.2692470179146363, 0.24061280204052177, 0.28789583053008694, 0.2500968373242627, 0.20918542092355588, 0.2780134573294264, 0.23409463404764047, 0.2637455369121637, 0.2490880008140164, 0.26791502890280555, 0.2567508459108433, 0.22860208730627266, 0.25493299350038995, 0.24978742571375162, 0.2104855155486062, 0.2529407227092803, 0.2516840753869878, 0.23720368472169398, 0.2277885053496532, 0.26815069135563024, 0.25373141625033757, 0.21758564421475896, 0.2603410385997483, 0.2493810441517444, 0.21265731924213468, 0.2526416246296355, 0.2488081051235053, 0.20971449182575777, 0.23309273195487484, 0.24700943284012652, 0.2295964075554231, 0.20225367800125651, 0.23628235150266577, 0.2383021492959449, 0.19970347602092833, 0.2607213961978064, 0.23204849444122774, 0.228408032324579, 0.24009963626524916, 0.26733869615148886, 0.23245241003438696, 0.20160018925175618]
BBSR:100.0
ABSR:100.0
max acc:89.49
