======================================
    IID: 0
    Dataset: mnist
    Model: Mnist_CNN
    Model Init: None
    Aggregation Function: krum
    Fraction NonIID: 0
    Long attack: 3
    Wide attack: 3
    Wide attack: trust
    Threshold reject: 0.5
    Threshold down: 0.0
    Attack method: badnet
    Fraction of malicious agents: 13.0%
    Poison Frac: 0.2
    Backdoor From 7 to 2
    Attack Begin: 0
    Trigger Shape: square
    Type poisoning: cs
    Trigger Position X: 0
    Trigger Position Y: 0
    Number of agents: 100
    Fraction of agents each turn: 30(30.0%)
    Local batch size: 50
    Local epoch: 3
    Client_LR: 0.01
    Client_Momentum: 0.9
    Global Rounds: 100
    Proportion of malicious are selected: 0.29
    Average score of malicious clients: 772.3981323242188
    Average score of benign clients: 848.251220703125
======================================
main_task_accuracy=[0, 19.34000015258789, 19.700000762939453, 9.739999771118164, 19.6299991607666, 10.09000015258789, 8.920000076293945, 16.739999771118164, 21.1200008392334, 16.440000534057617, 19.780000686645508, 19.739999771118164, 19.760000228881836, 26.899999618530273, 19.770000457763672, 20.040000915527344, 19.719999313354492, 15.319999694824219, 21.639999389648438, 27.350000381469727, 10.600000381469727, 16.68000030517578, 10.279999732971191, 24.899999618530273, 20.889999389648438, 28.899999618530273, 22.799999237060547, 34.959999084472656, 27.719999313354492, 24.1299991607666, 32.65999984741211, 25.3799991607666, 33.939998626708984, 38.79999923706055, 40.689998626708984, 36.16999816894531, 33.5, 31.56999969482422, 36.59000015258789, 31.940000534057617, 35.75, 33.290000915527344, 32.400001525878906, 32.90999984741211, 45.84000015258789, 42.45000076293945, 39.7599983215332, 41.849998474121094, 42.220001220703125, 42.720001220703125, 46.630001068115234, 45.04999923706055, 43.09000015258789, 44.7400016784668, 43.560001373291016, 41.95000076293945, 42.189998626708984, 41.220001220703125, 42.40999984741211, 40.779998779296875, 40.52000045776367, 40.189998626708984, 39.61000061035156, 42.349998474121094, 43.060001373291016, 41.86000061035156, 41.20000076293945, 40.060001373291016, 39.939998626708984, 39.4900016784668, 38.380001068115234, 39.130001068115234, 37.959999084472656, 38.689998626708984, 37.970001220703125, 23.8799991607666, 47.220001220703125, 44.75, 57.52000045776367, 54.34000015258789, 53.470001220703125, 52.25, 51.540000915527344, 49.720001220703125, 48.310001373291016, 45.56999969482422, 47.45000076293945, 45.47999954223633, 44.58000183105469, 45.20000076293945, 44.5, 43.88999938964844, 44.09000015258789, 44.4900016784668, 44.790000915527344, 44.279998779296875, 44.04999923706055, 42.58000183105469, 42.38999938964844, 40.7400016784668, 39.65999984741211]
backdoor_accuracy=[0, 0.0, 0.0, 0.0, 0.0, 0.0, 0.0, 0.0, 0.0, 0.0, 100.0, 0.0, 0.0, 0.0, 0.0, 0.0, 0.0, 100.0, 0.0, 100.0, 0.0, 0.0, 0.0, 0.0, 0.0, 93.48249027237354, 0.0, 0.0, 94.3579766536965, 6.031128404669261, 0.0, 0.0, 0.0, 0.0, 100.0, 83.94941634241245, 1.3618677042801557, 0.0, 61.08949416342413, 2.237354085603113, 100.0, 100.0, 100.0, 19.06614785992218, 64.98054474708171, 13.132295719844358, 0.48638132295719844, 100.0, 100.0, 100.0, 100.0, 94.74708171206225, 82.58754863813229, 100.0, 98.5408560311284, 96.10894941634241, 95.62256809338521, 53.793774319066145, 90.95330739299611, 84.8249027237354, 86.47859922178988, 81.22568093385215, 85.40856031128405, 100.0, 99.90272373540856, 98.5408560311284, 99.12451361867704, 98.34630350194553, 97.47081712062257, 93.28793774319067, 73.92996108949416, 96.88715953307393, 74.12451361867704, 93.57976653696498, 69.8443579766537, 94.3579766536965, 1.556420233463035, 0.09727626459143969, 78.50194552529183, 85.01945525291829, 14.591439688715953, 7.782101167315175, 11.478599221789883, 0.09727626459143969, 0.09727626459143969, 0.0, 0.09727626459143969, 0.0, 0.0, 0.0, 0.0, 0.0, 0.0, 0.0, 0.0, 0.0, 0.0, 0.0, 0.0, 0.0, 0.0]
loss_list=[0.463374759670725, 1.0087574043598602, 0.5894942502563009, 2.2797598115408784, 2.554468865916942, 1.5923210826291667, 1.74601791628326, 1.3263112646357322, 1.2232178125257096, 0.9390279381540309, 0.7647025359953782, 0.6254855825422034, 0.9003154390603109, 0.9023242090423671, 1.2625563461468794, 0.8597820934113772, 0.9921575210469843, 0.8679121341837649, 1.2528648157908149, 0.8827948562241651, 1.1582536902269431, 0.7432566826592343, 1.3313044983908182, 0.8097363008613951, 1.0047386671178207, 0.7463263370114925, 0.9733358973863384, 0.7810382186792997, 0.7718823959332979, 0.8673976039539955, 0.6571529853641417, 0.9315942730950796, 0.7694311024507307, 0.6562213701322298, 0.6097533886044403, 0.5886000174054122, 0.6159529070168472, 0.7570518192856436, 0.7003086959953956, 0.7971078753098683, 0.7316797919462529, 0.8018901094767324, 0.7152476015052713, 0.787602231456569, 0.6311946166503216, 0.6816148042620085, 0.7583388598959169, 0.7681100499020731, 0.7500511899063849, 0.6953210015936104, 0.6381833290249603, 0.7012869716950506, 0.6579361559430202, 0.6195180341169867, 0.6170279931138863, 0.717689389079397, 0.7050187442487422, 0.6938166432610794, 0.6244738892290453, 0.6286721058307303, 0.6473853508898058, 0.7140455832560851, 0.704202652225757, 0.6199745333421762, 0.6697079388974274, 0.6076381740826269, 0.4890254759119065, 0.6711915503115885, 0.6046884958740683, 0.6987877219257662, 0.6479920128557112, 0.5741208811685972, 0.6576825718466773, 0.6718456935165256, 0.7825297259252166, 0.5133022190786778, 0.5251493339490244, 0.5555070859536364, 0.49774683901944095, 0.42320832866745145, 0.5056518040392112, 0.5584087619744845, 0.4929997138894073, 0.51510140193298, 0.6270790802846233, 0.48654399032299656, 0.5779954225815446, 0.5057542876420223, 0.6309743922839304, 0.5806519691328673, 0.4676925297152075, 0.5096050832466575, 0.6876523292151375, 0.4563316367300756, 0.5117414235677696, 0.5015936887877362, 0.502563980439488, 0.4436876565588174, 0.6922963927382744, 0.5824129857902769]
BBSR:0.0
ABSR:0.0
max acc:44.79
