======================================
    IID: 0
    Dataset: mnist
    Model: Mnist_CNN
    Model Init: None
    Aggregation Function: avg
    Fraction NonIID: 0
    Long attack: 4
    Wide attack: 4
    Wide attack: trust
    Threshold reject: 0.5
    Threshold down: 0.0
    Attack method: badnet
    Fraction of malicious agents: 13.0%
    Poison Frac: 0.2
    Backdoor From 7 to 2
    Attack Begin: 0
    Trigger Shape: square
    Type poisoning: 
    Trigger Position X: 0
    Trigger Position Y: 0
    Number of agents: 100
    Fraction of agents each turn: 30(30.0%)
    Local batch size: 50
    Local epoch: 3
    Client_LR: 0.01
    Client_Momentum: 0.9
    Global Rounds: 100
======================================
main_task_accuracy=[0, 29.239999771118164, 45.25, 58.84000015258789, 59.31999969482422, 78.41000366210938, 76.16999816894531, 84.51000213623047, 79.79000091552734, 76.66000366210938, 80.16999816894531, 79.62999725341797, 91.94000244140625, 91.0, 92.52999877929688, 93.87999725341797, 94.77999877929688, 92.01000213623047, 95.4800033569336, 95.58000183105469, 96.04000091552734, 95.43000030517578, 94.12000274658203, 95.38999938964844, 96.16999816894531, 96.06999969482422, 96.66000366210938, 95.7300033569336, 96.77999877929688, 96.0999984741211, 96.55999755859375, 96.01000213623047, 97.04000091552734, 96.81999969482422, 96.97000122070312, 97.54000091552734, 97.16000366210938, 97.66999816894531, 97.44999694824219, 97.5199966430664, 97.4800033569336, 97.51000213623047, 97.83999633789062, 97.2699966430664, 97.19999694824219, 97.58000183105469, 97.80000305175781, 97.37999725341797, 98.0999984741211, 97.41999816894531, 98.1500015258789, 98.12000274658203, 98.30999755859375, 98.08999633789062, 98.12000274658203, 97.9800033569336, 98.18000030517578, 98.19999694824219, 98.01000213623047, 98.12999725341797, 97.91000366210938, 98.12000274658203, 98.25, 98.16999816894531, 97.9800033569336, 98.33999633789062, 97.80999755859375, 98.18000030517578, 98.05000305175781, 98.05000305175781, 98.19000244140625, 97.9800033569336, 98.26000213623047, 98.38999938964844, 98.4800033569336, 98.44999694824219, 98.12999725341797, 98.48999786376953, 98.38999938964844, 98.48999786376953, 98.62000274658203, 98.58000183105469, 98.41999816894531, 98.47000122070312, 98.43000030517578, 98.41000366210938, 98.3499984741211, 98.54000091552734, 98.45999908447266, 98.54000091552734, 97.45999908447266, 98.36000061035156, 98.6500015258789, 98.47000122070312, 98.27999877929688, 98.52999877929688, 98.44999694824219, 98.66000366210938, 98.6500015258789, 98.55000305175781, 98.13999938964844]
backdoor_accuracy=[0, 0.0, 0.0, 0.09727626459143969, 1.1673151750972763, 6.22568093385214, 3.307392996108949, 9.14396887159533, 2.821011673151751, 7.101167315175097, 3.6964980544747084, 2.6264591439688716, 5.739299610894942, 1.8482490272373542, 7.782101167315175, 3.501945525291829, 5.836575875486381, 4.280155642023346, 13.715953307392995, 4.280155642023346, 6.809338521400778, 8.463035019455253, 5.155642023346304, 13.618677042801556, 6.517509727626459, 3.0155642023346303, 15.272373540856032, 6.031128404669261, 9.04669260700389, 3.11284046692607, 26.459143968871594, 2.9182879377431905, 26.264591439688715, 36.86770428015564, 29.863813229571985, 11.284046692607005, 14.494163424124514, 16.147859922178988, 11.575875486381323, 12.062256809338521, 27.237354085603112, 14.883268482490273, 9.922178988326849, 12.062256809338521, 70.13618677042801, 12.84046692607004, 39.007782101167315, 8.560311284046692, 44.747081712062254, 48.83268482490272, 75.9727626459144, 53.21011673151751, 59.04669260700389, 62.54863813229572, 38.13229571984436, 66.05058365758755, 42.8988326848249, 44.552529182879375, 32.782101167315176, 16.53696498054475, 50.4863813229572, 90.75875486381322, 89.2023346303502, 33.268482490272376, 24.80544747081712, 61.38132295719844, 33.75486381322957, 80.93385214007782, 81.22568093385215, 46.69260700389105, 96.3035019455253, 40.36964980544747, 94.06614785992218, 93.8715953307393, 78.40466926070039, 87.2568093385214, 87.54863813229572, 96.59533073929961, 94.16342412451363, 96.20622568093385, 95.62256809338521, 96.88715953307393, 97.08171206225681, 96.10894941634241, 97.37354085603113, 96.01167315175097, 98.73540856031128, 98.34630350194553, 98.92996108949416, 96.59533073929961, 89.39688715953308, 97.47081712062257, 98.24902723735408, 96.10894941634241, 93.3852140077821, 98.92996108949416, 97.37354085603113, 95.62256809338521, 97.27626459143968, 95.91439688715953, 97.56809338521401]
loss_list=[0.5090997329453717, 0.293229777001697, 0.20625529687761493, 0.19885270067096944, 0.16002827508573916, 0.13738313251694165, 0.134753753391258, 0.09062489830858425, 0.09050125011371901, 0.1175484370177551, 0.10324724503503248, 0.12314616051459118, 0.0849956973443047, 0.07042236268957879, 0.05748075787594658, 0.056615452759300765, 0.05450525799988393, 0.052492466479662235, 0.04845400685387046, 0.05715718493120463, 0.04571459893784351, 0.047221836450938026, 0.04756195857028125, 0.05116825156300718, 0.047791800052667956, 0.044049675491272505, 0.04008735719385084, 0.03751826215308782, 0.03785346280673032, 0.039373228150553045, 0.04298465449074658, 0.04447890521904945, 0.03726003707274158, 0.03268547610790032, 0.03578193456494614, 0.031067803694022084, 0.03443212362758712, 0.02843508747475987, 0.0347444188781247, 0.031305454303067866, 0.03225878507749629, 0.03663678695071313, 0.02766538843737298, 0.037982691457794066, 0.030760707166180682, 0.030683032365769122, 0.02633331980428285, 0.027432562128464025, 0.025043779572840683, 0.028267147304975395, 0.028557348415604, 0.026112906945632466, 0.02867137380223204, 0.024727737076477848, 0.02426271888335992, 0.02560426562038345, 0.026526351326165307, 0.02252590917862081, 0.0263332673837871, 0.020514407988690364, 0.023502283719018077, 0.026626111398067445, 0.020126602761787214, 0.025171270057262086, 0.02474214681124143, 0.02571142045865123, 0.026187896099752247, 0.023486817684808845, 0.019863063214913733, 0.025665379992047845, 0.025610255519192767, 0.023248111537896948, 0.023037686685313665, 0.024960456300143815, 0.022933791087535457, 0.01946329710723681, 0.022817388645059476, 0.022418245571365358, 0.024479292789735888, 0.020512607259556184, 0.01723822266929192, 0.018903932438241053, 0.02248040358001733, 0.025909117117260357, 0.022374881477500518, 0.0234218193162757, 0.021038526370530473, 0.021720807234752972, 0.02240504136805439, 0.01680776575388029, 0.021413044576120397, 0.01854831912103698, 0.017439867084004104, 0.019258658745102852, 0.01975256718721236, 0.02014209468808931, 0.015841971530989096, 0.017828124250483166, 0.020250424100458617, 0.01701754927258003]
BBSR:98.93
ABSR:96.79
max acc:98.66
