======================================
    IID: 0
    Dataset: mnist
    Model: Mnist_CNN
    Model Init: None
    Aggregation Function: krum
    Fraction NonIID: 0
    Long attack: 5
    Wide attack: 5
    Wide attack: trust
    Threshold reject: 0.5
    Threshold down: 0.0
    Attack method: badnet
    Fraction of malicious agents: 13.0%
    Poison Frac: 0.2
    Backdoor From 7 to 2
    Attack Begin: 0
    Trigger Shape: square
    Type poisoning: cs
    Trigger Position X: 0
    Trigger Position Y: 0
    Number of agents: 100
    Fraction of agents each turn: 30(30.0%)
    Local batch size: 50
    Local epoch: 3
    Client_LR: 0.01
    Client_Momentum: 0.9
    Global Rounds: 100
    Proportion of malicious are selected: 0.25
    Average score of malicious clients: 591.0790405273438
    Average score of benign clients: 762.7401123046875
======================================
main_task_accuracy=[0, 17.90999984741211, 19.520000457763672, 21.110000610351562, 17.780000686645508, 30.760000228881836, 20.860000610351562, 20.780000686645508, 19.639999389648438, 19.829999923706055, 30.079999923706055, 26.040000915527344, 25.309999465942383, 21.260000228881836, 19.459999084472656, 26.799999237060547, 24.260000228881836, 24.600000381469727, 24.059999465942383, 33.95000076293945, 28.0, 32.540000915527344, 28.459999084472656, 19.940000534057617, 35.119998931884766, 22.81999969482422, 16.399999618530273, 30.200000762939453, 27.920000076293945, 38.65999984741211, 52.40999984741211, 44.5, 46.04999923706055, 44.900001525878906, 44.0099983215332, 45.06999969482422, 43.150001525878906, 47.70000076293945, 49.2400016784668, 45.599998474121094, 49.90999984741211, 49.2400016784668, 48.900001525878906, 48.75, 48.0, 47.2400016784668, 46.58000183105469, 45.560001373291016, 45.560001373291016, 45.380001068115234, 45.470001220703125, 47.2599983215332, 47.290000915527344, 46.880001068115234, 50.93000030517578, 46.290000915527344, 47.040000915527344, 47.810001373291016, 46.20000076293945, 46.52000045776367, 46.43000030517578, 47.369998931884766, 48.150001525878906, 47.47999954223633, 47.369998931884766, 47.79999923706055, 47.56999969482422, 47.70000076293945, 47.43000030517578, 47.349998474121094, 47.88999938964844, 47.66999816894531, 47.59000015258789, 47.790000915527344, 47.5, 47.2400016784668, 45.560001373291016, 39.790000915527344, 37.880001068115234, 36.68000030517578, 48.7400016784668, 45.380001068115234, 44.2400016784668, 45.31999969482422, 45.369998931884766, 43.650001525878906, 47.06999969482422, 43.04999923706055, 45.099998474121094, 46.2599983215332, 46.06999969482422, 46.029998779296875, 47.63999938964844, 47.7599983215332, 46.18000030517578, 47.810001373291016, 47.81999969482422, 47.7400016784668, 48.0099983215332, 47.91999816894531, 45.959999084472656]
backdoor_accuracy=[0, 0.0, 0.0, 0.0, 0.0, 0.0, 0.0, 0.0, 0.0, 0.0, 0.0, 0.0, 0.0, 0.0, 0.0, 0.0, 0.0, 0.0, 0.0, 2.140077821011673, 1.1673151750972763, 0.0, 100.0, 0.0, 100.0, 41.9260700389105, 0.9727626459143969, 28.404669260700388, 0.0, 1.9455252918287937, 12.15953307392996, 6.712062256809339, 0.0, 0.0, 0.0, 0.0, 93.19066147859922, 30.836575875486382, 41.731517509727624, 32.00389105058366, 44.64980544747082, 42.217898832684824, 41.43968871595331, 46.10894941634241, 51.84824902723735, 48.249027237354085, 45.62256809338521, 43.3852140077821, 44.26070038910506, 40.36964980544747, 44.06614785992218, 98.5408560311284, 96.69260700389106, 96.3035019455253, 84.72762645914396, 99.5136186770428, 99.12451361867704, 88.52140077821012, 99.41634241245136, 98.92996108949416, 98.63813229571984, 96.01167315175097, 93.09338521400778, 94.3579766536965, 93.96887159533074, 94.16342412451363, 92.02334630350195, 90.95330739299611, 89.88326848249027, 92.41245136186771, 92.31517509727627, 91.92607003891051, 91.73151750972762, 90.85603112840467, 89.88326848249027, 89.88326848249027, 100.0, 100.0, 100.0, 100.0, 55.54474708171206, 100.0, 100.0, 100.0, 100.0, 100.0, 99.70817120622569, 100.0, 99.80544747081711, 99.12451361867704, 98.92996108949416, 85.7976653696498, 99.12451361867704, 98.73540856031128, 88.13229571984436, 97.95719844357977, 97.85992217898833, 97.76264591439688, 97.47081712062257, 97.17898832684826, 81.03112840466926]
loss_list=[0.50533381344077, 0.711464923613992, 0.769964319043687, 1.3246492068058509, 0.7513174030881263, 0.7659254359673401, 0.6433513807990194, 0.9378273527468762, 0.5354252647878924, 0.9859373292995436, 0.7047634639307969, 0.4961516556405708, 0.7404986466045734, 0.6308538359536652, 0.6433663974946903, 0.5143786731536613, 0.613296154915828, 0.6460032366532974, 0.5647814663826043, 0.6201799514510975, 0.6133848345972015, 0.7183152900945543, 0.49012149244340353, 0.5926978091886937, 0.40542012222485874, 0.646089731981447, 0.711698480244127, 0.440926791339979, 0.46756059416987267, 0.5427282445919775, 0.4686165875333104, 0.5038590219641904, 0.511436033537375, 0.4758641228052781, 0.4461251932913471, 0.5409450977186697, 0.39705279038889285, 0.4053798370797917, 0.3827350716340095, 0.4359802328315154, 0.36656010092615277, 0.39212679385360155, 0.35339956982672016, 0.41847084329144674, 0.38263172055487377, 0.39663655345800986, 0.33801278608919616, 0.39080630403716426, 0.4068255079173381, 0.40890673598447685, 0.44576456277568394, 0.34570852282618875, 0.4142778484569639, 0.39876387300959437, 0.38751616558691404, 0.4461022113584399, 0.3695199845642144, 0.4756468827726082, 0.38651423158104736, 0.3471322366495231, 0.4326672859972522, 0.39279124867538806, 0.43842976265561384, 0.44859919554663746, 0.4547129699548594, 0.39712907626807953, 0.3768631650245845, 0.3917276741493812, 0.3713397151152818, 0.43308610267149183, 0.3860825997972869, 0.39311256665354744, 0.39585905862327514, 0.3751822419206697, 0.4141957189326461, 0.525613197546279, 0.37827946415217384, 0.3569565456075363, 0.4268516325537347, 0.3709444561827888, 0.41818422267716177, 0.3653045765206925, 0.3758358520807904, 0.3741101792896483, 0.38143238481935143, 0.35479637037354567, 0.3527610072922097, 0.3969418035644569, 0.4185860110186973, 0.36344353373628047, 0.34993001045756195, 0.2999294195017834, 0.340507100249113, 0.36348188373010665, 0.4272273735037439, 0.31394665181855147, 0.3300482385921664, 0.309741320629997, 0.355275378438523, 0.3287245738221008]
BBSR:99.12
ABSR:94.11
max acc:48.01
