======================================
    IID: 0
    Dataset: mnist
    Model: Mnist_CNN
    Model Init: None
    Aggregation Function: fltrust
    Fraction NonIID: 0
    Long attack: 3
    Wide attack: 3
    Wide attack: trust
    Threshold reject: 0.5
    Threshold down: 0.0
    Attack method: dba
    Fraction of malicious agents: 13.0%
    Poison Frac: 0.2
    Backdoor From 7 to 2
    Attack Begin: 0
    Trigger Shape: square
    Type poisoning: 
    Trigger Position X: 0
    Trigger Position Y: 0
    Number of agents: 100
    Fraction of agents each turn: 30(30.0%)
    Local batch size: 50
    Local epoch: 3
    Client_LR: 0.01
    Client_Momentum: 0.9
    Global Rounds: 100
    Dataset In Server: 200
======================================
main_task_accuracy=[0, 14.729999542236328, 29.3700008392334, 53.95000076293945, 45.900001525878906, 63.189998626708984, 64.91999816894531, 78.1500015258789, 77.72000122070312, 77.81999969482422, 69.94999694824219, 79.55999755859375, 81.3499984741211, 76.95999908447266, 88.37000274658203, 81.33000183105469, 84.47000122070312, 87.05000305175781, 86.97000122070312, 86.81999969482422, 87.94999694824219, 90.9800033569336, 87.94999694824219, 90.55000305175781, 90.41999816894531, 92.63999938964844, 91.51000213623047, 91.25, 90.66000366210938, 92.9000015258789, 90.86000061035156, 91.66999816894531, 93.33000183105469, 94.2699966430664, 81.37999725341797, 92.0, 91.31999969482422, 93.37999725341797, 93.88999938964844, 94.81999969482422, 95.29000091552734, 85.22000122070312, 91.13999938964844, 94.93000030517578, 94.0, 94.69000244140625, 95.5199966430664, 93.87999725341797, 94.1500015258789, 93.05000305175781, 94.87999725341797, 94.56999969482422, 96.26000213623047, 95.58000183105469, 95.56999969482422, 95.25, 96.33000183105469, 92.91000366210938, 95.7300033569336, 96.43000030517578, 95.08000183105469, 96.18000030517578, 95.69000244140625, 96.30999755859375, 96.38999938964844, 95.08999633789062, 96.58000183105469, 96.55000305175781, 96.52999877929688, 96.68000030517578, 96.83000183105469, 95.83999633789062, 96.95999908447266, 96.48999786376953, 96.8499984741211, 96.41000366210938, 96.87999725341797, 97.29000091552734, 96.91000366210938, 97.2699966430664, 96.52999877929688, 96.37999725341797, 95.5199966430664, 96.38999938964844, 97.19000244140625, 96.06999969482422, 97.19000244140625, 96.76000213623047, 97.26000213623047, 94.83000183105469, 97.30000305175781, 96.6500015258789, 97.44000244140625, 97.61000061035156, 97.04000091552734, 97.2300033569336, 97.33000183105469, 97.2300033569336, 97.43000030517578, 97.26000213623047, 97.1500015258789]
backdoor_accuracy=[0, 100.0, 0.48638132295719844, 0.0, 1.8482490272373542, 0.38910505836575876, 1.1673151750972763, 4.474708171206226, 3.9883268482490273, 1.7509727626459144, 1.6536964980544746, 2.237354085603113, 1.3618677042801557, 1.4591439688715953, 4.280155642023346, 2.7237354085603114, 3.11284046692607, 6.614785992217898, 1.7509727626459144, 2.821011673151751, 1.1673151750972763, 4.377431906614786, 1.0700389105058365, 9.630350194552529, 1.6536964980544746, 7.101167315175097, 1.556420233463035, 4.182879377431907, 2.140077821011673, 5.836575875486381, 2.0428015564202333, 2.431906614785992, 2.7237354085603114, 2.0428015564202333, 2.821011673151751, 1.8482490272373542, 3.404669260700389, 2.140077821011673, 4.280155642023346, 1.556420233463035, 3.21011673151751, 0.38910505836575876, 9.04669260700389, 1.6536964980544746, 2.3346303501945527, 1.3618677042801557, 4.280155642023346, 2.140077821011673, 3.5992217898832686, 1.556420233463035, 3.307392996108949, 0.5836575875486382, 3.0155642023346303, 2.431906614785992, 1.9455252918287937, 1.1673151750972763, 4.377431906614786, 0.38910505836575876, 3.404669260700389, 1.6536964980544746, 4.961089494163424, 2.237354085603113, 2.237354085603113, 1.8482490272373542, 4.280155642023346, 0.9727626459143969, 2.237354085603113, 4.474708171206226, 2.821011673151751, 2.431906614785992, 2.529182879377432, 2.7237354085603114, 3.8910505836575875, 2.3346303501945527, 2.9182879377431905, 2.821011673151751, 2.431906614785992, 2.9182879377431905, 3.501945525291829, 2.529182879377432, 6.517509727626459, 2.237354085603113, 3.6964980544747084, 2.237354085603113, 1.9455252918287937, 4.571984435797665, 2.6264591439688716, 4.571984435797665, 1.4591439688715953, 6.809338521400778, 3.6964980544747084, 2.431906614785992, 3.5992217898832686, 1.3618677042801557, 11.575875486381323, 1.4591439688715953, 5.252918287937743, 2.529182879377432, 2.821011673151751, 12.062256809338521, 2.140077821011673]
loss_list=[0.5278016379402244, 0.42311593481952936, 0.33388803629190406, 0.2457351612740771, 0.23666496783106833, 0.21431827114572716, 0.17665412756145532, 0.17301695090277772, 0.14207304515096889, 0.14244032507861204, 0.15456596091878894, 0.1446734296996855, 0.12237902058464178, 0.1273369550917362, 0.10766283049077056, 0.11955332162671015, 0.1137073612683368, 0.11104585401077327, 0.09075032548416642, 0.06979268005506375, 0.10011013432548457, 0.07974750499134535, 0.09406704936929301, 0.07868056612920443, 0.0644735427613219, 0.07938833033321353, 0.06573903843390719, 0.08832709860791683, 0.065291607579532, 0.07126486721211543, 0.06733343363648295, 0.07435594027693822, 0.04879734298393086, 0.06240133098772673, 0.08069755361614447, 0.07213231026818322, 0.05111930251822229, 0.06163590100812644, 0.05492686770070866, 0.05533478387117128, 0.0599988561818784, 0.05776321666276247, 0.05144817312331472, 0.054712991628608945, 0.052694174403459214, 0.057772257119954755, 0.056138421443862406, 0.04855149210194707, 0.05805332654674405, 0.05879279175826991, 0.04935103868785544, 0.050674465760530675, 0.04162888670814661, 0.053994000876460155, 0.03268524402269022, 0.045102331050420955, 0.04156615806565719, 0.057717684605366845, 0.04782310264715217, 0.04245825520336404, 0.04357155098318004, 0.043834708388673135, 0.04870167887815503, 0.034892347105180715, 0.03955586851809154, 0.046742221351358706, 0.04926479599164767, 0.0366277970771547, 0.039711464969095535, 0.038257908623237746, 0.040619411127959464, 0.0402144958032191, 0.03371480255014637, 0.040561117893901565, 0.04258489023558722, 0.040128663493026115, 0.036014104078320466, 0.03512665751554579, 0.03454139522025805, 0.040209188384369945, 0.03314976147319599, 0.03733847715077969, 0.038017129828002885, 0.03938698729183738, 0.031851639887930557, 0.03674509224448105, 0.033787102261255315, 0.034475966705143565, 0.03260924682555347, 0.03744634065296532, 0.03122009877154669, 0.03222268418171032, 0.037900086252870904, 0.0288833111090537, 0.029733792608091555, 0.030094463160173543, 0.03232075117659077, 0.03133144849928418, 0.03372911407814823, 0.03152295594847664]
BBSR:12.06
ABSR:4.52
max acc:97.61
