======================================
    IID: 0
    Dataset: fashion_mnist
    Model: Mnist_CNN
    Model Init: None
    Aggregation Function: DABA
    Fraction NonIID: 0
    Long attack: 3
    Wide attack: 3
    Wide attack: trust
    Threshold reject: 0.5
    Threshold down: 0.0
    Attack method: dba
    Fraction of malicious agents: 13.0%
    Poison Frac: 0.2
    Backdoor From 7 to 2
    Attack Begin: 0
    Trigger Shape: square
    Type poisoning: 
    Trigger Position X: 0
    Trigger Position Y: 0
    Number of agents: 100
    Fraction of agents each turn: 30(30.0%)
    Local batch size: 50
    Local epoch: 3
    Client_LR: 0.01
    Client_Momentum: 0.9
    Global Rounds: 100
======================================
main_task_accuracy=[0, 62.56999969482422, 72.66000366210938, 73.41000366210938, 74.62999725341797, 76.37999725341797, 78.62999725341797, 79.02999877929688, 79.63999938964844, 80.54000091552734, 81.41000366210938, 78.7699966430664, 78.51000213623047, 82.5, 82.33999633789062, 81.33000183105469, 81.66000366210938, 78.56999969482422, 83.16000366210938, 80.58999633789062, 83.77999877929688, 84.23999786376953, 84.52999877929688, 85.36000061035156, 83.58000183105469, 77.83999633789062, 84.13999938964844, 81.87999725341797, 84.66999816894531, 85.51000213623047, 85.79000091552734, 84.44000244140625, 85.45999908447266, 84.56999969482422, 84.56999969482422, 85.91999816894531, 85.81999969482422, 81.37000274658203, 85.97000122070312, 85.80999755859375, 84.77999877929688, 85.30999755859375, 81.68000030517578, 85.80000305175781, 85.69999694824219, 85.69999694824219, 87.20999908447266, 85.08999633789062, 87.29000091552734, 86.66000366210938, 82.8499984741211, 86.7699966430664, 86.41000366210938, 87.66000366210938, 87.16999816894531, 87.1500015258789, 85.01000213623047, 87.19999694824219, 86.72000122070312, 85.94000244140625, 87.08000183105469, 86.58000183105469, 87.06999969482422, 87.16000366210938, 86.73999786376953, 87.98999786376953, 87.83999633789062, 87.91999816894531, 85.80000305175781, 87.23999786376953, 88.61000061035156, 87.19999694824219, 88.26000213623047, 86.55000305175781, 88.48999786376953, 86.76000213623047, 86.43000030517578, 87.88999938964844, 86.55999755859375, 88.7300033569336, 85.81999969482422, 87.76000213623047, 88.58000183105469, 87.93000030517578, 86.27999877929688, 88.12000274658203, 85.95999908447266, 87.87000274658203, 86.76000213623047, 87.16000366210938, 88.76000213623047, 88.66000366210938, 85.6500015258789, 87.63999938964844, 88.33000183105469, 86.58999633789062, 88.18000030517578, 84.87000274658203, 88.08999633789062, 87.87999725341797, 88.48999786376953]
backdoor_accuracy=[0, 0.2, 0.0, 0.0, 5.5, 0.2, 0.0, 0.0, 78.1, 99.8, 99.5, 99.9, 99.2, 99.9, 99.7, 98.5, 100.0, 99.8, 100.0, 100.0, 100.0, 100.0, 100.0, 100.0, 100.0, 100.0, 100.0, 100.0, 100.0, 100.0, 100.0, 100.0, 100.0, 100.0, 100.0, 100.0, 100.0, 99.8, 100.0, 100.0, 100.0, 100.0, 100.0, 100.0, 100.0, 100.0, 100.0, 100.0, 100.0, 100.0, 100.0, 100.0, 100.0, 100.0, 100.0, 100.0, 100.0, 100.0, 100.0, 100.0, 100.0, 100.0, 100.0, 100.0, 100.0, 100.0, 100.0, 100.0, 100.0, 100.0, 100.0, 100.0, 100.0, 100.0, 100.0, 100.0, 100.0, 100.0, 100.0, 100.0, 100.0, 100.0, 100.0, 100.0, 100.0, 100.0, 100.0, 100.0, 100.0, 100.0, 100.0, 100.0, 100.0, 100.0, 100.0, 100.0, 100.0, 100.0, 100.0, 100.0, 100.0]
loss_list=[1.3911308549620487, 0.8407343938946724, 0.6464939072866132, 0.6069844930812163, 0.5195630254361916, 0.47079743346958264, 0.46303717702351227, 0.4583499524259457, 0.43156753221043836, 0.4092981537183126, 0.43923940745492784, 0.39256732679075657, 0.4018517743037255, 0.3702436763172348, 0.36888486490481426, 0.38608507558151517, 0.40042112092315046, 0.37533870129673563, 0.3645846494473518, 0.35368589210427476, 0.3635699662345427, 0.3210743225421067, 0.3230577235213584, 0.36676655504507605, 0.3244977917867126, 0.3404663001497586, 0.335092281087957, 0.3145641318142966, 0.32092935957911395, 0.3263249241643481, 0.28109730297906527, 0.3133505672975271, 0.2983760154288676, 0.3038513895917546, 0.2783353546703304, 0.28384973382818757, 0.29717543052371453, 0.3044471077655477, 0.2946470565266079, 0.2617078341267727, 0.28716182262740203, 0.2792472850393366, 0.3205338143295159, 0.28232037132536925, 0.26095151243455433, 0.270952823066532, 0.26653671285344493, 0.2791344437644714, 0.2700852384204389, 0.2475268171272344, 0.2860808057572555, 0.26007191531222174, 0.2552795691708861, 0.2591884436499741, 0.261601557523978, 0.2542842198439218, 0.27272418855723957, 0.2610863875218288, 0.2586347554275697, 0.24704017794380592, 0.24555542311907091, 0.23140760474596866, 0.25353441016610573, 0.22955628634878883, 0.24563513888839492, 0.23929974435380214, 0.2438899672848897, 0.23473764380992015, 0.24461642564791777, 0.2261713467555603, 0.2389581407282363, 0.24896393622513172, 0.23707958737698695, 0.2292095145262364, 0.23655286526686894, 0.23376413167419807, 0.27102849747019786, 0.25122566510819727, 0.22853748175763972, 0.24896490141680394, 0.23730646239731595, 0.2094832086590705, 0.2267744303025581, 0.22050748092501804, 0.23017522562467665, 0.2175077225443804, 0.24298026356328697, 0.22866013733221704, 0.2131996929852499, 0.22306512877586535, 0.21142936444634366, 0.21980627395160915, 0.2397561092084895, 0.240981309355616, 0.21812949460689668, 0.21322087123472663, 0.21781313762206722, 0.23178959822420167, 0.21378225467374756, 0.20908498259226765]
BBSR:100.0
ABSR:100.0
max acc:88.66
