======================================
    IID: 1
    Dataset: cifar
    Model: resnet
    Model Init: None
    Aggregation Function: fltrust
    Fraction NonIID: 0
    Long attack: 3
    Wide attack: 3
    Wide attack: trust
    Threshold reject: 0.5
    Threshold down: 0.0
    Attack method: badnet
    Fraction of malicious agents: 30.0%
    Poison Frac: 0.2
    Backdoor From 7 to 2
    Attack Begin: 0
    Trigger Shape: square
    Type poisoning: cs
    Trigger Position X: 0
    Trigger Position Y: 0
    Number of agents: 100
    Fraction of agents each turn: 30(30.0%)
    Local batch size: 50
    Local epoch: 3
    Client_LR: 0.01
    Client_Momentum: 0.9
    Global Rounds: 100
    Dataset In Server: 200
======================================
main_task_accuracy=[0, 10.0, 11.609999656677246, 13.850000381469727, 21.270000457763672, 29.34000015258789, 35.04999923706055, 38.029998779296875, 42.2599983215332, 43.86000061035156, 45.45000076293945, 49.29999923706055, 52.619998931884766, 49.150001525878906, 50.11000061035156, 52.529998779296875, 54.45000076293945, 54.72999954223633, 57.439998626708984, 58.02000045776367, 54.06999969482422, 56.38999938964844, 54.27000045776367, 57.810001373291016, 59.7400016784668, 60.06999969482422, 59.369998931884766, 62.18000030517578, 10.0, 62.599998474121094, 62.060001373291016, 63.02000045776367, 64.7699966430664, 64.63999938964844, 65.37999725341797, 65.25, 64.7300033569336, 64.02999877929688, 65.69000244140625, 64.76000213623047, 66.58999633789062, 67.19999694824219, 65.9000015258789, 10.0, 68.01000213623047, 67.16000366210938, 66.69999694824219, 66.9000015258789, 67.61000061035156, 67.1500015258789, 67.18000030517578, 66.19999694824219, 63.66999816894531, 69.16000366210938, 67.95999908447266, 68.5999984741211, 69.83999633789062, 69.27999877929688, 69.9000015258789, 70.0, 70.01000213623047, 69.70999908447266, 69.91000366210938, 68.31999969482422, 69.38999938964844, 70.69000244140625, 70.7300033569336, 69.0999984741211, 70.68000030517578, 69.83000183105469, 71.5999984741211, 71.19000244140625, 71.68000030517578, 71.51000213623047, 70.41999816894531, 71.47000122070312, 70.68000030517578, 70.44000244140625, 71.62000274658203, 71.12999725341797, 69.83999633789062, 69.9800033569336, 72.0999984741211, 71.77999877929688, 69.16000366210938, 72.30000305175781, 71.12999725341797, 69.37999725341797, 72.43000030517578, 72.19999694824219, 70.48999786376953, 71.63999938964844, 70.66999816894531, 72.20999908447266, 71.19000244140625, 70.02999877929688, 70.5, 71.4800033569336, 72.62999725341797, 69.80999755859375, 72.66999816894531]
backdoor_accuracy=[0, 0.0, 15.5, 34.0, 19.4, 10.8, 8.1, 6.7, 6.1, 5.2, 6.3, 7.8, 2.3, 5.8, 12.8, 13.6, 6.7, 4.3, 3.0, 3.4, 1.7, 3.1, 12.9, 9.9, 1.8, 3.7, 7.5, 8.6, 0.0, 7.3, 5.9, 2.7, 3.2, 9.5, 6.1, 4.0, 3.6, 6.4, 6.7, 5.2, 4.6, 5.0, 2.9, 0.0, 4.3, 4.5, 3.7, 4.5, 4.2, 4.0, 2.7, 2.4, 0.6, 1.6, 2.4, 5.1, 4.0, 3.3, 5.2, 4.3, 3.8, 3.7, 2.0, 2.9, 2.3, 6.6, 4.5, 3.2, 3.5, 2.7, 4.1, 3.0, 3.4, 1.5, 1.7, 2.2, 2.3, 2.1, 1.3, 5.8, 4.1, 1.8, 1.6, 2.9, 1.0, 4.4, 0.9, 1.4, 5.0, 1.1, 4.4, 1.4, 1.5, 2.7, 1.8, 2.4, 1.6, 3.5, 1.6, 1.1, 1.9]
loss_list=[1.9781724801328449, 1.616752129263348, 1.276156949467129, 1.0675267256299652, 0.976654220753246, 0.882020228803158, 0.8515912649863296, 0.7977530971666175, 0.7732863930530018, 0.7372707224720053, 0.6686964120840034, 0.7145983258815896, 1.0733919191593306, 0.7399273235394827, 1.0334956092247738, 0.7001982984112367, 0.6915757179260252, 0.5704020711593328, 0.6372313589349183, 0.6980530417048271, 0.728835227087968, 0.5891729340314243, 0.7731261370155132, 0.546727310589825, 0.736242797605098, 0.5430601665663478, 0.5916121726956527, 0.48683702156956626, 0.6416347131174472, 0.5192717923348149, 0.38809270893663367, 0.5292620674189595, 0.4177781115690919, 0.4616060384688899, 0.3786730999601745, 0.45494234539361467, 0.44196890506660563, 0.45306955875673643, 0.38202520438935605, 0.3571021652034122, 0.44376628775330673, 0.3586308372284597, 0.3119736519897641, 0.42878134317330685, 0.3182955123780346, 0.34993545514479696, 0.40129181035580885, 0.2949470121486552, 0.37734093829200405, 0.3123693217857119, 0.358548216104003, 0.33174519801577035, 0.31835423962006143, 0.32713351686207015, 0.26911748109204287, 0.3076218847076719, 0.27715114811894526, 0.22147524771060695, 0.2891885770122624, 0.24417268464412908, 0.2320939503767295, 0.22280021982073475, 0.2171457215906897, 0.26373085521860046, 0.23511722006007205, 0.2526519757335255, 0.2182978678415788, 0.23202273910354254, 0.1983073414534899, 0.17972363464314386, 0.19695359765073386, 0.1751066600412984, 0.21320002505678637, 0.17737123988846887, 0.16054794107854825, 0.175799506157766, 0.11867141689930576, 0.13796352803176787, 0.1432831504894744, 0.13960583308853936, 0.13407543218164292, 0.1478891410584846, 0.12499790540598851, 0.10819538523805226, 0.16109341992602116, 0.12726896630910536, 0.12963744798312998, 0.11175747935479093, 0.09360220738447324, 0.0564504095570333, 0.1809737226568783, 0.09297328413735764, 0.16450518202890332, 0.0781219895781962, 0.14722906527445753, 0.1433347241031394, 0.0911200351778987, 0.1290999502633026, 0.070522040382849, 0.10499245097873629]
BBSR:18.808713622860935
ABSR:21.89734044053426
max acc:72.67
