======================================
    IID: 0
    Dataset: mnist
    Model: Mnist_CNN
    Model Init: None
    Aggregation Function: fltrust
    Fraction NonIID: 0
    Long attack: 4
    Wide attack: 4
    Wide attack: trust
    Threshold reject: 0.5
    Threshold down: 0.0
    Attack method: badnet
    Fraction of malicious agents: 13.0%
    Poison Frac: 0.2
    Backdoor From 7 to 2
    Attack Begin: 0
    Trigger Shape: square
    Type poisoning: pgd
    Trigger Position X: 0
    Trigger Position Y: 0
    Number of agents: 100
    Fraction of agents each turn: 30(30.0%)
    Local batch size: 50
    Local epoch: 3
    Client_LR: 0.01
    Client_Momentum: 0.9
    Global Rounds: 100
    Dataset In Server: 200
======================================
main_task_accuracy=[0, 15.100000381469727, 34.13999938964844, 53.11000061035156, 44.22999954223633, 81.51000213623047, 52.95000076293945, 79.6500015258789, 75.68000030517578, 70.0, 71.9800033569336, 85.51000213623047, 86.3499984741211, 89.44000244140625, 81.4800033569336, 85.01000213623047, 83.62999725341797, 86.73999786376953, 86.16999816894531, 88.20999908447266, 90.80999755859375, 83.66999816894531, 88.33999633789062, 86.08000183105469, 89.05999755859375, 88.0199966430664, 93.47000122070312, 90.62999725341797, 93.19999694824219, 92.72000122070312, 91.88999938964844, 92.47000122070312, 87.77999877929688, 86.26000213623047, 89.26000213623047, 94.44999694824219, 92.0999984741211, 94.61000061035156, 93.80000305175781, 94.6500015258789, 94.44000244140625, 93.0, 94.37000274658203, 94.31999969482422, 94.37000274658203, 86.06999969482422, 93.6500015258789, 93.98999786376953, 95.41999816894531, 95.02999877929688, 95.55999755859375, 95.55000305175781, 95.38999938964844, 96.58000183105469, 95.1500015258789, 94.29000091552734, 93.48999786376953, 96.69000244140625, 96.05000305175781, 96.58000183105469, 95.73999786376953, 96.18000030517578, 95.72000122070312, 96.97000122070312, 96.0999984741211, 96.9800033569336, 95.72000122070312, 97.26000213623047, 94.37999725341797, 96.62000274658203, 95.87000274658203, 97.08999633789062, 94.08000183105469, 96.36000061035156, 92.22000122070312, 96.41999816894531, 96.63999938964844, 97.30999755859375, 97.54000091552734, 97.12999725341797, 97.12999725341797, 97.23999786376953, 96.30999755859375, 96.4800033569336, 97.16000366210938, 97.68000030517578, 95.1500015258789, 97.41000366210938, 96.55000305175781, 97.48999786376953, 96.69999694824219, 97.19999694824219, 97.29000091552734, 97.20999908447266, 97.27999877929688, 97.72000122070312, 97.73999786376953, 97.54000091552734, 97.98999786376953, 97.56999969482422, 97.69000244140625]
backdoor_accuracy=[0, 97.76264591439688, 0.8754863813229572, 2.140077821011673, 0.0, 6.031128404669261, 0.0, 7.003891050583658, 1.7509727626459144, 1.556420233463035, 1.7509727626459144, 3.307392996108949, 5.544747081712062, 5.252918287937743, 1.556420233463035, 14.591439688715953, 1.1673151750972763, 10.894941634241246, 1.4591439688715953, 2.3346303501945527, 4.961089494163424, 3.21011673151751, 8.171206225680933, 1.4591439688715953, 7.2957198443579765, 3.0155642023346303, 4.961089494163424, 3.404669260700389, 8.657587548638132, 1.8482490272373542, 15.077821011673151, 1.1673151750972763, 3.8910505836575875, 2.529182879377432, 4.961089494163424, 8.268482490272374, 2.821011673151751, 8.268482490272374, 2.140077821011673, 13.715953307392995, 2.6264591439688716, 10.311284046692608, 4.766536964980545, 10.116731517509727, 3.9883268482490273, 12.84046692607004, 2.9182879377431905, 9.33852140077821, 6.3229571984435795, 7.976653696498055, 4.280155642023346, 11.673151750972762, 2.7237354085603114, 10.505836575875486, 3.404669260700389, 9.630350194552529, 5.058365758754864, 6.614785992217898, 5.058365758754864, 6.22568093385214, 4.571984435797665, 4.766536964980545, 6.42023346303502, 5.544747081712062, 8.949416342412452, 3.404669260700389, 5.836575875486381, 4.377431906614786, 10.408560311284047, 8.657587548638132, 5.155642023346304, 5.933852140077821, 4.863813229571984, 4.474708171206226, 12.354085603112841, 5.933852140077821, 5.447470817120623, 5.155642023346304, 5.447470817120623, 5.252918287937743, 3.0155642023346303, 6.809338521400778, 3.0155642023346303, 10.019455252918288, 3.21011673151751, 6.712062256809339, 1.0700389105058365, 13.424124513618677, 1.7509727626459144, 3.9883268482490273, 2.140077821011673, 8.657587548638132, 3.404669260700389, 6.614785992217898, 13.326848249027238, 5.544747081712062, 15.17509727626459, 5.155642023346304, 7.587548638132295, 6.128404669260701, 8.463035019455253]
loss_list=[0.5809771789526145, 0.4063256273415944, 0.3409139058806297, 0.25366591151500734, 0.22462225378563888, 0.20558072569313643, 0.20840494654506228, 0.18589443152493745, 0.15990012604124124, 0.15516865783565986, 0.1510734606450154, 0.11811008628167358, 0.12180915160942091, 0.12692101303669504, 0.09682930338654568, 0.11196352967861883, 0.10288567331470401, 0.1170476532767666, 0.1126602850018623, 0.09903820820873019, 0.08314188942076203, 0.08419322757106255, 0.09684357573296361, 0.08821343555108019, 0.07537258082865504, 0.0889001167824849, 0.07141496719949583, 0.06759240834550809, 0.07720599374651589, 0.05750758777318852, 0.06512563467089111, 0.0689658609593385, 0.07321407121480632, 0.062155864385518345, 0.058866504736311415, 0.06198222811568401, 0.06538166607809036, 0.058457082740693576, 0.05682577217199381, 0.05331262816368547, 0.05150012908194387, 0.05754333349132051, 0.04490712641543906, 0.04987599533406544, 0.05530226954767637, 0.06640732221427421, 0.0637953600527474, 0.05268151637790853, 0.04995412784464375, 0.04794577718372239, 0.04258872629072682, 0.04766487087862478, 0.04848564901242845, 0.03924934208342745, 0.051837474654731916, 0.04405016821735545, 0.04860905928577477, 0.04654827002543142, 0.0476201701171173, 0.046377763556797166, 0.038228738840900986, 0.04029813382254972, 0.03865432934839128, 0.032710222052181735, 0.040027599443172975, 0.030639425217468617, 0.04373849423553822, 0.03902660555772199, 0.042469571444113625, 0.03620406040009193, 0.04961503227994029, 0.03826888478050542, 0.03554790452260621, 0.03270193586853469, 0.04437580930361298, 0.0394938777295774, 0.03569045726555605, 0.04733746218685821, 0.03519623297174214, 0.0315512076010854, 0.03916488311473569, 0.03481347850214874, 0.03501781867745898, 0.034648038332453585, 0.03422656613903872, 0.028014073610287838, 0.03637660273841491, 0.026672771949951414, 0.03736222299727577, 0.03361001048542801, 0.03799180360419954, 0.02964084706911292, 0.03053007426197801, 0.03129717082560421, 0.03300821614400269, 0.03325528248346656, 0.023837471759283427, 0.033850300293740726, 0.033157971104285915, 0.027759692553161342]
BBSR:15.18
ABSR:8.01
max acc:97.99
