======================================
    IID: 0
    Dataset: mnist
    Model: Mnist_CNN
    Model Init: None
    Aggregation Function: avg
    Fraction NonIID: 0
    Long attack: 3
    Wide attack: 3
    Wide attack: trust
    Threshold reject: 0.5
    Threshold down: 0.0
    Attack method: dba
    Fraction of malicious agents: 13.0%
    Poison Frac: 0.2
    Backdoor From 7 to 2
    Attack Begin: 0
    Trigger Shape: square
    Type poisoning: 
    Trigger Position X: 0
    Trigger Position Y: 0
    Number of agents: 100
    Fraction of agents each turn: 30(30.0%)
    Local batch size: 50
    Local epoch: 3
    Client_LR: 0.01
    Client_Momentum: 0.9
    Global Rounds: 100
======================================
main_task_accuracy=[0, 57.09000015258789, 51.68000030517578, 70.26000213623047, 67.94000244140625, 72.66999816894531, 70.5199966430664, 83.5199966430664, 83.30999755859375, 89.19999694824219, 88.5, 84.61000061035156, 92.33999633789062, 93.58999633789062, 90.97000122070312, 87.12999725341797, 94.23999786376953, 92.5999984741211, 93.12000274658203, 90.25, 95.56999969482422, 95.66000366210938, 95.18000030517578, 94.30000305175781, 95.18000030517578, 95.93000030517578, 96.16000366210938, 95.9000015258789, 96.36000061035156, 97.11000061035156, 96.95999908447266, 96.97000122070312, 97.13999938964844, 97.20999908447266, 96.44000244140625, 96.83999633789062, 97.54000091552734, 97.4000015258789, 97.29000091552734, 97.6500015258789, 96.8499984741211, 94.56999969482422, 97.2300033569336, 97.23999786376953, 96.98999786376953, 97.80000305175781, 97.54000091552734, 97.02999877929688, 97.51000213623047, 97.48999786376953, 97.3499984741211, 97.73999786376953, 97.4800033569336, 97.58999633789062, 97.55999755859375, 97.66999816894531, 97.81999969482422, 96.55000305175781, 97.70999908447266, 97.72000122070312, 98.11000061035156, 98.12000274658203, 97.61000061035156, 97.93000030517578, 98.02999877929688, 98.27999877929688, 97.93000030517578, 98.16999816894531, 98.33999633789062, 98.5, 98.4000015258789, 98.30999755859375, 98.45999908447266, 98.06999969482422, 98.23999786376953, 97.55000305175781, 98.1500015258789, 98.26000213623047, 98.27999877929688, 98.44999694824219, 97.94000244140625, 98.33999633789062, 98.4800033569336, 98.16000366210938, 98.12999725341797, 98.45999908447266, 98.56999969482422, 98.58000183105469, 98.33000183105469, 98.19999694824219, 98.01000213623047, 98.19999694824219, 98.2699966430664, 98.5199966430664, 98.52999877929688, 98.70999908447266, 98.5199966430664, 98.43000030517578, 98.51000213623047, 98.61000061035156, 98.58999633789062]
backdoor_accuracy=[0, 13.132295719844358, 0.38910505836575876, 9.53307392996109, 0.8754863813229572, 2.9182879377431905, 1.0700389105058365, 6.42023346303502, 4.669260700389105, 1.3618677042801557, 3.404669260700389, 3.8910505836575875, 3.7937743190661477, 3.501945525291829, 1.4591439688715953, 4.571984435797665, 3.307392996108949, 9.43579766536965, 4.863813229571984, 6.128404669260701, 2.821011673151751, 17.023346303501945, 2.140077821011673, 1.9455252918287937, 13.618677042801556, 14.785992217898833, 5.544747081712062, 2.140077821011673, 6.517509727626459, 5.739299610894942, 3.11284046692607, 5.544747081712062, 6.031128404669261, 7.976653696498055, 10.505836575875486, 18.8715953307393, 18.09338521400778, 12.54863813229572, 26.459143968871594, 11.381322957198444, 20.038910505836576, 3.9883268482490273, 10.311284046692608, 23.832684824902724, 43.96887159533074, 41.14785992217899, 10.505836575875486, 91.43968871595331, 8.171206225680933, 58.94941634241245, 28.891050583657588, 55.83657587548638, 24.708171206225682, 83.26848249027238, 16.245136186770427, 77.82101167315174, 29.766536964980546, 32.976653696498055, 89.39688715953308, 71.49805447470817, 86.96498054474708, 66.63424124513618, 17.120622568093385, 95.3307392996109, 84.14396887159533, 85.11673151750973, 71.10894941634241, 86.08949416342412, 76.75097276264592, 90.07782101167315, 85.01945525291829, 91.92607003891051, 89.10505836575875, 98.5408560311284, 95.71984435797665, 49.12451361867704, 96.69260700389106, 96.78988326848248, 88.03501945525292, 95.3307392996109, 80.83657587548637, 95.91439688715953, 95.3307392996109, 97.17898832684826, 78.79377431906615, 97.66536964980544, 96.10894941634241, 96.40077821011673, 96.01167315175097, 98.92996108949416, 94.16342412451363, 99.0272373540856, 94.94163424124514, 99.61089494163424, 96.01167315175097, 99.22178988326849, 96.98443579766537, 98.63813229571984, 98.83268482490273, 99.61089494163424, 95.42801556420234]
loss_list=[0.5097628973294062, 0.23243287101528834, 0.18885587028301223, 0.20527773005819486, 0.1417486103708462, 0.11299141572140634, 0.12093837158778505, 0.11192638763296527, 0.0868242469654379, 0.08507338007597784, 0.08878350032727945, 0.07344873108183933, 0.07162193995429887, 0.07004179856223633, 0.06238962727946757, 0.0688966710096086, 0.048004667033581076, 0.06300270173144329, 0.05610656371524532, 0.048474940072059255, 0.05377078942380733, 0.04274614159038394, 0.053253044279291624, 0.0429858182333547, 0.036239042367918944, 0.042096777458736453, 0.047257390765525834, 0.04478314439870316, 0.03343934637202088, 0.03781649447116535, 0.033431445984248895, 0.03409827783151798, 0.029112400231285324, 0.02938189262807867, 0.03735168610107884, 0.04061223029275669, 0.03740580489025809, 0.03415860493657706, 0.031803653346958324, 0.03208103604741738, 0.028908202351591628, 0.03541974165791227, 0.03306969835448544, 0.03038313556693014, 0.031894371491456505, 0.02767476961588291, 0.03710126136427681, 0.030405452315927943, 0.03086348811468294, 0.02632073380526218, 0.02911740476585869, 0.02646240055067965, 0.034544342518089174, 0.029370455353257295, 0.02744852393654271, 0.02775202527110811, 0.03155460264346313, 0.03294473199200912, 0.024152952915593922, 0.0265101666024304, 0.022845297981813506, 0.02859981816676011, 0.03056579726497706, 0.025532800794275567, 0.022112172740206056, 0.019989601344619554, 0.024111006722664214, 0.017985675805753557, 0.023014213047129754, 0.023162266508920372, 0.023793293216197584, 0.017442155213688727, 0.022718138372033632, 0.020654767288462203, 0.024923191618626148, 0.01926587131888097, 0.02355289839840408, 0.02022671222073601, 0.02228294359205853, 0.02410238251470531, 0.023159872338057944, 0.024497591653301273, 0.02166170574343964, 0.02051332849093954, 0.023707482372297438, 0.020218277346970917, 0.018806165721403915, 0.02398656073954388, 0.021273739361742185, 0.01744217145249414, 0.02021482935776162, 0.0212094500824933, 0.017209088480450614, 0.02084083793017979, 0.0210615798109442, 0.018328594802822375, 0.01818908034764037, 0.019794180396806273, 0.02121519795879951, 0.015730252086900647]
BBSR:99.61
ABSR:97.83
max acc:98.71
