======================================
    IID: 0
    Dataset: mnist
    Model: Mnist_CNN
    Model Init: None
    Aggregation Function: krum
    Fraction NonIID: 0
    Long attack: 3
    Wide attack: 3
    Wide attack: trust
    Threshold reject: 0.5
    Threshold down: 0.0
    Attack method: badnet
    Fraction of malicious agents: 30.0%
    Poison Frac: 0.2
    Backdoor From 7 to 2
    Attack Begin: 0
    Trigger Shape: square
    Type poisoning: pgd
    Trigger Position X: 0
    Trigger Position Y: 0
    Number of agents: 100
    Fraction of agents each turn: 30(30.0%)
    Local batch size: 50
    Local epoch: 3
    Client_LR: 0.01
    Client_Momentum: 0.9
    Global Rounds: 100
    Proportion of malicious are selected: 0.7
    Average score of malicious clients: 979.9464721679688
    Average score of benign clients: 318.5541687011719
======================================
main_task_accuracy=[0, 18.770000457763672, 22.639999389648438, 19.639999389648438, 28.149999618530273, 22.469999313354492, 23.020000457763672, 27.520000457763672, 38.959999084472656, 46.880001068115234, 42.9900016784668, 48.810001373291016, 20.899999618530273, 31.389999389648438, 47.2599983215332, 45.849998474121094, 30.889999389648438, 43.16999816894531, 52.18000030517578, 54.63999938964844, 56.15999984741211, 52.150001525878906, 28.0, 53.900001525878906, 36.77000045776367, 57.630001068115234, 56.11000061035156, 32.02000045776367, 55.86000061035156, 40.939998626708984, 60.619998931884766, 62.91999816894531, 69.87000274658203, 34.7400016784668, 60.029998779296875, 48.83000183105469, 70.48999786376953, 74.97000122070312, 53.20000076293945, 70.3499984741211, 75.9000015258789, 61.779998779296875, 70.79000091552734, 45.97999954223633, 65.0, 71.12999725341797, 69.9000015258789, 67.97000122070312, 78.97000122070312, 50.209999084472656, 72.19000244140625, 67.95999908447266, 66.62999725341797, 65.87000274658203, 75.02999877929688, 71.72000122070312, 74.23999786376953, 74.18000030517578, 70.73999786376953, 69.70999908447266, 68.9800033569336, 83.7699966430664, 80.08999633789062, 78.45999908447266, 76.93000030517578, 81.38999938964844, 78.68000030517578, 78.30999755859375, 65.77999877929688, 82.45999908447266, 73.0999984741211, 64.8499984741211, 77.62999725341797, 79.62999725341797, 73.0199966430664, 83.76000213623047, 81.48999786376953, 80.77999877929688, 80.0999984741211, 79.87000274658203, 82.18000030517578, 81.56999969482422, 88.68000030517578, 85.2300033569336, 72.45999908447266, 82.06999969482422, 82.69999694824219, 83.43000030517578, 83.55000305175781, 82.77999877929688, 82.27999877929688, 81.94999694824219, 82.87999725341797, 82.37999725341797, 81.87000274658203, 81.58999633789062, 81.30000305175781, 82.30000305175781, 78.88999938964844, 78.87999725341797, 78.97000122070312]
backdoor_accuracy=[0, 0.0, 13.132295719844358, 0.0, 0.0, 0.0, 0.0, 0.0, 0.0, 1.6536964980544746, 87.06225680933852, 3.307392996108949, 0.0, 94.16342412451363, 13.910505836575876, 79.37743190661479, 98.24902723735408, 69.16342412451363, 29.571984435797667, 36.96498054474708, 45.81712062256809, 40.175097276264594, 7.490272373540856, 38.13229571984436, 6.712062256809339, 30.155642023346303, 15.17509727626459, 0.48638132295719844, 9.727626459143968, 2.529182879377432, 21.98443579766537, 8.560311284046692, 82.97665369649805, 98.15175097276264, 55.447470817120625, 29.182879377431906, 14.591439688715953, 18.48249027237354, 2.529182879377432, 9.727626459143968, 29.474708171206224, 14.883268482490273, 96.3035019455253, 97.17898832684826, 55.35019455252918, 61.86770428015564, 65.85603112840467, 64.10505836575875, 66.24513618677042, 87.93774319066148, 34.92217898832685, 17.412451361867703, 16.439688715953306, 16.245136186770427, 50.19455252918288, 32.490272373540854, 8.754863813229573, 13.715953307392995, 10.603112840466926, 10.019455252918288, 9.43579766536965, 38.61867704280156, 12.354085603112841, 9.922178988326849, 9.24124513618677, 14.494163424124514, 12.84046692607004, 12.54863813229572, 0.7782101167315175, 89.98054474708171, 94.64980544747081, 5.155642023346304, 13.326848249027238, 20.136186770428015, 6.906614785992218, 88.2295719844358, 75.0, 70.62256809338521, 68.19066147859922, 67.60700389105058, 77.04280155642023, 73.15175097276264, 73.24902723735408, 47.95719844357976, 9.53307392996109, 82.68482490272373, 84.63035019455253, 82.29571984435798, 79.47470817120623, 75.0, 73.05447470817121, 72.08171206225681, 75.77821011673151, 71.49805447470817, 69.64980544747081, 68.28793774319067, 67.02334630350195, 71.01167315175097, 66.53696498054475, 57.490272373540854, 61.86770428015564]
loss_list=[0.5363825919298267, 0.8240508729420638, 0.5351633425306594, 0.6492451516435754, 0.40289571158670867, 0.3883934748603291, 0.4207608158731665, 0.37330482609915144, 0.3542738382498655, 0.2757605587945528, 0.2467891471815226, 0.2211119019371514, 0.4224825278361665, 0.27747602391019177, 0.23190797922778178, 0.21270320275466428, 0.29607270517938533, 0.29170549415173397, 0.2649321791358723, 0.2197369870352696, 0.17447236063943233, 0.1938506335101851, 0.2826139349816167, 0.21829900314757467, 0.24236932394229296, 0.16956335922446916, 0.21765539714699383, 0.25304749493777634, 0.17560819011468048, 0.2179503555646684, 0.1659132519743786, 0.16091033242069364, 0.1210108316936371, 0.22941554434847056, 0.17367551669393896, 0.19929821728622657, 0.1358811587860026, 0.14699704095316593, 0.21657853439076774, 0.151452789559936, 0.12115225080111186, 0.14828886197668192, 0.1565100884377654, 0.22167729461005914, 0.15125141543218884, 0.15389476541829863, 0.14799206809188395, 0.1408851876677955, 0.10165958881091473, 0.1808423448632661, 0.11613866201597349, 0.13662584369473837, 0.1593163610223499, 0.1428170600748711, 0.13435214267596304, 0.17890103234797775, 0.10932129107579017, 0.1319307793178997, 0.1219773971310074, 0.1386467464117229, 0.14552964506812857, 0.10491347361723102, 0.12059190578410815, 0.11479768175450018, 0.13005099681699736, 0.12436431455341174, 0.11849248124303084, 0.13850456931658153, 0.15369388619155847, 0.0912924725580799, 0.09169947963002983, 0.18803467837136345, 0.1424872980317633, 0.09648789157520242, 0.19983160751538995, 0.11558477036800703, 0.14737916285206562, 0.12882301246012615, 0.11271353009712515, 0.11142385698150799, 0.11550491714593743, 0.13954132176493567, 0.11294313412175641, 0.10336276751554756, 0.1615301795014956, 0.11084859795245786, 0.12989558810778254, 0.08671086039348368, 0.0999310280234879, 0.14183088459174337, 0.12074551230650081, 0.11679479645681048, 0.13360752373388335, 0.10501233383495016, 0.09114593646044826, 0.11917131007261007, 0.12175766784441713, 0.1086708217010981, 0.15541010521419235, 0.1495315199168251]
BBSR:75.78
ABSR:68.12
max acc:82.88
