======================================
    IID: 1
    Dataset: cifar
    Model: resnet
    Model Init: None
    Aggregation Function: RLR
    Fraction NonIID: 0
    Long attack: 3
    Wide attack: 3
    Wide attack: trust
    Threshold reject: 0.5
    Threshold down: 0.0
    Attack method: dba
    Fraction of malicious agents: 20.0%
    Poison Frac: 0.2
    Backdoor From 7 to 2
    Attack Begin: 0
    Trigger Shape: square
    Type poisoning: 
    Trigger Position X: 0
    Trigger Position Y: 0
    Number of agents: 100
    Fraction of agents each turn: 30(30.0%)
    Local batch size: 50
    Local epoch: 3
    Client_LR: 0.01
    Client_Momentum: 0.9
    Global Rounds: 100
    RobustLR_threshold: 4
======================================
main_task_accuracy=[0, 10.050000190734863, 21.899999618530273, 39.220001220703125, 40.02000045776367, 42.650001525878906, 45.2400016784668, 46.599998474121094, 53.2400016784668, 55.290000915527344, 56.81999969482422, 58.16999816894531, 60.349998474121094, 61.38999938964844, 59.93000030517578, 60.61000061035156, 61.880001068115234, 62.540000915527344, 62.79999923706055, 64.37999725341797, 64.62000274658203, 65.11000061035156, 65.80999755859375, 64.44000244140625, 65.2699966430664, 66.87999725341797, 65.83999633789062, 67.19000244140625, 67.63999938964844, 66.56999969482422, 67.30999755859375, 67.44000244140625, 67.19000244140625, 68.13999938964844, 67.2699966430664, 68.23999786376953, 69.12999725341797, 68.69000244140625, 67.81999969482422, 68.68000030517578, 67.80000305175781, 67.47000122070312, 68.2300033569336, 67.5199966430664, 69.56999969482422, 69.12999725341797, 68.29000091552734, 68.9000015258789, 64.70999908447266, 69.93000030517578, 67.44000244140625, 68.5199966430664, 68.19000244140625, 70.9800033569336, 70.01000213623047, 70.13999938964844, 70.94999694824219, 69.94000244140625, 69.61000061035156, 71.08999633789062, 71.79000091552734, 71.16999816894531, 70.02999877929688, 71.4000015258789, 70.76000213623047, 71.44000244140625, 70.18000030517578, 72.16000366210938, 71.06999969482422, 70.06999969482422, 72.2699966430664, 70.61000061035156, 71.0, 72.05000305175781, 71.87000274658203, 72.0, 72.0199966430664, 72.23999786376953, 72.1500015258789, 70.80999755859375, 72.69000244140625, 72.31999969482422, 72.2300033569336, 72.31999969482422, 72.2699966430664, 71.87999725341797, 71.29000091552734, 71.44000244140625, 72.30999755859375, 72.0999984741211, 71.98999786376953, 71.61000061035156, 72.1500015258789, 72.30000305175781, 71.81999969482422, 71.94999694824219, 72.20999908447266, 72.12999725341797, 72.01000213623047, 72.05000305175781, 71.9000015258789]
backdoor_accuracy=[0, 0.0, 22.0, 16.2, 13.9, 12.9, 6.2, 5.8, 6.1, 4.3, 4.7, 5.2, 4.3, 3.9, 4.4, 3.5, 3.2, 3.8, 3.4, 2.7, 3.2, 4.9, 3.6, 3.4, 2.8, 3.2, 4.2, 3.3, 3.2, 3.4, 2.6, 4.1, 4.4, 2.5, 2.5, 5.4, 1.5, 2.7, 6.4, 2.4, 3.1, 3.2, 3.2, 2.5, 7.5, 1.6, 9.2, 1.7, 13.2, 0.8, 8.0, 0.7, 7.2, 2.5, 5.6, 1.9, 3.4, 2.4, 1.8, 3.6, 2.7, 2.7, 4.0, 2.8, 2.4, 2.5, 3.3, 4.2, 1.3, 10.1, 4.3, 1.6, 7.4, 2.0, 4.8, 2.7, 5.9, 3.3, 4.9, 1.6, 4.3, 2.8, 3.0, 3.3, 3.8, 3.3, 4.5, 2.9, 4.1, 3.5, 4.8, 3.6, 3.4, 3.8, 3.6, 4.0, 4.3, 4.0, 3.8, 3.7, 3.8]
loss_list=[1.9793523572550877, 1.5367047262854043, 1.1393525311681958, 0.9830692784322632, 0.8370549614810282, 0.7276517911586498, 0.675307748739918, 0.5983365547201699, 0.5476527665596869, 0.5366704794226421, 0.5012563512971004, 0.48167658613373837, 0.4441970906841258, 0.4292807537358667, 0.40866790021355787, 0.41472756774889097, 0.3993688744720486, 0.3637600523202369, 0.3133161578994865, 0.35250705862469556, 0.3245951863647335, 0.3052843918087375, 0.33142098306160833, 0.27464021589606996, 0.30826312632506914, 0.312481487057327, 0.28883367314520814, 0.24645077062951815, 0.23854595799781642, 0.22745637891542478, 0.2372231882925715, 0.21939778172540375, 0.21823224984303433, 0.25384048954680716, 0.19810332159033145, 0.17582641908989494, 0.17859138959352597, 0.1559465050847373, 0.19683798120725743, 0.2134937406070013, 0.17044129494241336, 0.1871773050342583, 0.16827805633844237, 0.11526371325172173, 0.17033288605058464, 0.15127499272335423, 0.14666187759663443, 0.20047818527201247, 0.18116029509886475, 0.15865350497631073, 0.13221941906535198, 0.12937996054601777, 0.09300426019679033, 0.13584005894883172, 0.12197057369326812, 0.10183147448053612, 0.10223478712225592, 0.0946064042161096, 0.09541212301657652, 0.04756563892654311, 0.1098945566642538, 0.11805757235303949, 0.07568201194071057, 0.09839688245320252, 0.07413723749946156, 0.07983138711153717, 0.032384516957406746, 0.07879057324590072, 0.07606352897045629, 0.046447356250040074, 0.11712338789770403, 0.07585114838926525, 0.04398064946700792, 0.06122204609522466, 0.03589551639933133, 0.045564272292079606, 0.015242562805667857, 0.0580046081463095, 0.05141071372500545, 0.014262479235811847, 0.013577969776779357, 0.017354445845529785, 0.019068218276459246, 0.0077012033647366075, 0.05068713683709777, 0.057649073002667126, 0.05263270543591108, 0.007657067042920161, 0.015929873226571845, 0.049567259459454366, 0.05177721989381501, 0.009533605702033838, 0.01086961032156978, 0.01569699710127477, 0.010946303506195059, 0.034243038657423314, 0.011198808233922239, 0.021672647547986545, 0.008179227278229114, 0.02502966708629679]
BBSR:4.3
ABSR:3.8
max acc:72.3
