======================================
    IID: 0
    Dataset: fashion_mnist
    Model: Mnist_CNN
    Model Init: None
    Aggregation Function: RLR
    Fraction NonIID: 0
    Long attack: 3
    Wide attack: 3
    Wide attack: trust
    Threshold reject: 0.5
    Threshold down: 0.0
    Attack method: badnet
    Fraction of malicious agents: 20.0%
    Poison Frac: 0.2
    Backdoor From 7 to 2
    Attack Begin: 0
    Trigger Shape: square
    Type poisoning: pgd
    Trigger Position X: 0
    Trigger Position Y: 0
    Number of agents: 100
    Fraction of agents each turn: 30(30.0%)
    Local batch size: 50
    Local epoch: 3
    Client_LR: 0.01
    Client_Momentum: 0.9
    Global Rounds: 100
    RobustLR_threshold: 4
======================================
main_task_accuracy=[0, 59.849998474121094, 69.91000366210938, 73.73999786376953, 75.38999938964844, 77.37999725341797, 78.33000183105469, 79.19999694824219, 79.7699966430664, 80.33999633789062, 80.66999816894531, 81.33999633789062, 81.9000015258789, 81.8499984741211, 82.2699966430664, 82.86000061035156, 83.26000213623047, 83.86000061035156, 83.87999725341797, 84.22000122070312, 84.54000091552734, 84.69999694824219, 85.11000061035156, 85.0999984741211, 85.27999877929688, 85.5, 85.41999816894531, 85.94000244140625, 85.83999633789062, 85.94000244140625, 86.01000213623047, 86.19999694824219, 86.33000183105469, 86.20999908447266, 86.3499984741211, 86.7300033569336, 86.76000213623047, 86.93000030517578, 86.79000091552734, 87.01000213623047, 86.94000244140625, 87.20999908447266, 87.0999984741211, 87.33000183105469, 87.31999969482422, 87.30000305175781, 87.48999786376953, 87.5199966430664, 87.56999969482422, 87.70999908447266, 87.73999786376953, 87.83000183105469, 87.6500015258789, 87.87000274658203, 87.98999786376953, 87.97000122070312, 88.08000183105469, 88.20999908447266, 88.0999984741211, 88.19999694824219, 88.4800033569336, 88.4000015258789, 88.30999755859375, 88.37000274658203, 88.51000213623047, 88.51000213623047, 88.62999725341797, 88.69000244140625, 88.80000305175781, 88.69000244140625, 88.72000122070312, 88.83000183105469, 88.87000274658203, 88.83999633789062, 88.80999755859375, 88.83000183105469, 88.9800033569336, 88.91000366210938, 88.88999938964844, 88.94000244140625, 88.9000015258789, 89.0, 89.04000091552734, 88.98999786376953, 89.0199966430664, 89.0999984741211, 89.11000061035156, 89.12000274658203, 89.19999694824219, 89.20999908447266, 89.18000030517578, 89.26000213623047, 89.25, 89.3499984741211, 89.33000183105469, 89.26000213623047, 89.29000091552734, 89.3499984741211, 89.30000305175781, 89.41999816894531, 89.37999725341797]
backdoor_accuracy=[0, 0.0, 0.0, 0.0, 0.0, 0.2, 2.6, 20.1, 28.7, 60.7, 70.2, 86.4, 90.9, 93.5, 96.7, 97.9, 99.3, 99.6, 99.7, 99.7, 99.8, 99.8, 99.8, 99.8, 100.0, 99.8, 100.0, 100.0, 100.0, 100.0, 100.0, 100.0, 100.0, 100.0, 100.0, 100.0, 100.0, 100.0, 100.0, 100.0, 100.0, 100.0, 100.0, 100.0, 100.0, 100.0, 100.0, 100.0, 100.0, 100.0, 100.0, 100.0, 100.0, 100.0, 100.0, 100.0, 100.0, 100.0, 100.0, 100.0, 100.0, 100.0, 100.0, 100.0, 100.0, 100.0, 100.0, 100.0, 100.0, 100.0, 100.0, 100.0, 100.0, 100.0, 100.0, 100.0, 100.0, 100.0, 100.0, 100.0, 100.0, 100.0, 100.0, 100.0, 100.0, 100.0, 100.0, 100.0, 100.0, 100.0, 100.0, 100.0, 100.0, 100.0, 100.0, 100.0, 100.0, 100.0, 100.0, 100.0, 100.0]
loss_list=[1.5046437967154715, 0.9374413178474814, 0.6809456827877849, 0.5801204663321928, 0.546903055575159, 0.49439027317696144, 0.492534234167801, 0.4636868754884711, 0.43707095347344893, 0.41663545303874555, 0.4077632386582318, 0.4359617670101147, 0.39047136831752677, 0.40190931344059877, 0.3815988037252316, 0.35819083657115697, 0.3648714142610077, 0.3569671204313636, 0.3503811502001352, 0.32394403336500677, 0.3403804249923539, 0.3280182700880148, 0.3504235410166007, 0.36034967675805085, 0.3096195296280913, 0.32806812886286657, 0.33525470235316013, 0.32965053733507244, 0.32204933018872023, 0.30785479497992335, 0.29235339290979834, 0.311127121232588, 0.30559038494334184, 0.32027285539165684, 0.2968962667406433, 0.2981553638319451, 0.2835523176757205, 0.2935217751793701, 0.27533686758812387, 0.2792335190292862, 0.2638219504030766, 0.2835977058823186, 0.27168427558132896, 0.2785098411418773, 0.2563410898670554, 0.26846978179420583, 0.2582180602303534, 0.2700438419581149, 0.26421578376278004, 0.2577258205662171, 0.25012174769891077, 0.25875709172062306, 0.255331650528091, 0.24022398626224864, 0.26160442429008307, 0.26465067879676263, 0.2708986124782651, 0.240880450444227, 0.2668348726954449, 0.2605796018580872, 0.24183312955019234, 0.2735330879998704, 0.24843411895756917, 0.23390262814204174, 0.25224626375431264, 0.24477174064247972, 0.2433994028544813, 0.2375311224410931, 0.24264736074126433, 0.23551578800090484, 0.24003510203350478, 0.2319921859953967, 0.2254902026581543, 0.2356424804587193, 0.2259854305345841, 0.21876526029815005, 0.2440453080908844, 0.2401452924538817, 0.2178706748790487, 0.22227330017765914, 0.2076374301462676, 0.22118517600724266, 0.21040729235823233, 0.21304096880334397, 0.21953807783106136, 0.21400194196547898, 0.22405890992894356, 0.20871757921866244, 0.21694437940604983, 0.20992052433149958, 0.21856981870218148, 0.2206840576621256, 0.2223688516921053, 0.21647101271449135, 0.2180268303456682, 0.20607284220039013, 0.21738647508986847, 0.20102991911548151, 0.2239306320212092, 0.19006339320050625]
BBSR:100.0
ABSR:100.0
max acc:89.42
