======================================
    IID: 1
    Dataset: cifar
    Model: resnet
    Model Init: None
    Aggregation Function: flame
    Fraction NonIID: 0
    Long attack: 3
    Wide attack: 3
    Wide attack: trust
    Threshold reject: 0.5
    Threshold down: 0.0
    Attack method: badnet
    Fraction of malicious agents: 20.0%
    Poison Frac: 0.2
    Backdoor From 7 to 2
    Attack Begin: 0
    Trigger Shape: square
    Type poisoning: cs
    Trigger Position X: 0
    Trigger Position Y: 0
    Number of agents: 100
    Fraction of agents each turn: 30(30.0%)
    Local batch size: 50
    Local epoch: 3
    Client_LR: 0.01
    Client_Momentum: 0.9
    Global Rounds: 100
    Noise in FLAME: 0.001
proportion of malicious are selected:0.8733333333333333
proportion of benign are selected:0.45666666666666667
======================================
main_task_accuracy=[0, 10.0, 34.209999084472656, 44.72999954223633, 46.88999938964844, 51.54999923706055, 52.369998931884766, 56.040000915527344, 56.34000015258789, 57.400001525878906, 59.619998931884766, 60.650001525878906, 60.349998474121094, 61.310001373291016, 61.150001525878906, 61.130001068115234, 62.40999984741211, 60.91999816894531, 61.779998779296875, 60.97999954223633, 59.97999954223633, 60.599998474121094, 62.880001068115234, 61.880001068115234, 61.81999969482422, 62.380001068115234, 62.630001068115234, 63.650001525878906, 63.84000015258789, 64.06999969482422, 63.779998779296875, 63.790000915527344, 62.65999984741211, 62.70000076293945, 64.88999938964844, 64.44000244140625, 64.30000305175781, 64.80999755859375, 65.47000122070312, 64.19000244140625, 64.02999877929688, 65.41000366210938, 65.69999694824219, 65.52999877929688, 65.70999908447266, 65.75, 64.55000305175781, 64.94000244140625, 64.75, 65.12000274658203, 65.23999786376953, 64.83999633789062, 64.83000183105469, 64.16000366210938, 65.9800033569336, 65.38999938964844, 65.25, 65.16000366210938, 64.94000244140625, 65.0, 65.38999938964844, 66.20999908447266, 66.58000183105469, 66.30000305175781, 66.69000244140625, 66.95999908447266, 67.54000091552734, 66.56999969482422, 66.91000366210938, 65.97000122070312, 66.86000061035156, 67.23999786376953, 66.30000305175781, 68.08999633789062, 67.7699966430664, 65.52999877929688, 65.45999908447266, 66.04000091552734, 65.97000122070312, 66.69000244140625, 66.91000366210938, 65.66999816894531, 67.19000244140625, 67.12000274658203, 65.86000061035156, 66.83999633789062, 67.58000183105469, 66.9800033569336, 68.12000274658203, 67.45999908447266, 67.1500015258789, 67.77999877929688, 68.19999694824219, 67.75, 67.77999877929688, 67.5, 67.5999984741211, 67.72000122070312, 68.08999633789062, 68.19000244140625, 67.5]
backdoor_accuracy=[0, 0.0, 6.5, 1.2, 0.6, 2.3, 15.7, 4.8, 2.6, 0.9, 3.7, 5.0, 3.0, 4.6, 7.9, 2.7, 1.2, 2.2, 1.9, 3.8, 2.2, 2.0, 1.8, 3.4, 1.8, 3.1, 3.7, 3.5, 3.3, 1.2, 2.5, 4.2, 3.8, 3.0, 2.0, 2.2, 3.5, 0.2, 0.8, 1.4, 0.4, 0.7, 3.6, 2.2, 4.5, 4.5, 2.1, 0.8, 2.2, 0.6, 0.7, 0.8, 3.4, 2.7, 1.8, 1.2, 2.4, 1.5, 0.4, 1.2, 1.0, 4.0, 2.4, 2.0, 1.2, 3.1, 3.1, 1.2, 1.1, 1.2, 0.9, 1.6, 1.6, 1.7, 2.8, 1.5, 1.3, 2.5, 3.1, 2.9, 1.9, 5.3, 4.1, 6.1, 3.2, 2.7, 2.3, 2.6, 1.3, 0.9, 1.6, 1.3, 0.8, 0.7, 1.1, 4.6, 3.1, 3.7, 3.5, 3.1, 6.2]
loss_list=[2.0011261136002014, 1.5607777873675033, 1.1979002182351224, 0.9460980056060684, 0.8202984897792337, 0.7176277617779042, 0.6684810311305853, 0.5920110090449453, 0.602481528164612, 0.5385772326423062, 0.5130657124995358, 0.5294267444022828, 0.500169050000194, 0.48625709888421825, 0.45033081859971075, 0.46490411077729543, 0.497469137882193, 0.4734103562103377, 0.4839695409726765, 0.47913164005511344, 0.4247932994055252, 0.43849760843647856, 0.45856768888938765, 0.4412302904751979, 0.4359343661088496, 0.4295234177427159, 0.4432273796521542, 0.3897953856291456, 0.4222171331776513, 0.4294630677656581, 0.40219868500923944, 0.45310666179284453, 0.3804872848217686, 0.3850058269148898, 0.467090590763837, 0.3931199435584454, 0.4271466826719956, 0.44108963808406965, 0.3988117319873224, 0.4201169396310839, 0.3956274369710849, 0.407967716532035, 0.36244050629850894, 0.34833477205648594, 0.4147025734817402, 0.4361124880901641, 0.3843785783793362, 0.3917248362333824, 0.3787615610503902, 0.3879436037161698, 0.3814641855662275, 0.36268325948984254, 0.39021293306205845, 0.4224679375326053, 0.3525878720730543, 0.360680032950412, 0.3605380450623732, 0.3950841799688835, 0.3705711910376946, 0.4149568657333859, 0.31303843312689833, 0.4140355214792201, 0.29292314411865333, 0.3609639328842362, 0.3689462238643318, 0.3548938452964648, 0.36675329767477993, 0.39922982826622, 0.3964738469162128, 0.3387676012640198, 0.33796281908845743, 0.3614409722636143, 0.3784038857748317, 0.3495695138365652, 0.4382861020979989, 0.37548570042062146, 0.37612340279182205, 0.3451568900250519, 0.34560618166708285, 0.3731406241696742, 0.4010199050936434, 0.3401175500607739, 0.36037479307295534, 0.40935603150373534, 0.36693019022647705, 0.34527452571265815, 0.32895310257820215, 0.3025257301946274, 0.3860965572571798, 0.3825047203401725, 0.3438074267805658, 0.3244981228210963, 0.37279448142378696, 0.3233444289278446, 0.3496145903324294, 0.35589068213581204, 0.29797015693219797, 0.3061932264596948, 0.3213328476620114, 0.38541168280463245]
BBSR:10.08338241894494
ABSR:12.109341724043189
max acc:68.2
