======================================
    IID: 1
    Dataset: cifar
    Model: resnet
    Model Init: None
    Aggregation Function: DABA
    Fraction NonIID: 0
    Long attack: 3
    Wide attack: 3
    Wide attack: trust
    Threshold reject: 0.5
    Threshold down: 0.0
    Attack method: badnet
    Fraction of malicious agents: 20.0%
    Poison Frac: 0.2
    Backdoor From 7 to 2
    Attack Begin: 0
    Trigger Shape: square
    Type poisoning: cs
    Trigger Position X: 0
    Trigger Position Y: 0
    Number of agents: 100
    Fraction of agents each turn: 30(30.0%)
    Local batch size: 50
    Local epoch: 3
    Client_LR: 0.01
    Client_Momentum: 0.9
    Global Rounds: 100
======================================
main_task_accuracy=[0, 10.0, 16.850000381469727, 33.900001525878906, 41.20000076293945, 45.36000061035156, 48.689998626708984, 51.93000030517578, 53.130001068115234, 56.06999969482422, 59.41999816894531, 58.959999084472656, 61.25, 62.65999984741211, 63.88999938964844, 64.27999877929688, 64.41999816894531, 65.80000305175781, 66.04000091552734, 65.70999908447266, 67.0999984741211, 67.47000122070312, 67.48999786376953, 66.44999694824219, 67.81999969482422, 68.16999816894531, 67.0999984741211, 67.75, 67.87000274658203, 68.79000091552734, 69.69000244140625, 70.66999816894531, 70.47000122070312, 69.69999694824219, 71.13999938964844, 70.94000244140625, 70.68000030517578, 70.86000061035156, 71.12999725341797, 70.61000061035156, 71.6500015258789, 71.30999755859375, 71.55000305175781, 71.93000030517578, 72.43000030517578, 72.52999877929688, 72.83000183105469, 72.79000091552734, 73.05999755859375, 72.77999877929688, 73.06999969482422, 73.29000091552734, 73.19000244140625, 73.69999694824219, 73.51000213623047, 73.44000244140625, 73.61000061035156, 73.3499984741211, 73.48999786376953, 73.41000366210938, 73.31999969482422, 73.44000244140625, 73.31999969482422, 73.0999984741211, 73.31999969482422, 73.11000061035156, 73.13999938964844, 73.19999694824219, 73.41999816894531, 73.36000061035156, 73.31999969482422, 73.22000122070312, 72.94999694824219, 73.08000183105469, 73.08000183105469, 73.02999877929688, 73.0, 72.9800033569336, 73.06999969482422, 73.05999755859375, 73.06999969482422, 73.0199966430664, 72.95999908447266, 73.12000274658203, 73.01000213623047, 72.87999725341797, 72.95999908447266, 73.0, 72.94999694824219, 73.04000091552734, 73.06999969482422, 72.94999694824219, 73.01000213623047, 73.0199966430664, 72.97000122070312, 73.05999755859375, 73.05999755859375, 72.95999908447266, 72.87000274658203, 73.0199966430664, 72.94999694824219]
backdoor_accuracy=[0, 0.0, 11.4, 7.3, 7.3, 8.2, 5.6, 6.7, 6.2, 3.8, 3.6, 3.6, 3.2, 3.1, 4.2, 2.3, 2.0, 1.8, 1.7, 1.4, 1.7, 2.4, 1.7, 1.2, 1.3, 0.9, 0.5, 0.9, 1.3, 2.2, 1.5, 1.2, 1.8, 2.2, 1.5, 0.4, 1.0, 2.4, 1.4, 0.7, 1.6, 0.8, 1.2, 1.8, 1.6, 1.7, 1.7, 1.5, 2.0, 2.6, 2.8, 3.4, 2.1, 3.6, 3.8, 2.9, 3.6, 3.4, 4.0, 3.1, 2.7, 3.0, 2.8, 3.2, 3.0, 3.3, 3.3, 2.7, 3.2, 3.1, 3.0, 3.1, 3.2, 3.1, 3.1, 3.0, 3.3, 3.2, 2.6, 3.3, 3.2, 3.2, 3.1, 3.1, 3.3, 3.2, 3.0, 2.9, 3.1, 3.0, 3.2, 3.1, 3.1, 3.1, 3.2, 3.6, 3.4, 3.3, 3.2, 3.1, 3.1]
loss_list=[1.968860640525818, 1.5215563272767596, 1.2278589886095788, 1.0459541392988627, 0.8841540890600947, 0.7735787008868324, 0.7089034721420872, 0.6398181735724209, 0.6146810687871442, 0.5293566835713056, 0.5559535662767787, 0.48098994911751813, 0.467320853198568, 0.440863764124612, 0.41865163372829556, 0.38280632757064376, 0.43208109973619374, 0.3550636624503466, 0.354858279761134, 0.362301084862815, 0.3462278829587417, 0.3400220629127904, 0.34477108085631497, 0.30399114518478104, 0.29675698070166007, 0.2825168303664152, 0.2781725332368579, 0.2695195316766492, 0.2533131550143784, 0.20161466999082925, 0.22425852168998164, 0.20780690584047182, 0.21400105740512823, 0.18905907628915486, 0.18451768011294517, 0.19656176466404257, 0.1715368815960311, 0.14698201734055252, 0.21052228767230793, 0.15514231278379967, 0.22100970269426598, 0.15793867827729421, 0.15109838799748102, 0.11237402202522692, 0.14934893091998272, 0.11164094127947462, 0.13344275103422762, 0.16245732513734967, 0.12825265370451636, 0.13363080433214136, 0.09323682800976615, 0.1051227713621079, 0.08694381687415038, 0.08950994145235103, 0.11031753951871198, 0.0944735632536726, 0.08728673463842523, 0.11105934769979084, 0.08262564495674776, 0.09556942958093712, 0.09185022970638884, 0.08322815572868825, 0.10143683954614163, 0.10045631405391356, 0.09845874023882464, 0.09959914977521594, 0.09967755874491152, 0.09558895588978582, 0.09921918091566312, 0.11803040575554608, 0.09593201606828693, 0.10672090968511637, 0.09812461266851939, 0.11209172342079306, 0.11264135953475489, 0.10615327494820428, 0.11224732648894938, 0.11638534799816425, 0.12083312617936624, 0.1151187341742237, 0.11781348032105596, 0.12281747782926279, 0.10038829726817006, 0.1222471037335183, 0.11959680933178689, 0.11097330986054864, 0.12468493648495903, 0.10331892255218311, 0.12504849836621562, 0.10233889082779771, 0.12921972028812484, 0.12140848145327054, 0.12503305690088176, 0.1385580051725588, 0.1352691739784658, 0.12442706826739597, 0.1256477943214769, 0.13279955749440378, 0.1327083596802711, 0.13453213754879678]
BBSR:3.6
ABSR:3.22
max acc:73.06
