======================================
    IID: 0
    Dataset: fashion_mnist
    Model: Mnist_CNN
    Model Init: None
    Aggregation Function: krum
    Fraction NonIID: 0
    Long attack: 3
    Wide attack: 3
    Wide attack: trust
    Threshold reject: 0.5
    Threshold down: 0.0
    Attack method: badnet
    Fraction of malicious agents: 20.0%
    Poison Frac: 0.2
    Backdoor From 7 to 2
    Attack Begin: 0
    Trigger Shape: square
    Type poisoning: pgd
    Trigger Position X: 0
    Trigger Position Y: 0
    Number of agents: 100
    Fraction of agents each turn: 30(30.0%)
    Local batch size: 50
    Local epoch: 3
    Client_LR: 0.01
    Client_Momentum: 0.9
    Global Rounds: 100
    Proportion of malicious are selected: 0.61
    Average score of malicious clients: 719.7633056640625
    Average score of benign clients: 350.3420715332031
======================================
main_task_accuracy=[0, 56.939998626708984, 61.5, 71.83000183105469, 72.20999908447266, 73.51000213623047, 77.30999755859375, 76.33000183105469, 74.58000183105469, 72.70999908447266, 73.93000030517578, 76.87999725341797, 78.16000366210938, 78.3499984741211, 78.12000274658203, 77.91999816894531, 78.5199966430664, 79.94000244140625, 79.29000091552734, 79.0999984741211, 79.47000122070312, 80.76000213623047, 80.12999725341797, 80.8499984741211, 79.23999786376953, 79.56999969482422, 81.88999938964844, 80.27999877929688, 80.87000274658203, 80.25, 82.93000030517578, 83.02999877929688, 80.08000183105469, 83.0199966430664, 81.30999755859375, 80.06999969482422, 80.52999877929688, 81.23999786376953, 82.94999694824219, 82.66999816894531, 82.66999816894531, 82.93000030517578, 81.05999755859375, 82.41999816894531, 83.9000015258789, 80.45999908447266, 82.8499984741211, 81.27999877929688, 82.41999816894531, 82.4800033569336, 83.0, 83.37000274658203, 83.69999694824219, 83.95999908447266, 83.69999694824219, 83.95999908447266, 83.94999694824219, 83.52999877929688, 84.19999694824219, 84.66000366210938, 82.8499984741211, 84.0999984741211, 84.8499984741211, 83.66000366210938, 83.44000244140625, 84.44999694824219, 84.45999908447266, 84.25, 83.43000030517578, 83.91999816894531, 83.69999694824219, 83.68000030517578, 85.08000183105469, 85.08000183105469, 84.43000030517578, 84.0999984741211, 84.5, 84.23999786376953, 84.58000183105469, 84.88999938964844, 84.80000305175781, 84.56999969482422, 84.7699966430664, 83.72000122070312, 84.7300033569336, 84.80999755859375, 83.93000030517578, 85.25, 85.08999633789062, 84.45999908447266, 84.72000122070312, 85.08000183105469, 84.80000305175781, 84.54000091552734, 85.25, 84.75, 84.81999969482422, 84.97000122070312, 85.66999816894531, 85.33999633789062, 84.91000366210938]
backdoor_accuracy=[0, 2.7, 25.3, 67.4, 19.1, 98.9, 26.4, 100.0, 100.0, 100.0, 100.0, 100.0, 100.0, 100.0, 100.0, 100.0, 100.0, 100.0, 100.0, 100.0, 100.0, 100.0, 100.0, 100.0, 100.0, 100.0, 100.0, 100.0, 100.0, 100.0, 100.0, 100.0, 100.0, 100.0, 100.0, 100.0, 100.0, 100.0, 100.0, 100.0, 100.0, 100.0, 100.0, 100.0, 100.0, 100.0, 100.0, 100.0, 100.0, 100.0, 100.0, 100.0, 100.0, 100.0, 100.0, 100.0, 100.0, 100.0, 100.0, 100.0, 99.9, 100.0, 100.0, 100.0, 100.0, 100.0, 100.0, 100.0, 100.0, 100.0, 100.0, 100.0, 100.0, 100.0, 100.0, 100.0, 100.0, 100.0, 100.0, 100.0, 100.0, 100.0, 100.0, 100.0, 100.0, 100.0, 100.0, 100.0, 100.0, 100.0, 100.0, 100.0, 100.0, 100.0, 100.0, 100.0, 100.0, 100.0, 100.0, 100.0, 100.0]
loss_list=[1.4190755376109372, 0.8635607591933674, 0.6877050618744561, 0.629697751943712, 0.5678874528932351, 0.5853825256504395, 0.5471532617868097, 0.5283951550170227, 0.5329452209036659, 0.5437631941365975, 0.4781977583895679, 0.48994149186269004, 0.48268890382239105, 0.4848788265414811, 0.4911414078643753, 0.49103382395373457, 0.4690086789774124, 0.47847879987761927, 0.46527379713262673, 0.4238649275843744, 0.45064252359033735, 0.44745189875916214, 0.41547807811724907, 0.42126150034988924, 0.43996046060282323, 0.4897142404069503, 0.4201015127581302, 0.43723448793300324, 0.42376640492153395, 0.4384940115045067, 0.43177806355266113, 0.41824761164133195, 0.42297948898264653, 0.41596189779746867, 0.4241205513701533, 0.46397445268791027, 0.3907441034999298, 0.40877836197269735, 0.35308099694515543, 0.39566305241357813, 0.4207198284928583, 0.4196624965096513, 0.45004311814145365, 0.36098071707809265, 0.4005070751256964, 0.4198331381625461, 0.4035463266096216, 0.4382147861657561, 0.4478828355010288, 0.40781478652799574, 0.3577819795382244, 0.4447206617574449, 0.3836467028147092, 0.3854044428983428, 0.3991268430112137, 0.3868393797798221, 0.3967638342132516, 0.40122322285616835, 0.42227485587268526, 0.4125761608144751, 0.39982790709128246, 0.3828246073159216, 0.37157266599781524, 0.397297363271247, 0.3617941908124421, 0.37597813190055873, 0.3805009979306273, 0.44427714512200556, 0.3975880440546597, 0.3603398415846406, 0.40534603437020744, 0.4029691272448638, 0.38436239886796103, 0.4136712834690655, 0.41199991009111897, 0.3935451503549875, 0.39861148167444665, 0.3928723607574486, 0.40918574005718933, 0.37542606160385295, 0.386767038526186, 0.3533644017659956, 0.35609964962910734, 0.3722463259305287, 0.34731158971898607, 0.4090981567606191, 0.3546255400826878, 0.3564357696842678, 0.38945384386245646, 0.3847351715081863, 0.3998766381129692, 0.38438203805126253, 0.3272674189143193, 0.40556248878732465, 0.34251280687943403, 0.41371857573761156, 0.38332733750242, 0.3544031522468517, 0.34883859009326745, 0.39493065397427607]
BBSR:100.0
ABSR:100.0
max acc:85.67
