======================================
    IID: 0
    Dataset: fashion_mnist
    Model: Mnist_CNN
    Model Init: None
    Aggregation Function: fltrust
    Fraction NonIID: 0
    Long attack: 3
    Wide attack: 3
    Wide attack: trust
    Threshold reject: 0.5
    Threshold down: 0.0
    Attack method: badnet
    Fraction of malicious agents: 13.0%
    Poison Frac: 0.2
    Backdoor From 7 to 2
    Attack Begin: 0
    Trigger Shape: square
    Type poisoning: 
    Trigger Position X: 0
    Trigger Position Y: 0
    Number of agents: 100
    Fraction of agents each turn: 30(30.0%)
    Local batch size: 50
    Local epoch: 3
    Client_LR: 0.01
    Client_Momentum: 0.9
    Global Rounds: 100
    Dataset In Server: 200
======================================
main_task_accuracy=[0, 55.91999816894531, 64.5999984741211, 71.06999969482422, 73.56999969482422, 74.31999969482422, 74.88999938964844, 75.5999984741211, 75.88999938964844, 76.75, 77.26000213623047, 77.94000244140625, 78.41000366210938, 78.98999786376953, 79.02999877929688, 79.5999984741211, 80.0199966430664, 80.20999908447266, 80.29000091552734, 80.6500015258789, 81.0199966430664, 81.2699966430664, 81.55000305175781, 81.69000244140625, 81.7699966430664, 82.0, 82.08000183105469, 82.06999969482422, 82.30999755859375, 82.41999816894531, 82.62999725341797, 82.9000015258789, 83.2300033569336, 83.48999786376953, 83.56999969482422, 83.83000183105469, 83.93000030517578, 83.79000091552734, 84.18000030517578, 83.97000122070312, 84.52999877929688, 84.43000030517578, 84.4000015258789, 84.5, 84.73999786376953, 84.93000030517578, 85.08000183105469, 84.7699966430664, 85.05999755859375, 85.06999969482422, 85.02999877929688, 85.44000244140625, 85.08999633789062, 85.38999938964844, 85.55999755859375, 85.2300033569336, 85.6500015258789, 85.51000213623047, 85.58999633789062, 85.54000091552734, 85.62999725341797, 85.91999816894531, 86.06999969482422, 86.1500015258789, 86.33999633789062, 86.16000366210938, 85.94999694824219, 86.48999786376953, 86.58000183105469, 86.18000030517578, 86.2699966430664, 86.5999984741211, 86.75, 86.80999755859375, 86.54000091552734, 86.55000305175781, 86.54000091552734, 86.87999725341797, 86.44999694824219, 86.52999877929688, 86.80000305175781, 87.12999725341797, 87.1500015258789, 86.9800033569336, 86.41000366210938, 86.88999938964844, 86.87999725341797, 87.11000061035156, 86.97000122070312, 86.81999969482422, 87.05999755859375, 87.27999877929688, 87.26000213623047, 87.30000305175781, 87.33999633789062, 87.25, 87.16000366210938, 87.41000366210938, 87.63999938964844, 87.7699966430664, 87.68000030517578]
backdoor_accuracy=[0, 0.0, 0.0, 0.0, 0.0, 0.0, 0.1, 0.1, 0.2, 0.3, 0.3, 0.8, 0.9, 2.6, 3.5, 3.6, 6.1, 5.5, 7.7, 17.0, 17.3, 11.8, 18.5, 40.5, 50.8, 50.9, 62.1, 62.2, 75.0, 70.5, 75.8, 75.0, 89.5, 83.8, 91.3, 93.7, 93.1, 94.0, 98.1, 97.3, 97.5, 98.2, 98.2, 98.9, 99.1, 99.0, 99.1, 99.8, 99.7, 99.8, 99.8, 99.8, 99.8, 99.8, 99.8, 99.8, 99.8, 99.8, 99.8, 99.9, 99.9, 100.0, 99.8, 99.8, 99.8, 100.0, 100.0, 100.0, 100.0, 100.0, 100.0, 100.0, 100.0, 100.0, 100.0, 100.0, 100.0, 100.0, 100.0, 100.0, 100.0, 100.0, 100.0, 100.0, 100.0, 100.0, 100.0, 100.0, 100.0, 100.0, 100.0, 100.0, 100.0, 100.0, 100.0, 100.0, 99.8, 99.9, 100.0, 100.0, 100.0]
loss_list=[1.4593303317825002, 1.1130975923328486, 0.8857697465077595, 0.747328932693711, 0.6649349112753514, 0.6160720898597328, 0.6041891837009676, 0.5455413852576856, 0.5609521602038984, 0.5383062900630412, 0.5286658705936539, 0.4914835158321594, 0.5205372853411568, 0.47870617425414147, 0.47267509665754115, 0.42803933688060003, 0.4606381601205579, 0.46416410332614616, 0.4568899270698981, 0.44179773845330433, 0.427093957433546, 0.4133575378951651, 0.42357954647116075, 0.4175537377595902, 0.39258355975013093, 0.3916295290924609, 0.39209844775290953, 0.4153939396142959, 0.40223920075567793, 0.4030606084744688, 0.408627444540185, 0.40975971039798526, 0.38458692490778584, 0.37177642866003296, 0.38716278952304967, 0.3864341461479112, 0.3736860707195269, 0.3748943285395701, 0.37187201699448963, 0.33249201179930465, 0.3761596724080542, 0.3639823059999832, 0.35967391805240406, 0.33655244122017863, 0.3566294277707735, 0.331018480879289, 0.3337674064354763, 0.3286546275933722, 0.3481424600368848, 0.32794446470215916, 0.3231985845327102, 0.2996070087749373, 0.32538273418494673, 0.30482747737594235, 0.3030636511260161, 0.33307833272135917, 0.32189642208007474, 0.30831120766147413, 0.3541417208672674, 0.3188105747879793, 0.31433850609593933, 0.3010625064062575, 0.30882960206794513, 0.30860831651629683, 0.304688980071633, 0.3188724581428148, 0.30242123870455007, 0.28879608979655635, 0.3112420542683039, 0.3117354333573193, 0.2951744663304891, 0.29777437719619937, 0.3055196711207154, 0.2896684145003005, 0.2991515508818405, 0.3034094628429523, 0.279446995617063, 0.29869619413727416, 0.27531321440926854, 0.2778932152971349, 0.28379767921373794, 0.2800581652550372, 0.2838168363949215, 0.30469227314547254, 0.2921008712215418, 0.29910654314897134, 0.2781525598149057, 0.2791776352699984, 0.28605963183497946, 0.2930518497436963, 0.25377733365253163, 0.27541826571234396, 0.2949341353098, 0.2851129746650932, 0.26102957701379503, 0.2782367493991774, 0.2743034182599297, 0.28778579081581146, 0.2548602386584713, 0.27144061717446205]
BBSR:100.0
ABSR:99.97
max acc:87.77
