======================================
    IID: 1
    Dataset: cifar
    Model: resnet
    Model Init: None
    Aggregation Function: RLR
    Fraction NonIID: 0
    Long attack: 3
    Wide attack: 3
    Wide attack: trust
    Threshold reject: 0.5
    Threshold down: 0.0
    Attack method: dba
    Fraction of malicious agents: 30.0%
    Poison Frac: 0.2
    Backdoor From 7 to 2
    Attack Begin: 0
    Trigger Shape: square
    Type poisoning: 
    Trigger Position X: 0
    Trigger Position Y: 0
    Number of agents: 100
    Fraction of agents each turn: 30(30.0%)
    Local batch size: 50
    Local epoch: 3
    Client_LR: 0.01
    Client_Momentum: 0.9
    Global Rounds: 100
    RobustLR_threshold: 4
======================================
main_task_accuracy=[0, 10.34000015258789, 21.079999923706055, 39.25, 41.68000030517578, 46.810001373291016, 51.38999938964844, 53.220001220703125, 55.0099983215332, 56.65999984741211, 58.95000076293945, 58.790000915527344, 60.40999984741211, 61.470001220703125, 60.290000915527344, 61.869998931884766, 62.43000030517578, 64.5, 63.84000015258789, 63.40999984741211, 64.23999786376953, 63.720001220703125, 64.7699966430664, 64.7699966430664, 64.69000244140625, 66.31999969482422, 66.81999969482422, 67.13999938964844, 66.55999755859375, 65.41000366210938, 64.56999969482422, 66.69999694824219, 65.7300033569336, 67.62000274658203, 66.93000030517578, 67.5999984741211, 67.19000244140625, 69.33000183105469, 66.9800033569336, 66.9800033569336, 67.63999938964844, 63.619998931884766, 66.8499984741211, 65.02999877929688, 67.47000122070312, 66.62000274658203, 66.80000305175781, 66.79000091552734, 67.37999725341797, 67.87000274658203, 70.04000091552734, 69.2300033569336, 70.36000061035156, 69.76000213623047, 71.36000061035156, 69.18000030517578, 70.62000274658203, 69.5, 69.45999908447266, 69.20999908447266, 70.66999816894531, 68.19999694824219, 69.80999755859375, 69.80000305175781, 71.8499984741211, 70.69999694824219, 70.94999694824219, 69.4000015258789, 70.2300033569336, 71.69999694824219, 70.5999984741211, 71.33000183105469, 70.55999755859375, 70.77999877929688, 71.16999816894531, 71.79000091552734, 71.16000366210938, 72.16000366210938, 72.04000091552734, 71.47000122070312, 71.44999694824219, 71.76000213623047, 71.9000015258789, 71.7699966430664, 71.79000091552734, 71.2300033569336, 71.58000183105469, 71.68000030517578, 72.0999984741211, 71.0199966430664, 71.44999694824219, 71.5, 71.37999725341797, 71.9000015258789, 71.63999938964844, 71.72000122070312, 71.54000091552734, 71.91000366210938, 71.75, 71.23999786376953, 71.72000122070312]
backdoor_accuracy=[0, 0.6, 39.8, 8.1, 8.3, 8.5, 9.7, 6.1, 5.8, 6.2, 7.6, 4.2, 4.3, 3.9, 7.0, 4.0, 4.1, 3.3, 1.7, 3.2, 4.3, 3.4, 3.2, 3.2, 3.0, 2.8, 3.1, 2.9, 3.0, 2.5, 4.1, 3.6, 5.4, 4.0, 3.8, 4.2, 8.2, 6.0, 3.8, 6.1, 3.6, 4.1, 5.7, 4.2, 9.3, 1.9, 7.3, 2.8, 4.9, 2.6, 8.7, 6.7, 4.3, 4.7, 6.1, 4.6, 2.4, 10.4, 2.5, 8.3, 1.4, 5.6, 4.9, 7.0, 6.9, 2.7, 4.3, 5.6, 3.1, 6.8, 3.6, 7.4, 1.5, 8.2, 3.8, 7.1, 2.8, 8.1, 4.1, 7.5, 2.7, 8.7, 3.7, 4.4, 5.6, 4.2, 6.2, 5.8, 7.4, 2.3, 12.1, 3.5, 10.8, 3.5, 5.7, 5.2, 6.9, 6.9, 7.2, 4.0, 7.4]
loss_list=[1.997878936396705, 1.5634389866060685, 1.1492280308074425, 0.9683174250854384, 0.8356994524432552, 0.7155262446734639, 0.6387572672921752, 0.605168918126987, 0.5365151208059654, 0.5323382497330507, 0.5096992741752832, 0.44732895748482815, 0.44869142703711984, 0.43907457830177415, 0.4084798448967437, 0.3813831383941902, 0.393592962814081, 0.3714035485995312, 0.33187684232938197, 0.3497904915590253, 0.31013392724769395, 0.2920734817793385, 0.34415143630001693, 0.30413114622752696, 0.2307463847240433, 0.28142806324254094, 0.22147410600937698, 0.27661952597037376, 0.2746640441067413, 0.23452580770257755, 0.2098571292940889, 0.22126686380645777, 0.22079541643382977, 0.20961500742278685, 0.25399835007523913, 0.19752526065231196, 0.12830826017843924, 0.20312340274873547, 0.18792812332194042, 0.1721474350118337, 0.2097642947497338, 0.17403687702854057, 0.2057716892078881, 0.1743159222631301, 0.1748440286544306, 0.18240106660174202, 0.15693119566822944, 0.17680970153952427, 0.11817651561616609, 0.10229843319147928, 0.11205340492720198, 0.11142850356664794, 0.07741361545366494, 0.08527598501648752, 0.10310595463007402, 0.11553999754141034, 0.10835644937757428, 0.14523333274804626, 0.13319804699483534, 0.08734677217376882, 0.11229550271754203, 0.1083665657454468, 0.09807118909891059, 0.06529051078528735, 0.06657369179279259, 0.06970558324713948, 0.10729564191357994, 0.09086218115458095, 0.030015648712222974, 0.08803801741281252, 0.05366618361748502, 0.06594878220020392, 0.06157503081783135, 0.055715262500905534, 0.031497026307560086, 0.04314614662347593, 0.029825921372062615, 0.01827018253992719, 0.07980794151228313, 0.03240316089015525, 0.031159440512379257, 0.015370241737158117, 0.036215004429367474, 0.023162221217834386, 0.07794320595095391, 0.030128863336334084, 0.04148103511889025, 0.027808390155985564, 0.0652965448410234, 0.04834084098108684, 0.02952055568954367, 0.048989217426454464, 0.00787773247791847, 0.02174162854044779, 0.021209970054664556, 0.059087948103422404, 0.007575776927494896, 0.05066617580154748, 0.04191320474598493, 0.030905759925824693]
BBSR:10.8
ABSR:6.11
max acc:71.91
