======================================
    IID: 0
    Dataset: mnist
    Model: Mnist_CNN
    Model Init: None
    Aggregation Function: krum
    Fraction NonIID: 0
    Long attack: 3
    Wide attack: 3
    Wide attack: trust
    Threshold reject: 0.5
    Threshold down: 0.0
    Attack method: badnet
    Fraction of malicious agents: 20.0%
    Poison Frac: 0.2
    Backdoor From 7 to 2
    Attack Begin: 0
    Trigger Shape: square
    Type poisoning: cs
    Trigger Position X: 0
    Trigger Position Y: 0
    Number of agents: 100
    Fraction of agents each turn: 30(30.0%)
    Local batch size: 50
    Local epoch: 3
    Client_LR: 0.01
    Client_Momentum: 0.9
    Global Rounds: 100
    Proportion of malicious are selected: 0.44
    Average score of malicious clients: 1597.0621337890625
    Average score of benign clients: 785.6121826171875
======================================
main_task_accuracy=[0, 11.350000381469727, 29.6200008392334, 16.1299991607666, 18.600000381469727, 9.739999771118164, 17.170000076293945, 25.09000015258789, 21.360000610351562, 9.859999656677246, 13.100000381469727, 20.309999465942383, 18.40999984741211, 20.079999923706055, 23.68000030517578, 19.68000030517578, 17.760000228881836, 18.489999771118164, 9.739999771118164, 19.43000030517578, 18.719999313354492, 17.309999465942383, 19.780000686645508, 32.18000030517578, 27.690000534057617, 32.970001220703125, 22.709999084472656, 22.309999465942383, 24.600000381469727, 22.600000381469727, 23.93000030517578, 38.79999923706055, 32.189998626708984, 45.380001068115234, 28.989999771118164, 44.220001220703125, 35.310001373291016, 38.59000015258789, 36.47999954223633, 38.119998931884766, 39.470001220703125, 53.470001220703125, 46.72999954223633, 43.86000061035156, 43.459999084472656, 40.31999969482422, 39.81999969482422, 23.610000610351562, 9.75, 44.209999084472656, 44.08000183105469, 34.900001525878906, 57.68000030517578, 50.099998474121094, 47.79999923706055, 46.70000076293945, 45.34000015258789, 45.209999084472656, 44.0099983215332, 44.43000030517578, 43.08000183105469, 42.25, 41.529998779296875, 40.84000015258789, 40.439998626708984, 39.61000061035156, 43.09000015258789, 46.63999938964844, 44.209999084472656, 42.31999969482422, 41.709999084472656, 41.34000015258789, 41.33000183105469, 51.06999969482422, 46.849998474121094, 50.2400016784668, 47.029998779296875, 49.79999923706055, 50.150001525878906, 47.040000915527344, 43.16999816894531, 50.91999816894531, 41.31999969482422, 46.97999954223633, 53.70000076293945, 50.650001525878906, 52.04999923706055, 53.849998474121094, 52.099998474121094, 50.41999816894531, 53.560001373291016, 54.279998779296875, 54.25, 55.47999954223633, 53.09000015258789, 50.099998474121094, 47.119998931884766, 47.11000061035156, 46.95000076293945, 47.47999954223633, 51.209999084472656]
backdoor_accuracy=[0, 0.0, 0.0, 0.0, 0.0, 0.0, 0.0, 0.0, 0.0, 0.0, 0.0, 0.0, 0.0, 0.0, 0.0, 100.0, 0.0, 0.0, 0.0, 100.0, 0.0, 100.0, 100.0, 0.0, 0.0, 97.76264591439688, 100.0, 100.0, 0.0, 0.0, 0.0, 0.0, 0.0, 0.0, 49.70817120622568, 0.0, 0.0, 0.0, 0.0, 0.0, 0.0, 0.0, 0.0, 0.0, 0.0, 0.0, 0.0, 0.19455252918287938, 0.0, 0.0, 0.0, 0.0, 100.0, 100.0, 1.0700389105058365, 0.09727626459143969, 0.0, 0.0, 0.0, 0.0, 0.0, 0.0, 0.0, 0.0, 0.0, 0.0, 100.0, 95.13618677042801, 44.16342412451362, 10.700389105058365, 0.0, 0.0, 0.0, 100.0, 100.0, 53.21011673151751, 0.0, 100.0, 100.0, 100.0, 100.0, 0.0, 0.0, 95.03891050583658, 100.0, 99.80544747081711, 100.0, 100.0, 0.09727626459143969, 0.0, 0.19455252918287938, 2.6264591439688716, 100.0, 100.0, 100.0, 19.455252918287936, 0.0, 1.3618677042801557, 3.307392996108949, 100.0, 100.0]
loss_list=[0.4501479762231545, 3.750329315775185, 0.9474681609001993, 0.9775176094975173, 1.2558329811889484, 1.0174633999522151, 1.0493187553388938, 1.1469959002346308, 0.8083282576400526, 1.082459754197023, 0.9147877630506093, 0.9225135138138526, 0.7053429174636331, 0.8605220653889732, 0.7736490835103925, 1.136902779157552, 0.768454737170207, 1.0372940347703223, 0.9588669184282145, 1.087653171465785, 1.0413877620290601, 0.7917639037823918, 0.8608546188043874, 0.6067652571127604, 0.6541839311929295, 0.5029450753081546, 0.6464432999307165, 0.7176799045079085, 0.7075565073935042, 0.7881336881748674, 0.6759229397780303, 0.5105268168400049, 0.7552485333643512, 0.4935157032054048, 0.5592089420079259, 0.5153312503317095, 0.5636498551055816, 0.5738079652477751, 0.5337464561125064, 0.4864660278395571, 0.6027458131907527, 0.5381315571729459, 0.48357140143316485, 0.5952996404017558, 0.5407465088812871, 0.5737586105716864, 0.6053495536670659, 0.45592353002571445, 0.6678654387971567, 0.507629359819514, 0.5100647781012715, 0.5966624387208764, 0.38530644688979476, 0.4582614419828748, 0.5167149244649746, 0.5004629591140217, 0.47996836633201817, 0.4970061772492124, 0.47435330918367197, 0.523090990587321, 0.5418975997359835, 0.562922816423008, 0.45543771381793885, 0.42253156057028296, 0.49787922036546495, 0.6442569780639006, 0.3142139293089271, 0.4432136688617531, 0.4999022517288327, 0.48163061665943496, 0.5248672614502774, 0.4748806359303267, 0.570715949431286, 0.4125558495662752, 0.41132941464704215, 0.4536562894672696, 0.3764443259963099, 0.3718194485014509, 0.39253001779520336, 0.41403994811506956, 0.5592289971801425, 0.3949805037697607, 0.4092346686293998, 0.36251863799540573, 0.36392405325905375, 0.42990985350320393, 0.37465580388941616, 0.37481642050519587, 0.3539406984968268, 0.37569483168473244, 0.44705270935837355, 0.351507593970867, 0.3459056485504262, 0.3827039096018991, 0.3791024427394833, 0.45273949954402337, 0.3867094349565916, 0.4195934248624957, 0.4203309570851019, 0.4185713807759876]
BBSR:100.0
ABSR:52.68
max acc:55.48
