======================================
    IID: 0
    Dataset: fashion_mnist
    Model: Mnist_CNN
    Model Init: None
    Aggregation Function: fltrust
    Fraction NonIID: 0
    Long attack: 3
    Wide attack: 3
    Wide attack: trust
    Threshold reject: 0.5
    Threshold down: 0.0
    Attack method: badnet
    Fraction of malicious agents: 13.0%
    Poison Frac: 0.2
    Backdoor From 7 to 2
    Attack Begin: 0
    Trigger Shape: square
    Type poisoning: pgd
    Trigger Position X: 0
    Trigger Position Y: 0
    Number of agents: 100
    Fraction of agents each turn: 30(30.0%)
    Local batch size: 50
    Local epoch: 3
    Client_LR: 0.01
    Client_Momentum: 0.9
    Global Rounds: 100
    Dataset In Server: 200
======================================
main_task_accuracy=[0, 60.93000030517578, 70.05000305175781, 71.4000015258789, 73.56999969482422, 74.47000122070312, 75.51000213623047, 76.36000061035156, 77.0199966430664, 77.48999786376953, 77.83999633789062, 78.26000213623047, 78.7699966430664, 79.20999908447266, 79.45999908447266, 79.72000122070312, 80.26000213623047, 80.58000183105469, 80.6500015258789, 80.94000244140625, 81.52999877929688, 81.51000213623047, 81.83000183105469, 82.16000366210938, 82.30000305175781, 82.7300033569336, 82.68000030517578, 82.61000061035156, 83.30000305175781, 83.05999755859375, 83.43000030517578, 83.69999694824219, 83.55000305175781, 84.0199966430664, 84.20999908447266, 84.4800033569336, 84.66000366210938, 84.51000213623047, 84.73999786376953, 84.9000015258789, 85.08999633789062, 85.19000244140625, 85.16000366210938, 85.3499984741211, 85.41000366210938, 85.52999877929688, 85.73999786376953, 85.68000030517578, 85.73999786376953, 85.91000366210938, 85.66999816894531, 85.7699966430664, 86.16000366210938, 86.13999938964844, 86.0999984741211, 86.54000091552734, 86.44000244140625, 86.56999969482422, 86.56999969482422, 86.58000183105469, 86.6500015258789, 86.66999816894531, 86.79000091552734, 86.83999633789062, 86.69999694824219, 86.68000030517578, 86.30999755859375, 87.08000183105469, 86.93000030517578, 87.06999969482422, 87.04000091552734, 87.27999877929688, 87.11000061035156, 87.37000274658203, 87.36000061035156, 87.47000122070312, 87.3499984741211, 87.37999725341797, 87.3499984741211, 87.7300033569336, 87.2300033569336, 87.44000244140625, 87.79000091552734, 87.44999694824219, 87.55000305175781, 87.68000030517578, 87.5, 87.8499984741211, 87.8499984741211, 87.91999816894531, 87.7300033569336, 87.94999694824219, 87.94000244140625, 88.0, 88.0, 87.83000183105469, 87.54000091552734, 87.9800033569336, 88.11000061035156, 88.0999984741211, 87.88999938964844]
backdoor_accuracy=[0, 0.1, 0.1, 0.1, 0.0, 0.0, 0.0, 0.0, 0.0, 0.0, 0.0, 0.0, 0.0, 0.0, 0.0, 0.0, 0.1, 0.1, 0.0, 0.8, 1.8, 3.6, 3.0, 5.7, 7.0, 7.5, 8.8, 12.9, 10.4, 10.4, 10.6, 19.5, 20.6, 32.9, 52.7, 79.7, 64.0, 79.2, 70.0, 81.0, 96.3, 95.9, 95.1, 93.9, 96.9, 95.0, 94.4, 97.3, 99.2, 99.4, 99.6, 99.6, 99.6, 99.8, 99.8, 99.8, 99.8, 99.8, 99.8, 99.8, 99.8, 99.8, 99.8, 99.8, 99.8, 99.8, 99.7, 99.8, 99.8, 99.8, 99.8, 99.8, 99.8, 99.8, 99.8, 99.8, 99.8, 99.8, 99.8, 99.8, 99.8, 99.8, 99.8, 99.8, 99.8, 99.8, 99.8, 99.8, 99.8, 99.8, 99.8, 99.8, 99.8, 99.8, 99.8, 99.8, 99.6, 99.8, 99.8, 99.8, 99.8]
loss_list=[1.4317885109119943, 1.0889641579378533, 0.8229753693496736, 0.717774065197618, 0.631707757173313, 0.5944385709585966, 0.5474101582749021, 0.5609744016219068, 0.5045279989501945, 0.5065034736499743, 0.4797470468061941, 0.46318486051427, 0.4808593220870803, 0.44510857301453743, 0.4411747749204989, 0.46312280399379907, 0.44307584892958396, 0.41334919051991575, 0.4339086690227742, 0.4100420657062421, 0.4327816898486129, 0.40532539165406317, 0.39420068019794097, 0.4178708013767998, 0.39880943252808515, 0.4043487850128224, 0.38821746201288915, 0.3750916840991488, 0.36340872248013817, 0.38250738268856105, 0.367512848407582, 0.35104692180951436, 0.3579835250387313, 0.35601987795973256, 0.38444322094459227, 0.3511774592929416, 0.3458364850979436, 0.36005291213039997, 0.3685270989175749, 0.3440352194080198, 0.3561638415066732, 0.35650372631089017, 0.3532958609086497, 0.3375790595145965, 0.3043956282272659, 0.31832046722130924, 0.31889553784772207, 0.3297011643199733, 0.339556917934506, 0.3213227883050288, 0.32897598430238395, 0.3303979025118881, 0.31510120252561236, 0.31223702789111824, 0.3251792923512834, 0.3245813603133515, 0.31578791442982573, 0.3193212183675281, 0.30938229766432884, 0.2931525274904238, 0.3068017538188509, 0.2968915361014229, 0.2799437885448613, 0.2813524947329251, 0.3084489613357517, 0.29811130176746725, 0.3043668665026349, 0.3001483309548349, 0.3015064881631621, 0.2835899892090647, 0.3002438962494058, 0.2963099060614628, 0.2845793635549921, 0.2789302389654848, 0.2876182695091875, 0.27733939642052136, 0.2636859451627566, 0.2818449455244398, 0.2878941218713644, 0.2700823284823585, 0.2539414619957959, 0.2677106242109504, 0.26383458736042187, 0.26938829777538087, 0.2687899572015912, 0.27930809699723297, 0.27298004048600516, 0.2620193839901023, 0.24735000805101462, 0.2500407652549998, 0.26691215647625977, 0.2585764986290424, 0.268603617163306, 0.2814489872712228, 0.25664395516462346, 0.27412866966247, 0.2756544778916846, 0.25060290628009374, 0.2886399371342526, 0.257896692107466]
BBSR:99.8
ABSR:99.78
max acc:88.11
