======================================
    IID: 0
    Dataset: mnist
    Model: Mnist_CNN
    Model Init: None
    Aggregation Function: avg
    Fraction NonIID: 0
    Long attack: 3
    Wide attack: 3
    Wide attack: trust
    Threshold reject: 0.5
    Threshold down: 0.0
    Attack method: badnet
    Fraction of malicious agents: 20.0%
    Poison Frac: 0.2
    Backdoor From 7 to 2
    Attack Begin: 0
    Trigger Shape: square
    Type poisoning: cs
    Trigger Position X: 0
    Trigger Position Y: 0
    Number of agents: 100
    Fraction of agents each turn: 30(30.0%)
    Local batch size: 50
    Local epoch: 3
    Client_LR: 0.01
    Client_Momentum: 0.9
    Global Rounds: 100
======================================
main_task_accuracy=[0, 27.84000015258789, 49.41999816894531, 72.2699966430664, 77.4800033569336, 58.08000183105469, 82.23999786376953, 85.68000030517578, 83.83000183105469, 88.19999694824219, 91.1500015258789, 91.2300033569336, 87.87000274658203, 87.01000213623047, 92.5, 92.69000244140625, 93.56999969482422, 93.12999725341797, 93.43000030517578, 95.19000244140625, 95.75, 96.01000213623047, 94.08999633789062, 94.73999786376953, 93.13999938964844, 95.23999786376953, 92.87000274658203, 96.04000091552734, 96.98999786376953, 96.81999969482422, 97.08000183105469, 96.83000183105469, 97.22000122070312, 97.16000366210938, 97.26000213623047, 97.41999816894531, 97.33999633789062, 97.5999984741211, 97.44000244140625, 97.05000305175781, 97.62000274658203, 97.33000183105469, 97.80000305175781, 97.25, 97.88999938964844, 97.36000061035156, 98.01000213623047, 97.45999908447266, 97.94999694824219, 97.94999694824219, 97.62999725341797, 97.7699966430664, 97.70999908447266, 97.66000366210938, 97.93000030517578, 98.08999633789062, 98.04000091552734, 97.69000244140625, 97.5999984741211, 97.72000122070312, 98.12999725341797, 97.80999755859375, 98.04000091552734, 97.94999694824219, 97.9000015258789, 97.5999984741211, 97.94000244140625, 98.11000061035156, 98.08999633789062, 98.12999725341797, 97.58999633789062, 98.18000030517578, 98.26000213623047, 98.29000091552734, 97.66999816894531, 98.05000305175781, 98.27999877929688, 98.2300033569336, 98.29000091552734, 98.37000274658203, 98.16999816894531, 98.58000183105469, 98.47000122070312, 98.44999694824219, 98.3499984741211, 98.68000030517578, 98.44000244140625, 98.16000366210938, 98.62000274658203, 98.4800033569336, 98.55000305175781, 98.33000183105469, 98.26000213623047, 98.44999694824219, 98.45999908447266, 98.19000244140625, 98.55000305175781, 98.56999969482422, 98.51000213623047, 98.45999908447266, 98.66999816894531]
backdoor_accuracy=[0, 27.140077821011673, 0.0, 4.571984435797665, 2.6264591439688716, 1.9455252918287937, 5.836575875486381, 1.9455252918287937, 11.284046692607005, 9.33852140077821, 7.2957198443579765, 6.3229571984435795, 11.381322957198444, 11.964980544747082, 18.8715953307393, 4.474708171206226, 36.38132295719844, 8.852140077821012, 23.735408560311285, 33.17120622568093, 10.116731517509727, 32.87937743190661, 14.591439688715953, 17.412451361867703, 70.03891050583658, 32.490272373540854, 19.260700389105057, 49.221789883268485, 49.5136186770428, 34.24124513618677, 89.2023346303502, 62.64591439688716, 80.25291828793775, 51.65369649805447, 85.7976653696498, 89.98054474708171, 94.45525291828794, 86.7704280155642, 98.73540856031128, 89.10505836575875, 95.52529182879377, 89.88326848249027, 99.12451361867704, 97.47081712062257, 98.15175097276264, 99.80544747081711, 99.61089494163424, 96.88715953307393, 99.61089494163424, 99.61089494163424, 99.90272373540856, 99.61089494163424, 99.31906614785993, 99.5136186770428, 99.5136186770428, 99.61089494163424, 99.61089494163424, 98.92996108949416, 99.90272373540856, 99.12451361867704, 99.41634241245136, 99.61089494163424, 99.70817120622569, 99.61089494163424, 99.5136186770428, 99.61089494163424, 99.90272373540856, 100.0, 99.5136186770428, 100.0, 99.70817120622569, 100.0, 100.0, 99.90272373540856, 100.0, 99.61089494163424, 99.80544747081711, 100.0, 99.70817120622569, 99.90272373540856, 100.0, 99.90272373540856, 100.0, 100.0, 100.0, 99.90272373540856, 100.0, 100.0, 100.0, 99.90272373540856, 100.0, 100.0, 100.0, 100.0, 100.0, 99.70817120622569, 100.0, 100.0, 100.0, 100.0, 100.0]
loss_list=[0.4733447575154719, 0.3267993279648029, 0.2713504823155721, 0.16420475729936923, 0.16031209512508224, 0.12732982399717616, 0.10677936921495676, 0.09697900928181306, 0.11907523208953573, 0.08483030881983807, 0.07725698100802522, 0.07236722866271239, 0.08495740669511492, 0.07798248137587714, 0.057069541190792474, 0.06753310911971962, 0.051449880945916654, 0.04931399980122324, 0.057269894120635295, 0.044889731281274006, 0.04576252263995713, 0.04527771412829242, 0.05127155857594856, 0.0514970531553341, 0.04783048628548299, 0.04045561067232536, 0.06224574651721901, 0.03774388959812101, 0.03475051973617474, 0.04169246257100457, 0.03758217836899487, 0.03223145699228865, 0.039610668176075316, 0.03538772370804206, 0.03678811076661699, 0.03503336550253566, 0.038951317691595724, 0.0316342489934577, 0.03178777488321087, 0.028521519111574724, 0.025019647048700924, 0.03255387078320978, 0.026765788558881058, 0.03224687638288442, 0.027859808177896628, 0.03804404243057089, 0.022897091482725816, 0.025380966711322738, 0.02670786978736145, 0.02451815542934027, 0.027326078048655795, 0.027371739716532333, 0.024505783727558367, 0.023673296062661373, 0.022988123506296334, 0.028608670490877005, 0.027477026617375937, 0.026948125020941665, 0.026808796271645504, 0.02547892824570029, 0.0259401057771854, 0.025059916283214967, 0.023612602086649507, 0.024661687825852593, 0.020135494612988858, 0.03262900800620734, 0.022755184184708056, 0.028254883548023316, 0.023550237781838037, 0.022303158726660607, 0.01794490132806925, 0.023906548185799865, 0.018420790884606127, 0.02158586063949215, 0.02226415718054327, 0.0209796515361584, 0.0205588891182849, 0.019598623355937376, 0.02149744891075487, 0.020140839733060557, 0.019953773969231085, 0.017504145823272, 0.017445666501940276, 0.022012391469937092, 0.020892757012567018, 0.018875543654098305, 0.020327105212727768, 0.021223154487507907, 0.01956250124612111, 0.022860487731080036, 0.020652897793050164, 0.018445684175084888, 0.02287890054379203, 0.019014963842337255, 0.023536541792474785, 0.021154500318937102, 0.015807342271857015, 0.017700249913903055, 0.01460453659557106, 0.0199005203349109]
BBSR:100.0
ABSR:99.97
max acc:98.67
