======================================
    IID: 0
    Dataset: mnist
    Model: Mnist_CNN
    Model Init: None
    Aggregation Function: avg
    Fraction NonIID: 0
    Long attack: 3
    Wide attack: 3
    Wide attack: trust
    Threshold reject: 0.5
    Threshold down: 0.0
    Attack method: dba
    Fraction of malicious agents: 13.0%
    Poison Frac: 0.2
    Backdoor From 7 to 2
    Attack Begin: 0
    Trigger Shape: square
    Type poisoning: 
    Trigger Position X: 0
    Trigger Position Y: 0
    Number of agents: 100
    Fraction of agents each turn: 30(30.0%)
    Local batch size: 50
    Local epoch: 3
    Client_LR: 0.01
    Client_Momentum: 0.9
    Global Rounds: 100
======================================
main_task_accuracy=[0, 34.650001525878906, 34.900001525878906, 63.2400016784668, 69.12000274658203, 78.91000366210938, 71.72000122070312, 72.2300033569336, 86.91000366210938, 88.87999725341797, 84.98999786376953, 86.20999908447266, 94.33000183105469, 93.1500015258789, 93.91000366210938, 94.5, 94.93000030517578, 95.3499984741211, 95.70999908447266, 93.77999877929688, 93.93000030517578, 91.5999984741211, 87.48999786376953, 90.37000274658203, 95.72000122070312, 96.08000183105469, 96.31999969482422, 97.2699966430664, 97.05999755859375, 96.9000015258789, 96.44999694824219, 97.25, 96.33000183105469, 96.69000244140625, 97.16999816894531, 97.37000274658203, 96.93000030517578, 96.20999908447266, 97.58000183105469, 97.44000244140625, 97.58999633789062, 97.6500015258789, 97.69000244140625, 97.44999694824219, 97.16999816894531, 97.2300033569336, 97.7300033569336, 97.80999755859375, 97.86000061035156, 97.7300033569336, 97.72000122070312, 97.87000274658203, 97.66000366210938, 97.54000091552734, 97.95999908447266, 98.12000274658203, 97.9800033569336, 98.19999694824219, 97.36000061035156, 98.0999984741211, 97.5999984741211, 98.30000305175781, 98.3499984741211, 98.12999725341797, 98.29000091552734, 98.43000030517578, 98.33999633789062, 97.94000244140625, 98.05999755859375, 98.45999908447266, 98.16999816894531, 98.27999877929688, 98.30999755859375, 98.05000305175781, 98.12000274658203, 98.41999816894531, 98.4000015258789, 98.4000015258789, 98.27999877929688, 98.52999877929688, 98.1500015258789, 98.48999786376953, 98.33000183105469, 98.52999877929688, 98.33999633789062, 98.58000183105469, 98.1500015258789, 98.54000091552734, 98.54000091552734, 98.56999969482422, 98.48999786376953, 98.5999984741211, 98.55999755859375, 98.58000183105469, 98.66000366210938, 98.6500015258789, 98.43000030517578, 98.6500015258789, 98.69000244140625, 98.62000274658203, 98.5999984741211]
backdoor_accuracy=[0, 0.0, 8.560311284046692, 0.0, 8.073929961089494, 0.09727626459143969, 0.38910505836575876, 3.21011673151751, 2.7237354085603114, 3.7937743190661477, 1.7509727626459144, 5.155642023346304, 2.529182879377432, 7.684824902723736, 1.8482490272373542, 3.0155642023346303, 6.906614785992218, 3.9883268482490273, 7.684824902723736, 4.182879377431907, 2.9182879377431905, 6.614785992217898, 5.836575875486381, 4.280155642023346, 8.560311284046692, 18.28793774319066, 5.836575875486381, 5.155642023346304, 13.715953307392995, 4.863813229571984, 27.529182879377434, 8.560311284046692, 8.073929961089494, 10.311284046692608, 30.642023346303503, 5.933852140077821, 34.824902723735406, 4.085603112840467, 22.66536964980545, 21.49805447470817, 31.420233463035018, 23.054474708171206, 15.56420233463035, 73.05447470817121, 9.14396887159533, 22.957198443579767, 78.21011673151752, 32.976653696498055, 13.229571984435797, 43.48249027237354, 18.77431906614786, 67.31517509727627, 77.62645914396887, 23.638132295719846, 71.01167315175097, 57.1011673151751, 40.175097276264594, 49.61089494163424, 63.715953307392994, 91.43968871595331, 78.01556420233463, 77.62645914396887, 84.43579766536965, 71.78988326848248, 79.28015564202335, 89.00778210116732, 69.64980544747081, 91.92607003891051, 93.3852140077821, 96.49805447470817, 75.58365758754864, 96.59533073929961, 90.46692607003891, 94.55252918287938, 88.81322957198444, 96.01167315175097, 94.3579766536965, 98.44357976653697, 96.20622568093385, 96.98443579766537, 89.98054474708171, 97.17898832684826, 99.31906614785993, 95.23346303501945, 98.05447470817121, 99.0272373540856, 99.80544747081711, 94.55252918287938, 99.22178988326849, 97.08171206225681, 99.41634241245136, 96.88715953307393, 97.47081712062257, 99.5136186770428, 98.73540856031128, 99.0272373540856, 97.47081712062257, 98.44357976653697, 99.80544747081711, 99.70817120622569, 98.24902723735408]
loss_list=[0.5137795618357025, 0.2876872971361796, 0.21480890672827876, 0.17926543266400388, 0.13943323695012297, 0.13951318878104332, 0.10657923345144127, 0.12314051832480767, 0.08763603965109759, 0.08778442794404864, 0.08655637044454309, 0.07402226308448134, 0.0565611223609506, 0.05037142318252729, 0.0607099975675347, 0.05276176875476099, 0.04929922803758643, 0.04625795729248366, 0.050603985329131976, 0.049690817883792565, 0.04811650515903147, 0.056463771383538426, 0.06371612462268551, 0.062163743325363535, 0.04695022624872787, 0.04015655212774831, 0.04150791930434055, 0.04655291264073184, 0.03178608337776052, 0.03169719251168166, 0.02906557753489852, 0.036932662259552225, 0.03639606804417421, 0.038791940721196856, 0.030957987294866315, 0.03777369198176542, 0.027075649971137355, 0.033808752524996454, 0.028820758954707447, 0.02845779439351229, 0.028600821866140755, 0.026181688618090157, 0.027511487237803157, 0.0270127164890265, 0.030005198041624326, 0.02852514254931663, 0.023142325212163996, 0.02863797911757191, 0.026069239000978395, 0.028545654197438416, 0.02952007194331786, 0.024994750305311796, 0.03148258792760052, 0.022704972935782698, 0.022199114829704356, 0.025959262294302583, 0.030817534520776044, 0.021933539530621604, 0.02258728791313063, 0.01913837035876707, 0.02264709272174166, 0.024873088816136965, 0.022949861305683734, 0.021637483573034317, 0.024442983373674673, 0.023543152557620146, 0.02322315468340844, 0.025150520945604698, 0.024025680447176227, 0.022708791454598053, 0.023104147495385977, 0.025177512579044048, 0.018874899288222065, 0.024104592417385235, 0.02135600981667309, 0.02237037385267987, 0.021971394280356226, 0.021231092766888605, 0.023825230131372114, 0.01890987284728945, 0.023138221744771217, 0.020477028117427732, 0.018440637771742766, 0.019169748675053076, 0.022445279737312453, 0.01928116332712119, 0.0224263149686728, 0.024713922678137067, 0.023904829591055117, 0.0205255624066863, 0.01838703414498594, 0.0204750457618055, 0.016726147610777255, 0.01913049093182152, 0.01938279282380306, 0.015415468818537127, 0.018475745318508596, 0.02208913155664859, 0.018461093393011486, 0.015903890335705696]
BBSR:99.81
ABSR:98.53
max acc:98.69
