======================================
    IID: 0
    Dataset: mnist
    Model: Mnist_CNN
    Model Init: None
    Aggregation Function: fltrust
    Long attack: 5
    Wide attack: 5
    Threshold reject: 0.5
    Threshold down: 0.0
    Attack method: badnet
    Fraction of malicious agents: 15.0%
    Poison Frac: 0.2
    Backdoor From 7 to 5
    Attack Begin: 0
    Trigger Shape: square
    Trigger Position X: 0
    Trigger Position Y: 0
    Number of agents: 100
    Fraction of agents each turn: 30(30.0%)
    Local batch size: 50
    Local epoch: 3
    Client_LR: 0.01
    Client_Momentum: 0.9
    Global Rounds: 80
    Dataset In Server: 200
======================================
main_task_accuracy=[0, 55.61000061035156, 82.13999938964844, 86.19999694824219, 89.06999969482422, 89.79000091552734, 90.83999633789062, 91.62999725341797, 92.44000244140625, 92.83000183105469, 93.38999938964844, 93.83000183105469, 94.1500015258789, 94.44999694824219, 94.75, 94.83999633789062, 95.11000061035156, 95.13999938964844, 95.5, 95.63999938964844, 95.80000305175781, 95.98999786376953, 96.0199966430664, 96.05000305175781, 96.06999969482422, 96.20999908447266, 96.33999633789062, 96.45999908447266, 96.51000213623047, 96.52999877929688, 96.62999725341797, 96.73999786376953, 96.6500015258789, 96.73999786376953, 96.80999755859375, 96.83000183105469, 96.86000061035156, 96.8499984741211, 96.9800033569336, 97.0199966430664, 97.13999938964844, 97.18000030517578, 97.13999938964844, 97.12999725341797, 97.2300033569336, 97.19999694824219, 97.20999908447266, 97.22000122070312, 97.31999969482422, 97.27999877929688, 97.4000015258789, 97.41999816894531, 97.45999908447266, 97.47000122070312, 97.51000213623047, 97.47000122070312, 97.55999755859375, 97.5999984741211, 97.5199966430664, 97.58000183105469, 97.58999633789062, 97.61000061035156, 97.62999725341797, 97.80999755859375, 97.72000122070312, 97.55000305175781, 97.75, 97.75, 97.80999755859375, 97.83999633789062, 97.76000213623047, 97.80999755859375, 97.80999755859375, 97.94000244140625, 97.91000366210938, 97.93000030517578, 97.81999969482422, 97.9000015258789, 97.88999938964844, 97.95999908447266, 98.0199966430664]
backdoor_accuracy=[0, 1.3618677042801557, 3.0155642023346303, 0.2918287937743191, 0.7782101167315175, 0.48638132295719844, 0.48638132295719844, 0.6809338521400778, 0.6809338521400778, 0.6809338521400778, 0.7782101167315175, 1.0700389105058365, 0.9727626459143969, 1.1673151750972763, 1.3618677042801557, 1.264591439688716, 1.264591439688716, 1.556420233463035, 2.431906614785992, 3.307392996108949, 2.529182879377432, 3.404669260700389, 4.474708171206226, 4.377431906614786, 4.280155642023346, 3.7937743190661477, 6.128404669260701, 6.128404669260701, 3.9883268482490273, 7.587548638132295, 7.101167315175097, 9.33852140077821, 8.754863813229573, 8.754863813229573, 30.836575875486382, 43.96887159533074, 35.11673151750973, 22.56809338521401, 54.766536964980546, 52.72373540856031, 50.68093385214008, 53.89105058365759, 61.96498054474708, 62.93774319066148, 69.45525291828794, 64.98054474708171, 69.94163424124514, 65.6614785992218, 78.01556420233463, 56.1284046692607, 78.21011673151752, 88.03501945525292, 90.36964980544747, 85.40856031128405, 90.46692607003891, 94.74708171206225, 94.16342412451363, 97.85992217898833, 96.69260700389106, 97.47081712062257, 97.76264591439688, 97.08171206225681, 96.10894941634241, 95.62256809338521, 97.27626459143968, 95.91439688715953, 96.69260700389106, 97.37354085603113, 98.24902723735408, 97.95719844357977, 98.15175097276264, 98.24902723735408, 98.34630350194553, 98.63813229571984, 99.41634241245136, 98.73540856031128, 99.0272373540856, 99.0272373540856, 99.31906614785993, 99.0272373540856, 99.41634241245136]
loss_list=[1.1970849446275018, 1.0535682619069562, 0.7144632426513867, 0.48069161830676926, 0.37388116219504325, 0.3302060428273046, 0.2742407073520801, 0.25996382019924696, 0.2279664372851263, 0.21702452412608905, 0.20353013121833402, 0.17967236489151614, 0.1655926321270979, 0.1532171010851126, 0.15268453615341301, 0.15533643157475377, 0.13285483062888184, 0.14678514097826653, 0.12292120587786262, 0.13127640071595464, 0.12360011327357943, 0.13594302601537273, 0.11686646420922546, 0.10642845558209553, 0.11385654450201363, 0.12104439209256501, 0.11538889390731587, 0.0993383357104977, 0.10877904244416368, 0.09744609163802428, 0.09817214144083361, 0.09623040094444849, 0.09681495742759472, 0.09113242014880393, 0.08526279754093566, 0.09152249291044132, 0.08912152792868026, 0.0889204450148026, 0.08490404980871569, 0.08371345375980851, 0.08048757902297161, 0.08162967277940059, 0.08195568598780989, 0.0866755522169041, 0.08636367722611989, 0.07230305600484523, 0.09035218541976064, 0.0755741214525481, 0.0644679672510723, 0.0684275844996922, 0.07825079398439032, 0.07810191015755248, 0.06753592504202528, 0.07130857821579815, 0.0742522009416728, 0.06787941793245594, 0.07641365273392318, 0.07076410816022843, 0.06574040896122842, 0.0652091151684572, 0.06544132028104305, 0.07149199145249881, 0.0612627064569905, 0.06443404132415624, 0.06133786488125676, 0.06257793646346368, 0.059808875027293776, 0.05964954627002825, 0.06482516341663971, 0.06608776789951736, 0.06807443287812709, 0.06741248273738716, 0.06626756596161437, 0.06189328295446526, 0.0701773683109845, 0.06616412704187855, 0.05361486073698603, 0.0648361756093859, 0.05915020143994216, 0.05878107793837306]
BBSR:99.42
ABSR:99.08
max acc:98.02
