======================================
    IID: 0
    Dataset: mnist
    Model: Mnist_CNN
    Model Init: None
    Aggregation Function: avg
    Long attack: 5
    Wide attack: 5
    Threshold reject: 0.5
    Threshold down: 0.0
    Attack method: badnet
    Fraction of malicious agents: 15.0%
    Poison Frac: 0.2
    Backdoor From 7 to 5
    Attack Begin: 0
    Trigger Shape: square
    Trigger Position X: 0
    Trigger Position Y: 0
    Number of agents: 100
    Fraction of agents each turn: 30(30.0%)
    Local batch size: 50
    Local epoch: 3
    Client_LR: 0.01
    Client_Momentum: 0.9
    Global Rounds: 80
======================================
main_task_accuracy=[0, 61.5, 82.95999908447266, 88.9800033569336, 90.87000274658203, 92.37000274658203, 93.45999908447266, 94.12000274658203, 94.83999633789062, 94.88999938964844, 95.44000244140625, 95.94999694824219, 96.19000244140625, 96.36000061035156, 96.58000183105469, 96.66000366210938, 96.68000030517578, 96.86000061035156, 96.94999694824219, 97.08000183105469, 97.12999725341797, 97.29000091552734, 97.37000274658203, 97.41999816894531, 97.55999755859375, 97.51000213623047, 97.52999877929688, 97.69999694824219, 97.79000091552734, 97.77999877929688, 97.81999969482422, 97.94000244140625, 97.8499984741211, 97.93000030517578, 97.91999816894531, 98.04000091552734, 98.05999755859375, 98.02999877929688, 98.04000091552734, 98.08999633789062, 98.08999633789062, 98.0, 98.0999984741211, 98.27999877929688, 98.19999694824219, 98.25, 98.19999694824219, 98.25, 98.27999877929688, 98.41999816894531, 98.2300033569336, 98.31999969482422, 98.37000274658203, 98.30999755859375, 98.37000274658203, 98.45999908447266, 98.41999816894531, 98.52999877929688, 98.51000213623047, 98.5, 98.58999633789062, 98.4800033569336, 98.5, 98.54000091552734, 98.48999786376953, 98.56999969482422, 98.55000305175781, 98.5199966430664, 98.51000213623047, 98.5199966430664, 98.62999725341797, 98.5199966430664, 98.58000183105469, 98.58000183105469, 98.6500015258789, 98.55999755859375, 98.6500015258789, 98.62000274658203, 98.58000183105469, 98.63999938964844, 98.6500015258789]
backdoor_accuracy=[0, 0.0, 0.19455252918287938, 0.19455252918287938, 0.19455252918287938, 0.48638132295719844, 0.48638132295719844, 1.0700389105058365, 1.1673151750972763, 3.0155642023346303, 4.571984435797665, 6.906614785992218, 6.809338521400778, 9.922178988326849, 25.09727626459144, 42.509727626459146, 50.29182879377432, 53.40466926070039, 68.96887159533074, 80.83657587548637, 90.1750972762646, 91.82879377431907, 92.50972762645914, 94.06614785992218, 94.8443579766537, 94.55252918287938, 97.76264591439688, 92.8988326848249, 97.95719844357977, 97.37354085603113, 98.05447470817121, 98.34630350194553, 98.83268482490273, 99.12451361867704, 99.22178988326849, 99.70817120622569, 99.70817120622569, 99.90272373540856, 99.70817120622569, 100.0, 99.70817120622569, 100.0, 99.90272373540856, 100.0, 100.0, 100.0, 100.0, 100.0, 100.0, 100.0, 100.0, 100.0, 100.0, 100.0, 100.0, 100.0, 100.0, 100.0, 100.0, 100.0, 100.0, 100.0, 100.0, 100.0, 100.0, 100.0, 100.0, 100.0, 100.0, 100.0, 100.0, 100.0, 100.0, 100.0, 100.0, 100.0, 100.0, 100.0, 100.0, 100.0, 100.0]
loss_list=[1.2050532532460763, 0.7648195631914972, 0.4181159672035713, 0.3157551806518865, 0.24434435727319329, 0.22791885611497698, 0.20029550277242308, 0.17704745069418967, 0.15483155125761494, 0.13966317510966098, 0.14741698990133825, 0.12428939566956926, 0.11400579739981707, 0.11360007720750123, 0.10305280567857089, 0.09697538922056365, 0.09168539825659902, 0.08528835182037026, 0.0874908595635189, 0.0813649166721117, 0.08375903403885059, 0.08456753221601532, 0.0711346169246944, 0.06956048636259791, 0.06887454086587755, 0.0607907989920491, 0.07169060037398449, 0.07116952370893388, 0.06051874620513049, 0.06466134560160394, 0.06680149981826121, 0.065810251248309, 0.05741032215706637, 0.06508144424443904, 0.053432424685381584, 0.05881421957979323, 0.053366118743680566, 0.048287085542452965, 0.052865171392161334, 0.047256912287522226, 0.05186125542368794, 0.04577210327499249, 0.049069938378883626, 0.048496509006545604, 0.05170229966470012, 0.044883433710624976, 0.046025011610500516, 0.04484771456517399, 0.04497592977854903, 0.04914865666398346, 0.047105902793856624, 0.04566580770858281, 0.04485696046885086, 0.03813184466303532, 0.039651799227982405, 0.03896129800675106, 0.04240050799127508, 0.03982136301976168, 0.040796700814767384, 0.039492058999710915, 0.0398666260614368, 0.03628111943816284, 0.037436061659139916, 0.03792671111369426, 0.03662441461237535, 0.03749805094768008, 0.036010415014886415, 0.03411492829894851, 0.03803106726318219, 0.037912906700541794, 0.03147834756075301, 0.03306613827678827, 0.0338801002767459, 0.03555227410699555, 0.03205271795061458, 0.03649032080401679, 0.03695506200921881, 0.032002204562410375, 0.031608994248366655, 0.03286338674193812]
BBSR:100.0
ABSR:100.0
max acc:98.65
