======================================
    IID: 0
    Dataset: mnist
    Model: Mnist_CNN
    Model Init: None
    Aggregation Function: our
    Long attack: 3
    Wide attack: 3
    Threshold reject: 0.5
    Threshold down: 0.0
    Attack method: badnet
    Fraction of malicious agents: 15.0%
    Poison Frac: 0.2
    Backdoor From 7 to 5
    Attack Begin: 0
    Trigger Shape: square
    Trigger Position X: 0
    Trigger Position Y: 0
    Number of agents: 100
    Fraction of agents each turn: 30(30.0%)
    Local batch size: 50
    Local epoch: 3
    Client_LR: 0.01
    Client_Momentum: 0.9
    Global Rounds: 80
======================================
main_task_accuracy=[0, 22.239999771118164, 70.7300033569336, 85.86000061035156, 87.02999877929688, 89.1500015258789, 90.30999755859375, 91.58000183105469, 92.37000274658203, 92.47000122070312, 92.83999633789062, 93.45999908447266, 93.9800033569336, 94.29000091552734, 94.29000091552734, 94.80000305175781, 94.93000030517578, 95.25, 95.12999725341797, 95.08999633789062, 95.76000213623047, 95.80999755859375, 95.81999969482422, 95.72000122070312, 96.02999877929688, 96.16000366210938, 96.4000015258789, 96.44999694824219, 96.48999786376953, 96.47000122070312, 96.36000061035156, 96.51000213623047, 96.70999908447266, 96.70999908447266, 96.93000030517578, 96.86000061035156, 97.06999969482422, 96.98999786376953, 96.97000122070312, 97.02999877929688, 97.05000305175781, 97.08999633789062, 97.12000274658203, 97.04000091552734, 97.13999938964844, 97.05999755859375, 97.1500015258789, 97.25, 97.0999984741211, 97.13999938964844, 97.08000183105469, 97.19000244140625, 97.05999755859375, 97.16999816894531, 97.20999908447266, 97.20999908447266, 97.41999816894531, 97.36000061035156, 97.36000061035156, 97.5, 97.2699966430664, 97.38999938964844, 97.37999725341797, 97.5199966430664, 97.44000244140625, 97.56999969482422, 97.52999877929688, 97.48999786376953, 97.41999816894531, 97.54000091552734, 97.48999786376953, 97.41000366210938, 97.62999725341797, 97.47000122070312, 97.72000122070312, 97.58999633789062, 97.58999633789062, 97.44000244140625, 97.47000122070312, 97.55999755859375, 97.7699966430664]
backdoor_accuracy=[0, 0.0, 0.0, 0.0, 0.0, 0.0, 0.0, 0.0, 0.0, 0.0, 0.0, 0.0, 0.0, 0.09727626459143969, 0.48638132295719844, 1.0700389105058365, 0.8754863813229572, 0.9727626459143969, 1.4591439688715953, 3.404669260700389, 2.529182879377432, 3.9883268482490273, 6.809338521400778, 5.642023346303502, 4.377431906614786, 4.377431906614786, 3.11284046692607, 7.879377431906615, 7.684824902723736, 14.688715953307392, 22.276264591439688, 37.45136186770428, 67.31517509727627, 70.03891050583658, 82.87937743190662, 32.782101167315176, 91.147859922179, 74.41634241245136, 74.22178988326849, 44.94163424124513, 77.23735408560312, 98.5408560311284, 97.37354085603113, 98.34630350194553, 98.44357976653697, 99.0272373540856, 99.0272373540856, 98.92996108949416, 98.63813229571984, 99.0272373540856, 98.92996108949416, 99.0272373540856, 98.83268482490273, 99.5136186770428, 99.41634241245136, 99.41634241245136, 99.61089494163424, 99.5136186770428, 99.5136186770428, 99.22178988326849, 100.0, 99.5136186770428, 99.70817120622569, 99.80544747081711, 99.70817120622569, 99.80544747081711, 99.80544747081711, 100.0, 100.0, 99.70817120622569, 99.80544747081711, 99.90272373540856, 100.0, 99.70817120622569, 100.0, 100.0, 100.0, 100.0, 100.0, 100.0, 100.0]
loss_list=[1.2112544120562199, 0.9024510531563952, 0.5121768066226832, 0.3955200358660835, 0.33139854742947855, 0.3102351398367171, 0.2826801967760078, 0.2532292586130401, 0.2188641768386305, 0.2062947470826483, 0.20304288696591752, 0.185013459131799, 0.17236136317210785, 0.16437916589954943, 0.1498692548584494, 0.14833813597250614, 0.1350435509525164, 0.14443549298789504, 0.12452829790800207, 0.15298659146976223, 0.12869852931015874, 0.1113124355965416, 0.13612648316293324, 0.12194627560228297, 0.13910677052182946, 0.1273124730345591, 0.11792915289236154, 0.11178315163759346, 0.10727134878715415, 0.09798792442400948, 0.09233857087956772, 0.09614637690164722, 0.10243633625715222, 0.10350604764779094, 0.1111973907966684, 0.10537918959826588, 0.0990841243291424, 0.09707869150278375, 0.09575281448005532, 0.09466772709827341, 0.08550045293293694, 0.0941684060685355, 0.08084652982608088, 0.08073816730031116, 0.0821916311802025, 0.09499103887514636, 0.09092980783532383, 0.08367544140058483, 0.0872257298340132, 0.09111637824449884, 0.09779852287731522, 0.08658020763355997, 0.09130464063394658, 0.08873971472650113, 0.08881862326166497, 0.08297036054143313, 0.06950368201036732, 0.08011121616603699, 0.0945758270451063, 0.06619989595737108, 0.08436714885925412, 0.07974689450967354, 0.0914542465785288, 0.0789767708506781, 0.07311594742186386, 0.09378163462694802, 0.08237325325130541, 0.08485106646678305, 0.09162589363148789, 0.07690766874277162, 0.07240096592727654, 0.08844314233537068, 0.07664178305469728, 0.08521501589348926, 0.08585262100472152, 0.08140236076565506, 0.08696217604865342, 0.0773048831554082, 0.07727377465360938, 0.07473026734625837]
BBSR:100.0
ABSR:99.96
max acc:97.77
