======================================
    IID: 0
    Dataset: mnist
    Model: Mnist_CNN
    Model Init: None
    Aggregation Function: mr_duc
    Long attack: 5
    Wide attack: 5
    Threshold reject: 0.6
    Threshold down: 0.2
    Attack method: badnet
    Fraction of malicious agents: 15.0%
    Poison Frac: 0.2
    Backdoor From 7 to 5
    Attack Begin: 0
    Trigger Shape: square
    Trigger Position X: 0
    Trigger Position Y: 0
    Number of agents: 100
    Fraction of agents each turn: 30(30.0%)
    Local batch size: 50
    Local epoch: 3
    Client_LR: 0.01
    Client_Momentum: 0.9
    Global Rounds: 80
======================================
main_task_accuracy=[0, 33.20000076293945, 81.29000091552734, 88.77999877929688, 90.63999938964844, 92.58999633789062, 93.5999984741211, 94.36000061035156, 94.73999786376953, 95.36000061035156, 95.66999816894531, 95.80000305175781, 96.19000244140625, 96.16000366210938, 96.54000091552734, 96.72000122070312, 96.97000122070312, 96.8499984741211, 97.19999694824219, 97.11000061035156, 97.30999755859375, 97.31999969482422, 97.36000061035156, 97.37000274658203, 97.16000366210938, 97.62000274658203, 97.62000274658203, 97.7699966430664, 97.7300033569336, 97.88999938964844, 97.69000244140625, 98.0199966430664, 97.7300033569336, 97.93000030517578, 97.81999969482422, 98.12000274658203, 98.0999984741211, 98.0, 98.04000091552734, 97.97000122070312, 98.08000183105469, 97.8499984741211, 98.18000030517578, 98.19999694824219, 98.1500015258789, 98.30999755859375, 98.18000030517578, 98.22000122070312, 98.29000091552734, 98.23999786376953, 98.22000122070312, 98.25, 98.29000091552734, 98.4000015258789, 98.22000122070312, 98.30999755859375, 98.47000122070312, 98.37000274658203, 98.41000366210938, 98.31999969482422, 98.52999877929688, 98.47000122070312, 98.33999633789062, 98.38999938964844, 98.41000366210938, 98.52999877929688, 98.43000030517578, 98.56999969482422, 98.44999694824219, 98.55000305175781, 98.48999786376953, 98.47000122070312, 98.4000015258789, 98.55000305175781, 98.4000015258789, 98.58999633789062, 98.44999694824219, 98.56999969482422, 98.5999984741211, 98.61000061035156, 98.6500015258789]
backdoor_accuracy=[0, 0.0, 0.0, 0.0, 0.09727626459143969, 0.48638132295719844, 0.7782101167315175, 0.6809338521400778, 0.5836575875486382, 2.140077821011673, 2.6264591439688716, 4.961089494163424, 6.712062256809339, 12.54863813229572, 12.354085603112841, 37.45136186770428, 14.980544747081712, 67.50972762645914, 21.88715953307393, 52.72373540856031, 78.98832684824903, 93.48249027237354, 96.40077821011673, 89.29961089494164, 95.91439688715953, 92.12062256809338, 98.63813229571984, 97.95719844357977, 99.5136186770428, 98.83268482490273, 98.44357976653697, 99.61089494163424, 99.80544747081711, 99.70817120622569, 99.80544747081711, 100.0, 99.61089494163424, 99.80544747081711, 99.90272373540856, 99.90272373540856, 99.90272373540856, 100.0, 99.41634241245136, 100.0, 100.0, 99.61089494163424, 100.0, 99.90272373540856, 100.0, 100.0, 100.0, 100.0, 100.0, 100.0, 100.0, 100.0, 100.0, 100.0, 99.90272373540856, 100.0, 100.0, 100.0, 100.0, 100.0, 100.0, 100.0, 100.0, 100.0, 100.0, 100.0, 100.0, 100.0, 100.0, 100.0, 100.0, 100.0, 100.0, 100.0, 100.0, 100.0, 100.0]
loss_list=[1.2033887316482235, 0.8034417346270397, 0.46768959665840326, 0.30920673722043784, 0.263574643694617, 0.23624294933044554, 0.18997466758721407, 0.168080689628712, 0.16243934834451235, 0.1451577686083814, 0.12620862174374664, 0.11601516366230719, 0.11305693642617291, 0.10640854554361373, 0.10639407046355612, 0.08772441571945269, 0.08686246293034836, 0.08740491251681103, 0.09128100014729142, 0.07995739004250166, 0.08277041222876634, 0.07038454229466033, 0.07508159652105391, 0.07835737016414189, 0.06996319533756117, 0.06329853351035677, 0.06687942407625454, 0.06662257204083327, 0.06916202023611265, 0.06347179575491052, 0.05905756804497672, 0.06083991949748121, 0.053741216102722006, 0.05305744274648734, 0.05738821190286833, 0.05685316986707746, 0.05304531757087763, 0.04610469089659292, 0.046748563624869094, 0.045802197114001804, 0.05084763968544495, 0.04739063983226625, 0.04785578287514679, 0.042498826083369697, 0.04677402871849621, 0.050324918074454564, 0.04082752465757875, 0.042595857803826215, 0.04415409081095755, 0.04012173318114212, 0.045132777783572865, 0.04379964615953285, 0.0399398241158883, 0.03802464452961394, 0.0389102934712116, 0.04274891302590153, 0.04156433552184032, 0.04117623891268687, 0.0380397292510771, 0.038659352310078436, 0.03585694481779215, 0.035811714314324415, 0.042413089722436105, 0.03406944708112861, 0.03860563664167069, 0.033965959834695435, 0.03426455993309965, 0.03335666938028502, 0.033350721916132094, 0.03329611065310386, 0.03530214485998096, 0.03124567170649023, 0.034596522498333164, 0.03712047219043891, 0.03344950520207416, 0.02997167225803791, 0.03192387784683796, 0.032737298980940285, 0.03238862587175464, 0.031532756807894774]
BBSR:100.0
ABSR:100.0
max acc:98.65
