======================================
    IID: 0
    Dataset: mnist
    Model: Mnist_CNN
    Model Init: None
    Aggregation Function: flame
    Long attack: 5
    Wide attack: 5
    Threshold reject: 0.5
    Threshold down: 0.0
    Attack method: dba
    Fraction of malicious agents: 15.0%
    Poison Frac: 0.2
    Backdoor From 7 to 5
    Attack Begin: 0
    Trigger Shape: square
    Trigger Position X: 0
    Trigger Position Y: 0
    Number of agents: 100
    Fraction of agents each turn: 30(30.0%)
    Local batch size: 50
    Local epoch: 3
    Client_LR: 0.01
    Client_Momentum: 0.9
    Global Rounds: 80
    Noise in FLAME: 0.001
proportion of malicious are selected:0.625
proportion of benign are selected:0.5240384615384616
======================================
main_task_accuracy=[0, 50.45000076293945, 81.2300033569336, 87.80999755859375, 90.05999755859375, 91.31999969482422, 91.66999816894531, 93.2300033569336, 93.18000030517578, 94.05000305175781, 94.48999786376953, 94.58999633789062, 94.97000122070312, 95.33000183105469, 95.51000213623047, 95.68000030517578, 95.81999969482422, 95.87000274658203, 96.16000366210938, 96.16000366210938, 96.38999938964844, 96.58000183105469, 96.5999984741211, 96.69000244140625, 96.7300033569336, 96.76000213623047, 96.72000122070312, 96.75, 96.69000244140625, 96.80000305175781, 97.04000091552734, 97.12999725341797, 97.08999633789062, 97.26000213623047, 97.29000091552734, 97.31999969482422, 97.37999725341797, 97.2300033569336, 97.33999633789062, 97.33000183105469, 97.45999908447266, 97.44000244140625, 97.47000122070312, 97.47000122070312, 97.5, 97.48999786376953, 97.54000091552734, 97.6500015258789, 97.5999984741211, 97.66000366210938, 97.5999984741211, 97.77999877929688, 97.69000244140625, 97.83000183105469, 97.72000122070312, 97.73999786376953, 97.83000183105469, 97.72000122070312, 97.75, 97.73999786376953, 97.83000183105469, 97.77999877929688, 97.91000366210938, 97.88999938964844, 97.8499984741211, 97.8499984741211, 97.97000122070312, 97.86000061035156, 97.91999816894531, 97.87000274658203, 97.88999938964844, 97.94000244140625, 97.93000030517578, 97.98999786376953, 98.01000213623047, 98.04000091552734, 98.04000091552734, 98.04000091552734, 98.11000061035156, 97.98999786376953, 98.05000305175781]
backdoor_accuracy=[0, 0.0, 0.0, 0.0, 0.0, 0.0, 0.0, 0.0, 0.0, 0.09727626459143969, 0.09727626459143969, 0.09727626459143969, 0.09727626459143969, 0.19455252918287938, 0.19455252918287938, 0.19455252918287938, 0.2918287937743191, 0.19455252918287938, 0.38910505836575876, 0.48638132295719844, 0.48638132295719844, 0.48638132295719844, 0.48638132295719844, 0.5836575875486382, 0.6809338521400778, 0.7782101167315175, 0.6809338521400778, 1.1673151750972763, 2.3346303501945527, 1.1673151750972763, 2.0428015564202333, 0.7782101167315175, 2.237354085603113, 2.237354085603113, 2.237354085603113, 3.6964980544747084, 5.155642023346304, 4.863813229571984, 7.490272373540856, 12.937743190661479, 10.505836575875486, 8.560311284046692, 23.346303501945524, 52.72373540856031, 15.75875486381323, 16.439688715953306, 26.459143968871594, 48.249027237354085, 56.32295719844358, 73.34630350194553, 82.00389105058366, 83.94941634241245, 88.91050583657588, 92.99610894941634, 93.48249027237354, 92.70428015564202, 80.83657587548637, 95.91439688715953, 97.56809338521401, 97.27626459143968, 98.83268482490273, 98.83268482490273, 99.0272373540856, 99.61089494163424, 99.41634241245136, 99.61089494163424, 99.41634241245136, 99.61089494163424, 99.61089494163424, 99.61089494163424, 99.61089494163424, 99.90272373540856, 99.90272373540856, 99.90272373540856, 100.0, 100.0, 99.90272373540856, 99.90272373540856, 100.0, 100.0, 100.0]
loss_list=[1.2181621789631218, 0.8591296949320368, 0.4465504358927108, 0.35465643010619624, 0.2906639865006913, 0.24075434549401206, 0.24804061701747054, 0.20647712785919956, 0.1932100503959439, 0.16897728835900472, 0.16090142474688518, 0.15087822333702613, 0.13983663700784396, 0.13464666315533144, 0.13081402425146238, 0.13023373452744286, 0.11506727871372166, 0.11746959508269689, 0.11841102727733534, 0.11207614461003539, 0.10830582402519544, 0.10825107213688281, 0.10138247761560247, 0.10461950391234656, 0.08379350854101535, 0.10584628317085319, 0.0829461484799112, 0.08092739741127429, 0.08862820397380441, 0.10071114889096767, 0.08945201120752079, 0.08156098934770041, 0.0957645451357809, 0.08053339443115441, 0.08109419581414472, 0.07281411526171429, 0.08230266726706313, 0.07861681428912562, 0.06958914919911571, 0.0800206852268376, 0.08040568409640475, 0.06483199829088684, 0.05347578010381894, 0.0596440608465616, 0.07184118149341132, 0.06685586457693128, 0.0633360492183728, 0.06631931058725583, 0.06774899393857771, 0.0595414967933491, 0.06911130029376834, 0.08033993831351212, 0.0600024741881461, 0.06042758250641966, 0.05852215771209549, 0.061183451973971896, 0.07023692860008178, 0.050256573352207214, 0.05743482284241407, 0.07027250369560949, 0.06495038371732986, 0.0582803379373144, 0.06048025344078068, 0.057091781178222854, 0.05931346815971969, 0.05099692084541958, 0.05487453335550121, 0.050729426693490516, 0.05280335988605254, 0.052143900958992274, 0.056460085039549135, 0.06053529987854719, 0.04584026577561444, 0.053534073336336536, 0.053706827718806284, 0.05859333654738329, 0.0474431184526607, 0.0550466398894684, 0.051848432337606526, 0.04994932025577539]
BBSR:100.0
ABSR:99.96
max acc:98.11
