======================================
    IID: 0
    Dataset: mnist
    Model: Mnist_CNN
    Model Init: None
    Aggregation Function: flame
    Long attack: 3
    Wide attack: 3
    Threshold reject: 0.5
    Threshold down: 0.0
    Attack method: dba
    Fraction of malicious agents: 15.0%
    Poison Frac: 0.2
    Backdoor From 7 to 5
    Attack Begin: 0
    Trigger Shape: square
    Trigger Position X: 0
    Trigger Position Y: 0
    Number of agents: 100
    Fraction of agents each turn: 30(30.0%)
    Local batch size: 50
    Local epoch: 3
    Client_LR: 0.01
    Client_Momentum: 0.9
    Global Rounds: 80
    Noise in FLAME: 0.001
proportion of malicious are selected:0.60625
proportion of benign are selected:0.5240384615384616
======================================
main_task_accuracy=[0, 67.62000274658203, 80.26000213623047, 86.9800033569336, 89.05999755859375, 91.16000366210938, 91.91999816894531, 92.7699966430664, 93.38999938964844, 93.91999816894531, 94.31999969482422, 94.62000274658203, 95.02999877929688, 95.2699966430664, 95.69000244140625, 95.68000030517578, 95.91999816894531, 96.16000366210938, 96.4000015258789, 96.36000061035156, 96.69000244140625, 96.55999755859375, 96.91000366210938, 96.77999877929688, 97.08000183105469, 96.95999908447266, 97.0999984741211, 97.12999725341797, 97.26000213623047, 97.25, 97.13999938964844, 97.41999816894531, 97.26000213623047, 97.4000015258789, 97.44000244140625, 97.45999908447266, 97.55000305175781, 97.48999786376953, 97.5999984741211, 97.68000030517578, 97.62000274658203, 97.70999908447266, 97.69000244140625, 97.70999908447266, 97.70999908447266, 97.7699966430664, 97.66999816894531, 97.69000244140625, 97.70999908447266, 97.63999938964844, 97.80000305175781, 97.80999755859375, 97.80000305175781, 97.83999633789062, 97.81999969482422, 97.87999725341797, 97.87999725341797, 97.94000244140625, 97.91999816894531, 97.87999725341797, 98.05999755859375, 98.04000091552734, 98.0199966430664, 97.97000122070312, 98.0199966430664, 98.02999877929688, 98.04000091552734, 98.02999877929688, 98.08000183105469, 98.0199966430664, 98.13999938964844, 98.08999633789062, 98.13999938964844, 98.02999877929688, 98.04000091552734, 98.0, 97.9800033569336, 98.02999877929688, 98.12999725341797, 98.0999984741211, 98.16999816894531]
backdoor_accuracy=[0, 0.0, 0.0, 0.0, 0.09727626459143969, 0.09727626459143969, 0.0, 0.0, 0.09727626459143969, 0.09727626459143969, 0.09727626459143969, 0.09727626459143969, 0.2918287937743191, 0.48638132295719844, 0.38910505836575876, 0.2918287937743191, 0.38910505836575876, 0.48638132295719844, 0.5836575875486382, 0.7782101167315175, 0.7782101167315175, 1.0700389105058365, 0.7782101167315175, 0.7782101167315175, 2.3346303501945527, 2.7237354085603114, 0.9727626459143969, 2.6264591439688716, 5.642023346303502, 4.280155642023346, 3.404669260700389, 3.9883268482490273, 14.883268482490273, 12.645914396887159, 13.326848249027238, 15.272373540856032, 17.412451361867703, 12.54863813229572, 24.90272373540856, 50.38910505836576, 47.85992217898833, 68.57976653696498, 89.00778210116732, 97.08171206225681, 97.37354085603113, 97.17898832684826, 98.34630350194553, 98.24902723735408, 98.73540856031128, 97.76264591439688, 99.0272373540856, 99.12451361867704, 98.92996108949416, 98.83268482490273, 99.5136186770428, 99.31906614785993, 99.90272373540856, 99.90272373540856, 99.90272373540856, 99.90272373540856, 99.90272373540856, 99.90272373540856, 100.0, 100.0, 100.0, 100.0, 100.0, 100.0, 100.0, 100.0, 100.0, 100.0, 100.0, 100.0, 100.0, 100.0, 100.0, 100.0, 100.0, 100.0, 100.0]
loss_list=[1.1862857927577661, 0.766009271325487, 0.4250515762528385, 0.32338745960721177, 0.3082943640197767, 0.23095786466046872, 0.21990919977031415, 0.18627919587047978, 0.18359204354987604, 0.17904949382493143, 0.15630987611754488, 0.14456870143767445, 0.1445487949447742, 0.15032398526490937, 0.12252930334929113, 0.1278164565873643, 0.11675019002274958, 0.12364270784268909, 0.10703047002651588, 0.11803957258863848, 0.09731208305233253, 0.10662923325229473, 0.09472901976886065, 0.09331773036016117, 0.09580562891829006, 0.09313158078743569, 0.08500649107436677, 0.0878972367711619, 0.0988278154766474, 0.08480377789772575, 0.08568650148032854, 0.09363200354097043, 0.08063166105468297, 0.07706664721469743, 0.07688773461340309, 0.07850042236984309, 0.073651839776883, 0.07443549961555454, 0.06681563261795831, 0.07994570114786238, 0.08116180539411032, 0.07409219653051666, 0.06377757283454147, 0.07294551545143776, 0.06268393337397926, 0.06682798630845171, 0.06078037232384873, 0.06442715704603932, 0.061330113685500974, 0.074165926305439, 0.061029201393624805, 0.058994933748688326, 0.06362374136735911, 0.059406868278635734, 0.0676425964284466, 0.06644983561305304, 0.05936094752175974, 0.0580666636986096, 0.05611351923307116, 0.05693427557972344, 0.05457872710541431, 0.05323187497846026, 0.0502154603277567, 0.05370035072170286, 0.07535060312444017, 0.05185526358761832, 0.06170843010130362, 0.06072082475187595, 0.06341700740912061, 0.05552691374432104, 0.046135653939027285, 0.06466351396970409, 0.046372589348829193, 0.04828987573012941, 0.05142224214965111, 0.05196688181252955, 0.0580578341439979, 0.05642743289393945, 0.05491715388339027, 0.055421449539690824]
BBSR:100.0
ABSR:100.0
max acc:98.17
