======================================
    IID: 0
    Dataset: mnist
    Model: Mnist_CNN
    Model Init: None
    Aggregation Function: mr_duc
    Long attack: 5
    Wide attack: 5
    Threshold reject: -0.3
    Threshold down: -0.9
    Attack method: badnet
    Fraction of malicious agents: 15.0%
    Poison Frac: 0.2
    Backdoor From 7 to 5
    Attack Begin: 0
    Trigger Shape: square
    Trigger Position X: 0
    Trigger Position Y: 0
    Number of agents: 100
    Fraction of agents each turn: 30(30.0%)
    Local batch size: 50
    Local epoch: 3
    Client_LR: 0.01
    Client_Momentum: 0.9
    Global Rounds: 80
======================================
main_task_accuracy=[0, 29.899999618530273, 25.020000457763672, 38.7400016784668, 26.920000076293945, 63.970001220703125, 50.77000045776367, 67.97000122070312, 73.91999816894531, 59.18000030517578, 74.52999877929688, 78.76000213623047, 75.63999938964844, 70.73999786376953, 82.4800033569336, 89.08000183105469, 89.12999725341797, 92.69999694824219, 93.01000213623047, 88.86000061035156, 88.70999908447266, 90.12000274658203, 89.41999816894531, 94.88999938964844, 96.37999725341797, 91.48999786376953, 92.81999969482422, 93.01000213623047, 95.52999877929688, 95.25, 95.80999755859375, 92.37000274658203, 94.02999877929688, 89.25, 93.69000244140625, 95.13999938964844, 95.69000244140625, 96.9000015258789, 93.18000030517578, 89.62999725341797, 93.66000366210938, 95.66000366210938, 93.81999969482422, 96.8499984741211, 96.91999816894531, 96.2699966430664, 96.27999877929688, 96.7699966430664, 96.9800033569336, 94.72000122070312, 95.62999725341797, 97.63999938964844, 97.98999786376953, 97.1500015258789, 97.7300033569336, 97.81999969482422, 96.4800033569336, 95.29000091552734, 89.9800033569336, 94.95999908447266, 95.33999633789062, 96.16000366210938, 97.83999633789062, 95.38999938964844, 97.33000183105469, 97.62000274658203, 97.91000366210938, 97.33000183105469, 98.16999816894531, 97.76000213623047, 97.88999938964844, 97.9800033569336, 98.22000122070312, 97.94999694824219, 97.93000030517578, 97.98999786376953, 97.97000122070312, 97.62999725341797, 98.16999816894531, 98.38999938964844, 98.19999694824219]
backdoor_accuracy=[0, 0.0, 94.26070038910505, 0.0, 19.55252918287938, 0.0, 1.8482490272373542, 0.0, 0.19455252918287938, 0.0, 0.0, 0.2918287937743191, 0.0, 0.38910505836575876, 0.09727626459143969, 2.529182879377432, 0.0, 0.48638132295719844, 0.7782101167315175, 0.2918287937743191, 5.3501945525291825, 10.019455252918288, 4.571984435797665, 18.579766536964982, 21.78988326848249, 20.330739299610894, 94.3579766536965, 4.571984435797665, 90.46692607003891, 74.90272373540856, 63.91050583657587, 78.21011673151752, 51.36186770428016, 80.93385214007782, 81.22568093385215, 64.00778210116732, 37.7431906614786, 89.88326848249027, 37.93774319066148, 98.05447470817121, 65.85603112840467, 97.56809338521401, 10.019455252918288, 66.92607003891051, 91.34241245136187, 33.94941634241245, 86.47859922178988, 96.69260700389106, 94.26070038910505, 95.03891050583658, 97.56809338521401, 99.70817120622569, 99.80544747081711, 97.95719844357977, 100.0, 97.47081712062257, 96.40077821011673, 99.90272373540856, 71.10894941634241, 99.31906614785993, 99.12451361867704, 98.63813229571984, 95.03891050583658, 100.0, 98.15175097276264, 98.44357976653697, 99.80544747081711, 98.63813229571984, 98.44357976653697, 99.0272373540856, 96.78988326848248, 100.0, 98.73540856031128, 100.0, 99.61089494163424, 100.0, 99.61089494163424, 100.0, 99.80544747081711, 100.0, 99.90272373540856]
loss_list=[0.4940068815606635, 0.3538126325015865, 0.35099712093988344, 0.23441901326611733, 0.3633746520900946, 0.17842783226561018, 0.18877911815372928, 0.20343212341952693, 0.1397819687650366, 0.18049531102285757, 0.13872659573709878, 0.14285446783707767, 0.1552714023417974, 0.1334572712310654, 0.10736398843412195, 0.0988380254532272, 0.07366417687454754, 0.08884084265518921, 0.06858640273903213, 0.09153106070897367, 0.08005527272787204, 0.07621340592064074, 0.07792738003161351, 0.06578562337066007, 0.049467934272976036, 0.05171050136995215, 0.05376947557840969, 0.0586722638433024, 0.049154621953639815, 0.04769359529093394, 0.048555937407460885, 0.05318294295959596, 0.05394614175422368, 0.06222597678059177, 0.05737000732534161, 0.04679243954537919, 0.04625914218747971, 0.03733657235920763, 0.047074325882922326, 0.05579405005784742, 0.04205153763051005, 0.04230627185469092, 0.05315999842100985, 0.04844563985493552, 0.04048010318680285, 0.043830975290526465, 0.04095254683970885, 0.03909343814606099, 0.0389450562948557, 0.04636474240963285, 0.03563213259954539, 0.03344853679310519, 0.03417636322657329, 0.03259769483903926, 0.03408008094504356, 0.03455927679772694, 0.03902398783690822, 0.04375981856778175, 0.05071964752321744, 0.04170798016816122, 0.038694899308529776, 0.03579124646747631, 0.03562767686729538, 0.035218691006488737, 0.03442228848144482, 0.03257992128928512, 0.028991206494148866, 0.03353099291877334, 0.02945330321871367, 0.029570233541176723, 0.028148646395734483, 0.030439209403873593, 0.02842588969720802, 0.029735512386529262, 0.028772920942809053, 0.02495385919073332, 0.03173304236768975, 0.02530222368214752, 0.02818635329209066, 0.023519071165529617]
BBSR:100.0
ABSR:99.87
max acc:98.39
