======================================
    IID: 0
    Dataset: mnist
    Model: Mnist_CNN
    Model Init: None
    Aggregation Function: flame
    Long attack: 3
    Wide attack: 3
    Threshold reject: 0.5
    Threshold down: 0.0
    Attack method: badnet
    Fraction of malicious agents: 15.0%
    Poison Frac: 0.2
    Backdoor From 7 to 5
    Attack Begin: 0
    Trigger Shape: square
    Trigger Position X: 0
    Trigger Position Y: 0
    Number of agents: 100
    Fraction of agents each turn: 30(30.0%)
    Local batch size: 50
    Local epoch: 3
    Client_LR: 0.01
    Client_Momentum: 0.9
    Global Rounds: 80
    Noise in FLAME: 0.001
proportion of malicious are selected:0.59375
proportion of benign are selected:0.5293269230769231
======================================
main_task_accuracy=[0, 54.47999954223633, 84.0999984741211, 87.7300033569336, 90.43000030517578, 90.5999984741211, 92.0, 92.69999694824219, 93.27999877929688, 93.8499984741211, 94.19999694824219, 94.47000122070312, 94.95999908447266, 95.18000030517578, 95.66000366210938, 95.61000061035156, 95.75, 96.38999938964844, 96.2699966430664, 96.4000015258789, 96.37999725341797, 96.66000366210938, 96.76000213623047, 96.88999938964844, 96.87999725341797, 96.88999938964844, 97.08000183105469, 97.08999633789062, 97.1500015258789, 97.29000091552734, 97.25, 97.33000183105469, 97.27999877929688, 97.37000274658203, 97.33000183105469, 97.3499984741211, 97.48999786376953, 97.38999938964844, 97.5999984741211, 97.55000305175781, 97.58999633789062, 97.61000061035156, 97.6500015258789, 97.66000366210938, 97.66999816894531, 97.75, 97.70999908447266, 97.83000183105469, 97.80999755859375, 97.79000091552734, 97.75, 97.73999786376953, 97.86000061035156, 97.83000183105469, 97.83999633789062, 97.77999877929688, 97.88999938964844, 97.8499984741211, 97.98999786376953, 97.88999938964844, 98.02999877929688, 97.97000122070312, 97.94999694824219, 97.9800033569336, 98.01000213623047, 97.94000244140625, 98.06999969482422, 98.0199966430664, 98.01000213623047, 98.08999633789062, 98.12999725341797, 98.20999908447266, 98.05999755859375, 98.06999969482422, 98.06999969482422, 98.08999633789062, 98.19999694824219, 98.16000366210938, 98.22000122070312, 98.16000366210938, 98.2300033569336]
backdoor_accuracy=[0, 0.2918287937743191, 0.0, 0.0, 0.0, 0.0, 0.09727626459143969, 0.09727626459143969, 0.2918287937743191, 0.0, 0.48638132295719844, 1.264591439688716, 1.264591439688716, 0.8754863813229572, 0.7782101167315175, 0.7782101167315175, 0.38910505836575876, 3.11284046692607, 2.140077821011673, 1.9455252918287937, 2.431906614785992, 2.0428015564202333, 1.8482490272373542, 3.21011673151751, 3.9883268482490273, 7.976653696498055, 6.128404669260701, 5.447470817120623, 18.77431906614786, 20.136186770428015, 16.439688715953306, 65.75875486381322, 72.76264591439688, 72.37354085603113, 86.38132295719845, 83.75486381322958, 85.60311284046692, 92.50972762645914, 95.23346303501945, 94.74708171206225, 95.62256809338521, 96.69260700389106, 96.20622568093385, 96.49805447470817, 99.0272373540856, 98.44357976653697, 99.0272373540856, 98.83268482490273, 99.61089494163424, 99.22178988326849, 99.61089494163424, 99.61089494163424, 99.70817120622569, 100.0, 99.41634241245136, 99.41634241245136, 99.70817120622569, 99.61089494163424, 99.90272373540856, 99.80544747081711, 99.70817120622569, 99.70817120622569, 100.0, 99.90272373540856, 99.90272373540856, 100.0, 100.0, 100.0, 100.0, 100.0, 100.0, 100.0, 100.0, 100.0, 100.0, 100.0, 100.0, 100.0, 100.0, 100.0, 100.0]
loss_list=[1.1241139758415895, 0.7487367466393142, 0.4265802812767262, 0.3711764282349385, 0.3073293090054784, 0.2777780553250752, 0.22414114193313497, 0.21420141036311788, 0.21942713414177747, 0.1663486677734652, 0.1600619816535854, 0.1712837615379631, 0.14842856328821544, 0.14864534112210903, 0.14677778726297835, 0.11669818033050333, 0.13909258676993874, 0.12016669427811387, 0.11821063501922639, 0.11878648789310263, 0.11295842027827872, 0.09988417763079548, 0.09458432273158444, 0.10007278968373105, 0.10255989797585033, 0.1003544948574137, 0.0940985531523833, 0.08898552709701235, 0.09372793855680613, 0.08435010774475003, 0.08938217875394838, 0.08440776359368671, 0.07834840493586566, 0.08512859886666205, 0.08015260622581478, 0.07457212428438872, 0.07591911254684684, 0.07441812757040478, 0.07453687330171398, 0.07591070684944183, 0.07450759842597311, 0.06499253064100019, 0.07741470335300123, 0.06891176759810988, 0.06687404775122302, 0.06830846554613813, 0.07704324403558264, 0.07681734608927261, 0.06836640773678546, 0.06882755701239644, 0.0647056951252814, 0.06479866123597156, 0.06499463827102304, 0.061579817560098046, 0.07049897106435217, 0.06574905121456738, 0.06649555147330351, 0.05509465812342983, 0.05832749178091514, 0.05197846443631047, 0.058215078318710874, 0.05695571249390298, 0.054290048736517986, 0.0666938681885685, 0.048904741619414625, 0.056191843076117555, 0.06125652912912732, 0.054450381561323556, 0.06367590762794238, 0.05971184240756563, 0.06069911705853884, 0.05478977682680418, 0.05937500454140286, 0.059831658392369085, 0.054523508366753855, 0.05784791074688793, 0.04919371745211656, 0.05157072708397844, 0.06299629775605739, 0.0585775581654308]
BBSR:100.0
ABSR:100.0
max acc:98.23
