======================================
    IID: 0
    Dataset: mnist
    Model: Mnist_CNN
    Model Init: None
    Aggregation Function: fltrust
    Long attack: 5
    Wide attack: 5
    Threshold reject: 0.5
    Threshold down: 0.0
    Attack method: dba
    Fraction of malicious agents: 15.0%
    Poison Frac: 0.2
    Backdoor From 7 to 5
    Attack Begin: 0
    Trigger Shape: square
    Trigger Position X: 0
    Trigger Position Y: 0
    Number of agents: 100
    Fraction of agents each turn: 30(30.0%)
    Local batch size: 50
    Local epoch: 3
    Client_LR: 0.01
    Client_Momentum: 0.9
    Global Rounds: 80
    Dataset In Server: 200
======================================
main_task_accuracy=[0, 50.08000183105469, 81.44999694824219, 84.73999786376953, 87.3499984741211, 88.93000030517578, 89.70999908447266, 90.88999938964844, 91.48999786376953, 92.05999755859375, 92.62000274658203, 93.08000183105469, 93.5199966430664, 93.73999786376953, 93.94999694824219, 94.19000244140625, 94.20999908447266, 94.37000274658203, 94.58999633789062, 94.81999969482422, 94.9800033569336, 95.1500015258789, 95.26000213623047, 95.5, 95.66999816894531, 95.66999816894531, 95.87999725341797, 95.95999908447266, 95.98999786376953, 96.05999755859375, 96.30000305175781, 96.33999633789062, 96.33999633789062, 96.37999725341797, 96.44000244140625, 96.58000183105469, 96.55999755859375, 96.48999786376953, 96.73999786376953, 96.7300033569336, 96.79000091552734, 96.9000015258789, 96.91999816894531, 96.9800033569336, 96.97000122070312, 96.93000030517578, 96.91000366210938, 97.02999877929688, 97.0199966430664, 97.02999877929688, 97.16999816894531, 97.08999633789062, 97.25, 97.18000030517578, 97.26000213623047, 97.2300033569336, 97.20999908447266, 97.19999694824219, 97.27999877929688, 97.45999908447266, 97.37000274658203, 97.36000061035156, 97.45999908447266, 97.44000244140625, 97.6500015258789, 97.44999694824219, 97.43000030517578, 97.6500015258789, 97.58000183105469, 97.61000061035156, 97.5199966430664, 97.62000274658203, 97.61000061035156, 97.68000030517578, 97.72000122070312, 97.63999938964844, 97.63999938964844, 97.66999816894531, 97.76000213623047, 97.7699966430664, 97.69999694824219]
backdoor_accuracy=[0, 0.0, 0.0, 0.0, 0.0, 0.0, 0.0, 0.0, 0.0, 0.0, 0.0, 0.0, 0.0, 0.0, 0.0, 0.0, 0.0, 0.0, 0.0, 0.0, 0.0, 0.0, 0.0, 0.0, 0.0, 0.0, 0.0, 0.0, 0.0, 0.0, 0.0, 0.0, 0.09727626459143969, 0.0, 0.0, 0.09727626459143969, 0.09727626459143969, 0.0, 0.0, 0.0, 0.09727626459143969, 0.09727626459143969, 0.09727626459143969, 0.09727626459143969, 0.09727626459143969, 0.09727626459143969, 0.09727626459143969, 0.0, 0.09727626459143969, 0.09727626459143969, 0.09727626459143969, 0.09727626459143969, 0.09727626459143969, 0.09727626459143969, 0.19455252918287938, 0.09727626459143969, 0.38910505836575876, 0.19455252918287938, 0.19455252918287938, 0.19455252918287938, 0.19455252918287938, 0.48638132295719844, 0.48638132295719844, 0.5836575875486382, 0.6809338521400778, 1.3618677042801557, 0.6809338521400778, 0.6809338521400778, 0.7782101167315175, 0.8754863813229572, 0.6809338521400778, 1.8482490272373542, 1.6536964980544746, 1.0700389105058365, 1.0700389105058365, 1.3618677042801557, 3.0155642023346303, 6.42023346303502, 6.906614785992218, 3.8910505836575875, 3.6964980544747084]
loss_list=[1.1461871661622114, 0.9083582922665759, 0.5810316361185878, 0.43714230433106427, 0.37716815239288887, 0.33248043853902465, 0.3057908299030981, 0.27095926482926563, 0.2515377179822988, 0.2414732722979453, 0.22932992624871507, 0.21194434105747875, 0.1954853078312796, 0.18496384819442724, 0.18288107479480326, 0.16286993110364284, 0.16468369438585764, 0.1681451672062541, 0.16056658815677194, 0.13988157946597593, 0.14620294624597371, 0.14247132538573232, 0.1392175535457397, 0.1322710934758299, 0.1316384647232057, 0.13316272994552766, 0.11600241195469288, 0.12029640922914354, 0.1220032282277114, 0.12657562648134327, 0.11660211089307052, 0.11537193702157551, 0.11606794395072462, 0.10553888310149143, 0.107331569563842, 0.10588452605274266, 0.1028601883262081, 0.10561593548110167, 0.10126249661829058, 0.09430879163767467, 0.09926205308569332, 0.09517350581867358, 0.09808561198737924, 0.09445604427565936, 0.08922991351585484, 0.08872431201338202, 0.09845260536342842, 0.0865262342438177, 0.08323056396700187, 0.08397336295633014, 0.08583254911805999, 0.09194615370237663, 0.0860678568401261, 0.07995455616337217, 0.08534863249626894, 0.08045618600400774, 0.07466803231174267, 0.07554546337447722, 0.08262367666407368, 0.08209987155872048, 0.08166387183003768, 0.08288001686474543, 0.07051918901140905, 0.07776218559884, 0.07619533171910191, 0.06479991772414932, 0.0716292217708836, 0.07194471339474083, 0.07791323372882537, 0.06856136004672142, 0.07176078849412136, 0.07636708480980946, 0.06962941084621531, 0.06719750768576767, 0.07460062218801473, 0.06824988242555667, 0.06528445573928156, 0.07249339028100503, 0.06689175319189979, 0.06876821594366879]
BBSR:6.91
ABSR:3.43
max acc:97.77
