======================================
    IID: 0
    Dataset: mnist
    Model: Mnist_CNN
    Model Init: None
    Aggregation Function: zkp
    Long attack: 4
    Wide attack: 4
    Threshold reject: 0.5
    Threshold down: 0.0
    Attack method: badnet
    Fraction of malicious agents: 15.0%
    Poison Frac: 0.2
    Backdoor From 7 to 5
    Attack Begin: 0
    Trigger Shape: square
    Trigger Position X: 0
    Trigger Position Y: 0
    Number of agents: 100
    Fraction of agents each turn: 30(30.0%)
    Local batch size: 50
    Local epoch: 3
    Client_LR: 0.01
    Client_Momentum: 0.9
    Global Rounds: 100
======================================
main_task_accuracy=[0, 20.799999237060547, 43.5, 13.180000305175781, 62.869998931884766, 42.619998931884766, 46.369998931884766, 56.810001373291016, 59.2400016784668, 72.33000183105469, 42.470001220703125, 64.4800033569336, 72.68000030517578, 67.1500015258789, 79.20999908447266, 76.7300033569336, 85.9800033569336, 73.41000366210938, 84.25, 86.29000091552734, 39.63999938964844, 80.62999725341797, 71.91000366210938, 86.94999694824219, 81.19000244140625, 92.2300033569336, 82.94999694824219, 83.29000091552734, 92.04000091552734, 89.19000244140625, 71.91000366210938, 87.05000305175781, 90.26000213623047, 93.33000183105469, 81.18000030517578, 86.06999969482422, 93.97000122070312, 94.18000030517578, 82.41000366210938, 89.76000213623047, 95.33000183105469, 94.72000122070312, 94.22000122070312, 79.93000030517578, 95.63999938964844, 90.25, 94.94000244140625, 78.22000122070312, 95.31999969482422, 93.4000015258789, 96.43000030517578, 92.76000213623047, 93.06999969482422, 94.61000061035156, 96.9800033569336, 96.4800033569336, 96.61000061035156, 96.41999816894531, 94.83999633789062, 95.76000213623047, 96.95999908447266, 95.11000061035156, 97.11000061035156, 94.80999755859375, 96.44000244140625, 96.9800033569336, 95.77999877929688, 97.36000061035156, 97.22000122070312, 94.22000122070312, 96.61000061035156, 97.29000091552734, 97.18000030517578, 96.95999908447266, 97.55999755859375, 92.04000091552734, 97.33000183105469, 96.62999725341797, 95.12000274658203, 95.48999786376953, 97.83000183105469, 95.72000122070312, 97.66000366210938, 97.58000183105469, 97.91000366210938, 97.12999725341797, 97.05000305175781, 96.55999755859375, 98.02999877929688, 97.5999984741211, 96.3499984741211, 97.26000213623047, 97.43000030517578, 97.31999969482422, 97.94000244140625, 97.69999694824219, 91.52999877929688, 96.38999938964844, 97.26000213623047, 98.29000091552734, 96.41999816894531]
backdoor_accuracy=[0, 0.0, 0.09727626459143969, 0.0, 0.19455252918287938, 0.0, 7.2957198443579765, 0.0, 0.0, 0.38910505836575876, 0.0, 0.0, 0.0, 0.0, 0.0, 0.0, 0.0, 0.0, 0.0, 0.0, 0.0, 0.0, 0.0, 0.0, 0.0, 0.0, 0.48638132295719844, 0.0, 0.0, 0.0, 0.0, 0.0, 0.0, 0.0, 0.0, 0.0, 0.0, 0.0, 0.09727626459143969, 0.0, 0.09727626459143969, 0.0, 0.0, 0.0, 0.0, 0.0, 0.0, 0.0, 0.0, 0.0, 0.0, 0.0, 0.0, 0.0, 0.0, 0.0, 0.0, 0.0, 0.0, 0.0, 0.0, 0.0, 0.0, 0.0, 0.0, 0.0, 0.0, 0.0, 0.0, 0.0, 0.9727626459143969, 0.2918287937743191, 3.7937743190661477, 0.0, 1.8482490272373542, 0.09727626459143969, 1.8482490272373542, 3.501945525291829, 0.09727626459143969, 0.2918287937743191, 0.0, 0.0, 0.0, 0.2918287937743191, 3.8910505836575875, 8.754863813229573, 0.38910505836575876, 33.65758754863813, 0.38910505836575876, 13.132295719844358, 0.38910505836575876, 9.53307392996109, 0.19455252918287938, 8.657587548638132, 1.0700389105058365, 0.5836575875486382, 0.19455252918287938, 0.19455252918287938, 3.21011673151751, 0.19455252918287938, 0.19455252918287938]
loss_list=[0.5043937654965621, 0.4175838309894683, 0.29952954224614775, 0.4037128549142327, 0.22329123728813907, 0.18853139386607765, 0.2508254104157517, 0.16438712596206942, 0.1672005749486919, 0.1816796759554554, 0.3718100331385212, 0.2066853585638962, 0.13241379693863817, 0.14224128560182525, 0.1487671493038686, 0.12609834388081403, 0.097559706523064, 0.1442736181476509, 0.14273294068750808, 0.12897071712583003, 0.25947553444592747, 0.23267354671943458, 0.1476981741637875, 0.12825062688090705, 0.13007260722166972, 0.09671280853823798, 0.10538102694266342, 0.09366584598639097, 0.09121832926688753, 0.08952855617205696, 0.15161597898191082, 0.10101009193911158, 0.08706415193323158, 0.08149343412705366, 0.1028630971794512, 0.13587213141659343, 0.09511691612797221, 0.08523078215966352, 0.10617251024066114, 0.10705816284277245, 0.07887031124732857, 0.06506666733209167, 0.07330234270365715, 0.09957146566787398, 0.09388027046182863, 0.08471794822280325, 0.07042630145023589, 0.1202619529973415, 0.0757262067091317, 0.07249027548263891, 0.05943811737245899, 0.07901914452405429, 0.0759318120121161, 0.06030401455053059, 0.04925899085657208, 0.06330267545699993, 0.0596637289014645, 0.059433525686688006, 0.05690798365705583, 0.057414163548475235, 0.06059651318088679, 0.06281759485487545, 0.04991252726785813, 0.06996276867996161, 0.0520513083977642, 0.04709367524968262, 0.058764393812308025, 0.04353462785890908, 0.049928550922434804, 0.056082581774010924, 0.037409870955334386, 0.04755546681527551, 0.04582069150359592, 0.04985907518939755, 0.03905509068482573, 0.05144474555034496, 0.04031078288909164, 0.04418590569796139, 0.0598552783852481, 0.0472203432236256, 0.03990428010414115, 0.04596893880596341, 0.04741848081933279, 0.044911027455001744, 0.039353863174262975, 0.044020880100035444, 0.04637992670013716, 0.041020044656059976, 0.04091644182241941, 0.038327020831872234, 0.038441016721543424, 0.0388501002550112, 0.03691667697745233, 0.036324898865288564, 0.03593176273654737, 0.03353618562098543, 0.053710898615274796, 0.04145718466527237, 0.038565489843057535, 0.03611389372146808]
BBSR:9.53
ABSR:2.4
max acc:98.29
