======================================
    IID: 0
    Dataset: mnist
    Model: Mnist_CNN
    Model Init: None
    Aggregation Function: avg
    Long attack: 3
    Wide attack: 3
    Threshold reject: 0.5
    Threshold down: 0.0
    Attack method: dba
    Fraction of malicious agents: 15.0%
    Poison Frac: 0.2
    Backdoor From 7 to 5
    Attack Begin: 0
    Trigger Shape: square
    Trigger Position X: 0
    Trigger Position Y: 0
    Number of agents: 100
    Fraction of agents each turn: 30(30.0%)
    Local batch size: 50
    Local epoch: 3
    Client_LR: 0.01
    Client_Momentum: 0.9
    Global Rounds: 80
======================================
main_task_accuracy=[0, 65.63999938964844, 83.55000305175781, 89.02999877929688, 91.04000091552734, 92.20999908447266, 92.91999816894531, 93.63999938964844, 94.23999786376953, 94.83999633789062, 95.08000183105469, 95.37999725341797, 95.7300033569336, 95.97000122070312, 96.0999984741211, 96.30000305175781, 96.56999969482422, 96.62000274658203, 96.81999969482422, 96.79000091552734, 96.95999908447266, 97.0199966430664, 97.22000122070312, 97.31999969482422, 97.2699966430664, 97.36000061035156, 97.48999786376953, 97.51000213623047, 97.56999969482422, 97.61000061035156, 97.62000274658203, 97.7300033569336, 97.79000091552734, 97.86000061035156, 97.91000366210938, 97.95999908447266, 98.01000213623047, 98.01000213623047, 98.04000091552734, 98.06999969482422, 98.08000183105469, 98.04000091552734, 98.12999725341797, 98.18000030517578, 98.08000183105469, 98.0999984741211, 98.19999694824219, 98.13999938964844, 98.18000030517578, 98.23999786376953, 98.18000030517578, 98.25, 98.2699966430664, 98.25, 98.29000091552734, 98.30000305175781, 98.38999938964844, 98.31999969482422, 98.36000061035156, 98.41000366210938, 98.41000366210938, 98.36000061035156, 98.3499984741211, 98.4000015258789, 98.37000274658203, 98.47000122070312, 98.4800033569336, 98.4800033569336, 98.43000030517578, 98.52999877929688, 98.55999755859375, 98.58000183105469, 98.5, 98.51000213623047, 98.58999633789062, 98.55999755859375, 98.54000091552734, 98.54000091552734, 98.5999984741211, 98.56999969482422, 98.55999755859375]
backdoor_accuracy=[0, 0.0, 0.0, 0.0, 0.19455252918287938, 0.19455252918287938, 0.19455252918287938, 0.2918287937743191, 0.2918287937743191, 0.2918287937743191, 0.38910505836575876, 0.48638132295719844, 0.5836575875486382, 0.5836575875486382, 0.5836575875486382, 1.4591439688715953, 1.9455252918287937, 2.237354085603113, 2.6264591439688716, 4.961089494163424, 7.003891050583658, 9.33852140077821, 13.035019455252918, 22.859922178988327, 28.11284046692607, 45.42801556420233, 47.85992217898833, 75.19455252918289, 69.3579766536965, 90.85603112840467, 92.8988326848249, 96.88715953307393, 95.13618677042801, 97.17898832684826, 97.95719844357977, 98.83268482490273, 98.63813229571984, 98.83268482490273, 99.5136186770428, 99.22178988326849, 99.12451361867704, 99.31906614785993, 99.80544747081711, 99.80544747081711, 99.90272373540856, 99.80544747081711, 99.90272373540856, 100.0, 100.0, 100.0, 100.0, 100.0, 100.0, 100.0, 100.0, 100.0, 100.0, 100.0, 100.0, 100.0, 100.0, 100.0, 100.0, 100.0, 100.0, 100.0, 100.0, 100.0, 100.0, 100.0, 100.0, 100.0, 100.0, 100.0, 100.0, 100.0, 100.0, 100.0, 100.0, 100.0, 100.0]
loss_list=[1.117695990265018, 0.6920154808672391, 0.4273626707419001, 0.3133753392845392, 0.2591114800616233, 0.2345929709940471, 0.21155125954743434, 0.18549665487700642, 0.17479728366427044, 0.15324139433414347, 0.13829501140157158, 0.1285684402825104, 0.1250368017096524, 0.10766163655719013, 0.11535301323559118, 0.1084990772790266, 0.09865099966192073, 0.10104530462877583, 0.08647509727502392, 0.09429607907653496, 0.08997608023446357, 0.08278253042489535, 0.07961374658140508, 0.08319954749977575, 0.0787368317931947, 0.07079595450318957, 0.07105390019444373, 0.06687585557369993, 0.06504990253209444, 0.059709454505516776, 0.06480453887100643, 0.06453526760674919, 0.06828347379788569, 0.061640232468272, 0.058865175610131854, 0.056457050852101266, 0.0563653844607567, 0.05395395486625006, 0.05505322917107894, 0.06067074877439265, 0.053823627237374, 0.053581915765288146, 0.049693320927649935, 0.04820954300045162, 0.04598661503683119, 0.048969594269521716, 0.04515576829051661, 0.04727642674550573, 0.044190691347040525, 0.05040301354213928, 0.04695793817982764, 0.04258928936970833, 0.0408850805401935, 0.04256830806072611, 0.045415134446706015, 0.04406666063205011, 0.04249392035349644, 0.03786588302513467, 0.042160458344983213, 0.041331944575711425, 0.03872627322772601, 0.03810797821411556, 0.03999779170411086, 0.04010916260200119, 0.03421849580339805, 0.035274091067461114, 0.037772938501387604, 0.03842453009350389, 0.03634647187920032, 0.03597691988138236, 0.03458782761690508, 0.032229932951693886, 0.033186960270195597, 0.035612290471283926, 0.033753203356834335, 0.031860998730568246, 0.03303340932065056, 0.029060153653580244, 0.030733462339736017, 0.03320573421719605]
BBSR:100.0
ABSR:100.0
max acc:98.6
