======================================
    IID: 0
    Dataset: mnist
    Model: Mnist_CNN
    Model Init: None
    Aggregation Function: mr_duc
    Long attack: 5
    Wide attack: 5
    Threshold reject: 0.6
    Threshold down: 0.2
    Attack method: dba
    Fraction of malicious agents: 15.0%
    Poison Frac: 0.2
    Backdoor From 7 to 5
    Attack Begin: 0
    Trigger Shape: square
    Trigger Position X: 0
    Trigger Position Y: 0
    Number of agents: 100
    Fraction of agents each turn: 30(30.0%)
    Local batch size: 50
    Local epoch: 3
    Client_LR: 0.01
    Client_Momentum: 0.9
    Global Rounds: 80
======================================
main_task_accuracy=[0, 55.72999954223633, 81.18000030517578, 86.2300033569336, 88.31999969482422, 91.06999969482422, 92.68000030517578, 93.97000122070312, 94.11000061035156, 94.86000061035156, 95.04000091552734, 95.33000183105469, 95.61000061035156, 96.1500015258789, 96.45999908447266, 96.30000305175781, 96.69000244140625, 96.25, 96.86000061035156, 96.94999694824219, 97.0199966430664, 97.19999694824219, 97.0, 97.26000213623047, 97.29000091552734, 97.38999938964844, 97.41000366210938, 97.48999786376953, 97.62999725341797, 97.81999969482422, 97.77999877929688, 97.66000366210938, 97.80999755859375, 97.8499984741211, 97.81999969482422, 97.86000061035156, 97.87999725341797, 98.12000274658203, 97.8499984741211, 98.08999633789062, 98.18000030517578, 98.08000183105469, 98.18000030517578, 98.19000244140625, 98.08999633789062, 98.22000122070312, 98.36000061035156, 98.12000274658203, 98.30999755859375, 98.20999908447266, 98.29000091552734, 98.22000122070312, 98.33000183105469, 98.25, 98.37999725341797, 98.33000183105469, 98.36000061035156, 98.45999908447266, 98.44999694824219, 98.48999786376953, 98.5, 98.43000030517578, 98.4000015258789, 98.48999786376953, 98.5199966430664, 98.5199966430664, 98.5199966430664, 98.54000091552734, 98.41999816894531, 98.54000091552734, 98.5, 98.5, 98.58000183105469, 98.45999908447266, 98.62000274658203, 98.5199966430664, 98.6500015258789, 98.5, 98.62999725341797, 98.5999984741211, 98.63999938964844]
backdoor_accuracy=[0, 0.0, 0.0, 0.5836575875486382, 0.0, 0.0, 0.0, 0.09727626459143969, 0.09727626459143969, 0.2918287937743191, 0.2918287937743191, 0.6809338521400778, 0.38910505836575876, 0.38910505836575876, 0.38910505836575876, 0.48638132295719844, 1.264591439688716, 1.556420233463035, 2.529182879377432, 5.836575875486381, 6.42023346303502, 7.101167315175097, 7.684824902723736, 29.182879377431906, 50.0, 16.342412451361866, 73.34630350194553, 80.54474708171206, 91.82879377431907, 70.23346303501945, 93.19066147859922, 98.24902723735408, 98.83268482490273, 98.34630350194553, 98.34630350194553, 99.0272373540856, 99.0272373540856, 99.41634241245136, 99.80544747081711, 99.90272373540856, 99.70817120622569, 99.70817120622569, 99.70817120622569, 100.0, 99.41634241245136, 100.0, 100.0, 100.0, 100.0, 100.0, 100.0, 100.0, 100.0, 100.0, 100.0, 100.0, 100.0, 100.0, 100.0, 100.0, 100.0, 100.0, 100.0, 100.0, 100.0, 100.0, 100.0, 100.0, 100.0, 100.0, 100.0, 100.0, 100.0, 100.0, 100.0, 100.0, 100.0, 100.0, 100.0, 100.0, 100.0]
loss_list=[1.1428231512958353, 0.7291865491731603, 0.4591000327972149, 0.34353832362050357, 0.2838477553545751, 0.22467342200877163, 0.2079419062470528, 0.17949981894438166, 0.15210883018438418, 0.1471484430515292, 0.13831687316702995, 0.13467777177968973, 0.12097930363003125, 0.11308529703746166, 0.11709863325825545, 0.10671460026571751, 0.09538290044269289, 0.10298180573201275, 0.0862750694036926, 0.09714643874139799, 0.08815169657411222, 0.08081454519086019, 0.08516100748663186, 0.0801375465160659, 0.0742930275346905, 0.07112689798914196, 0.07366878450930474, 0.0618929098085077, 0.0690260180109886, 0.06309454618750912, 0.06259543035406327, 0.05662973660001452, 0.05739558345221942, 0.0572827619704185, 0.05884981905268194, 0.05597648633234766, 0.05337263345140716, 0.05609838281307756, 0.048746698167051, 0.05346757853957837, 0.054189848029048825, 0.055208390213080535, 0.05056167781259512, 0.048442819449260384, 0.04725926313593377, 0.049074214354576075, 0.049179415475116166, 0.04914502481927901, 0.044046043216803804, 0.044735873748978715, 0.04340846570868797, 0.04129322990811855, 0.04713283292818747, 0.03744994148865136, 0.04171477608756642, 0.040333357334461514, 0.0434119901117737, 0.04003658382347878, 0.042717883216391785, 0.03923102064451234, 0.04270673372184963, 0.035713290542245354, 0.04051783686092787, 0.040630460647463965, 0.03655963945769907, 0.03505411722860183, 0.038094160209305235, 0.034833234683695764, 0.04133684492208895, 0.03572129386547286, 0.038541486451309406, 0.034298091624334864, 0.03393028410730518, 0.03699695531536373, 0.03132364118688991, 0.03524818668842952, 0.029728542296678633, 0.033316106267175016, 0.03406585646627002, 0.03258021060427924]
BBSR:100.0
ABSR:100.0
max acc:98.65
