======================================
    IID: 0
    Dataset: mnist
    Model: Mnist_CNN
    Model Init: None
    Aggregation Function: zkp
    Long attack: 3
    Wide attack: 3
    Threshold reject: 0.5
    Threshold down: 0.0
    Attack method: badnet
    Fraction of malicious agents: 15.0%
    Poison Frac: 0.2
    Backdoor From 7 to 5
    Attack Begin: 0
    Trigger Shape: square
    Trigger Position X: 0
    Trigger Position Y: 0
    Number of agents: 100
    Fraction of agents each turn: 30(30.0%)
    Local batch size: 50
    Local epoch: 3
    Client_LR: 0.01
    Client_Momentum: 0.9
    Global Rounds: 100
======================================
main_task_accuracy=[0, 26.520000457763672, 15.760000228881836, 45.189998626708984, 34.779998779296875, 56.4900016784668, 59.77000045776367, 75.06999969482422, 75.41000366210938, 69.19999694824219, 74.86000061035156, 82.30999755859375, 58.61000061035156, 66.93000030517578, 78.33000183105469, 80.97000122070312, 78.62999725341797, 75.81999969482422, 77.02999877929688, 87.77999877929688, 87.58000183105469, 87.91000366210938, 73.18000030517578, 89.61000061035156, 83.0999984741211, 88.91000366210938, 91.83999633789062, 88.33000183105469, 93.5, 81.04000091552734, 88.05999755859375, 82.48999786376953, 89.08000183105469, 94.2300033569336, 93.61000061035156, 95.58000183105469, 96.1500015258789, 94.69999694824219, 93.93000030517578, 94.7300033569336, 95.23999786376953, 93.93000030517578, 94.70999908447266, 96.16000366210938, 95.0199966430664, 96.66999816894531, 94.9000015258789, 96.36000061035156, 89.44999694824219, 89.73999786376953, 95.62999725341797, 96.58000183105469, 96.38999938964844, 94.69000244140625, 95.05999755859375, 90.95999908447266, 96.4000015258789, 94.22000122070312, 96.63999938964844, 97.5199966430664, 96.79000091552734, 97.22000122070312, 95.79000091552734, 96.95999908447266, 96.62999725341797, 93.16000366210938, 93.48999786376953, 96.94999694824219, 96.94999694824219, 97.26000213623047, 97.62999725341797, 97.73999786376953, 95.05999755859375, 95.72000122070312, 97.73999786376953, 96.31999969482422, 97.62999725341797, 96.44999694824219, 97.9000015258789, 97.19999694824219, 81.37000274658203, 93.22000122070312, 96.20999908447266, 96.44999694824219, 97.30999755859375, 91.30000305175781, 97.83999633789062, 96.88999938964844, 96.87999725341797, 97.68000030517578, 97.08999633789062, 98.04000091552734, 97.77999877929688, 94.12999725341797, 88.27999877929688, 62.619998931884766, 91.58000183105469, 93.69999694824219, 96.76000213623047, 92.08999633789062, 94.04000091552734]
backdoor_accuracy=[0, 0.0, 100.0, 0.0, 0.0, 0.09727626459143969, 0.0, 0.6809338521400778, 0.09727626459143969, 0.0, 0.48638132295719844, 0.0, 0.5836575875486382, 0.0, 0.09727626459143969, 0.19455252918287938, 0.0, 0.9727626459143969, 0.19455252918287938, 0.8754863813229572, 0.0, 0.2918287937743191, 0.0, 0.38910505836575876, 0.09727626459143969, 0.2918287937743191, 0.0, 0.2918287937743191, 0.0, 0.2918287937743191, 0.09727626459143969, 0.19455252918287938, 0.19455252918287938, 0.0, 0.19455252918287938, 0.19455252918287938, 0.2918287937743191, 0.0, 0.0, 0.38910505836575876, 0.0, 0.2918287937743191, 0.0, 0.0, 0.09727626459143969, 0.0, 0.09727626459143969, 0.38910505836575876, 1.3618677042801557, 0.19455252918287938, 0.19455252918287938, 0.19455252918287938, 0.0, 4.766536964980545, 0.0, 3.9883268482490273, 0.0, 0.09727626459143969, 0.09727626459143969, 0.7782101167315175, 4.182879377431907, 1.7509727626459144, 1.3618677042801557, 0.6809338521400778, 23.054474708171206, 0.19455252918287938, 0.38910505836575876, 0.9727626459143969, 1.556420233463035, 3.7937743190661477, 0.9727626459143969, 2.237354085603113, 0.0, 21.30350194552529, 0.09727626459143969, 1.3618677042801557, 0.09727626459143969, 2.431906614785992, 0.09727626459143969, 3.11284046692607, 0.09727626459143969, 0.2918287937743191, 0.5836575875486382, 53.988326848249024, 0.19455252918287938, 3.11284046692607, 0.7782101167315175, 1.556420233463035, 3.307392996108949, 0.19455252918287938, 0.6809338521400778, 3.5992217898832686, 0.48638132295719844, 0.6809338521400778, 0.9727626459143969, 5.058365758754864, 1.8482490272373542, 0.09727626459143969, 0.5836575875486382, 0.09727626459143969, 0.38910505836575876]
loss_list=[0.5575108625917218, 0.2769380124917076, 0.4102259548379796, 0.2957538561384029, 0.24618708441895734, 0.24967855993339044, 0.1667830101897105, 0.13893819242939925, 0.1175405940602243, 0.10646437088643494, 0.12169208996796961, 0.08763549982282844, 0.14948447079605928, 0.1297093908399149, 0.10311581571377654, 0.09910335369860965, 0.11175744350565898, 0.09716075275482182, 0.08974479613224165, 0.08925956655906048, 0.07113257220481066, 0.08080061403441917, 0.09601884183166308, 0.09168714826009143, 0.08262781698601485, 0.07328219266853465, 0.0736565453055543, 0.0719825733560488, 0.07142025007867986, 0.07198553934713849, 0.07853589903988588, 0.11785766453832153, 0.07964304727167487, 0.06878812026222189, 0.0549045000247674, 0.061474303837744784, 0.05479612249780063, 0.045088833541616524, 0.0623282822451116, 0.07103274478960374, 0.05842079082977518, 0.050810225429944685, 0.05582728790004185, 0.05292415799408504, 0.04940549343854868, 0.04966226539070605, 0.05115550690781544, 0.04754723559943625, 0.05766299167452919, 0.051413005747145586, 0.05001207664535307, 0.047985414888117146, 0.04424902156435189, 0.04571364285478651, 0.0421679016008313, 0.046834908134213364, 0.04474805179488253, 0.04502894364086724, 0.046530395876428335, 0.035913023515925076, 0.039303872913932184, 0.03926954470866625, 0.03868602469811611, 0.03287738964638519, 0.039594060945767784, 0.03914989300290695, 0.04109562047044113, 0.03761371672502238, 0.03402664469149764, 0.03544205794022106, 0.03002534658718819, 0.032284013045833254, 0.05311426072090667, 0.04258525609920643, 0.03910385082408594, 0.035841871594145244, 0.03215266902338883, 0.037225192974740494, 0.033327544989614065, 0.03266991658720114, 0.07750368094439189, 0.04692939478947752, 0.044601054708580265, 0.036937987206599895, 0.044719477838563323, 0.041648980522909905, 0.031699711025596905, 0.033853495174632514, 0.035426128195668066, 0.034507246953929406, 0.035879192803754845, 0.033971494357510346, 0.0336469342769735, 0.042859733335837126, 0.05008780251535741, 0.1363329809458568, 0.06257806726136879, 0.05085238747124768, 0.04526534889361936, 0.05130306083628441]
BBSR:5.06
ABSR:1.38
max acc:98.04
