======================================
    IID: 0
    Dataset: mnist
    Model: Mnist_CNN
    Model Init: None
    Aggregation Function: avg
    Long attack: 5
    Wide attack: 5
    Threshold reject: 0.5
    Threshold down: 0.0
    Attack method: dba
    Fraction of malicious agents: 15.0%
    Poison Frac: 0.2
    Backdoor From 7 to 5
    Attack Begin: 0
    Trigger Shape: square
    Trigger Position X: 0
    Trigger Position Y: 0
    Number of agents: 100
    Fraction of agents each turn: 30(30.0%)
    Local batch size: 50
    Local epoch: 3
    Client_LR: 0.01
    Client_Momentum: 0.9
    Global Rounds: 80
======================================
main_task_accuracy=[0, 66.81999969482422, 84.51000213623047, 89.62999725341797, 91.44000244140625, 92.38999938964844, 93.27999877929688, 93.98999786376953, 94.5, 95.20999908447266, 95.47000122070312, 95.79000091552734, 96.11000061035156, 96.2300033569336, 96.2699966430664, 96.51000213623047, 96.77999877929688, 96.7699966430664, 96.93000030517578, 97.08999633789062, 97.1500015258789, 97.2699966430664, 97.43000030517578, 97.37999725341797, 97.44000244140625, 97.44999694824219, 97.61000061035156, 97.61000061035156, 97.63999938964844, 97.77999877929688, 97.80999755859375, 97.80999755859375, 97.91999816894531, 97.93000030517578, 97.91000366210938, 97.98999786376953, 97.94999694824219, 97.98999786376953, 97.94999694824219, 98.01000213623047, 98.05000305175781, 98.12000274658203, 98.16000366210938, 98.13999938964844, 98.16999816894531, 98.16000366210938, 98.30000305175781, 98.16999816894531, 98.19999694824219, 98.18000030517578, 98.30999755859375, 98.33000183105469, 98.31999969482422, 98.30000305175781, 98.29000091552734, 98.41999816894531, 98.31999969482422, 98.4000015258789, 98.31999969482422, 98.3499984741211, 98.43000030517578, 98.4000015258789, 98.43000030517578, 98.4800033569336, 98.44999694824219, 98.48999786376953, 98.52999877929688, 98.51000213623047, 98.54000091552734, 98.58000183105469, 98.5, 98.66999816894531, 98.62000274658203, 98.5199966430664, 98.56999969482422, 98.62000274658203, 98.55999755859375, 98.66999816894531, 98.55000305175781, 98.66999816894531, 98.6500015258789]
backdoor_accuracy=[0, 0.0, 0.09727626459143969, 0.2918287937743191, 0.2918287937743191, 0.48638132295719844, 0.6809338521400778, 0.9727626459143969, 1.1673151750972763, 1.3618677042801557, 1.1673151750972763, 1.7509727626459144, 2.140077821011673, 2.529182879377432, 3.404669260700389, 3.8910505836575875, 5.739299610894942, 10.214007782101167, 11.770428015564203, 16.342412451361866, 18.96887159533074, 25.389105058365757, 40.856031128404666, 46.98443579766537, 68.09338521400778, 67.99610894941634, 82.1011673151751, 87.84046692607004, 92.12062256809338, 95.62256809338521, 95.42801556420234, 99.0272373540856, 99.31906614785993, 99.70817120622569, 99.31906614785993, 99.31906614785993, 99.41634241245136, 99.80544747081711, 99.61089494163424, 99.90272373540856, 99.80544747081711, 100.0, 99.90272373540856, 100.0, 100.0, 100.0, 100.0, 100.0, 100.0, 100.0, 100.0, 100.0, 100.0, 100.0, 100.0, 100.0, 100.0, 100.0, 100.0, 100.0, 100.0, 100.0, 100.0, 100.0, 100.0, 100.0, 100.0, 100.0, 100.0, 100.0, 100.0, 100.0, 100.0, 100.0, 100.0, 100.0, 100.0, 100.0, 100.0, 100.0, 100.0]
loss_list=[1.1515578850050163, 0.7159570351393537, 0.38529813772613053, 0.2956687743182887, 0.2607733671544025, 0.2112506795279456, 0.18471893641081724, 0.17277916979345714, 0.16101069658467865, 0.1440357540835241, 0.12035036950296903, 0.13630712894920372, 0.11123999349744708, 0.10018993423583752, 0.10881576764707764, 0.09632825605192628, 0.09382953444234744, 0.08805680003856789, 0.07727095421498895, 0.08114467617147839, 0.07621358744917682, 0.08110713945334831, 0.06788572643312032, 0.07547105393146704, 0.066961503683794, 0.07409627038063575, 0.0680536677242454, 0.06179904201199686, 0.06659307096534492, 0.05993043870419367, 0.059858565030365504, 0.05713326602285219, 0.05708980651959223, 0.05400662585063144, 0.058634549651572464, 0.0510820801085569, 0.04888596462871941, 0.044467031576604844, 0.0534640125556957, 0.044565698666650354, 0.04718997933680775, 0.05112356996866922, 0.04831831003177674, 0.050251038748926176, 0.04473660738463749, 0.05193781709754745, 0.04257957892341897, 0.04265702239427635, 0.04632937127340353, 0.046015981641245866, 0.04090513558826802, 0.04543266278317724, 0.040370995684033815, 0.040839732443632176, 0.04027682755949714, 0.04134377968583416, 0.040026687316166126, 0.04062231901252286, 0.037600609536310364, 0.04115043274715492, 0.035207208211001914, 0.037019717912224935, 0.03662795692371035, 0.036401039481176546, 0.0355780081471356, 0.03680087645665792, 0.03326888082550739, 0.03495597541964298, 0.03751551967190351, 0.03599338365137821, 0.03310815242090912, 0.0329400329361361, 0.03306025849084254, 0.0344109544511972, 0.030957357362874034, 0.03127705380396984, 0.03145106388566836, 0.026196276048979443, 0.029678823792456756, 0.03280344452902102]
BBSR:100.0
ABSR:100.0
max acc:98.67
