======================================
    IID: 0
    Dataset: mnist
    Model: Mnist_CNN
    Model Init: None
    Aggregation Function: mr_duc
    Long attack: 5
    Wide attack: 5
    Threshold reject: -0.2
    Threshold down: -0.5
    Attack method: badnet
    Fraction of malicious agents: 15.0%
    Poison Frac: 0.2
    Backdoor From 7 to 5
    Attack Begin: 0
    Trigger Shape: square
    Trigger Position X: 0
    Trigger Position Y: 0
    Number of agents: 100
    Fraction of agents each turn: 30(30.0%)
    Local batch size: 50
    Local epoch: 3
    Client_LR: 0.01
    Client_Momentum: 0.9
    Global Rounds: 80
======================================
main_task_accuracy=[0, 18.729999542236328, 19.489999771118164, 38.599998474121094, 26.920000076293945, 42.83000183105469, 37.29999923706055, 49.77000045776367, 60.959999084472656, 55.88999938964844, 41.779998779296875, 23.09000015258789, 48.310001373291016, 50.18000030517578, 39.810001373291016, 60.619998931884766, 70.62999725341797, 71.48999786376953, 63.56999969482422, 80.33000183105469, 68.62999725341797, 71.13999938964844, 75.22000122070312, 77.44999694824219, 80.41000366210938, 69.1500015258789, 83.44999694824219, 86.68000030517578, 84.68000030517578, 89.7699966430664, 93.1500015258789, 94.6500015258789, 90.2699966430664, 93.43000030517578, 94.44000244140625, 92.08000183105469, 88.05000305175781, 93.52999877929688, 93.0, 92.5999984741211, 86.9000015258789, 82.31999969482422, 87.18000030517578, 88.30000305175781, 93.45999908447266, 94.23999786376953, 95.56999969482422, 95.12999725341797, 91.80999755859375, 93.44999694824219, 94.01000213623047, 94.81999969482422, 94.8499984741211, 93.0, 95.93000030517578, 95.77999877929688, 96.87999725341797, 96.5, 97.05999755859375, 96.4800033569336, 97.19999694824219, 96.5999984741211, 95.4800033569336, 93.26000213623047, 91.41999816894531, 97.0, 96.9000015258789, 94.0199966430664, 94.80999755859375, 96.0999984741211, 95.44999694824219, 96.62999725341797, 95.44999694824219, 97.18000030517578, 96.36000061035156, 95.83999633789062, 95.51000213623047, 94.29000091552734, 97.11000061035156, 97.33999633789062, 96.68000030517578]
backdoor_accuracy=[0, 0.0, 0.0, 3.6964980544747084, 0.0, 0.0, 0.0, 0.8754863813229572, 0.0, 0.19455252918287938, 0.0, 100.0, 0.0, 0.0, 89.29961089494164, 0.0, 0.2918287937743191, 2.821011673151751, 0.09727626459143969, 1.3618677042801557, 0.0, 1.0700389105058365, 1.9455252918287937, 1.3618677042801557, 0.0, 16.731517509727627, 0.19455252918287938, 6.517509727626459, 0.5836575875486382, 7.2957198443579765, 1.0700389105058365, 8.754863813229573, 4.571984435797665, 2.0428015564202333, 2.237354085603113, 3.21011673151751, 4.085603112840467, 4.863813229571984, 0.8754863813229572, 7.976653696498055, 0.8754863813229572, 49.61089494163424, 1.6536964980544746, 36.86770428015564, 15.75875486381323, 31.71206225680934, 9.14396887159533, 4.863813229571984, 31.03112840466926, 2.140077821011673, 27.82101167315175, 2.529182879377432, 53.69649805447471, 7.392996108949417, 50.29182879377432, 54.6692607003891, 54.37743190661479, 65.95330739299611, 84.8249027237354, 91.82879377431907, 88.13229571984436, 83.65758754863813, 12.15953307392996, 65.46692607003891, 97.56809338521401, 95.91439688715953, 96.40077821011673, 99.0272373540856, 80.73929961089495, 84.04669260700389, 86.18677042801556, 84.3385214007782, 99.22178988326849, 86.08949416342412, 86.47859922178988, 35.21400778210117, 96.3035019455253, 99.70817120622569, 99.5136186770428, 99.70817120622569, 99.41634241245136]
loss_list=[0.43266389976274616, 0.28205310642288045, 0.7024415398822325, 0.261712586750438, 0.41584990694817076, 0.29303217775442747, 0.27614528655099757, 0.28505371882060193, 0.2941941395543415, 0.20017186485815616, 0.32917186588061553, 0.4751999391321145, 0.2858062822345499, 0.3169642751935196, 0.2752233587387753, 0.26909738415316503, 0.20734830024200726, 0.17657491193986596, 0.17970497124148535, 0.1730501142486106, 0.20266715890352863, 0.17561194300076977, 0.1320059188063169, 0.16385087926198716, 0.17985370716012225, 0.16749735970456556, 0.1686296915392977, 0.12683046618376595, 0.1253923023303666, 0.11272115686991534, 0.10513916312886185, 0.08461686766329228, 0.10812333010843486, 0.08121576671839013, 0.0835170966491845, 0.10823509329810704, 0.10072366950845013, 0.07651812600847589, 0.10223622191147871, 0.08720317045247286, 0.11549595919216421, 0.11494326556786329, 0.12565237166226495, 0.10458562241333597, 0.09655756866334972, 0.08116922984505066, 0.06847461172715251, 0.07612723597231388, 0.08611273012867159, 0.07614147000381857, 0.08371991293756162, 0.07194394734001601, 0.07797741585600423, 0.0678833882668358, 0.06411648079505607, 0.0706128501343949, 0.06250592414833894, 0.06322289521879977, 0.061630941652516355, 0.05415874531434898, 0.05782391164157666, 0.057272361466837764, 0.057262352570886056, 0.06695430773546308, 0.06480657037782137, 0.05653550930562312, 0.05536737555757009, 0.06268945170090691, 0.054526156073871526, 0.05523012209322824, 0.046350468280031344, 0.05061368505281633, 0.06090465854658749, 0.04839084546713409, 0.05589450293882566, 0.05637865753428825, 0.053506560574913084, 0.05766889929669829, 0.04663323853281987, 0.04863978661828992]
BBSR:99.71
ABSR:87.8
max acc:97.34
