======================================
    IID: 0
    Dataset: mnist
    Model: Mnist_CNN
    Model Init: None
    Aggregation Function: flame
    Long attack: 5
    Wide attack: 5
    Threshold reject: 0.5
    Threshold down: 0.0
    Attack method: badnet
    Fraction of malicious agents: 15.0%
    Poison Frac: 0.2
    Backdoor From 7 to 5
    Attack Begin: 0
    Trigger Shape: square
    Trigger Position X: 0
    Trigger Position Y: 0
    Number of agents: 100
    Fraction of agents each turn: 30(30.0%)
    Local batch size: 50
    Local epoch: 3
    Client_LR: 0.01
    Client_Momentum: 0.9
    Global Rounds: 80
    Noise in FLAME: 0.001
proportion of malicious are selected:0.565625
proportion of benign are selected:0.5317307692307692
======================================
main_task_accuracy=[0, 53.880001068115234, 80.05999755859375, 86.77999877929688, 89.19000244140625, 90.93000030517578, 92.20999908447266, 93.06999969482422, 93.72000122070312, 94.13999938964844, 94.58999633789062, 95.05999755859375, 95.23999786376953, 95.2699966430664, 95.7300033569336, 95.87000274658203, 96.19999694824219, 95.94999694824219, 96.12000274658203, 96.5199966430664, 96.5, 96.69000244140625, 96.72000122070312, 96.80000305175781, 96.8499984741211, 96.83999633789062, 96.80999755859375, 97.05999755859375, 96.97000122070312, 97.05000305175781, 97.16000366210938, 97.2300033569336, 97.33000183105469, 97.3499984741211, 97.37000274658203, 97.4000015258789, 97.38999938964844, 97.44999694824219, 97.43000030517578, 97.38999938964844, 97.62000274658203, 97.72000122070312, 97.6500015258789, 97.63999938964844, 97.66000366210938, 97.55000305175781, 97.62000274658203, 97.70999908447266, 97.72000122070312, 97.70999908447266, 97.76000213623047, 97.75, 97.87000274658203, 97.93000030517578, 97.87000274658203, 97.9800033569336, 97.8499984741211, 97.87000274658203, 98.04000091552734, 98.0, 97.95999908447266, 98.01000213623047, 97.94999694824219, 97.91000366210938, 97.91999816894531, 97.94999694824219, 98.01000213623047, 98.0, 98.12999725341797, 98.04000091552734, 98.08999633789062, 98.08000183105469, 98.01000213623047, 98.05000305175781, 97.98999786376953, 97.97000122070312, 98.08000183105469, 98.08999633789062, 98.06999969482422, 98.05999755859375, 98.06999969482422]
backdoor_accuracy=[0, 0.5836575875486382, 0.19455252918287938, 0.0, 0.2918287937743191, 0.19455252918287938, 0.0, 0.09727626459143969, 0.38910505836575876, 0.5836575875486382, 0.6809338521400778, 0.38910505836575876, 0.8754863813229572, 1.1673151750972763, 0.9727626459143969, 1.3618677042801557, 0.8754863813229572, 1.556420233463035, 2.821011673151751, 3.307392996108949, 4.474708171206226, 5.252918287937743, 11.478599221789883, 10.505836575875486, 12.354085603112841, 28.30739299610895, 23.638132295719846, 21.88715953307393, 45.42801556420233, 40.66147859922179, 41.536964980544745, 51.84824902723735, 48.540856031128406, 51.070038910505836, 72.95719844357977, 67.99610894941634, 76.4591439688716, 92.12062256809338, 90.1750972762646, 90.36964980544747, 91.147859922179, 95.03891050583658, 94.45525291828794, 94.45525291828794, 87.93774319066148, 95.23346303501945, 96.69260700389106, 96.10894941634241, 97.17898832684826, 97.76264591439688, 97.56809338521401, 97.76264591439688, 99.0272373540856, 99.5136186770428, 99.70817120622569, 99.70817120622569, 99.61089494163424, 99.80544747081711, 99.90272373540856, 99.90272373540856, 99.90272373540856, 99.90272373540856, 99.90272373540856, 99.90272373540856, 99.90272373540856, 99.90272373540856, 99.90272373540856, 99.90272373540856, 100.0, 100.0, 100.0, 100.0, 100.0, 100.0, 100.0, 99.90272373540856, 100.0, 100.0, 100.0, 100.0, 100.0]
loss_list=[1.1484993651509288, 0.7706729004517047, 0.43499553710071726, 0.322214312855192, 0.27819972383516905, 0.2563125530427152, 0.24031431029616582, 0.20034996675365055, 0.1820250793480117, 0.15912627423219758, 0.15456544504350408, 0.14174963344039038, 0.13763469120609867, 0.13409236435369218, 0.13424613844142338, 0.11542839439952692, 0.1163048915009983, 0.10375510802718275, 0.10810942301453763, 0.10502323801252952, 0.10422634120443788, 0.10681502113466837, 0.09746888846075491, 0.09877818595827324, 0.0911226029436673, 0.092186167223945, 0.10273098722194329, 0.0854396632587951, 0.08400330864583294, 0.0872243410824784, 0.09036059860155372, 0.08060777776914582, 0.0830129848490352, 0.07855483245520824, 0.07347606186727955, 0.07533982591541846, 0.07608180361126099, 0.07715001033007277, 0.07062853090047622, 0.07203839795235918, 0.08131969524882593, 0.07312457194875789, 0.0695757473992699, 0.07251823303304998, 0.06687782589264445, 0.06394906535208451, 0.06062473298489668, 0.06558879197494602, 0.058259921720706515, 0.0631709574105943, 0.06667765380633582, 0.07138572191196904, 0.06699182450256283, 0.06381518618425507, 0.0649226861153353, 0.06501614191741953, 0.06336736291655189, 0.061623677655094945, 0.06249925709480062, 0.05992692539987573, 0.06373405606260864, 0.06294292134844001, 0.04680750145342593, 0.06700958740754016, 0.04962723825120714, 0.06398299622653413, 0.059669925861978994, 0.054932164553037816, 0.05035595314613529, 0.060562617134145874, 0.05333380898142293, 0.0666759465950511, 0.05566889639441723, 0.05572955347027282, 0.05041924869831867, 0.05609410607827488, 0.0577959269631361, 0.052269011786010004, 0.05796958405900856, 0.052426538554970065]
BBSR:100.0
ABSR:99.99
max acc:98.09
