======================================
    IID: 0
    Dataset: mnist
    Model: Mnist_CNN
    Model Init: None
    Aggregation Function: mr_duc
    Long attack: 5
    Wide attack: 5
    Threshold reject: 0.5
    Threshold down: 0.1
    Attack method: dba
    Fraction of malicious agents: 16.0%
    Poison Frac: 0.2
    Backdoor From 7 to 5
    Attack Begin: 0
    Trigger Shape: square
    Trigger Position X: 0
    Trigger Position Y: 0
    Number of agents: 100
    Fraction of agents each turn: 30(30.0%)
    Local batch size: 50
    Local epoch: 3
    Client_LR: 0.01
    Client_Momentum: 0.9
    Global Rounds: 100
======================================
main_task_accuracy=[0, 35.52000045776367, 9.800000190734863, 36.43000030517578, 28.229999542236328, 45.380001068115234, 44.119998931884766, 49.0099983215332, 43.470001220703125, 36.83000183105469, 66.18000030517578, 58.2599983215332, 60.41999816894531, 53.27000045776367, 35.58000183105469, 77.33000183105469, 64.3499984741211, 73.01000213623047, 83.02999877929688, 73.83000183105469, 69.86000061035156, 68.12999725341797, 72.56999969482422, 58.16999816894531, 83.69999694824219, 79.2699966430664, 82.63999938964844, 80.86000061035156, 63.900001525878906, 83.91000366210938, 81.05000305175781, 82.36000061035156, 90.87000274658203, 91.7300033569336, 88.2300033569336, 88.45999908447266, 91.73999786376953, 92.80000305175781, 95.08000183105469, 93.16999816894531, 93.18000030517578, 94.44999694824219, 92.16999816894531, 92.68000030517578, 89.69999694824219, 92.95999908447266, 95.7300033569336, 95.94999694824219, 95.56999969482422, 95.16000366210938, 94.45999908447266, 93.77999877929688, 95.97000122070312, 90.91999816894531, 89.91999816894531, 93.68000030517578, 90.52999877929688, 92.38999938964844, 91.25, 89.81999969482422, 91.26000213623047, 90.22000122070312, 95.7300033569336, 95.16999816894531, 95.52999877929688, 95.19000244140625, 96.11000061035156, 96.23999786376953, 95.91000366210938, 96.0999984741211, 96.6500015258789, 96.83000183105469, 96.06999969482422, 97.22000122070312, 97.22000122070312, 96.94999694824219, 96.69000244140625, 96.30000305175781, 97.16000366210938, 96.81999969482422, 96.25, 97.12999725341797, 96.5199966430664, 94.8499984741211, 97.16000366210938, 97.19999694824219, 96.87000274658203, 97.06999969482422, 97.3499984741211, 95.4800033569336, 96.02999877929688, 97.69000244140625, 97.55000305175781, 97.83000183105469, 97.86000061035156, 97.31999969482422, 97.08000183105469, 97.20999908447266, 97.05000305175781, 96.81999969482422, 96.52999877929688]
backdoor_accuracy=[0, 0.0, 0.0, 63.13229571984436, 0.0, 9.14396887159533, 0.0, 2.140077821011673, 0.0, 0.0, 0.0, 0.0, 22.762645914396888, 0.0, 0.19455252918287938, 1.556420233463035, 0.0, 0.2918287937743191, 0.0, 0.38910505836575876, 0.0, 3.7937743190661477, 0.0, 3.11284046692607, 0.0, 0.0, 0.2918287937743191, 0.38910505836575876, 0.0, 2.529182879377432, 0.0, 0.0, 0.38910505836575876, 0.0, 0.0, 0.19455252918287938, 0.09727626459143969, 0.38910505836575876, 0.0, 0.38910505836575876, 0.0, 0.2918287937743191, 0.2918287937743191, 0.2918287937743191, 0.19455252918287938, 0.19455252918287938, 0.2918287937743191, 0.19455252918287938, 0.0, 0.38910505836575876, 0.09727626459143969, 0.19455252918287938, 0.19455252918287938, 0.19455252918287938, 0.38910505836575876, 0.2918287937743191, 0.5836575875486382, 0.0, 0.6809338521400778, 0.0, 0.0, 0.6809338521400778, 0.09727626459143969, 0.19455252918287938, 0.2918287937743191, 0.09727626459143969, 0.38910505836575876, 0.09727626459143969, 0.38910505836575876, 0.0, 0.2918287937743191, 0.09727626459143969, 0.5836575875486382, 0.09727626459143969, 0.19455252918287938, 0.09727626459143969, 0.09727626459143969, 0.0, 0.09727626459143969, 0.2918287937743191, 0.0, 0.2918287937743191, 0.09727626459143969, 0.19455252918287938, 0.19455252918287938, 0.19455252918287938, 0.19455252918287938, 0.38910505836575876, 0.09727626459143969, 0.19455252918287938, 0.09727626459143969, 0.19455252918287938, 0.09727626459143969, 0.19455252918287938, 0.19455252918287938, 0.2918287937743191, 0.0, 0.5836575875486382, 0.19455252918287938, 0.19455252918287938, 0.19455252918287938]
loss_list=[0.5132894310674968, 0.32705576990132834, 0.7504167873400454, 0.30256441956834734, 0.32120501246716854, 0.30444885951817724, 0.3027423902996327, 0.2711684723034317, 0.26249506660064253, 0.4093294648098088, 0.23727385628826667, 0.17907335307604402, 0.20976631298451273, 0.24215244428749427, 0.31933730141960126, 0.16966825924804052, 0.22307886862845125, 0.18984193660195706, 0.13081911070767588, 0.13114840328527755, 0.3123522383637311, 0.22293932948372028, 0.1921176093570308, 0.22277138222166648, 0.1507222881836117, 0.17116026992764952, 0.16738017154239296, 0.17970319881500432, 0.2298871614656685, 0.12970735206162692, 0.1335994558050181, 0.13710514651463432, 0.1370779971074188, 0.10435337232207062, 0.11562186502618613, 0.11084741165750486, 0.1116742213699861, 0.09247403801712571, 0.08709845355169936, 0.07521780481329846, 0.08567896373184693, 0.07833186940223642, 0.08375849935586874, 0.08479484634198448, 0.10380216064809923, 0.07719058082618967, 0.07215470423356576, 0.06853501745498113, 0.08399984969997178, 0.06407710445459829, 0.0825359264611758, 0.07633154750916163, 0.08388284286768362, 0.07838405877512708, 0.09667026331619498, 0.07854646053073049, 0.09043370481391592, 0.08552987760136711, 0.08849157781763697, 0.0755133621572336, 0.09113240092061216, 0.08115952966503151, 0.08614022686656257, 0.0669909721889392, 0.07372073600330017, 0.06361569909106746, 0.06585429386573385, 0.05763607016669236, 0.0702285845608963, 0.057098479998766855, 0.06332049958433142, 0.06027296306569685, 0.06735296513037888, 0.04827477052824066, 0.05601177160960504, 0.051939673812872324, 0.060570680456960964, 0.04669525986307321, 0.05464457054760075, 0.04837179773410081, 0.061333519999622804, 0.04639257549922478, 0.05878912504808443, 0.055839306277596736, 0.05481984537358631, 0.048084826526594834, 0.057267810851848316, 0.042699497933925086, 0.055221621832905576, 0.045306462393087436, 0.05508323171112538, 0.045082388096670506, 0.05080038951897935, 0.04248500547938621, 0.047554037445529176, 0.04354130886499701, 0.0548075669440412, 0.041304008873381724, 0.05303905817565309, 0.04339433700108289]
BBSR:0.58
ABSR:0.21
max acc:97.86
