======================================
    IID: 1
    Dataset: cifar
    Model: resnet
    Model Init: None
    Aggregation Function: mr_duc
    Long attack: 4
    Wide attack: 4
    Threshold reject: 0.6
    Threshold down: 0.1
    Attack method: badnet
    Fraction of malicious agents: 15.0%
    Poison Frac: 0.2
    Backdoor From 7 to 5
    Attack Begin: 0
    Trigger Shape: square
    Trigger Position X: 0
    Trigger Position Y: 0
    Number of agents: 100
    Fraction of agents each turn: 30(30.0%)
    Local batch size: 50
    Local epoch: 3
    Client_LR: 0.01
    Client_Momentum: 0.9
    Global Rounds: 100
======================================
main_task_accuracy=[0, 10.039999961853027, 25.290000915527344, 45.189998626708984, 48.61000061035156, 55.65999984741211, 56.47999954223633, 57.52000045776367, 60.16999816894531, 61.810001373291016, 63.34000015258789, 64.0, 64.25, 65.62000274658203, 64.6500015258789, 66.22000122070312, 65.66999816894531, 66.70999908447266, 66.37000274658203, 67.79000091552734, 68.93000030517578, 69.0199966430664, 68.55000305175781, 68.18000030517578, 68.75, 70.5999984741211, 70.5199966430664, 70.94999694824219, 70.76000213623047, 70.93000030517578, 70.9800033569336, 71.83999633789062, 72.08000183105469, 72.76000213623047, 71.87000274658203, 71.9800033569336, 73.0999984741211, 73.0, 73.16999816894531, 72.68000030517578, 73.33000183105469, 73.44999694824219, 73.86000061035156, 73.93000030517578, 73.81999969482422, 73.9000015258789, 73.8499984741211, 73.58999633789062, 73.83000183105469, 73.91000366210938, 73.7300033569336, 73.54000091552734, 73.80999755859375, 73.44000244140625, 73.5, 73.37000274658203, 73.51000213623047, 73.51000213623047, 73.66999816894531, 73.51000213623047, 73.4000015258789, 73.4800033569336, 73.54000091552734, 73.4800033569336, 73.41999816894531, 73.33000183105469, 73.38999938964844, 73.20999908447266, 73.19999694824219, 73.1500015258789, 73.19999694824219, 73.13999938964844, 73.16000366210938, 73.08000183105469, 72.93000030517578, 73.08999633789062, 73.04000091552734, 73.1500015258789, 72.9000015258789, 73.05000305175781, 73.04000091552734, 73.12000274658203, 73.16999816894531, 72.9800033569336, 73.11000061035156, 73.18000030517578, 73.1500015258789, 73.08999633789062, 73.0199966430664, 73.0199966430664, 73.05999755859375, 73.0199966430664, 73.05000305175781, 73.04000091552734, 73.06999969482422, 72.95999908447266, 72.88999938964844, 72.97000122070312, 72.93000030517578, 73.0, 72.97000122070312]
backdoor_accuracy=[0, 0.0, 4.9, 9.9, 9.2, 8.3, 9.7, 9.2, 11.6, 8.2, 6.9, 7.2, 7.3, 4.8, 7.0, 6.4, 6.7, 5.5, 7.4, 4.4, 5.4, 7.1, 6.1, 3.9, 8.0, 6.0, 6.6, 7.5, 4.9, 6.9, 5.2, 6.3, 6.1, 5.8, 7.1, 9.8, 8.3, 6.3, 8.2, 5.4, 7.9, 10.7, 8.9, 8.6, 8.0, 7.5, 7.7, 9.1, 6.4, 8.1, 8.7, 10.6, 9.4, 9.3, 9.5, 9.8, 9.6, 7.8, 9.2, 9.6, 9.5, 8.6, 9.3, 8.6, 9.2, 9.4, 8.2, 8.6, 9.0, 9.3, 8.9, 9.0, 8.6, 9.2, 9.0, 8.6, 9.0, 9.0, 9.0, 9.2, 9.7, 9.4, 9.3, 9.0, 9.6, 9.6, 9.6, 9.6, 9.5, 9.6, 9.8, 8.3, 8.8, 9.5, 9.6, 9.7, 9.7, 10.0, 10.4, 9.2, 9.9]
loss_list=[2.009838159481684, 1.5915009464820222, 1.1512112877435152, 0.9571797119908863, 0.7794659384588402, 0.6862476069894102, 0.6180789279358253, 0.552011371999979, 0.48893515092424217, 0.5093753381539137, 0.43175039601822696, 0.4037745679542422, 0.37457654484444197, 0.37525261829400236, 0.34471937078982595, 0.3410851794305361, 0.313649398902845, 0.2854573081454469, 0.3043138764198456, 0.260577982424034, 0.24220034073676083, 0.22279113019971797, 0.24936552510622684, 0.25862682117123365, 0.1955311996826074, 0.1870318092897327, 0.18009736884281863, 0.16596135467549578, 0.17438700926800568, 0.15710604036692527, 0.16260458943563413, 0.11316561217018818, 0.09499471279216881, 0.12241168564780516, 0.10673816716337267, 0.0776360251262991, 0.09907125216423689, 0.08035055169751608, 0.06296904714791, 0.0704142295534257, 0.0704036288005429, 0.05382295276963205, 0.04185298107370425, 0.041537829685710494, 0.042326032911401454, 0.031620963058634925, 0.02830346745691107, 0.0454117701921819, 0.02712802238361393, 0.008521322448925476, 0.02691823186983432, 0.007619362216695059, 0.007473537901920886, 0.006145657267706054, 0.01347980065166161, 0.0076490284668398086, 0.005343885806295373, 0.005657696808177407, 0.008886846713042665, 0.0034872138816475244, 0.004385539143517639, 0.0030825198459044465, 0.006554314823442838, 0.007897209197835766, 0.004594038043368426, 0.003999540680734854, 0.00412841151774046, 0.003561551467678833, 0.0015010632977484626, 0.003096307908757202, 0.0031860196264622363, 0.003375676712684152, 0.001429113664796912, 0.0016265461889997822, 0.0013107203374480986, 0.0012313200823619909, 0.0027449892241970192, 0.0026033254664232825, 0.0014998790958149284, 0.0010893276335344933, 0.00358079234562562, 0.0013934065420229068, 0.0026921113057404816, 0.0010307687638527973, 0.001105702440852636, 0.0010787944733035855, 0.0008107607008019436, 0.0008154484180138548, 0.001968748632126436, 0.0008445092104051987, 0.0016180180828006187, 0.0009479401892248361, 0.0007637859442507358, 0.0008314745809750295, 0.0007416336403710171, 0.0007786742856761622, 0.0007381901758021236, 0.001221149059120863, 0.000784881269759757, 0.0006648216737004177]
BBSR:10.4
ABSR:9.51
max acc:73.07
