======================================
    IID: 1
    Dataset: cifar
    Model: resnet
    Model Init: None
    Aggregation Function: mr_duc
    Long attack: 3
    Wide attack: 3
    Threshold reject: 0.5
    Threshold down: 0.2
    Attack method: badnet
    Fraction of malicious agents: 16.0%
    Poison Frac: 0.2
    Backdoor From 7 to 5
    Attack Begin: 0
    Trigger Shape: square
    Trigger Position X: 0
    Trigger Position Y: 0
    Number of agents: 100
    Fraction of agents each turn: 30(30.0%)
    Local batch size: 50
    Local epoch: 3
    Client_LR: 0.01
    Client_Momentum: 0.9
    Global Rounds: 100
======================================
main_task_accuracy=[0, 10.0, 27.65999984741211, 44.09000015258789, 45.939998626708984, 52.5099983215332, 55.209999084472656, 57.15999984741211, 59.93000030517578, 60.709999084472656, 61.720001220703125, 63.119998931884766, 64.52999877929688, 65.45999908447266, 65.22000122070312, 65.54000091552734, 67.5199966430664, 66.37999725341797, 67.70999908447266, 67.5999984741211, 67.80000305175781, 67.77999877929688, 67.83999633789062, 68.58000183105469, 69.5199966430664, 69.7699966430664, 69.66000366210938, 70.55000305175781, 70.75, 70.68000030517578, 71.2300033569336, 71.19999694824219, 71.26000213623047, 72.19000244140625, 72.36000061035156, 72.33999633789062, 72.27999877929688, 72.80999755859375, 73.08000183105469, 72.83999633789062, 72.62000274658203, 72.3499984741211, 73.05999755859375, 73.29000091552734, 73.77999877929688, 73.63999938964844, 73.33000183105469, 73.72000122070312, 73.4000015258789, 73.55999755859375, 73.30000305175781, 73.4000015258789, 73.48999786376953, 73.55000305175781, 73.5, 73.62999725341797, 73.7699966430664, 73.47000122070312, 73.55999755859375, 73.61000061035156, 73.43000030517578, 73.54000091552734, 73.63999938964844, 73.62999725341797, 73.68000030517578, 73.61000061035156, 73.62999725341797, 73.52999877929688, 73.56999969482422, 73.58000183105469, 73.37999725341797, 73.51000213623047, 73.44000244140625, 73.37999725341797, 73.4000015258789, 73.41000366210938, 73.37999725341797, 73.36000061035156, 73.41999816894531, 73.37000274658203, 73.37000274658203, 73.29000091552734, 73.2699966430664, 73.29000091552734, 73.12000274658203, 73.30999755859375, 73.27999877929688, 73.20999908447266, 73.16000366210938, 73.19999694824219, 73.2300033569336, 73.2699966430664, 73.22000122070312, 73.33999633789062, 73.25, 73.2300033569336, 73.18000030517578, 73.2300033569336, 73.22000122070312, 73.16000366210938, 73.33999633789062]
backdoor_accuracy=[0, 0.0, 6.5, 11.8, 9.9, 8.5, 9.7, 7.8, 9.2, 4.2, 8.6, 7.2, 6.4, 5.0, 5.3, 4.3, 6.6, 4.6, 4.5, 3.1, 6.4, 3.1, 3.9, 6.0, 5.3, 6.6, 5.8, 4.8, 6.6, 2.6, 4.1, 3.6, 2.6, 4.1, 6.1, 4.1, 6.1, 6.4, 5.7, 4.5, 6.0, 4.7, 8.3, 4.9, 6.5, 5.6, 8.2, 4.7, 6.3, 7.1, 7.6, 5.9, 7.0, 5.1, 6.1, 4.3, 5.4, 3.5, 6.3, 5.2, 5.9, 6.1, 6.7, 4.8, 6.1, 5.3, 6.1, 6.2, 6.1, 5.3, 6.0, 6.1, 6.1, 5.4, 6.0, 6.1, 5.2, 6.3, 6.2, 6.1, 5.9, 6.0, 6.0, 5.9, 6.2, 6.0, 5.8, 5.7, 5.6, 5.6, 5.4, 5.5, 5.5, 5.6, 6.0, 5.9, 5.6, 5.8, 5.8, 6.1, 5.6]
loss_list=[1.9665172959698571, 1.530943616628647, 1.1155803036358622, 0.9667156108385988, 0.757591427821252, 0.6583497682048215, 0.5930626552179455, 0.5433388287263612, 0.49922939244864717, 0.468963439948857, 0.4603746208693418, 0.4154164796074232, 0.40226989929460816, 0.3603580858517025, 0.3229927279303471, 0.34893288716052967, 0.3423497812558586, 0.27824200252329734, 0.3057667386899184, 0.31726179451267744, 0.2492488240471317, 0.2503808248488026, 0.2197856669797976, 0.2308616197924129, 0.2319293016309126, 0.2334462986907197, 0.16943176190666334, 0.15676292749289938, 0.16627065371747854, 0.154802378519283, 0.15028208201026755, 0.14086255861873118, 0.10293971546886799, 0.14317531263177644, 0.10264896555648494, 0.09014280962815974, 0.08463578211182418, 0.0645361077996333, 0.08777262666437306, 0.06333608837500732, 0.0831980201370768, 0.07562478246568288, 0.05000470747530926, 0.031363352389857435, 0.024151545519901747, 0.018062229926516814, 0.017370702541666106, 0.013993051794208842, 0.043352722503833416, 0.01799712110616383, 0.03607630362740665, 0.023586116350682758, 0.005483057612145786, 0.03585340452888178, 0.026316595875282976, 0.016395874174551055, 0.014199227603837948, 0.00616253677891412, 0.009834448704528365, 0.006427457458452813, 0.005826765863684056, 0.014036648015268533, 0.008946482905610335, 0.005832226000461053, 0.008064752270212111, 0.0018069251162523873, 0.0028181684977931173, 0.004116790638622155, 0.00383481256198138, 0.0032241991834760283, 0.0019182999778422527, 0.0017154515237456911, 0.0020860970879503934, 0.0024483231432451346, 0.0016325803594534388, 0.006062518930557415, 0.002017626349503795, 0.0020948099566319594, 0.0022999045263713924, 0.0012967220526964717, 0.0021661121888933445, 0.0018519022628768447, 0.0015243120980044803, 0.007014698054222712, 0.0010397749412125754, 0.0009982614928917932, 0.0009480855522189003, 0.001127149103429272, 0.0012964870085367388, 0.0009003969139788146, 0.0006811274841311387, 0.001040730262191371, 0.001487286843257607, 0.0011046041363685312, 0.0007773204689389482, 0.0009268861646059022, 0.0007914256974699027, 0.0006839410264769361, 0.0007215127095939047, 0.0007330300224728287]
BBSR:6.1
ABSR:5.74
max acc:73.34
