======================================
    IID: 1
    Dataset: cifar
    Model: resnet
    Model Init: None
    Aggregation Function: mr_duc
    Long attack: 5
    Wide attack: 5
    Threshold reject: 0.55
    Attack method: dba
    Fraction of malicious agents: 15.0%
    Poison Frac: 0.2
    Backdoor From 7 to 5
    Attack Begin: 0
    Trigger Shape: square
    Trigger Position X: 0
    Trigger Position Y: 0
    Number of agents: 100
    Fraction of agents each turn: 30(30.0%)
    Local batch size: 50
    Local epoch: 3
    Client_LR: 0.01
    Client_Momentum: 0.9
    Global Rounds: 100
======================================
main_task_accuracy=[0, 10.0, 24.1200008392334, 37.75, 42.79999923706055, 46.2400016784668, 46.68000030517578, 51.79999923706055, 53.900001525878906, 57.880001068115234, 60.56999969482422, 61.720001220703125, 61.290000915527344, 62.459999084472656, 64.23999786376953, 65.2300033569336, 64.72000122070312, 65.69000244140625, 65.7300033569336, 66.29000091552734, 66.83999633789062, 67.54000091552734, 66.83999633789062, 68.0999984741211, 67.54000091552734, 68.95999908447266, 68.7300033569336, 68.6500015258789, 68.56999969482422, 69.31999969482422, 69.7300033569336, 70.22000122070312, 71.08999633789062, 70.97000122070312, 70.7300033569336, 71.12999725341797, 70.72000122070312, 70.55999755859375, 71.11000061035156, 71.41999816894531, 72.3499984741211, 72.01000213623047, 72.36000061035156, 72.37000274658203, 72.16999816894531, 72.26000213623047, 72.2699966430664, 72.43000030517578, 72.55000305175781, 72.52999877929688, 72.18000030517578, 72.43000030517578, 72.22000122070312, 72.36000061035156, 72.22000122070312, 72.4800033569336, 72.16999816894531, 72.4800033569336, 72.38999938964844, 72.30999755859375, 72.41000366210938, 72.06999969482422, 72.08999633789062, 72.22000122070312, 72.23999786376953, 71.91000366210938, 71.91000366210938, 72.0199966430664, 71.97000122070312, 71.83000183105469, 72.08000183105469, 71.94000244140625, 71.97000122070312, 71.97000122070312, 71.77999877929688, 71.9800033569336, 71.88999938964844, 71.94999694824219, 71.73999786376953, 71.94000244140625, 71.8499984741211, 71.81999969482422, 71.69999694824219, 71.69000244140625, 71.83999633789062, 71.80999755859375, 71.7300033569336, 71.76000213623047, 71.79000091552734, 71.69000244140625, 71.68000030517578, 71.83000183105469, 71.81999969482422, 71.77999877929688, 71.76000213623047, 71.68000030517578, 71.68000030517578, 71.5199966430664, 71.68000030517578, 71.70999908447266, 71.66999816894531]
backdoor_accuracy=[0, 0.0, 5.1, 8.4, 3.9, 4.1, 4.6, 4.7, 9.0, 5.8, 4.3, 7.4, 7.6, 7.3, 8.9, 6.7, 7.7, 7.4, 7.4, 4.7, 7.8, 5.1, 4.0, 7.1, 6.3, 5.1, 5.4, 6.2, 4.8, 4.5, 3.2, 5.7, 6.1, 5.9, 4.5, 5.5, 7.1, 6.0, 7.6, 6.8, 4.4, 5.9, 8.2, 6.0, 6.9, 5.3, 4.9, 6.7, 5.3, 6.7, 6.9, 6.4, 8.4, 6.8, 7.6, 6.4, 6.5, 6.8, 8.5, 7.5, 8.2, 7.7, 7.8, 8.3, 8.8, 7.8, 7.3, 8.5, 8.3, 8.8, 7.9, 7.7, 7.8, 7.4, 8.5, 8.2, 8.3, 8.0, 8.7, 8.1, 8.1, 8.0, 8.5, 9.0, 8.1, 7.6, 8.6, 8.8, 8.1, 8.3, 8.9, 8.2, 8.2, 8.1, 8.3, 8.0, 8.3, 8.9, 8.5, 8.9, 8.9]
loss_list=[1.984337877035141, 1.5228684925370748, 1.1799740469124582, 0.9708356458942096, 0.7936545141869121, 0.7203125231464704, 0.6125972376474078, 0.5778698814908662, 0.5006089042168526, 0.5120100949414903, 0.439887557634049, 0.4446017298609432, 0.4029418175294994, 0.3695020390508904, 0.37496153339536653, 0.3378247138568097, 0.35621455181027867, 0.2787706184992567, 0.25180675816334164, 0.2844255195175194, 0.22554231290472668, 0.2889813443423353, 0.2609360948396433, 0.25892694340449657, 0.1841771956952289, 0.22034350182783474, 0.19724087243563396, 0.17756121831040617, 0.1902563939525539, 0.13850918504189597, 0.140271917121459, 0.11284522752652672, 0.1213776793843135, 0.13126667417870422, 0.10267028524747325, 0.10308512475981843, 0.12843210358198523, 0.08905840481928963, 0.07317076729403602, 0.054276406007702456, 0.037009547246206136, 0.05606990023244483, 0.07458666594986826, 0.05179967530007061, 0.03249137221573619, 0.030674280528651756, 0.06433313379209722, 0.03331438158499724, 0.03378093047190405, 0.028045985577239967, 0.01633274307885181, 0.009356305095829558, 0.008012833099944851, 0.00824131464959161, 0.04178797101850958, 0.03378132232535993, 0.008611507243072587, 0.021452988003260957, 0.004580234931943577, 0.005708764317516599, 0.010489839441967585, 0.007371446425741955, 0.0066928434906488605, 0.00382786827123103, 0.006535093071595637, 0.008916259574293183, 0.0031271991056564725, 0.0019910537482711434, 0.0052203594940915, 0.0019516446679578318, 0.0029335436128086357, 0.0017340106039935358, 0.004171618982493075, 0.001381679730305526, 0.0015427590900475886, 0.001329057201801334, 0.0013551255388059265, 0.0014066909792018122, 0.0009683514354724645, 0.001104768354513605, 0.001083966386682328, 0.0009452894239802843, 0.0010658092795347326, 0.005268254305208552, 0.0026611681078712647, 0.0009192776241656653, 0.0008535214207464982, 0.001005189109095631, 0.0023634237410604126, 0.0017141406999548457, 0.000970311036807187, 0.0018565553850284134, 0.0007745287818155096, 0.0007371849524093299, 0.0008400863012583514, 0.0007506767032383425, 0.0008398247766389332, 0.0008602928431759615, 0.0011082720748688895, 0.0007493440637093348]
BBSR:8.9
ABSR:8.43
max acc:71.83
