======================================
    IID: 0
    Dataset: cifar
    Model: resnet
    Model Init: None
    Aggregation Function: our
    Long attack: 3
    Wide attack: 3
    Attack method: badnet
    Fraction of malicious agents: 15.0%
    Poison Frac: 0.2
    Backdoor From 7 to 5
    Attack Begin: 0
    Trigger Shape: square
    Trigger Position X: 0
    Trigger Position Y: 0
    Number of agents: 100
    Fraction of agents each turn: 30(30.0%)
    Local batch size: 50
    Local epoch: 3
    Client_LR: 0.01
    Client_Momentum: 0.9
    Global Rounds: 100
======================================
main_task_accuracy=[0, 10.0, 10.0, 10.0, 10.0, 10.0, 10.0600004196167, 10.0, 10.0, 10.0, 10.0, 10.0, 17.299999237060547, 10.0, 10.729999542236328, 19.399999618530273, 10.0, 10.399999618530273, 17.56999969482422, 20.299999237060547, 13.430000305175781, 10.0, 10.0, 10.0, 19.559999465942383, 10.039999961853027, 18.219999313354492, 18.600000381469727, 17.56999969482422, 17.350000381469727, 12.390000343322754, 11.989999771118164, 10.0, 10.0, 18.3700008392334, 10.4399995803833, 10.140000343322754, 13.449999809265137, 13.699999809265137, 20.170000076293945, 10.0, 14.710000038146973, 10.920000076293945, 11.119999885559082, 14.869999885559082, 14.270000457763672, 12.470000267028809, 12.34000015258789, 11.34000015258789, 21.31999969482422, 21.799999237060547, 11.130000114440918, 18.790000915527344, 13.270000457763672, 10.920000076293945, 10.65999984741211, 10.0, 18.420000076293945, 11.960000038146973, 15.5600004196167, 16.739999771118164, 18.360000610351562, 22.190000534057617, 10.0, 22.149999618530273, 19.959999084472656, 14.510000228881836, 14.619999885559082, 12.470000267028809, 20.8799991607666, 10.789999961853027, 16.770000457763672, 13.5, 14.800000190734863, 14.859999656677246, 18.25, 20.5, 10.079999923706055, 20.59000015258789, 16.110000610351562, 20.780000686645508, 17.469999313354492, 18.350000381469727, 10.0, 13.109999656677246, 12.399999618530273, 18.600000381469727, 16.440000534057617, 21.700000762939453, 21.010000228881836, 12.420000076293945, 18.549999237060547, 10.460000038146973, 19.350000381469727, 14.220000267028809, 10.0, 15.149999618530273, 20.260000228881836, 14.5600004196167, 16.989999771118164, 19.940000534057617]
backdoor_accuracy=[0, 0.0, 100.0, 0.0, 0.0, 0.0, 0.0, 0.0, 0.0, 0.0, 0.0, 0.0, 0.0, 0.0, 0.1, 60.1, 0.0, 0.0, 0.3, 0.0, 0.0, 100.0, 0.0, 0.0, 0.0, 0.0, 0.3, 15.5, 0.0, 94.1, 0.0, 0.0, 0.0, 0.0, 85.5, 0.0, 99.6, 0.0, 0.0, 72.8, 0.0, 0.0, 99.2, 0.0, 50.0, 0.0, 0.0, 0.0, 0.0, 36.0, 0.0, 99.5, 0.0, 0.0, 99.6, 0.0, 0.0, 45.4, 0.0, 0.0, 0.0, 0.0, 55.6, 0.0, 0.0, 68.8, 0.0, 0.0, 35.7, 0.0, 0.0, 1.6, 98.8, 0.0, 0.0, 89.6, 0.0, 0.0, 49.1, 37.6, 20.6, 0.0, 0.0, 0.0, 0.0, 0.0, 0.0, 0.0, 0.0, 78.7, 0.0, 71.2, 0.0, 89.3, 0.0, 0.0, 0.0, 79.6, 0.0, 0.0, 82.1]
loss_list=[0.5152482458201527, 1.3237591126149542, 2.2372713110248825, 1.6147212634756687, 2.0791192844231734, 1.25161178851709, 1.0484055627676636, 1.154776269234941, 1.3565546599359766, 1.8642459583675157, 1.576095978372917, 1.3327776050499158, 1.0348478354224397, 1.3061177574329448, 1.728332924236721, 1.2483059464603063, 1.4226847431588105, 1.4486613014955436, 1.3222076181442182, 0.7876359732921435, 1.5953536467456113, 1.0855288441372328, 1.5520770491160716, 1.0273722556527638, 1.4572226015868295, 1.4924982465528995, 1.2659313495459712, 1.4205855395007037, 1.5530905206108263, 0.9527816272732734, 1.2382380398043427, 1.2734833098155258, 1.4009719371754994, 1.3267405190234705, 1.4710561902612183, 1.1172540511972735, 1.48422337560523, 1.3271512004191588, 1.0965960906073449, 1.2746653999094846, 1.366121968241793, 1.6175227593609474, 1.2748497802076362, 1.4013682776949747, 1.4668999778696592, 1.4800752146370442, 1.1533981070135828, 1.0746897067119268, 1.341719208941223, 1.4020986551146264, 1.0395373926240667, 1.017641158901776, 1.1548889847260793, 1.308154041424827, 1.0695089443823838, 1.2369076061908293, 1.2170175079951402, 1.1848328245907458, 1.4455490346241764, 1.0922257190237465, 1.583522203608645, 0.8073461155491308, 1.180772867422046, 1.2794337210540554, 1.1743432359910286, 1.371290935000276, 0.8396606892396041, 0.9975154310577274, 1.3737770147937172, 1.0306999481858616, 1.6389553754160686, 1.22432046645162, 1.2043841746605017, 0.868212221956345, 1.1976810311170405, 1.204773830425436, 1.2079822834407967, 1.1620719031424258, 0.9008688186531002, 1.306261455980701, 1.3998013029297482, 0.9272576711822167, 1.0732008391790562, 1.4789362316712362, 1.1321659621496516, 1.3455957072749551, 1.2375304163926757, 1.0891424945824677, 0.8440623744018617, 1.2147050864564923, 1.033153378993025, 1.5004869906744667, 1.1522368447015634, 1.2164945884829792, 0.9463651165015012, 1.210355160898867, 1.073753707365035, 1.13869947891266, 1.23312919551276, 1.009963458779593]
BBSR:89.3
ABSR:32.22
max acc:20.26
