======================================
    IID: 0
    Dataset: mnist
    Model: Mnist_CNN
    Model Init: None
    Aggregation Function: mr_duc
    Long attack: 5
    Wide attack: 5
    Threshold reject: 0.6
    Threshold down: 0.1
    Attack method: dba
    Fraction of malicious agents: 16.0%
    Poison Frac: 0.2
    Backdoor From 7 to 5
    Attack Begin: 0
    Trigger Shape: square
    Trigger Position X: 0
    Trigger Position Y: 0
    Number of agents: 100
    Fraction of agents each turn: 30(30.0%)
    Local batch size: 50
    Local epoch: 3
    Client_LR: 0.01
    Client_Momentum: 0.9
    Global Rounds: 100
======================================
main_task_accuracy=[0, 17.549999237060547, 29.020000457763672, 24.860000610351562, 24.079999923706055, 24.18000030517578, 31.020000457763672, 27.219999313354492, 22.59000015258789, 22.209999084472656, 18.020000457763672, 51.83000183105469, 28.68000030517578, 55.290000915527344, 50.689998626708984, 25.040000915527344, 38.86000061035156, 55.56999969482422, 15.399999618530273, 59.77000045776367, 42.970001220703125, 67.22000122070312, 47.58000183105469, 48.86000061035156, 43.7400016784668, 31.989999771118164, 51.0, 49.86000061035156, 54.36000061035156, 27.309999465942383, 63.970001220703125, 56.2599983215332, 62.939998626708984, 47.349998474121094, 62.15999984741211, 53.13999938964844, 66.25, 69.23999786376953, 69.33999633789062, 67.80999755859375, 70.55999755859375, 70.76000213623047, 55.45000076293945, 60.59000015258789, 41.130001068115234, 66.8499984741211, 74.01000213623047, 59.150001525878906, 74.13999938964844, 82.5999984741211, 75.41999816894531, 78.43000030517578, 81.9800033569336, 85.48999786376953, 79.77999877929688, 89.98999786376953, 87.52999877929688, 82.98999786376953, 74.66999816894531, 88.86000061035156, 80.0199966430664, 85.51000213623047, 69.30999755859375, 76.61000061035156, 77.8499984741211, 82.48999786376953, 93.16999816894531, 93.73999786376953, 93.36000061035156, 89.05000305175781, 86.69000244140625, 82.56999969482422, 80.54000091552734, 81.30999755859375, 85.72000122070312, 91.52999877929688, 79.77999877929688, 88.43000030517578, 89.3499984741211, 87.06999969482422, 89.81999969482422, 86.44000244140625, 87.52999877929688, 92.47000122070312, 81.27999877929688, 82.38999938964844, 85.38999938964844, 84.47000122070312, 77.7699966430664, 71.6500015258789, 91.05000305175781, 91.9000015258789, 93.76000213623047, 91.83999633789062, 92.36000061035156, 96.45999908447266, 89.41999816894531, 88.22000122070312, 94.7300033569336, 96.19000244140625, 93.73999786376953]
backdoor_accuracy=[0, 0.0, 0.0, 0.0, 0.0, 0.6809338521400778, 0.0, 0.0, 0.0, 0.0, 100.0, 0.0, 3.307392996108949, 0.0, 1.0700389105058365, 0.0, 0.0, 0.0, 0.0, 2.140077821011673, 0.0, 0.0, 0.0, 7.2957198443579765, 0.0, 100.0, 0.0, 0.0, 0.0, 0.0, 0.0, 0.0, 0.0, 58.56031128404669, 0.0, 99.61089494163424, 0.0, 28.79377431906615, 2.0428015564202333, 0.38910505836575876, 40.46692607003891, 0.2918287937743191, 99.22178988326849, 4.377431906614786, 1.1673151750972763, 97.08171206225681, 78.6964980544747, 6.906614785992218, 69.64980544747081, 95.8171206225681, 5.447470817120623, 3.0155642023346303, 22.859922178988327, 100.0, 32.19844357976654, 99.0272373540856, 48.929961089494164, 100.0, 10.019455252918288, 53.89105058365759, 20.817120622568094, 81.03112840466926, 0.9727626459143969, 100.0, 34.24124513618677, 99.90272373540856, 98.15175097276264, 49.5136186770428, 75.38910505836576, 47.762645914396884, 95.13618677042801, 0.0, 100.0, 0.2918287937743191, 100.0, 0.7782101167315175, 28.79377431906615, 53.50194552529183, 64.00778210116732, 24.027237354085603, 49.31906614785992, 99.80544747081711, 85.99221789883268, 19.941634241245136, 13.424124513618677, 100.0, 2.431906614785992, 59.43579766536965, 20.817120622568094, 62.159533073929964, 89.78599221789884, 51.070038910505836, 42.80155642023346, 100.0, 71.59533073929961, 57.490272373540854, 67.8988326848249, 100.0, 99.90272373540856, 98.73540856031128, 100.0]
loss_list=[0.5751251695104751, 0.5178277986265782, 0.40570289538145327, 0.5184391795560482, 0.43609176498402824, 0.6989516986464721, 0.3958277054725511, 0.5482973729506934, 0.7721135882248725, 0.5385658709036483, 0.6667392380565773, 0.3978180217604128, 0.4269832639491589, 0.5089543232840069, 0.41267471340677875, 0.4797717951941347, 0.49330862045718266, 0.3749390410209186, 0.660995200672955, 0.3799301508106442, 0.38365264080932854, 0.45336961466592685, 0.40948903673011544, 0.4457597780766193, 0.6606051495536973, 0.45267973858755123, 0.4168759603776334, 0.3293413017007143, 0.504622875020147, 0.5586318359654224, 0.38423026239196817, 0.3209134472706024, 0.3472639558030096, 0.4416614523444196, 0.39918882905665126, 0.36875476293470993, 0.35108830766985194, 0.31991023948616726, 0.3593999322739465, 0.3501867070943895, 0.2555581497244994, 0.34842236050193587, 0.42266661280919743, 0.346920786767603, 0.5168161707964761, 0.336465914225152, 0.30892554218315005, 0.31433202904513274, 0.31412783094149965, 0.22937560202181986, 0.2412928156938102, 0.21803192044564507, 0.25957274998228835, 0.20971181206523634, 0.17795863336113044, 0.20505930764953115, 0.21042660939479163, 0.1961494085334346, 0.2425410028503881, 0.20206331905496203, 0.22443163318740658, 0.19597900123916798, 0.21193549081767277, 0.20780343171324303, 0.2416732957566166, 0.2521911651700874, 0.17056007236452492, 0.17106890725063514, 0.15750171457096349, 0.15219343503934954, 0.15865031531767124, 0.21660894767754613, 0.2288718047176375, 0.21553441699205128, 0.19258764037114343, 0.18058028296337328, 0.19553087583102066, 0.1635751071451586, 0.14280124156900154, 0.17293867428825455, 0.17763519789192214, 0.15856047892947156, 0.15817658937368026, 0.14326174912665315, 0.18055839931696652, 0.18096292898769237, 0.16859448736702737, 0.1634263670678012, 0.2269914809505922, 0.22690503035905793, 0.14048262205906886, 0.14806791381162368, 0.13628937751005796, 0.12990639850087163, 0.12337595355847845, 0.1287328172094594, 0.14866535532188815, 0.12990692803055195, 0.11498819713982544, 0.11208445121199441]
BBSR:100.0
ABSR:78.95
max acc:96.46
