======================================
    IID: 0
    Dataset: cifar
    Model: resnet
    Model Init: None
    Aggregation Function: mr_duc
    Long attack: 5
    Wide attack: 5
    Threshold reject: 0.5
    Threshold down: 0.1
    Attack method: badnet
    Fraction of malicious agents: 15.0%
    Poison Frac: 0.2
    Backdoor From 7 to 5
    Attack Begin: 0
    Trigger Shape: square
    Trigger Position X: 0
    Trigger Position Y: 0
    Number of agents: 100
    Fraction of agents each turn: 30(30.0%)
    Local batch size: 50
    Local epoch: 3
    Client_LR: 0.01
    Client_Momentum: 0.9
    Global Rounds: 100
======================================
main_task_accuracy=[0, 10.420000076293945, 20.729999542236328, 38.70000076293945, 41.90999984741211, 45.630001068115234, 50.400001525878906, 52.869998931884766, 55.779998779296875, 57.77000045776367, 57.93000030517578, 61.54999923706055, 58.97999954223633, 60.93000030517578, 61.47999954223633, 62.369998931884766, 63.279998779296875, 65.0999984741211, 64.55999755859375, 65.0999984741211, 65.51000213623047, 65.81999969482422, 66.29000091552734, 64.12999725341797, 68.68000030517578, 64.19999694824219, 69.30999755859375, 66.19999694824219, 68.36000061035156, 66.44999694824219, 68.66000366210938, 67.08999633789062, 68.5999984741211, 67.45999908447266, 68.62999725341797, 68.80000305175781, 69.69999694824219, 68.19999694824219, 69.08999633789062, 68.7300033569336, 71.11000061035156, 68.86000061035156, 70.31999969482422, 68.81999969482422, 70.6500015258789, 67.76000213623047, 69.86000061035156, 69.56999969482422, 69.86000061035156, 68.72000122070312, 71.22000122070312, 69.88999938964844, 72.06999969482422, 70.13999938964844, 70.58999633789062, 70.12999725341797, 71.44999694824219, 70.41000366210938, 70.20999908447266, 72.0, 67.81999969482422, 72.80000305175781, 70.48999786376953, 72.30000305175781, 69.7699966430664, 72.2300033569336, 72.41999816894531, 71.4000015258789, 72.19999694824219, 71.62000274658203, 72.06999969482422, 72.98999786376953, 71.94000244140625, 73.06999969482422, 72.1500015258789, 72.9000015258789, 72.79000091552734, 71.23999786376953, 72.37999725341797, 71.2300033569336, 72.94999694824219, 72.0999984741211, 71.55999755859375, 72.94999694824219, 73.1500015258789, 73.12000274658203, 73.19999694824219, 73.36000061035156, 72.5999984741211, 73.2699966430664, 72.2699966430664, 73.27999877929688, 72.94000244140625, 73.41000366210938, 73.13999938964844, 72.77999877929688, 72.75, 72.95999908447266, 72.63999938964844, 72.97000122070312, 73.83000183105469]
backdoor_accuracy=[0, 0.0, 5.5, 14.5, 9.7, 18.1, 10.3, 8.3, 12.6, 18.9, 16.9, 18.2, 15.0, 15.1, 20.8, 15.2, 14.2, 13.2, 13.9, 16.4, 15.5, 16.3, 17.1, 7.0, 19.3, 13.8, 22.5, 10.5, 26.4, 14.3, 23.4, 20.3, 22.8, 16.6, 19.6, 17.3, 27.8, 23.1, 21.3, 25.6, 19.1, 22.7, 20.3, 24.8, 26.6, 17.8, 30.1, 30.2, 20.7, 21.8, 23.9, 25.6, 27.7, 25.4, 35.4, 18.5, 35.4, 17.2, 40.8, 30.3, 13.6, 42.1, 30.1, 42.8, 35.4, 43.6, 27.7, 39.1, 32.1, 40.3, 31.8, 27.0, 45.5, 39.2, 35.9, 39.3, 32.4, 36.4, 40.2, 35.1, 38.5, 44.7, 31.2, 38.4, 44.5, 32.7, 33.1, 36.0, 35.1, 42.4, 41.7, 38.8, 53.8, 38.2, 48.2, 43.9, 41.2, 46.1, 42.4, 46.9, 45.6]
loss_list=[1.6633948008881676, 1.3834398619333903, 1.0826707235640949, 0.9259030848575964, 0.7792737032969793, 0.7397651413662568, 0.6308859887553585, 0.5961557366616196, 0.5812111715558502, 0.5489531999847126, 0.5008631483154992, 0.5088605574021737, 0.468090156622024, 0.5099290120146341, 0.4466789033056961, 0.4657564863645368, 0.4207262446296712, 0.4314623699958126, 0.3569953037275829, 0.3807844154422895, 0.3686478868147565, 0.3453969572267184, 0.34067579823597854, 0.3247783885264976, 0.3404342185028104, 0.35570523919123737, 0.32320602724639075, 0.3010692083346657, 0.33056690470470734, 0.28560507868313123, 0.30653616659808897, 0.28362065995112057, 0.2945172587766623, 0.2340611542428895, 0.2612017185238397, 0.2411741711385548, 0.2137300403680031, 0.26892062720687443, 0.22913677948138983, 0.2584686774995256, 0.2436140875352753, 0.2131743845740695, 0.23494090796396555, 0.21157730943484543, 0.22823656015796587, 0.17974299239098196, 0.20927677885978482, 0.23592308812975213, 0.19874174070958456, 0.1783953714879075, 0.17094586851734977, 0.16937890617901255, 0.14833352744385292, 0.13859684913322173, 0.1470676754684731, 0.16199272488534913, 0.16833950347904145, 0.1695232150774811, 0.15869592452654616, 0.14143263201927767, 0.16572804382355466, 0.11090865509688026, 0.14090719110617, 0.11826943296654562, 0.10864822611675157, 0.08948938390579617, 0.11155761406035808, 0.10664618744566622, 0.10070607475473986, 0.0879598795367444, 0.07699289878623353, 0.07299171317342876, 0.09195283815313211, 0.0900395214840925, 0.07835745353348707, 0.07484572888659183, 0.0770980283220706, 0.09220793809049709, 0.08340499153645296, 0.06260708145755214, 0.06505156588633934, 0.06131379166155562, 0.06014249721044001, 0.059869670454063446, 0.05978543159817085, 0.048649454525245044, 0.04620173338360878, 0.04837583153760838, 0.04892226927279909, 0.05230174376842721, 0.041431809643270555, 0.04509547057451627, 0.03135001769080797, 0.04211580702244345, 0.03367489219096671, 0.03815661113676874, 0.045065108544367835, 0.031006712337726245, 0.041402942812468015, 0.03580138267519133]
BBSR:53.8
ABSR:44.51
max acc:73.83
