======================================
    IID: 0
    Dataset: mnist
    Model: Mnist_CNN
    Model Init: None
    Aggregation Function: mr_abs
    Long attack: 3
    Wide attack: 3
    Threshold reject: 0.6
    Threshold down: 0.0
    Attack method: badnet
    Fraction of malicious agents: 15.0%
    Poison Frac: 0.2
    Backdoor From 7 to 5
    Attack Begin: 0
    Trigger Shape: square
    Trigger Position X: 0
    Trigger Position Y: 0
    Number of agents: 100
    Fraction of agents each turn: 30(30.0%)
    Local batch size: 50
    Local epoch: 3
    Client_LR: 0.01
    Client_Momentum: 0.9
    Global Rounds: 100
======================================
main_task_accuracy=[0, 23.360000610351562, 22.889999389648438, 32.65999984741211, 15.229999542236328, 42.560001373291016, 25.809999465942383, 28.34000015258789, 60.2400016784668, 42.97999954223633, 56.33000183105469, 71.75, 74.0, 76.01000213623047, 77.70999908447266, 77.63999938964844, 79.38999938964844, 82.66000366210938, 85.45999908447266, 79.37999725341797, 80.56999969482422, 51.790000915527344, 74.69000244140625, 87.72000122070312, 85.83999633789062, 83.5, 93.83000183105469, 86.95999908447266, 92.54000091552734, 89.6500015258789, 94.08999633789062, 93.19000244140625, 93.26000213623047, 93.45999908447266, 91.23999786376953, 91.43000030517578, 94.97000122070312, 94.91000366210938, 95.63999938964844, 94.95999908447266, 94.69999694824219, 94.0199966430664, 94.72000122070312, 96.37999725341797, 96.25, 91.83000183105469, 89.66999816894531, 96.81999969482422, 95.80999755859375, 96.43000030517578, 96.2300033569336, 97.62000274658203, 95.0199966430664, 96.9800033569336, 97.12999725341797, 96.68000030517578, 96.83999633789062, 97.19000244140625, 97.88999938964844, 97.79000091552734, 97.44000244140625, 97.29000091552734, 96.87000274658203, 96.16999816894531, 96.29000091552734, 97.12999725341797, 97.2300033569336, 97.7300033569336, 96.5, 96.97000122070312, 97.44999694824219, 98.25, 97.5, 97.98999786376953, 97.27999877929688, 96.69000244140625, 97.26000213623047, 97.8499984741211, 97.94999694824219, 96.9800033569336, 97.58999633789062, 98.11000061035156, 97.95999908447266, 98.0199966430664, 97.43000030517578, 97.91999816894531, 98.06999969482422, 98.20999908447266, 98.58000183105469, 98.08000183105469, 98.11000061035156, 98.01000213623047, 97.91999816894531, 98.05000305175781, 98.43000030517578, 98.2300033569336, 98.1500015258789, 98.02999877929688, 98.11000061035156, 98.54000091552734, 98.27999877929688]
backdoor_accuracy=[0, 0.0, 0.0, 0.0, 0.0, 0.0, 0.0, 2.529182879377432, 0.5836575875486382, 0.38910505836575876, 0.0, 0.0, 0.2918287937743191, 0.09727626459143969, 0.38910505836575876, 0.0, 2.9182879377431905, 0.0, 0.5836575875486382, 0.0, 0.0, 0.6809338521400778, 0.0, 0.0, 0.48638132295719844, 0.2918287937743191, 0.2918287937743191, 0.0, 0.19455252918287938, 0.0, 0.38910505836575876, 0.09727626459143969, 0.0, 2.6264591439688716, 0.19455252918287938, 6.614785992217898, 0.19455252918287938, 0.6809338521400778, 9.14396887159533, 2.6264591439688716, 9.630350194552529, 2.7237354085603114, 2.431906614785992, 41.9260700389105, 52.91828793774319, 12.84046692607004, 7.879377431906615, 77.14007782101167, 30.058365758754864, 51.65369649805447, 9.922178988326849, 67.50972762645914, 25.77821011673152, 91.73151750972762, 26.459143968871594, 75.38910505836576, 14.883268482490273, 89.39688715953308, 63.03501945525292, 97.08171206225681, 62.93774319066148, 98.73540856031128, 93.96887159533074, 99.31906614785993, 97.66536964980544, 99.90272373540856, 97.37354085603113, 99.0272373540856, 100.0, 78.11284046692607, 99.0272373540856, 100.0, 100.0, 100.0, 98.92996108949416, 100.0, 100.0, 100.0, 100.0, 100.0, 100.0, 100.0, 100.0, 100.0, 99.90272373540856, 100.0, 100.0, 100.0, 100.0, 100.0, 100.0, 100.0, 100.0, 100.0, 100.0, 100.0, 100.0, 100.0, 100.0, 100.0, 100.0]
loss_list=[0.47425607285760407, 0.28450679164204007, 0.28433596729435356, 0.43365588465073107, 0.36567516376657605, 0.38110810770611186, 0.31984199623378434, 0.4407159737855743, 0.22941766151527732, 0.2645396413128515, 0.23748944277122513, 0.1511329167507962, 0.1519954864187165, 0.14717324746094676, 0.13169207799689786, 0.13934043488436873, 0.11985028853108319, 0.10508258903045845, 0.11130431591003263, 0.09760557884819226, 0.15675510266548212, 0.2034853886813801, 0.1679850025860173, 0.12477196370124043, 0.09786459293954232, 0.11486234962274403, 0.07957379633357037, 0.06782014664298419, 0.0832811597791583, 0.07846022225814006, 0.0797247292385414, 0.06217562276104837, 0.08402930378996393, 0.07479656608450151, 0.08197565545393719, 0.062385097284217435, 0.06354307692044879, 0.06350706145312301, 0.05482837489196234, 0.058960261243512634, 0.053882369159221934, 0.058620298630909694, 0.057910183436395, 0.05697186807321363, 0.052745889171583724, 0.06461548522036215, 0.06402221033944931, 0.04710052034910759, 0.05131795925510855, 0.05001220767627425, 0.05434532455351283, 0.043990533752962614, 0.0507143340006173, 0.043635248198661304, 0.046994909666342156, 0.0417489230032218, 0.04189764325487675, 0.04368038960971456, 0.04219173481502713, 0.038884288117544734, 0.043096233835240715, 0.037866993225674585, 0.04157180346739128, 0.04318233703594201, 0.04330707083489069, 0.03560518321959686, 0.03738093317318058, 0.0337766864249605, 0.040565064167961386, 0.03430602601508497, 0.03737970449287112, 0.034340137385416164, 0.036222214031553256, 0.02963724522201998, 0.03170107941660787, 0.035324495966405176, 0.03200174917234462, 0.032450136008639704, 0.028366890602874475, 0.03655928509261449, 0.032895331632655005, 0.03094195470663929, 0.02865369316093136, 0.031771614430455404, 0.031787181632378085, 0.030535003556000806, 0.030585900169595323, 0.030627787326471128, 0.03136705796731681, 0.02822490513958108, 0.03049152114467196, 0.03234534516432934, 0.027347232412159042, 0.028569659328709456, 0.029134229116305553, 0.026469765725560982, 0.025213832944383244, 0.02811125973645813, 0.02786624964251322, 0.02516788148063303]
BBSR:100.0
ABSR:100.0
max acc:98.54
