======================================
    IID: 0
    Dataset: mnist
    Model: Mnist_CNN
    Model Init: None
    Aggregation Function: mr_duc
    Long attack: 3
    Wide attack: 3
    Attack method: badnet
    Fraction of malicious agents: 15.0%
    Poison Frac: 0.2
    Backdoor From 7 to 5
    Attack Begin: 0
    Trigger Shape: square
    Trigger Position X: 0
    Trigger Position Y: 0
    Number of agents: 100
    Fraction of agents each turn: 30(30.0%)
    Local batch size: 50
    Local epoch: 3
    Client_LR: 0.01
    Client_Momentum: 0.9
    Global Rounds: 100
======================================
main_task_accuracy=[0, 41.22999954223633, 42.040000915527344, 29.1200008392334, 61.88999938964844, 52.029998779296875, 62.09000015258789, 29.690000534057617, 62.630001068115234, 67.33000183105469, 63.11000061035156, 61.880001068115234, 71.47000122070312, 76.51000213623047, 80.22000122070312, 79.4800033569336, 85.73999786376953, 88.12000274658203, 90.3499984741211, 90.31999969482422, 84.77999877929688, 89.8499984741211, 92.4800033569336, 91.38999938964844, 94.70999908447266, 94.2300033569336, 92.58000183105469, 93.52999877929688, 89.6500015258789, 87.16000366210938, 88.77999877929688, 92.22000122070312, 90.1500015258789, 90.47000122070312, 90.56999969482422, 96.43000030517578, 93.87999725341797, 96.6500015258789, 96.91999816894531, 94.19000244140625, 90.79000091552734, 92.16000366210938, 88.36000061035156, 93.68000030517578, 93.52999877929688, 94.91000366210938, 96.80000305175781, 96.83999633789062, 96.80000305175781, 97.11000061035156, 96.80000305175781, 96.79000091552734, 96.2300033569336, 96.13999938964844, 97.0999984741211, 97.5, 97.30000305175781, 97.36000061035156, 97.62999725341797, 97.06999969482422, 98.05000305175781, 97.43000030517578, 96.72000122070312, 97.48999786376953, 95.19999694824219, 97.83000183105469, 97.76000213623047, 95.79000091552734, 97.37999725341797, 97.5, 97.8499984741211, 97.55000305175781, 97.62999725341797, 97.93000030517578, 97.68000030517578, 97.37999725341797, 97.44000244140625, 97.20999908447266, 97.23999786376953, 97.73999786376953, 97.8499984741211, 96.52999877929688, 98.04000091552734, 98.01000213623047, 97.08999633789062, 98.06999969482422, 98.08999633789062, 98.0, 98.1500015258789, 98.05000305175781, 97.91999816894531, 98.11000061035156, 97.7300033569336, 97.87999725341797, 97.63999938964844, 98.0, 98.25, 97.8499984741211, 98.05999755859375, 98.52999877929688, 98.13999938964844]
backdoor_accuracy=[0, 0.0, 0.0, 0.0, 0.0, 0.19455252918287938, 0.0, 0.0, 0.0, 0.19455252918287938, 0.0, 0.38910505836575876, 0.0, 0.2918287937743191, 0.0, 0.0, 0.2918287937743191, 0.0, 0.19455252918287938, 0.0, 0.2918287937743191, 0.0, 0.19455252918287938, 0.0, 0.0, 0.0, 0.0, 0.0, 0.0, 0.0, 0.6809338521400778, 0.0, 0.0, 1.3618677042801557, 0.0, 0.38910505836575876, 0.0, 0.5836575875486382, 0.19455252918287938, 3.8910505836575875, 0.0, 2.6264591439688716, 0.09727626459143969, 0.0, 1.3618677042801557, 0.0, 1.1673151750972763, 0.09727626459143969, 1.7509727626459144, 0.6809338521400778, 21.69260700389105, 0.2918287937743191, 28.404669260700388, 0.09727626459143969, 11.284046692607005, 0.9727626459143969, 5.933852140077821, 5.252918287937743, 13.813229571984436, 26.945525291828794, 41.63424124513619, 27.723735408560312, 27.626459143968873, 31.22568093385214, 93.3852140077821, 42.023346303501945, 8.073929961089494, 10.505836575875486, 48.249027237354085, 7.587548638132295, 71.10894941634241, 6.22568093385214, 26.070038910505836, 27.042801556420233, 96.10894941634241, 2.9182879377431905, 92.41245136186771, 3.0155642023346303, 58.75486381322957, 75.19455252918289, 19.844357976653697, 99.80544747081711, 46.400778210116734, 99.31906614785993, 97.85992217898833, 99.80544747081711, 97.95719844357977, 99.70817120622569, 98.5408560311284, 97.37354085603113, 99.70817120622569, 99.61089494163424, 100.0, 99.61089494163424, 99.61089494163424, 100.0, 99.61089494163424, 100.0, 98.73540856031128, 100.0, 99.12451361867704]
loss_list=[0.5136810753470419, 0.39165632207931, 0.2415963789190931, 0.28209080610743625, 0.2125495629246162, 0.20913082208219066, 0.24576813912031853, 0.21802698684349506, 0.17208407680637666, 0.15683523333990193, 0.1720006320780745, 0.15960211968678456, 0.12608031278850945, 0.1349764768786759, 0.10659727234428189, 0.10418138000617436, 0.10569391712367196, 0.08176500115363645, 0.07644332760822652, 0.07349006560098008, 0.09593917630525589, 0.0758659974492398, 0.06844644198302616, 0.07198164553597101, 0.06710757015463129, 0.06394091646883196, 0.06149432157824055, 0.08092005747186147, 0.06885108100567162, 0.07567318674289841, 0.07301469583158343, 0.06212831639845514, 0.06482888128502157, 0.07538998080595626, 0.061285435645231104, 0.0535519438801123, 0.06348163634765051, 0.05223045209359816, 0.04623233121891627, 0.05740461222521564, 0.059102495049791516, 0.07400715598483186, 0.05395881798199157, 0.05240327422150416, 0.05214068387186352, 0.049120843634863534, 0.04791037418400166, 0.04011581539096512, 0.04298192040077438, 0.036466117984992476, 0.040798089727857194, 0.03801146984884552, 0.04030654810787195, 0.043709317313326994, 0.03650279629953164, 0.033114387019294984, 0.03462323217569533, 0.03550273544725751, 0.033341294808481935, 0.03371148988838294, 0.030590272069040927, 0.037895447662242954, 0.030633358061819525, 0.03956352126868341, 0.034907197082356435, 0.026851065305663828, 0.031717223131219024, 0.03334956063352743, 0.03368005498694931, 0.033273617113828514, 0.029898767912318304, 0.033225644907416356, 0.028607414448570352, 0.031559697197173546, 0.03434150429074888, 0.0334298039600919, 0.03341868679291295, 0.03271479010724991, 0.03417161032598741, 0.03222775177246064, 0.03349852025612395, 0.031170110017288373, 0.030089217521918794, 0.025940547996446038, 0.028065433779367297, 0.02862165620497097, 0.023692066049568018, 0.030662821504360924, 0.02617482533589209, 0.028313513614754295, 0.025854213362440884, 0.02701302678796109, 0.026325774774704033, 0.02798235548283374, 0.02421509985045362, 0.02439051622389678, 0.027678658290309008, 0.025379118981730012, 0.024241316105955365, 0.022129173010255777]
BBSR:100.0
ABSR:99.63
max acc:98.53
