======================================
    IID: 1
    Dataset: cifar
    Model: resnet
    Model Init: None
    Aggregation Function: mr_abs
    Long attack: 5
    Wide attack: 5
    Threshold reject: 0.5
    Threshold down: 0.0
    Attack method: dba
    Fraction of malicious agents: 15.0%
    Poison Frac: 0.2
    Backdoor From 7 to 5
    Attack Begin: 0
    Trigger Shape: square
    Trigger Position X: 0
    Trigger Position Y: 0
    Number of agents: 100
    Fraction of agents each turn: 30(30.0%)
    Local batch size: 50
    Local epoch: 3
    Client_LR: 0.01
    Client_Momentum: 0.9
    Global Rounds: 100
======================================
main_task_accuracy=[0, 10.0, 29.989999771118164, 41.310001373291016, 42.75, 48.81999969482422, 53.84000015258789, 56.72999954223633, 58.029998779296875, 59.790000915527344, 61.900001525878906, 63.20000076293945, 64.3499984741211, 65.05000305175781, 64.70999908447266, 64.52999877929688, 65.9800033569336, 66.7300033569336, 66.8499984741211, 66.2300033569336, 67.37999725341797, 67.41000366210938, 69.48999786376953, 68.88999938964844, 68.73999786376953, 68.19000244140625, 69.30000305175781, 69.9000015258789, 71.01000213623047, 71.01000213623047, 70.87999725341797, 71.93000030517578, 71.5199966430664, 71.44000244140625, 70.94999694824219, 71.91999816894531, 71.87000274658203, 71.9800033569336, 72.47000122070312, 72.70999908447266, 72.88999938964844, 72.93000030517578, 73.0999984741211, 72.91000366210938, 73.38999938964844, 73.2300033569336, 73.52999877929688, 73.43000030517578, 72.5999984741211, 73.02999877929688, 73.05999755859375, 73.12000274658203, 72.98999786376953, 73.22000122070312, 73.0999984741211, 73.12999725341797, 72.93000030517578, 72.91999816894531, 72.9000015258789, 73.05999755859375, 72.97000122070312, 73.0199966430664, 73.06999969482422, 73.06999969482422, 72.97000122070312, 73.08000183105469, 72.7300033569336, 72.93000030517578, 73.0999984741211, 72.87999725341797, 72.91000366210938, 72.9000015258789, 72.80000305175781, 72.94999694824219, 73.1500015258789, 73.08000183105469, 72.87999725341797, 73.05000305175781, 73.06999969482422, 73.01000213623047, 72.91000366210938, 72.94000244140625, 72.94000244140625, 72.86000061035156, 72.79000091552734, 72.83000183105469, 72.93000030517578, 72.80000305175781, 72.75, 72.70999908447266, 72.62000274658203, 72.70999908447266, 72.62000274658203, 72.68000030517578, 72.54000091552734, 72.68000030517578, 72.61000061035156, 72.55999755859375, 72.69999694824219, 72.75, 72.7300033569336]
backdoor_accuracy=[0, 0.0, 6.6, 9.0, 7.1, 8.8, 10.2, 9.7, 11.2, 12.1, 7.1, 8.8, 9.9, 9.7, 7.8, 6.8, 5.7, 6.2, 9.2, 5.5, 6.3, 8.7, 7.7, 4.4, 7.1, 6.6, 7.2, 6.1, 7.3, 4.2, 9.4, 7.1, 8.1, 7.4, 4.8, 8.7, 7.3, 6.1, 7.3, 8.3, 5.4, 12.6, 6.5, 9.5, 6.0, 9.4, 7.5, 7.3, 8.2, 9.8, 10.3, 8.2, 9.8, 9.5, 8.8, 9.0, 9.7, 8.8, 11.1, 9.2, 9.3, 11.5, 7.5, 9.8, 8.4, 9.3, 9.6, 8.9, 9.8, 8.3, 10.0, 9.1, 10.6, 9.2, 10.6, 10.0, 10.2, 9.8, 10.0, 9.9, 9.3, 9.9, 9.2, 10.3, 10.2, 10.5, 10.4, 10.7, 10.5, 10.0, 10.3, 10.6, 10.2, 8.7, 9.9, 9.9, 9.7, 10.0, 10.4, 10.0, 9.9]
loss_list=[2.027828934722477, 1.540673322611385, 1.1274810821480223, 0.9497894717256227, 0.7716311313874189, 0.6803195555052823, 0.5990759131974642, 0.5604761016741395, 0.5131130596747001, 0.46194723066563415, 0.44021475151388173, 0.4449094776074507, 0.3561844627983453, 0.40186368709223136, 0.31713393157555003, 0.40044700127508903, 0.3000659623550665, 0.2938710693176836, 0.2577731622921096, 0.2926047579711302, 0.24872494017731187, 0.2685655605570517, 0.22122087516666702, 0.210043548372988, 0.24827604830484945, 0.18846089001538024, 0.20274126714949187, 0.1399150930859873, 0.16089259269608489, 0.12638901269244443, 0.12738670354709025, 0.10324731417562964, 0.14802089658423537, 0.13315862116416816, 0.10339900880722172, 0.11118219379600809, 0.11487710028104224, 0.07761562126132453, 0.04993971754150051, 0.043574495707612695, 0.06778211752935831, 0.068567829774628, 0.07303502756655994, 0.023034814886697046, 0.04301008870721691, 0.03629007945131486, 0.036792907357642735, 0.05528186797400446, 0.02467105906705708, 0.017664774545377855, 0.012130955342921275, 0.010187345747868271, 0.023610263421109667, 0.03067305911604005, 0.010038060906744146, 0.008537631567467339, 0.010561509510541023, 0.005883154528985163, 0.013940923079385862, 0.013470538442941483, 0.013714654302877737, 0.006359230452508201, 0.002484237451749828, 0.003983438090104351, 0.005913692579213401, 0.0025352447173726325, 0.006743174707436183, 0.006469210385548651, 0.002258797461949548, 0.0025237457544588127, 0.0028315459094139643, 0.0015803845909411192, 0.020554297102935378, 0.002588540560892499, 0.0016576148973642074, 0.0016210553368081395, 0.005513070330101378, 0.0012758854873471945, 0.0017287204313308593, 0.0030393219247020578, 0.0010872694958056351, 0.0029756227433325776, 0.0014110588188244344, 0.00102919890472549, 0.0010263911609702818, 0.0009972031377158904, 0.0009161429650784056, 0.0014534299609092864, 0.000832438397410442, 0.0015074639557375732, 0.00081115145152176, 0.001409868809415558, 0.0013500412389273856, 0.0012912227060345074, 0.0008051084658816563, 0.0011849457403877747, 0.0007301256879953951, 0.0006872065067081065, 0.0011102824650232731, 0.0006903784091910995]
BBSR:10.6
ABSR:9.93
max acc:72.75
