======================================
    IID: 1
    Dataset: cifar
    Model: resnet
    Model Init: None
    Aggregation Function: mr_duc
    Long attack: 3
    Wide attack: 3
    Threshold reject: 0.6
    Threshold down: 0.1
    Attack method: badnet
    Fraction of malicious agents: 16.0%
    Poison Frac: 0.2
    Backdoor From 7 to 5
    Attack Begin: 0
    Trigger Shape: square
    Trigger Position X: 0
    Trigger Position Y: 0
    Number of agents: 100
    Fraction of agents each turn: 30(30.0%)
    Local batch size: 50
    Local epoch: 3
    Client_LR: 0.01
    Client_Momentum: 0.9
    Global Rounds: 100
======================================
main_task_accuracy=[0, 10.260000228881836, 30.34000015258789, 45.54999923706055, 43.939998626708984, 50.90999984741211, 53.029998779296875, 54.959999084472656, 58.619998931884766, 58.38999938964844, 59.540000915527344, 61.900001525878906, 62.79999923706055, 63.65999984741211, 65.44000244140625, 63.58000183105469, 64.38999938964844, 66.22000122070312, 64.5199966430664, 66.3499984741211, 66.08999633789062, 67.58999633789062, 67.41000366210938, 68.33000183105469, 68.02999877929688, 69.11000061035156, 69.08999633789062, 68.54000091552734, 70.68000030517578, 69.30999755859375, 69.93000030517578, 69.3499984741211, 70.33999633789062, 70.56999969482422, 72.13999938964844, 72.80000305175781, 72.18000030517578, 71.68000030517578, 72.26000213623047, 71.61000061035156, 72.98999786376953, 72.93000030517578, 72.62000274658203, 72.94999694824219, 72.68000030517578, 72.68000030517578, 73.13999938964844, 72.70999908447266, 72.80000305175781, 72.87999725341797, 72.7699966430664, 72.94999694824219, 72.87000274658203, 72.95999908447266, 72.86000061035156, 72.8499984741211, 72.80000305175781, 72.63999938964844, 72.55999755859375, 72.69000244140625, 72.79000091552734, 72.66000366210938, 72.66999816894531, 72.72000122070312, 72.61000061035156, 72.47000122070312, 72.54000091552734, 72.58000183105469, 72.30999755859375, 72.37999725341797, 72.44999694824219, 72.47000122070312, 72.29000091552734, 72.2699966430664, 72.30000305175781, 72.29000091552734, 72.2300033569336, 72.27999877929688, 72.19999694824219, 72.18000030517578, 72.2300033569336, 72.08999633789062, 72.1500015258789, 72.05999755859375, 72.16000366210938, 72.08999633789062, 72.05999755859375, 72.12999725341797, 72.22000122070312, 72.23999786376953, 72.12999725341797, 72.20999908447266, 71.98999786376953, 72.05000305175781, 71.94999694824219, 72.08999633789062, 72.05000305175781, 72.06999969482422, 72.0199966430664, 72.05000305175781, 71.98999786376953]
backdoor_accuracy=[0, 0.0, 9.6, 17.3, 17.8, 9.6, 12.5, 13.5, 5.2, 7.3, 7.5, 8.6, 5.4, 10.1, 8.4, 4.9, 5.2, 6.9, 5.9, 6.4, 4.0, 6.5, 4.1, 7.1, 5.4, 5.3, 5.6, 5.1, 5.8, 7.3, 4.8, 7.0, 9.5, 3.9, 7.2, 5.8, 5.8, 9.6, 3.1, 6.7, 5.9, 5.1, 6.3, 5.8, 5.9, 6.0, 5.9, 6.6, 8.0, 5.4, 7.2, 6.1, 8.6, 6.2, 7.0, 7.5, 6.3, 5.7, 8.2, 5.2, 7.1, 7.1, 6.1, 5.3, 7.4, 7.6, 6.9, 7.3, 7.1, 6.1, 6.5, 6.1, 5.2, 7.0, 6.6, 7.1, 6.9, 6.0, 6.6, 6.1, 6.3, 6.5, 5.9, 6.6, 7.0, 6.4, 6.2, 5.0, 6.1, 6.4, 7.0, 6.9, 6.2, 6.1, 6.1, 6.4, 5.9, 6.6, 6.5, 6.3, 6.4]
loss_list=[1.9563012319140964, 1.4752146339416508, 1.0591314184996816, 0.9316042150225905, 0.7446482785460022, 0.6786964160493678, 0.5998699155284298, 0.5328783537116316, 0.5044183426288268, 0.5084542360467215, 0.43286860084368123, 0.39180104938956595, 0.41470403201257183, 0.3848181730984813, 0.34159453602300754, 0.3276845304812822, 0.31361521250723545, 0.3186958968753203, 0.3095335643241802, 0.27812187967511515, 0.2594881486178686, 0.2873871921685834, 0.20694264525314796, 0.24446215007298938, 0.21965820788819757, 0.17258325377750836, 0.17802788157546373, 0.17894544388089953, 0.15538633883801395, 0.1884496995379838, 0.18266102496353492, 0.13338150813580593, 0.11626431276362077, 0.09071950543089767, 0.09082977971889906, 0.09389349314798083, 0.10564908245474926, 0.06286205085544176, 0.08728636513198985, 0.05349668069137907, 0.03552294882835768, 0.04885588441684377, 0.04350848821473644, 0.03689881659184013, 0.05018468346420883, 0.03363059647009424, 0.030800315567660927, 0.04908964638591796, 0.01927969664338484, 0.01948557887022617, 0.005624436870534234, 0.01738363573457011, 0.01547548981102106, 0.008602699319971076, 0.009605449421974804, 0.004383856599678337, 0.0058190835679933, 0.020480512433439603, 0.005562403271081469, 0.005662358955467225, 0.008643058857899935, 0.005437305487349578, 0.006510752765785178, 0.0047490276653358405, 0.0020476657508536143, 0.0033063214078558503, 0.0033784127158934195, 0.0026061755376576914, 0.002881607911969897, 0.0015552493833173584, 0.0015395170487479647, 0.0036862862224613002, 0.0018956228114176258, 0.0016475657519994355, 0.003790676363213505, 0.0012610651794885696, 0.0025893680918832413, 0.001315636049580967, 0.0012050156325858553, 0.0019654639000267096, 0.0024005550054425843, 0.0010221288199601178, 0.0014606951314959182, 0.0011007792836446443, 0.0009837368614939303, 0.0014214641809748069, 0.0025435328300793332, 0.002190172620757948, 0.002897543830614369, 0.0023863275473801583, 0.0018661225203848314, 0.0009339867454319675, 0.0008007026739990882, 0.000795505977536474, 0.0007372916225075539, 0.0012225647963027264, 0.0007113811982950818, 0.0006798072169961718, 0.0009636144588956893, 0.0006760816210508994]
BBSR:6.9
ABSR:6.34
max acc:72.21
