======================================
    IID: 1
    Dataset: cifar
    Model: resnet
    Model Init: None
    Aggregation Function: mr_duc
    Long attack: 5
    Wide attack: 5
    Threshold reject: 0.6
    Threshold down: 0.2
    Attack method: badnet
    Fraction of malicious agents: 16.0%
    Poison Frac: 0.2
    Backdoor From 7 to 5
    Attack Begin: 0
    Trigger Shape: square
    Trigger Position X: 0
    Trigger Position Y: 0
    Number of agents: 100
    Fraction of agents each turn: 30(30.0%)
    Local batch size: 50
    Local epoch: 3
    Client_LR: 0.01
    Client_Momentum: 0.9
    Global Rounds: 100
======================================
main_task_accuracy=[0, 10.0, 28.469999313354492, 42.0099983215332, 46.84000015258789, 48.06999969482422, 52.61000061035156, 56.31999969482422, 58.2400016784668, 57.08000183105469, 60.720001220703125, 61.2599983215332, 63.849998474121094, 63.16999816894531, 64.88999938964844, 64.54000091552734, 66.63999938964844, 66.30000305175781, 67.06999969482422, 67.9800033569336, 67.3499984741211, 67.5199966430664, 68.41000366210938, 67.62000274658203, 68.7699966430664, 68.30000305175781, 69.51000213623047, 69.27999877929688, 70.11000061035156, 70.97000122070312, 70.6500015258789, 70.70999908447266, 71.52999877929688, 72.4000015258789, 72.0199966430664, 72.12999725341797, 71.5999984741211, 72.31999969482422, 72.83999633789062, 72.80999755859375, 72.1500015258789, 72.73999786376953, 73.04000091552734, 73.13999938964844, 73.22000122070312, 73.19000244140625, 73.30000305175781, 73.19999694824219, 73.43000030517578, 73.5, 73.44999694824219, 73.2300033569336, 73.12000274658203, 73.2300033569336, 73.12999725341797, 73.25, 73.1500015258789, 73.37999725341797, 73.1500015258789, 73.27999877929688, 73.13999938964844, 73.18000030517578, 73.08999633789062, 73.08999633789062, 73.16000366210938, 73.23999786376953, 73.08999633789062, 73.08000183105469, 73.08000183105469, 73.0999984741211, 73.0199966430664, 73.08000183105469, 72.95999908447266, 72.73999786376953, 72.97000122070312, 72.83000183105469, 72.8499984741211, 72.83000183105469, 72.87000274658203, 72.75, 72.55000305175781, 72.81999969482422, 72.7300033569336, 72.8499984741211, 72.77999877929688, 72.76000213623047, 72.69999694824219, 72.81999969482422, 72.86000061035156, 72.7699966430664, 72.7699966430664, 72.8499984741211, 72.91999816894531, 72.77999877929688, 72.91000366210938, 72.9000015258789, 72.80999755859375, 72.68000030517578, 72.79000091552734, 72.7300033569336, 72.75]
backdoor_accuracy=[0, 0.0, 10.4, 29.2, 22.0, 14.9, 16.0, 17.2, 17.4, 15.1, 14.6, 14.6, 11.9, 13.5, 14.3, 16.1, 10.7, 11.8, 18.8, 15.9, 12.1, 12.1, 15.0, 10.1, 11.9, 11.3, 16.0, 15.0, 18.7, 14.9, 17.0, 11.7, 14.9, 20.1, 15.2, 17.2, 18.1, 20.1, 17.3, 22.2, 18.6, 24.9, 20.0, 21.1, 22.2, 23.3, 22.5, 24.1, 26.2, 24.8, 25.3, 23.1, 27.5, 22.5, 22.6, 25.9, 26.7, 26.9, 28.0, 26.1, 29.0, 27.2, 26.9, 27.6, 27.5, 29.7, 27.5, 28.6, 30.3, 30.0, 27.2, 28.4, 30.0, 32.2, 31.5, 30.9, 29.5, 30.1, 31.2, 31.6, 31.4, 31.3, 30.5, 30.7, 29.6, 30.4, 34.1, 32.3, 31.5, 28.8, 31.0, 30.5, 30.9, 30.9, 30.1, 30.8, 30.6, 30.0, 31.9, 32.1, 31.9]
loss_list=[2.043661166826884, 1.5703313186433578, 1.1886168348126942, 0.995216443836689, 0.8145369357119002, 0.7083171058446168, 0.6285921107729276, 0.578356878935463, 0.5238140796559553, 0.5041961333569553, 0.46587578422493403, 0.41382520892553853, 0.42693658102510706, 0.3924547376545767, 0.4278823720456826, 0.34210692779885404, 0.3190676938245694, 0.3572232268905888, 0.25982228775198263, 0.29834508518274455, 0.30787072488831146, 0.2615577522251341, 0.25409980540603605, 0.23415889409370724, 0.20281041242233996, 0.2068236941319062, 0.20031215474902028, 0.1892007187668544, 0.14351840520018921, 0.1545024976579265, 0.143124148038397, 0.1368812125233106, 0.1399675051403594, 0.08958308815044197, 0.10356602518340678, 0.12155915542350464, 0.08882771740318277, 0.0715798346310233, 0.1141012306035393, 0.12356063962868778, 0.04632835703048234, 0.05416870367668, 0.034775682672690086, 0.05391475298720049, 0.020548873608931904, 0.049612473825270884, 0.02501021926032586, 0.04370489689165779, 0.025693712427714167, 0.024250547891586188, 0.014195752662296094, 0.013440972265056592, 0.02214577555549719, 0.026761172943127656, 0.007191060941873327, 0.007966138614477437, 0.012288544217945955, 0.006526331078202928, 0.008084501787509201, 0.0044866256256096285, 0.0036184139444311657, 0.008455944367597107, 0.0027862544162457602, 0.008352206487648395, 0.0021037256534974505, 0.00871468115816242, 0.0035906166685324733, 0.0028404642779625853, 0.0021919329633884547, 0.0031297996162417503, 0.005232033892502336, 0.0015253250588365417, 0.002567663829427652, 0.001230541824899976, 0.001724885447296805, 0.0016322697802550266, 0.0012188281825688642, 0.0011105834335952145, 0.0009715879647733852, 0.0011087814516374946, 0.0009995285132026767, 0.0013258026934151233, 0.0011142757959573322, 0.0009873932876831126, 0.0014446502997695163, 0.005602053809012028, 0.0009224569897762398, 0.0016668212902247132, 0.0019043060609369093, 0.0007761303018519862, 0.0009053476513670629, 0.0007422044241199424, 0.0007662108752265339, 0.000896526911771313, 0.0008070853295875066, 0.0007104650650095816, 0.0010106696418693494, 0.0006532509041668769, 0.0006950542805619383, 0.0006723975331988187]
BBSR:32.1
ABSR:30.97
max acc:72.92
