======================================
    IID: 1
    Dataset: cifar
    Model: resnet
    Model Init: None
    Aggregation Function: mr_duc
    Long attack: 2
    Wide attack: 2
    Threshold reject: 0.6
    Threshold down: 0.1
    Attack method: dba
    Fraction of malicious agents: 15.0%
    Poison Frac: 0.2
    Backdoor From 7 to 5
    Attack Begin: 0
    Trigger Shape: square
    Trigger Position X: 0
    Trigger Position Y: 0
    Number of agents: 100
    Fraction of agents each turn: 30(30.0%)
    Local batch size: 50
    Local epoch: 3
    Client_LR: 0.01
    Client_Momentum: 0.9
    Global Rounds: 100
======================================
main_task_accuracy=[0, 10.010000228881836, 29.489999771118164, 42.599998474121094, 45.75, 51.7400016784668, 54.52000045776367, 56.31999969482422, 59.63999938964844, 61.97999954223633, 60.63999938964844, 62.779998779296875, 63.61000061035156, 64.27999877929688, 64.08999633789062, 65.16000366210938, 66.61000061035156, 67.05999755859375, 67.41999816894531, 67.0, 68.29000091552734, 68.66000366210938, 68.52999877929688, 68.98999786376953, 69.75, 70.38999938964844, 70.25, 69.41999816894531, 70.83999633789062, 71.44999694824219, 70.9800033569336, 71.76000213623047, 70.61000061035156, 71.66999816894531, 72.3499984741211, 71.97000122070312, 72.30000305175781, 73.04000091552734, 72.70999908447266, 73.05999755859375, 72.93000030517578, 73.0, 73.62000274658203, 73.08999633789062, 73.33000183105469, 73.62000274658203, 73.37000274658203, 73.41999816894531, 73.43000030517578, 73.33000183105469, 73.29000091552734, 73.51000213623047, 73.19999694824219, 73.7300033569336, 73.44999694824219, 73.33000183105469, 73.38999938964844, 73.23999786376953, 73.19000244140625, 73.22000122070312, 73.22000122070312, 73.2300033569336, 73.0999984741211, 73.18000030517578, 73.25, 73.06999969482422, 73.0199966430664, 73.01000213623047, 73.04000091552734, 73.0, 72.94000244140625, 72.91000366210938, 73.02999877929688, 73.05000305175781, 73.0, 73.05999755859375, 73.06999969482422, 73.0199966430664, 73.02999877929688, 72.95999908447266, 72.87999725341797, 72.87000274658203, 72.81999969482422, 72.8499984741211, 72.7300033569336, 72.81999969482422, 72.76000213623047, 72.91000366210938, 72.66000366210938, 72.79000091552734, 72.83000183105469, 72.9000015258789, 72.81999969482422, 72.87999725341797, 72.80999755859375, 72.83999633789062, 72.7699966430664, 72.80999755859375, 72.80000305175781, 72.75, 72.73999786376953]
backdoor_accuracy=[0, 0.0, 5.5, 9.5, 7.0, 9.9, 14.3, 11.7, 14.2, 15.6, 12.7, 10.4, 8.9, 9.3, 7.4, 11.9, 8.8, 10.6, 9.2, 7.9, 6.4, 6.4, 8.1, 7.6, 8.4, 10.5, 8.3, 7.9, 7.7, 9.7, 9.2, 10.3, 8.2, 11.5, 9.8, 8.7, 9.2, 8.5, 7.0, 11.6, 7.9, 9.9, 10.7, 8.7, 11.9, 9.4, 8.3, 10.0, 10.6, 11.4, 9.2, 11.1, 10.8, 11.0, 10.3, 12.0, 11.8, 11.7, 11.0, 14.1, 11.2, 10.5, 11.3, 11.3, 11.5, 10.6, 10.9, 10.4, 11.6, 10.8, 11.6, 11.3, 11.9, 10.8, 11.6, 11.7, 11.5, 11.4, 11.2, 12.3, 11.2, 12.0, 11.7, 12.3, 11.8, 12.1, 12.1, 11.5, 11.2, 11.3, 11.4, 11.3, 11.7, 11.9, 11.6, 12.0, 11.7, 11.6, 12.3, 11.9, 12.2]
loss_list=[1.9879669805367792, 1.5189095193809934, 1.1179568567540912, 0.9269799260795117, 0.7929823219776152, 0.6847422486046951, 0.5715777460154559, 0.5577509695581264, 0.4828466277238395, 0.4983832666422757, 0.44136660720532134, 0.4125800811292396, 0.3873263203031901, 0.3425913627414653, 0.37773811751045294, 0.3442355786253595, 0.32250141649144803, 0.29319693441916667, 0.26782159748383694, 0.31446967329416003, 0.2118795009174695, 0.25654269569825067, 0.24897247727184244, 0.17998952236052398, 0.20710859925783656, 0.170600146719953, 0.20786631799768657, 0.1436283542596114, 0.15627863701549358, 0.16288526296783756, 0.14005492343877754, 0.15726120562318505, 0.13665159725784584, 0.10839720209413724, 0.13861794337901906, 0.09470941562102074, 0.10531003541144957, 0.0639183188600388, 0.0629999410256278, 0.07719514391986497, 0.06594114414067005, 0.06641219188436581, 0.06949756146951885, 0.02966185120196314, 0.0481331216488939, 0.03297687687293445, 0.04043286834523314, 0.029515765626630233, 0.021782324619448956, 0.013669773555367202, 0.007438095390292195, 0.010147262158473799, 0.018526632801416174, 0.010464871369218195, 0.019709983106909527, 0.005047125075555717, 0.008166183659454368, 0.003992303345779268, 0.005513790953312611, 0.003228476222575409, 0.007185170670563822, 0.003435399276172069, 0.003215791753997716, 0.005122645825985173, 0.0020040644452900673, 0.002703086577789185, 0.0019259526904109707, 0.001740734818967111, 0.0019666676852567533, 0.0022050610739582526, 0.002221699079600512, 0.001881450682639196, 0.002977344493758412, 0.001311088185320841, 0.0012951430551280888, 0.0023230943102842297, 0.0011576900510327608, 0.0020211556522230644, 0.0011092164859292097, 0.0011382485110597272, 0.0020432034299867363, 0.0010185216534591747, 0.0009380962698115683, 0.0009103674189261962, 0.000952441759816591, 0.0008929231537654739, 0.007597138357240411, 0.002764319287242768, 0.0009129668668821166, 0.000940589465414329, 0.0011586566323644042, 0.0027997963558138712, 0.0007799566717423862, 0.0008019864863793676, 0.0008955451416356177, 0.0011219929905281686, 0.0021403058730841925, 0.0007291167708576216, 0.0007245279908885195, 0.0006384782290923694]
BBSR:12.3
ABSR:11.82
max acc:72.9
