======================================
    IID: 1
    Dataset: cifar
    Model: resnet
    Model Init: None
    Aggregation Function: mr_duc
    Long attack: 3
    Wide attack: 3
    Threshold reject: 0.3
    Attack method: badnet
    Fraction of malicious agents: 15.0%
    Poison Frac: 0.2
    Backdoor From 7 to 5
    Attack Begin: 0
    Trigger Shape: square
    Trigger Position X: 0
    Trigger Position Y: 0
    Number of agents: 100
    Fraction of agents each turn: 30(30.0%)
    Local batch size: 50
    Local epoch: 3
    Client_LR: 0.01
    Client_Momentum: 0.9
    Global Rounds: 100
======================================
main_task_accuracy=[0, 10.0, 30.260000228881836, 40.7599983215332, 46.77000045776367, 51.38999938964844, 54.97999954223633, 57.20000076293945, 59.79999923706055, 61.779998779296875, 62.16999816894531, 63.18000030517578, 63.630001068115234, 65.33999633789062, 64.77999877929688, 65.91000366210938, 66.11000061035156, 67.05999755859375, 67.31999969482422, 67.87999725341797, 67.45999908447266, 67.44999694824219, 67.41999816894531, 66.97000122070312, 69.63999938964844, 69.44000244140625, 69.08999633789062, 69.37000274658203, 69.66999816894531, 70.33999633789062, 70.43000030517578, 70.62000274658203, 70.88999938964844, 70.72000122070312, 71.68000030517578, 71.44999694824219, 71.83000183105469, 71.91000366210938, 72.13999938964844, 72.18000030517578, 72.08000183105469, 72.58999633789062, 72.26000213623047, 72.45999908447266, 72.4000015258789, 72.36000061035156, 72.54000091552734, 72.72000122070312, 72.55000305175781, 72.55999755859375, 72.5, 72.48999786376953, 72.55999755859375, 72.25, 72.44999694824219, 72.80000305175781, 72.43000030517578, 72.62999725341797, 72.63999938964844, 72.37000274658203, 72.26000213623047, 72.16999816894531, 72.43000030517578, 72.41999816894531, 72.3499984741211, 72.3499984741211, 72.29000091552734, 72.08999633789062, 72.18000030517578, 72.27999877929688, 72.23999786376953, 72.0999984741211, 72.22000122070312, 72.0999984741211, 72.16999816894531, 72.33000183105469, 72.30000305175781, 72.26000213623047, 72.2300033569336, 72.33999633789062, 72.29000091552734, 72.25, 72.31999969482422, 72.2300033569336, 72.23999786376953, 72.08999633789062, 72.23999786376953, 72.18000030517578, 72.22000122070312, 72.16000366210938, 72.06999969482422, 72.16000366210938, 72.19000244140625, 72.08000183105469, 72.16999816894531, 72.11000061035156, 72.05999755859375, 72.12000274658203, 72.08999633789062, 72.05999755859375, 72.05000305175781]
backdoor_accuracy=[0, 0.0, 14.7, 25.5, 14.7, 9.0, 6.8, 8.5, 9.7, 6.9, 11.0, 8.3, 8.4, 9.3, 8.3, 8.1, 11.8, 8.6, 7.1, 5.4, 4.8, 8.8, 10.9, 4.2, 6.1, 6.2, 7.7, 8.0, 6.0, 4.8, 3.9, 2.7, 5.9, 6.2, 5.0, 6.4, 7.7, 6.7, 5.5, 7.3, 5.3, 7.3, 7.1, 7.7, 8.6, 6.2, 6.9, 6.5, 7.8, 6.7, 6.0, 5.1, 7.0, 6.2, 6.5, 6.0, 7.9, 7.1, 6.4, 7.0, 7.1, 7.3, 7.1, 6.9, 6.8, 7.3, 6.9, 7.1, 7.5, 7.0, 6.8, 7.4, 7.1, 6.6, 7.0, 6.5, 6.8, 7.2, 7.2, 6.8, 6.8, 6.8, 6.5, 7.4, 7.1, 7.0, 7.0, 7.0, 7.1, 6.9, 7.2, 7.3, 6.9, 7.1, 7.3, 7.4, 7.0, 6.9, 6.9, 6.7, 7.0]
loss_list=[1.9553674058119455, 1.4737402501371168, 1.1437000323997606, 0.925457796090179, 0.783611531092061, 0.6749306542177995, 0.6188882230098048, 0.5650084268529382, 0.5219974714186457, 0.49898447381332506, 0.4331725015843081, 0.41107285471633076, 0.40378597844857717, 0.37583781689095, 0.3820004068252941, 0.3724668920185002, 0.32658765300177034, 0.3188686858221061, 0.2879419743562013, 0.2578417119497641, 0.3011556979574056, 0.25511004358866357, 0.2283383105327893, 0.20762172932219172, 0.2261148261775573, 0.18990329911893544, 0.1834878733552371, 0.2254309934301354, 0.13435073633523037, 0.1863096333912108, 0.11896764113425486, 0.1438696920813527, 0.1357039539923426, 0.12656460911080808, 0.10784903975811577, 0.10913078969603195, 0.07629163855428082, 0.0889773341168701, 0.06294379211289602, 0.06504921669347417, 0.04778773698907269, 0.05885245538847004, 0.05594442655591087, 0.0562671224143964, 0.05881430804855579, 0.055080760668626876, 0.02356832750128686, 0.013033211416623088, 0.016457295749892686, 0.0371207946783074, 0.025587509129222273, 0.013455611441523716, 0.016043601692007442, 0.042167793422057814, 0.012395488680566719, 0.005368805899698703, 0.010614340316808213, 0.01147736202972333, 0.0059439618797720575, 0.004507867219346938, 0.006698083064256935, 0.0027453806569327655, 0.005361689791768892, 0.002241925343777338, 0.0079164690985312, 0.0043359906047408005, 0.002955805531495976, 0.002481962297606515, 0.001653859476807864, 0.0016259904964600637, 0.007185507867511153, 0.0015975171016503335, 0.003513394749509947, 0.0017311996980020519, 0.0015459614175213374, 0.0020471535952270234, 0.0014576347464268717, 0.0018993060891484173, 0.0013351928602787666, 0.001115093209187358, 0.0011045590555618726, 0.004553792140973707, 0.00098677912268613, 0.0012958433868415244, 0.0010067999650426726, 0.0009404928200981683, 0.0015397465582726807, 0.0009305531827946348, 0.0008269868361255956, 0.0007957789792918546, 0.000824511873894759, 0.0006856405295224654, 0.000675220207324148, 0.0008018572394697305, 0.0007994936137563653, 0.0007549319214740534, 0.0007621572953778216, 0.0007086837748647667, 0.0007674145509776683, 0.0007159479834566204]
BBSR:7.4
ABSR:7.05
max acc:72.19
