======================================
    IID: 0
    Dataset: mnist
    Model: Mnist_CNN
    Model Init: None
    Aggregation Function: mr_duc
    Long attack: 5
    Wide attack: 5
    Threshold reject: 0.5
    Threshold down: 0.3
    Attack method: dba
    Fraction of malicious agents: 15.0%
    Poison Frac: 0.2
    Backdoor From 7 to 5
    Attack Begin: 0
    Trigger Shape: square
    Trigger Position X: 0
    Trigger Position Y: 0
    Number of agents: 100
    Fraction of agents each turn: 30(30.0%)
    Local batch size: 50
    Local epoch: 3
    Client_LR: 0.01
    Client_Momentum: 0.9
    Global Rounds: 100
======================================
main_task_accuracy=[0, 25.350000381469727, 29.920000076293945, 32.790000915527344, 41.150001525878906, 45.65999984741211, 57.560001373291016, 49.31999969482422, 71.2699966430664, 76.62000274658203, 66.30999755859375, 66.23999786376953, 75.97000122070312, 75.55000305175781, 81.22000122070312, 74.55999755859375, 71.66000366210938, 76.08000183105469, 84.66000366210938, 88.94000244140625, 80.54000091552734, 82.80999755859375, 90.51000213623047, 85.29000091552734, 94.22000122070312, 95.55999755859375, 94.73999786376953, 88.38999938964844, 87.0199966430664, 92.2699966430664, 93.61000061035156, 93.25, 88.93000030517578, 89.0999984741211, 85.52999877929688, 91.88999938964844, 93.16000366210938, 95.4000015258789, 95.41999816894531, 95.2699966430664, 91.55999755859375, 96.0199966430664, 94.05000305175781, 97.12000274658203, 94.91000366210938, 94.58999633789062, 95.91000366210938, 95.66000366210938, 95.75, 95.62000274658203, 97.04000091552734, 97.12000274658203, 95.88999938964844, 96.01000213623047, 97.30999755859375, 95.88999938964844, 97.13999938964844, 97.44999694824219, 96.18000030517578, 96.08999633789062, 97.08000183105469, 90.01000213623047, 95.33000183105469, 96.26000213623047, 95.63999938964844, 92.69999694824219, 87.52999877929688, 94.33999633789062, 87.19999694824219, 95.54000091552734, 97.20999908447266, 97.62999725341797, 95.91999816894531, 96.9800033569336, 97.7300033569336, 95.44999694824219, 97.87000274658203, 97.77999877929688, 97.16999816894531, 97.83000183105469, 97.69999694824219, 97.68000030517578, 97.30000305175781, 96.61000061035156, 97.87000274658203, 97.18000030517578, 97.47000122070312, 98.0199966430664, 97.7300033569336, 97.0, 97.7699966430664, 97.66999816894531, 98.20999908447266, 98.02999877929688, 98.08999633789062, 98.12999725341797, 98.02999877929688, 97.72000122070312, 97.91999816894531, 96.81999969482422, 97.37000274658203]
backdoor_accuracy=[0, 0.0, 0.09727626459143969, 0.0, 0.2918287937743191, 0.0, 0.0, 0.19455252918287938, 0.0, 0.0, 0.38910505836575876, 0.0, 0.2918287937743191, 0.0, 0.0, 0.0, 3.307392996108949, 0.0, 0.0, 0.09727626459143969, 0.0, 0.2918287937743191, 0.5836575875486382, 0.0, 0.38910505836575876, 0.2918287937743191, 3.0155642023346303, 0.0, 2.529182879377432, 0.2918287937743191, 11.381322957198444, 0.09727626459143969, 21.011673151750973, 0.0, 40.07782101167315, 0.2918287937743191, 13.618677042801556, 0.48638132295719844, 3.404669260700389, 2.821011673151751, 3.7937743190661477, 12.743190661478598, 5.836575875486381, 22.470817120622566, 24.513618677042803, 52.91828793774319, 2.3346303501945527, 34.53307392996109, 3.21011673151751, 65.56420233463035, 9.14396887159533, 81.03112840466926, 1.7509727626459144, 42.31517509727627, 27.626459143968873, 96.40077821011673, 5.058365758754864, 63.2295719844358, 20.817120622568094, 83.36575875486382, 77.91828793774319, 59.63035019455253, 97.85992217898833, 85.21400778210116, 97.66536964980544, 68.19066147859922, 96.88715953307393, 96.78988326848248, 97.56809338521401, 94.94163424124514, 99.70817120622569, 96.78988326848248, 100.0, 92.31517509727627, 74.90272373540856, 99.5136186770428, 99.90272373540856, 99.31906614785993, 100.0, 99.80544747081711, 99.70817120622569, 100.0, 90.85603112840467, 99.90272373540856, 94.64980544747081, 98.63813229571984, 97.27626459143968, 99.5136186770428, 100.0, 90.36964980544747, 100.0, 96.20622568093385, 100.0, 100.0, 93.28793774319067, 100.0, 99.5136186770428, 100.0, 99.80544747081711, 100.0, 100.0]
loss_list=[0.5060521373508549, 0.3758132717667721, 0.4090601775950482, 0.3373259900971962, 0.3164540348417593, 0.2560341452519299, 0.2377597286053917, 0.1987744890555323, 0.2264066042453709, 0.1459235071083527, 0.12200728586454605, 0.17127445535665628, 0.22164301005495707, 0.18834658725425074, 0.10825946101524062, 0.1353544506585334, 0.18682375666153034, 0.13216940571826336, 0.10962831831087534, 0.12595937337512486, 0.13665773821742405, 0.1034452797418333, 0.09496353410304455, 0.10312325100867045, 0.0916075407198588, 0.06445382653555286, 0.0730755016265903, 0.10212105898585527, 0.07705475573577157, 0.07527384164896793, 0.06480912219311166, 0.08456133055680505, 0.0790220442798346, 0.10310546286028191, 0.09373248948751788, 0.07114380208752963, 0.06420133426117731, 0.06554744107158525, 0.0697382312166345, 0.05769168085909296, 0.061549721909361484, 0.051536026175328715, 0.0662122635806045, 0.04712364208452721, 0.05299213793097368, 0.05668807935560164, 0.056037969103838924, 0.053227872538022164, 0.05119471306931641, 0.05611761468046889, 0.046001553770464755, 0.04672089128867502, 0.0443210295413708, 0.05195428004613625, 0.045128805301191496, 0.04512688448505474, 0.04441215228976024, 0.04051907930775911, 0.04614042995427394, 0.04391836834514007, 0.04349473241513227, 0.05719519327583974, 0.052013516122232664, 0.049612434590944464, 0.04307882531831951, 0.049641860628138676, 0.060568370785846225, 0.05538607835679124, 0.08277631052893454, 0.05331932468888126, 0.04430685823203257, 0.04387202683651805, 0.0465105835356189, 0.04265368893014645, 0.039773096620503115, 0.051309893529135515, 0.04160695337159142, 0.03745625085451092, 0.03590563540654687, 0.03424308368643467, 0.036186759734468305, 0.034225341176831396, 0.03646381007776321, 0.03856380848604043, 0.03832549846929733, 0.035170784929668256, 0.03853506799903496, 0.0321306737497238, 0.031948258770247547, 0.03445316939025832, 0.031613621127792584, 0.033824547783183806, 0.028848598149863947, 0.029919642926569297, 0.03194354206922698, 0.029555640470625644, 0.027410204023739743, 0.03457982032028227, 0.030042152019040962, 0.0389663945032926]
BBSR:100.0
ABSR:98.88
max acc:98.21
