======================================
    IID: 0
    Dataset: mnist
    Model: Mnist_CNN
    Model Init: None
    Aggregation Function: mr_duc
    Long attack: 3
    Wide attack: 3
    Threshold reject: 0.4
    Attack method: badnet
    Fraction of malicious agents: 15.0%
    Poison Frac: 0.2
    Backdoor From 7 to 5
    Attack Begin: 0
    Trigger Shape: square
    Trigger Position X: 0
    Trigger Position Y: 0
    Number of agents: 100
    Fraction of agents each turn: 30(30.0%)
    Local batch size: 50
    Local epoch: 3
    Client_LR: 0.01
    Client_Momentum: 0.9
    Global Rounds: 100
======================================
main_task_accuracy=[0, 33.70000076293945, 20.75, 41.41999816894531, 31.270000457763672, 60.68000030517578, 55.27000045776367, 75.54000091552734, 51.93000030517578, 75.19999694824219, 77.01000213623047, 67.27999877929688, 78.91999816894531, 81.43000030517578, 77.05999755859375, 85.33999633789062, 86.1500015258789, 84.26000213623047, 85.88999938964844, 90.31999969482422, 87.0199966430664, 88.7300033569336, 92.19000244140625, 95.66999816894531, 94.38999938964844, 93.05999755859375, 93.29000091552734, 93.37000274658203, 89.76000213623047, 89.48999786376953, 91.16000366210938, 94.08999633789062, 94.20999908447266, 90.43000030517578, 92.97000122070312, 94.83000183105469, 96.0999984741211, 95.11000061035156, 96.80000305175781, 96.19999694824219, 93.69000244140625, 89.58999633789062, 95.75, 96.06999969482422, 96.41999816894531, 96.54000091552734, 95.97000122070312, 96.16999816894531, 96.62999725341797, 96.83999633789062, 95.9800033569336, 97.4800033569336, 96.11000061035156, 96.91999816894531, 97.41999816894531, 97.58000183105469, 97.80000305175781, 97.4800033569336, 96.9800033569336, 97.45999908447266, 96.80000305175781, 95.12999725341797, 96.62999725341797, 97.68000030517578, 97.29000091552734, 96.91999816894531, 97.5, 97.66999816894531, 97.58999633789062, 97.12000274658203, 97.4800033569336, 97.23999786376953, 97.05999755859375, 97.2300033569336, 98.16999816894531, 98.1500015258789, 97.97000122070312, 98.19999694824219, 97.55999755859375, 98.12999725341797, 97.97000122070312, 97.66000366210938, 97.47000122070312, 97.12000274658203, 97.80000305175781, 97.36000061035156, 97.5, 97.8499984741211, 97.66999816894531, 98.19999694824219, 97.69999694824219, 97.79000091552734, 97.9800033569336, 98.05000305175781, 97.66999816894531, 98.13999938964844, 97.97000122070312, 97.98999786376953, 97.5199966430664, 98.4800033569336, 98.2300033569336]
backdoor_accuracy=[0, 0.0, 0.0, 8.560311284046692, 0.2918287937743191, 2.140077821011673, 0.0, 0.48638132295719844, 0.09727626459143969, 0.19455252918287938, 0.2918287937743191, 0.0, 0.19455252918287938, 0.19455252918287938, 0.0, 0.2918287937743191, 0.0, 0.48638132295719844, 0.0, 0.0, 0.19455252918287938, 0.19455252918287938, 0.19455252918287938, 0.09727626459143969, 0.19455252918287938, 0.0, 0.19455252918287938, 0.2918287937743191, 0.0, 0.2918287937743191, 0.19455252918287938, 0.0, 0.48638132295719844, 0.0, 0.19455252918287938, 0.19455252918287938, 0.09727626459143969, 0.48638132295719844, 0.38910505836575876, 0.5836575875486382, 0.38910505836575876, 3.5992217898832686, 0.2918287937743191, 0.2918287937743191, 0.2918287937743191, 0.2918287937743191, 0.9727626459143969, 0.2918287937743191, 2.0428015564202333, 0.48638132295719844, 0.38910505836575876, 2.3346303501945527, 0.6809338521400778, 0.8754863813229572, 13.813229571984436, 16.828793774319067, 7.684824902723736, 4.863813229571984, 43.8715953307393, 4.669260700389105, 14.883268482490273, 8.268482490272374, 5.058365758754864, 15.369649805447471, 8.560311284046692, 48.44357976653696, 10.019455252918288, 56.1284046692607, 25.486381322957197, 10.214007782101167, 45.62256809338521, 24.513618677042803, 52.62645914396887, 33.75486381322957, 17.607003891050585, 60.60311284046693, 15.46692607003891, 58.65758754863813, 31.6147859922179, 83.75486381322958, 78.98832684824903, 93.3852140077821, 18.96887159533074, 85.70038910505836, 28.11284046692607, 86.96498054474708, 99.41634241245136, 92.02334630350195, 93.67704280155642, 89.10505836575875, 89.88326848249027, 93.19066147859922, 80.93385214007782, 88.32684824902724, 97.76264591439688, 87.7431906614786, 96.88715953307393, 75.4863813229572, 88.42412451361868, 95.42801556420234, 61.478599221789885]
loss_list=[0.5037174348514862, 0.30738253273881155, 0.36908208218976823, 0.23690594375858137, 0.28114985849328433, 0.2610057761793885, 0.19173508274472403, 0.14201165433398436, 0.1714469704883799, 0.1604678187803179, 0.1263812652856645, 0.1445102207198168, 0.12174600104028237, 0.11580466518545043, 0.09552717732179662, 0.0853290449910697, 0.08414809707976154, 0.08129443410618178, 0.09441870166455704, 0.08732989102330084, 0.09281844389205939, 0.07746754952140396, 0.07137958690017032, 0.06879201351918349, 0.06156454876192532, 0.06116218051264547, 0.07603859769204015, 0.06925161907879726, 0.06713071987258284, 0.08103462492467059, 0.07625851148545568, 0.06326139940442435, 0.05478673027524414, 0.06211277758658409, 0.048075588565754716, 0.06049117596935839, 0.049220806270127294, 0.05353100826430057, 0.04821351447701208, 0.04821006597441427, 0.04686425031556842, 0.05410369089875943, 0.04842751084916144, 0.04523309277001402, 0.04593612349512319, 0.047372611024691126, 0.04584870687781152, 0.04095225542405641, 0.0378965798015429, 0.0412664472993659, 0.04574117747219581, 0.03786359252868691, 0.044111866012591636, 0.03446532087341606, 0.032254515306971335, 0.033838702301175555, 0.03633620465360747, 0.03462404974804098, 0.03679029214711249, 0.03174662533419316, 0.03408793730463744, 0.03558856942018416, 0.03665229455380255, 0.029978314051333475, 0.03764167531927528, 0.03024647066462806, 0.035997846928386965, 0.029156925748366317, 0.033692770083679435, 0.03345445615536362, 0.0291316966230254, 0.03358081302320543, 0.02853044982567149, 0.03314037250041161, 0.024375021434398743, 0.028318619546599474, 0.029947313258815965, 0.02859050949821069, 0.029552192380457663, 0.030142337464120893, 0.030336870210376902, 0.027507494743041396, 0.029139582609184766, 0.02749126225672237, 0.028334989974102776, 0.02925788001071894, 0.02900673800616911, 0.026532329545602803, 0.027417491726215232, 0.024848331177483265, 0.032311074148459636, 0.0238651603803983, 0.026331625784612477, 0.0268618524483611, 0.031062877464578545, 0.022777080426049184, 0.028499666526499816, 0.02655374571740744, 0.02701035234627913, 0.022150123622476932]
BBSR:97.76
ABSR:86.57
max acc:98.48
