======================================
    IID: 0
    Dataset: mnist
    Model: Mnist_CNN
    Model Init: None
    Aggregation Function: mr_duc
    Long attack: 3
    Wide attack: 3
    Threshold reject: 0.6
    Threshold down: 0.2
    Attack method: badnet
    Fraction of malicious agents: 15.0%
    Poison Frac: 0.2
    Backdoor From 7 to 5
    Attack Begin: 0
    Trigger Shape: square
    Trigger Position X: 0
    Trigger Position Y: 0
    Number of agents: 100
    Fraction of agents each turn: 30(30.0%)
    Local batch size: 50
    Local epoch: 3
    Client_LR: 0.01
    Client_Momentum: 0.9
    Global Rounds: 100
======================================
main_task_accuracy=[0, 70.29000091552734, 45.88999938964844, 56.61000061035156, 69.41000366210938, 70.48999786376953, 63.91999816894531, 75.91999816894531, 74.62000274658203, 84.80999755859375, 82.27999877929688, 85.88999938964844, 93.44000244140625, 86.08999633789062, 81.08999633789062, 85.91000366210938, 88.41999816894531, 95.37999725341797, 93.55000305175781, 94.93000030517578, 96.05000305175781, 94.68000030517578, 91.5199966430664, 92.7699966430664, 91.55999755859375, 93.47000122070312, 94.5, 96.86000061035156, 95.29000091552734, 95.27999877929688, 94.20999908447266, 96.68000030517578, 97.1500015258789, 96.23999786376953, 97.30000305175781, 96.38999938964844, 97.43000030517578, 97.37000274658203, 96.9800033569336, 97.5, 97.7699966430664, 97.76000213623047, 97.19999694824219, 97.70999908447266, 97.61000061035156, 97.06999969482422, 97.33999633789062, 97.2699966430664, 97.80999755859375, 98.08000183105469, 98.3499984741211, 97.44000244140625, 98.33000183105469, 97.55999755859375, 98.0999984741211, 98.05999755859375, 98.23999786376953, 98.27999877929688, 97.9800033569336, 97.9800033569336, 98.30999755859375, 97.81999969482422, 97.11000061035156, 98.1500015258789, 98.0999984741211, 97.58999633789062, 98.19000244140625, 98.19999694824219, 98.29000091552734, 98.2300033569336, 98.31999969482422, 98.37999725341797, 98.55999755859375, 98.30000305175781, 98.68000030517578, 98.06999969482422, 98.2699966430664, 98.37000274658203, 98.37999725341797, 98.19999694824219, 98.22000122070312, 97.37999725341797, 98.0, 98.27999877929688, 98.4800033569336, 98.62999725341797, 98.61000061035156, 98.63999938964844, 98.36000061035156, 98.30000305175781, 98.55999755859375, 98.54000091552734, 98.61000061035156, 98.79000091552734, 98.69000244140625, 98.5999984741211, 98.5199966430664, 98.25, 98.81999969482422, 98.72000122070312, 98.44000244140625]
backdoor_accuracy=[0, 0.0, 0.0, 0.0, 0.09727626459143969, 0.0, 0.0, 0.48638132295719844, 0.0, 0.19455252918287938, 0.0, 0.2918287937743191, 0.0, 0.09727626459143969, 0.0, 0.19455252918287938, 0.09727626459143969, 0.0, 0.0, 0.0, 0.0, 0.0, 0.0, 0.0, 0.0, 0.0, 0.09727626459143969, 0.0, 0.0, 0.09727626459143969, 0.0, 0.09727626459143969, 0.19455252918287938, 0.38910505836575876, 0.48638132295719844, 0.9727626459143969, 0.5836575875486382, 0.09727626459143969, 0.6809338521400778, 0.19455252918287938, 0.2918287937743191, 0.19455252918287938, 1.1673151750972763, 1.9455252918287937, 2.431906614785992, 1.1673151750972763, 1.4591439688715953, 0.9727626459143969, 2.0428015564202333, 7.2957198443579765, 16.439688715953306, 48.540856031128406, 8.560311284046692, 68.19066147859922, 40.75875486381323, 87.84046692607004, 89.78599221789884, 76.75097276264592, 67.50972762645914, 92.80155642023347, 89.49416342412451, 92.50972762645914, 89.78599221789884, 98.05447470817121, 98.15175097276264, 94.94163424124514, 97.85992217898833, 97.17898832684826, 98.63813229571984, 97.47081712062257, 93.96887159533074, 98.92996108949416, 99.0272373540856, 99.70817120622569, 99.31906614785993, 99.70817120622569, 96.01167315175097, 100.0, 99.12451361867704, 100.0, 99.61089494163424, 99.5136186770428, 99.70817120622569, 100.0, 99.41634241245136, 100.0, 99.41634241245136, 99.80544747081711, 99.90272373540856, 99.80544747081711, 100.0, 99.80544747081711, 99.90272373540856, 99.80544747081711, 99.41634241245136, 99.80544747081711, 99.41634241245136, 100.0, 100.0, 100.0, 100.0]
loss_list=[0.7684605868563436, 0.4001007059341107, 0.31775524007562456, 0.3184452653878974, 0.22742196430288084, 0.22658511914355411, 0.2767827615802094, 0.2799286912298865, 0.1883245712830709, 0.14904090982761567, 0.14970731900576972, 0.16302667591580416, 0.12234057442571981, 0.12813716219286478, 0.17328216762624735, 0.14495389304848452, 0.14045647317767296, 0.10933615492208952, 0.0928868908704721, 0.10111707046038378, 0.09684094093648768, 0.09310846926926859, 0.10480496944115593, 0.09276661726060546, 0.10305386975796188, 0.08671382516346325, 0.07561116770487356, 0.08213334121724243, 0.07183611424854326, 0.08089570785339473, 0.07572700499482311, 0.07060118188198464, 0.060860379469320644, 0.06060293970591306, 0.059028405260573055, 0.05538870456513435, 0.0568738958516675, 0.056181380668293195, 0.06347042050748752, 0.04726734081655027, 0.05359445196803856, 0.04679557002519451, 0.05010598897053434, 0.04344177733653649, 0.046290843996968284, 0.04921183818861985, 0.04752035795211298, 0.048407226572830774, 0.04356219958877369, 0.04356037789587694, 0.04403694811545495, 0.03977914938432487, 0.04159017274736538, 0.04832178636551597, 0.03954128382361314, 0.03355370009755158, 0.04280522207131139, 0.03759498052604445, 0.036912359999816395, 0.03648956537612388, 0.04005441933803486, 0.04110114195597514, 0.04162257295362877, 0.03751485516705982, 0.0396854957237641, 0.03774357997213478, 0.037853602731714384, 0.03583533993142501, 0.03440739064547381, 0.034186671979184916, 0.03555551245008583, 0.03461490395515689, 0.03268880000358944, 0.03005153950999825, 0.032584900063893994, 0.031963196318541255, 0.030267063158138353, 0.031325559933173756, 0.03071466615247961, 0.034223091487001506, 0.03260766776028824, 0.03767761404747876, 0.031365291263050994, 0.033730532786490096, 0.026164475771532088, 0.028988051490576556, 0.027488721594651606, 0.029136983886106735, 0.03170623521355083, 0.034330355159956395, 0.028335693577731, 0.027266533273842066, 0.029574839340805036, 0.029259247965389132, 0.028189585895961503, 0.028198996733757063, 0.027853569570652322, 0.03285742008037806, 0.02601011615694275, 0.02665262537689664]
BBSR:100.0
ABSR:99.82
max acc:98.82
