======================================
    IID: 0
    Dataset: mnist
    Model: Mnist_CNN
    Model Init: None
    Aggregation Function: mr_duc
    Long attack: 4
    Wide attack: 4
    Threshold reject: 0.5
    Threshold down: 0.2
    Attack method: badnet
    Fraction of malicious agents: 15.0%
    Poison Frac: 0.2
    Backdoor From 7 to 5
    Attack Begin: 0
    Trigger Shape: square
    Trigger Position X: 0
    Trigger Position Y: 0
    Number of agents: 100
    Fraction of agents each turn: 30(30.0%)
    Local batch size: 50
    Local epoch: 3
    Client_LR: 0.01
    Client_Momentum: 0.9
    Global Rounds: 100
======================================
main_task_accuracy=[0, 20.950000762939453, 17.700000762939453, 44.09000015258789, 52.91999816894531, 38.439998626708984, 40.22999954223633, 41.16999816894531, 67.55000305175781, 81.08999633789062, 63.68000030517578, 51.060001373291016, 55.9900016784668, 78.97000122070312, 61.40999984741211, 72.9800033569336, 79.43000030517578, 76.66999816894531, 86.45999908447266, 90.4000015258789, 84.9800033569336, 82.75, 89.26000213623047, 89.7300033569336, 89.86000061035156, 93.66999816894531, 95.91000366210938, 89.20999908447266, 86.33000183105469, 65.51000213623047, 86.19000244140625, 89.66000366210938, 89.69999694824219, 91.54000091552734, 92.0199966430664, 93.44999694824219, 92.66999816894531, 95.70999908447266, 94.81999969482422, 93.61000061035156, 95.7300033569336, 95.68000030517578, 91.30000305175781, 94.7300033569336, 95.7300033569336, 96.20999908447266, 96.38999938964844, 97.08000183105469, 96.79000091552734, 97.19000244140625, 95.13999938964844, 94.19999694824219, 96.2699966430664, 97.12999725341797, 96.22000122070312, 97.12000274658203, 97.41999816894531, 96.94999694824219, 97.52999877929688, 97.19999694824219, 96.11000061035156, 96.5999984741211, 96.83999633789062, 97.19000244140625, 96.41999816894531, 96.9000015258789, 97.55000305175781, 97.9000015258789, 97.9800033569336, 96.72000122070312, 98.22000122070312, 97.79000091552734, 97.16999816894531, 97.2300033569336, 97.47000122070312, 97.5199966430664, 95.3499984741211, 97.01000213623047, 97.43000030517578, 96.88999938964844, 97.37999725341797, 97.7300033569336, 98.1500015258789, 97.61000061035156, 98.19999694824219, 97.80000305175781, 97.13999938964844, 97.79000091552734, 98.06999969482422, 97.95999908447266, 97.9000015258789, 98.18000030517578, 98.0, 96.62000274658203, 96.4000015258789, 96.94000244140625, 97.2300033569336, 97.58999633789062, 98.08000183105469, 97.72000122070312, 98.38999938964844]
backdoor_accuracy=[0, 0.0, 0.0, 0.0, 0.09727626459143969, 0.0, 33.463035019455255, 0.0, 0.0, 0.2918287937743191, 0.0, 0.0, 55.93385214007782, 0.0, 17.898832684824903, 0.0, 0.38910505836575876, 2.7237354085603114, 0.09727626459143969, 0.8754863813229572, 0.48638132295719844, 0.19455252918287938, 0.8754863813229572, 0.19455252918287938, 0.38910505836575876, 0.7782101167315175, 0.2918287937743191, 0.09727626459143969, 0.7782101167315175, 0.0, 1.3618677042801557, 0.2918287937743191, 1.4591439688715953, 0.38910505836575876, 0.48638132295719844, 4.474708171206226, 1.1673151750972763, 0.6809338521400778, 0.48638132295719844, 3.21011673151751, 0.19455252918287938, 1.556420233463035, 0.09727626459143969, 1.556420233463035, 2.140077821011673, 1.0700389105058365, 3.9883268482490273, 0.48638132295719844, 3.0155642023346303, 1.8482490272373542, 0.7782101167315175, 1.264591439688716, 4.182879377431907, 0.7782101167315175, 3.7937743190661477, 0.5836575875486382, 1.9455252918287937, 0.48638132295719844, 1.9455252918287937, 0.2918287937743191, 5.252918287937743, 0.19455252918287938, 3.6964980544747084, 0.2918287937743191, 2.140077821011673, 0.7782101167315175, 1.9455252918287937, 0.7782101167315175, 3.0155642023346303, 1.264591439688716, 2.3346303501945527, 2.7237354085603114, 8.365758754863814, 3.307392996108949, 6.517509727626459, 2.3346303501945527, 18.3852140077821, 1.7509727626459144, 40.36964980544747, 22.08171206225681, 11.478599221789883, 22.08171206225681, 11.673151750972762, 29.182879377431906, 59.824902723735406, 65.07782101167315, 94.8443579766537, 57.39299610894942, 83.26848249027238, 39.688715953307394, 90.95330739299611, 42.4124513618677, 96.59533073929961, 80.83657587548637, 17.315175097276263, 94.55252918287938, 99.61089494163424, 36.96498054474708, 92.8988326848249, 18.77431906614786, 97.17898832684826]
loss_list=[0.4860769188811852, 0.3802068084206379, 0.5577485675638687, 0.2869459319020571, 0.20482750604063052, 0.24660478252932858, 0.1872685473622033, 0.26976562815024147, 0.20608439050768018, 0.11589958342296106, 0.17503610851471996, 0.25320385588523825, 0.22810966869900354, 0.20223752331020903, 0.1852486444358685, 0.14283122906036058, 0.11470435471980456, 0.11989510905884508, 0.1064229974809765, 0.09992143676368277, 0.09234979432643313, 0.09167251135736253, 0.08909252524333239, 0.08239358946869409, 0.07807355863305204, 0.06589621762348236, 0.06452332669073316, 0.07436866340720424, 0.0805440579976962, 0.17843348701604594, 0.13813293281531397, 0.08453698379665366, 0.08126484633507045, 0.0708148357785636, 0.08863190981958184, 0.06197607019548314, 0.08552144504842042, 0.05923357240240935, 0.06051095646353672, 0.07068264041054134, 0.06104917792569463, 0.062317924511823254, 0.06529651044266395, 0.05372586227795466, 0.057357633511151106, 0.05441070383726635, 0.05080309991543361, 0.0498135881810619, 0.04677227005323859, 0.04874230161800892, 0.04717989182347985, 0.04900035077392443, 0.04883269341407393, 0.04165895619195311, 0.04196368206650962, 0.0393995159781182, 0.039981456092031006, 0.039088109219879805, 0.03295323489792647, 0.043788017066964204, 0.04044408897628071, 0.04556064522981548, 0.04257551122691929, 0.038343710089248556, 0.045076095964378955, 0.03792537169024203, 0.040314247454443834, 0.03418303310390573, 0.030723089632531102, 0.04027358421106295, 0.037427910288499906, 0.03387777509481617, 0.03597522692698871, 0.03315964105497706, 0.037530336738979236, 0.0338572862743446, 0.036714145121672065, 0.037639815340337085, 0.04117507114607615, 0.03725866250660892, 0.042286429894791894, 0.03279145645950973, 0.02831024692113059, 0.03331137771003417, 0.03315542172730985, 0.03265912481684137, 0.0341441946623844, 0.031378157292929316, 0.03232583892431986, 0.03133420089453146, 0.029668444073279527, 0.02479873154084099, 0.03388477725234509, 0.03008865660899931, 0.0381066238152506, 0.04087888556111405, 0.031770151987062956, 0.031050710174061188, 0.033305342458587746, 0.029703311937904323]
BBSR:99.61
ABSR:67.71
max acc:98.39
