======================================
    IID: 0
    Dataset: mnist
    Model: Mnist_CNN
    Model Init: None
    Aggregation Function: mr_duc
    Long attack: 3
    Wide attack: 3
    Threshold reject: 0.6
    Threshold down: 0.1
    Attack method: badnet
    Fraction of malicious agents: 15.0%
    Poison Frac: 0.2
    Backdoor From 7 to 5
    Attack Begin: 0
    Trigger Shape: square
    Trigger Position X: 0
    Trigger Position Y: 0
    Number of agents: 100
    Fraction of agents each turn: 30(30.0%)
    Local batch size: 50
    Local epoch: 3
    Client_LR: 0.01
    Client_Momentum: 0.9
    Global Rounds: 100
======================================
main_task_accuracy=[0, 52.630001068115234, 57.70000076293945, 53.040000915527344, 57.0, 65.43000030517578, 67.4000015258789, 73.80999755859375, 78.30999755859375, 82.29000091552734, 85.0199966430664, 86.04000091552734, 91.44000244140625, 86.76000213623047, 91.73999786376953, 89.44000244140625, 93.0, 95.3499984741211, 90.72000122070312, 91.51000213623047, 93.9000015258789, 96.38999938964844, 94.80000305175781, 94.80000305175781, 94.7699966430664, 96.16999816894531, 95.20999908447266, 96.30999755859375, 95.41999816894531, 94.80000305175781, 95.30999755859375, 96.66000366210938, 95.80000305175781, 97.33000183105469, 96.30000305175781, 97.4000015258789, 96.36000061035156, 95.30000305175781, 98.0999984741211, 97.44000244140625, 97.86000061035156, 97.06999969482422, 97.61000061035156, 97.33999633789062, 98.11000061035156, 98.12000274658203, 97.69000244140625, 97.37999725341797, 97.66000366210938, 97.41999816894531, 97.44000244140625, 97.86000061035156, 98.2300033569336, 98.04000091552734, 97.68000030517578, 98.12999725341797, 98.4000015258789, 97.88999938964844, 98.22000122070312, 98.01000213623047, 98.1500015258789, 97.7300033569336, 97.79000091552734, 98.33000183105469, 98.41000366210938, 98.38999938964844, 97.06999969482422, 97.94999694824219, 98.56999969482422, 98.19999694824219, 98.37000274658203, 98.48999786376953, 97.95999908447266, 98.08000183105469, 98.12000274658203, 98.31999969482422, 98.37000274658203, 98.16000366210938, 98.05000305175781, 98.3499984741211, 98.37999725341797, 98.58000183105469, 98.62000274658203, 98.44999694824219, 98.2300033569336, 98.20999908447266, 98.58999633789062, 98.44000244140625, 98.66999816894531, 98.7300033569336, 98.54000091552734, 98.58000183105469, 98.75, 98.16000366210938, 98.56999969482422, 98.5999984741211, 98.5999984741211, 98.51000213623047, 98.58999633789062, 98.62000274658203, 98.69000244140625]
backdoor_accuracy=[0, 0.0, 0.0, 0.0, 0.0, 0.0, 0.0, 0.0, 0.0, 0.48638132295719844, 0.19455252918287938, 0.5836575875486382, 2.431906614785992, 2.237354085603113, 1.8482490272373542, 5.155642023346304, 0.19455252918287938, 2.9182879377431905, 1.556420233463035, 1.4591439688715953, 12.062256809338521, 2.7237354085603114, 6.906614785992218, 8.560311284046692, 6.128404669260701, 10.116731517509727, 1.264591439688716, 3.404669260700389, 6.712062256809339, 17.801556420233464, 12.15953307392996, 8.657587548638132, 5.836575875486381, 90.95330739299611, 61.478599221789885, 84.92217898832685, 68.77431906614785, 63.81322957198444, 95.42801556420234, 98.73540856031128, 99.12451361867704, 93.19066147859922, 100.0, 92.60700389105058, 99.31906614785993, 98.34630350194553, 99.5136186770428, 98.73540856031128, 99.90272373540856, 98.83268482490273, 99.41634241245136, 97.95719844357977, 99.70817120622569, 99.31906614785993, 99.0272373540856, 99.22178988326849, 99.41634241245136, 99.61089494163424, 98.5408560311284, 100.0, 92.8988326848249, 100.0, 95.13618677042801, 100.0, 99.90272373540856, 100.0, 99.90272373540856, 100.0, 99.31906614785993, 100.0, 99.70817120622569, 100.0, 100.0, 100.0, 100.0, 100.0, 99.12451361867704, 99.70817120622569, 100.0, 100.0, 100.0, 100.0, 100.0, 100.0, 100.0, 100.0, 100.0, 100.0, 100.0, 100.0, 100.0, 100.0, 100.0, 100.0, 100.0, 100.0, 100.0, 100.0, 100.0, 100.0, 100.0]
loss_list=[0.7883254408387951, 0.4023769885202422, 0.3464914281007067, 0.33881416911039947, 0.33169684647625597, 0.2749140867717533, 0.24490768611707336, 0.22594170938534971, 0.21689978771533047, 0.18245175580851974, 0.13195861922695087, 0.14396639043588358, 0.12265709078411521, 0.1442540067558959, 0.1073291205304856, 0.11051307732846312, 0.09920088542142755, 0.08803699699914416, 0.08789032306582847, 0.09824621358558137, 0.08936196550729689, 0.08439330104448865, 0.07932520300796062, 0.07752190396683914, 0.06714330711841925, 0.0709676498542312, 0.06916422287787875, 0.06704336078044569, 0.0689988871117647, 0.07897690234448317, 0.0668528384063393, 0.06802685384954943, 0.06548677728293384, 0.05699415695945154, 0.0583401853527684, 0.06457392035805679, 0.05456818312182569, 0.04875754650825506, 0.04923720492764645, 0.04064718190234257, 0.04965948735787151, 0.05076874614655009, 0.04679600347667137, 0.04485550055039009, 0.04272168841583624, 0.041636300342327535, 0.04685725252452188, 0.04838820149823868, 0.044561272819589284, 0.04539037999486565, 0.041805547128715016, 0.043771646171676865, 0.037350594638478965, 0.040057379127830695, 0.039992349782318734, 0.040607208338203936, 0.036228736225082145, 0.03774159313632278, 0.03491731829020553, 0.03613197776554544, 0.03664604780548905, 0.040686566340105784, 0.0376645885472583, 0.03388804522393693, 0.03673751725552089, 0.03379590881137052, 0.042710512631408536, 0.035214626941399686, 0.03448262861030191, 0.03718741732151035, 0.03144911628769983, 0.029697190050228528, 0.036827837206535013, 0.035849412883775744, 0.03540097934922044, 0.03292130090198616, 0.030936253922455186, 0.03503093604733159, 0.030330127727335853, 0.029732624986440394, 0.02908761380122761, 0.029239821514679704, 0.030629962348797127, 0.03334820143838308, 0.0350293629850773, 0.028577368601431605, 0.030051519649503085, 0.03336758267230632, 0.027865438458883108, 0.02774123629149185, 0.027735632255063238, 0.031066643827216463, 0.02847977389797599, 0.033310514391524125, 0.028948527934633404, 0.030491499193510244, 0.025092040132538733, 0.028708737497360446, 0.030029681254059897, 0.02341637204413861]
BBSR:100.0
ABSR:100.0
max acc:98.75
