======================================
    IID: 0
    Dataset: mnist
    Model: Mnist_CNN
    Model Init: None
    Aggregation Function: mr_duc
    Long attack: 5
    Wide attack: 5
    Threshold reject: 0.35
    Attack method: badnet
    Fraction of malicious agents: 15.0%
    Poison Frac: 0.2
    Backdoor From 7 to 5
    Attack Begin: 0
    Trigger Shape: square
    Trigger Position X: 0
    Trigger Position Y: 0
    Number of agents: 100
    Fraction of agents each turn: 30(30.0%)
    Local batch size: 50
    Local epoch: 3
    Client_LR: 0.01
    Client_Momentum: 0.9
    Global Rounds: 100
======================================
main_task_accuracy=[0, 27.6200008392334, 38.93000030517578, 53.7599983215332, 28.209999084472656, 71.23999786376953, 59.7599983215332, 71.68000030517578, 64.9000015258789, 48.93000030517578, 76.91999816894531, 63.41999816894531, 76.04000091552734, 69.4000015258789, 81.37999725341797, 83.13999938964844, 81.33999633789062, 89.58000183105469, 85.7300033569336, 88.44999694824219, 63.470001220703125, 85.91000366210938, 79.91000366210938, 92.3499984741211, 93.52999877929688, 93.63999938964844, 87.58000183105469, 94.36000061035156, 92.13999938964844, 87.83999633789062, 84.79000091552734, 93.72000122070312, 93.72000122070312, 92.69000244140625, 90.51000213623047, 91.26000213623047, 96.22000122070312, 96.58999633789062, 95.36000061035156, 95.58000183105469, 96.2300033569336, 97.1500015258789, 94.58999633789062, 96.33999633789062, 96.63999938964844, 96.76000213623047, 95.12999725341797, 94.80000305175781, 96.93000030517578, 96.38999938964844, 96.58000183105469, 92.58000183105469, 92.5, 96.30000305175781, 97.73999786376953, 96.9000015258789, 89.45999908447266, 95.33000183105469, 95.55000305175781, 97.19000244140625, 96.79000091552734, 97.55000305175781, 97.55999755859375, 96.98999786376953, 97.55000305175781, 97.81999969482422, 97.62999725341797, 97.18000030517578, 95.18000030517578, 97.54000091552734, 96.72000122070312, 97.76000213623047, 97.47000122070312, 97.30999755859375, 96.76000213623047, 96.23999786376953, 97.55999755859375, 97.41999816894531, 98.08000183105469, 97.2300033569336, 95.12000274658203, 97.23999786376953, 98.12000274658203, 97.5999984741211, 97.81999969482422, 97.91999816894531, 97.43000030517578, 98.30000305175781, 97.94000244140625, 97.04000091552734, 97.61000061035156, 98.01000213623047, 98.58999633789062, 98.02999877929688, 97.7699966430664, 98.01000213623047, 97.9000015258789, 98.3499984741211, 98.19999694824219, 98.26000213623047, 98.23999786376953]
backdoor_accuracy=[0, 0.0, 0.0, 0.0, 0.0, 0.09727626459143969, 0.0, 0.0, 0.0, 0.0, 0.19455252918287938, 0.0, 0.0, 0.09727626459143969, 0.2918287937743191, 0.0, 0.19455252918287938, 0.09727626459143969, 0.09727626459143969, 0.2918287937743191, 0.0, 0.0, 0.09727626459143969, 0.2918287937743191, 0.09727626459143969, 0.2918287937743191, 0.0, 0.19455252918287938, 0.6809338521400778, 0.0, 0.9727626459143969, 0.0, 0.7782101167315175, 0.09727626459143969, 0.19455252918287938, 0.5836575875486382, 0.2918287937743191, 0.19455252918287938, 2.431906614785992, 0.48638132295719844, 2.0428015564202333, 2.0428015564202333, 2.140077821011673, 2.529182879377432, 1.7509727626459144, 0.2918287937743191, 3.6964980544747084, 0.2918287937743191, 5.642023346303502, 0.7782101167315175, 5.642023346303502, 2.0428015564202333, 20.719844357976655, 9.922178988326849, 33.0739299610895, 65.75875486381322, 10.116731517509727, 6.22568093385214, 68.19066147859922, 8.268482490272374, 86.08949416342412, 43.48249027237354, 97.37354085603113, 68.3852140077821, 78.01556420233463, 81.22568093385215, 91.63424124513618, 74.70817120622569, 87.84046692607004, 56.71206225680934, 93.09338521400778, 79.6692607003891, 95.03891050583658, 10.311284046692608, 90.27237354085604, 27.723735408560312, 91.63424124513618, 96.10894941634241, 94.55252918287938, 98.5408560311284, 88.32684824902724, 95.8171206225681, 98.24902723735408, 91.05058365758755, 97.85992217898833, 91.05058365758755, 97.37354085603113, 95.3307392996109, 99.31906614785993, 90.36964980544747, 99.12451361867704, 96.49805447470817, 99.12451361867704, 96.40077821011673, 97.76264591439688, 99.12451361867704, 98.63813229571984, 99.5136186770428, 99.61089494163424, 95.71984435797665, 98.5408560311284]
loss_list=[0.49234647765450407, 0.35840135601162526, 0.24928228890959775, 0.26104538237749053, 0.26944039175391593, 0.1821044018453146, 0.17277291148140156, 0.12856793614223525, 0.20781544131427368, 0.19034082641085406, 0.15778302939997285, 0.1296901519106461, 0.13613777717798217, 0.11703421431789358, 0.09590658470046026, 0.10889543174759389, 0.09823357659827701, 0.09724240192696801, 0.08194815928882655, 0.09311855915416035, 0.11787111502239586, 0.1489530504176941, 0.10084814287582672, 0.07634978510046736, 0.06717509856614974, 0.07985482785968122, 0.07754958765552282, 0.06257548444875989, 0.07220618283591622, 0.08987036376429149, 0.0803923074504947, 0.06661920154129651, 0.06392257188476383, 0.05805734874003538, 0.06287091189969521, 0.06135768034757245, 0.05269018988084005, 0.04963424653526903, 0.05118539858338593, 0.05713602522383824, 0.041097630889688236, 0.04424120730381498, 0.04811798367277368, 0.045694072878729834, 0.042109564593805, 0.0406247957351815, 0.050866189911575384, 0.041676199863258656, 0.04039671145039378, 0.04453555490847752, 0.04402397957830588, 0.05719804492153225, 0.04819134551762729, 0.040294628189046014, 0.039528230253098304, 0.043675837420144734, 0.04935291522538639, 0.043037389085306216, 0.04339528323529534, 0.03463711737109634, 0.033824161000750315, 0.03624917490672709, 0.03195422661883935, 0.03123194689211747, 0.03054973090528277, 0.03022905637055365, 0.02944404352185655, 0.04007205346142571, 0.03783974844943591, 0.03581982019376876, 0.034426938961224424, 0.03272993096686856, 0.02927019184552122, 0.03252381136418797, 0.03331854815595997, 0.03819603666590297, 0.029717557451345796, 0.028794894668598556, 0.02899762645177267, 0.03145562208815227, 0.035788364826554606, 0.02846216503261313, 0.023649839785129974, 0.026576795606360042, 0.028617022320483968, 0.026286133801003142, 0.029644712094606406, 0.028930063914742062, 0.02333157556253613, 0.028339832440513888, 0.025737938136842886, 0.025474969334696545, 0.02170531686888973, 0.02713209257553226, 0.02585988232773936, 0.027439099672788972, 0.025513516535297168, 0.025161068205859376, 0.02238240066651235, 0.026374409027212022]
BBSR:99.61
ABSR:98.09
max acc:98.59
