======================================
    IID: 1
    Dataset: cifar
    Model: resnet
    Model Init: None
    Aggregation Function: mr_duc
    Long attack: 5
    Wide attack: 5
    Threshold reject: 0.6
    Threshold down: 0.2
    Attack method: badnet
    Fraction of malicious agents: 15.0%
    Poison Frac: 0.2
    Backdoor From 7 to 5
    Attack Begin: 0
    Trigger Shape: square
    Trigger Position X: 0
    Trigger Position Y: 0
    Number of agents: 100
    Fraction of agents each turn: 30(30.0%)
    Local batch size: 50
    Local epoch: 3
    Client_LR: 0.01
    Client_Momentum: 0.9
    Global Rounds: 100
======================================
main_task_accuracy=[0, 10.069999694824219, 28.940000534057617, 44.97999954223633, 47.40999984741211, 51.970001220703125, 55.959999084472656, 58.380001068115234, 59.5, 60.349998474121094, 62.16999816894531, 63.0099983215332, 62.93000030517578, 65.19000244140625, 65.30000305175781, 66.02999877929688, 65.75, 66.94000244140625, 66.83000183105469, 67.76000213623047, 68.55000305175781, 68.68000030517578, 68.37999725341797, 67.83000183105469, 69.11000061035156, 70.4000015258789, 69.5999984741211, 70.6500015258789, 70.0, 72.0, 70.41000366210938, 71.6500015258789, 71.4800033569336, 72.13999938964844, 72.44000244140625, 71.41000366210938, 72.05000305175781, 72.94999694824219, 72.87999725341797, 72.80999755859375, 72.97000122070312, 73.27999877929688, 73.37999725341797, 73.87999725341797, 73.70999908447266, 73.93000030517578, 73.11000061035156, 73.8499984741211, 73.38999938964844, 73.79000091552734, 73.9000015258789, 73.56999969482422, 73.83999633789062, 73.77999877929688, 73.83000183105469, 73.51000213623047, 73.66999816894531, 73.75, 73.5199966430664, 73.58000183105469, 73.3499984741211, 73.41999816894531, 73.52999877929688, 73.52999877929688, 73.16999816894531, 73.27999877929688, 73.33000183105469, 73.2300033569336, 73.22000122070312, 73.38999938964844, 73.30999755859375, 73.22000122070312, 73.1500015258789, 73.12000274658203, 73.1500015258789, 73.16999816894531, 73.22000122070312, 73.12999725341797, 73.05000305175781, 73.06999969482422, 73.1500015258789, 73.11000061035156, 73.06999969482422, 73.12000274658203, 73.16999816894531, 73.0, 73.13999938964844, 72.9800033569336, 73.11000061035156, 73.02999877929688, 73.08999633789062, 73.11000061035156, 73.13999938964844, 73.12999725341797, 73.13999938964844, 73.01000213623047, 73.0199966430664, 73.01000213623047, 73.05000305175781, 72.98999786376953, 73.08000183105469]
backdoor_accuracy=[0, 0.0, 7.8, 9.7, 11.0, 5.7, 8.8, 14.1, 12.7, 9.0, 10.8, 12.3, 7.7, 11.8, 9.8, 8.6, 9.2, 10.8, 10.6, 7.9, 13.8, 9.5, 13.0, 8.9, 9.8, 12.7, 16.7, 11.4, 12.6, 13.6, 10.5, 16.5, 12.8, 12.3, 16.0, 15.7, 16.0, 18.1, 14.9, 16.5, 15.7, 17.3, 17.1, 17.5, 17.8, 19.4, 15.3, 21.3, 18.4, 23.9, 23.9, 21.1, 23.3, 21.2, 25.0, 19.8, 20.0, 26.7, 24.7, 23.8, 25.4, 26.3, 25.6, 25.1, 25.9, 27.1, 27.0, 26.3, 25.9, 28.0, 27.4, 28.1, 28.0, 27.6, 28.7, 28.9, 28.9, 29.6, 29.3, 29.4, 28.9, 28.4, 28.7, 27.7, 28.3, 29.3, 27.7, 28.8, 31.0, 28.6, 29.2, 28.8, 28.8, 27.6, 28.9, 28.2, 27.6, 28.0, 28.1, 28.1, 29.0]
loss_list=[1.9812589747375913, 1.5787687577803928, 1.1912066610654193, 0.9681463070544932, 0.8159646536740991, 0.6809937982757888, 0.6142572732890643, 0.5889204525285298, 0.5023341725642482, 0.478659599766963, 0.4606390470866527, 0.4330928902638456, 0.3842653314852052, 0.3619276815466582, 0.3707437917941975, 0.3653106660271685, 0.3266265512257814, 0.2963276351377782, 0.2963742412761268, 0.2659687518028336, 0.25750833443728177, 0.2514400591264065, 0.23213865074587778, 0.2441824861602961, 0.18862139317181167, 0.20278875644616265, 0.17800479272781458, 0.19877599554382164, 0.15589055182800318, 0.17648409083304512, 0.13526209986703988, 0.12757188128902472, 0.13416616969521986, 0.11207324001996313, 0.12991175399698682, 0.13825915089575572, 0.06248092008179002, 0.09832765459050684, 0.08274885579756099, 0.08143347610603087, 0.06894666976871021, 0.047070713831538644, 0.05946167181530553, 0.05109303605610168, 0.019379244116652348, 0.0645518050932636, 0.031338915349430556, 0.03459863236536169, 0.014971147013259018, 0.018060542476952025, 0.0266844292484489, 0.013729050085918666, 0.011651559249472079, 0.025859570392963684, 0.01774211482825598, 0.021464665766915355, 0.009639399313503718, 0.006717047929705586, 0.01156452204483988, 0.00643371702747471, 0.0045522538818315505, 0.0036086233704473772, 0.006010936411281969, 0.002779137004723047, 0.0031817829453050063, 0.0026897334424009186, 0.0023215641429447315, 0.002291713205437797, 0.0063099749098344355, 0.002231989103844777, 0.00585329830227743, 0.002761817351145307, 0.001500289891426089, 0.0021427436257201614, 0.0013855104617121268, 0.0016668157138499534, 0.0012013391222151565, 0.001135672537153975, 0.0017364828714441197, 0.0011408860037691838, 0.001057570398568512, 0.0010907426587477352, 0.0016800363805588054, 0.0018570727246454528, 0.0007818476200110226, 0.0021127984382554948, 0.0008420539435772099, 0.0012343936461224482, 0.0008544773932064547, 0.0010176301485221805, 0.0009143821985748622, 0.0008538812701832893, 0.0016064948098129304, 0.0007793542785172271, 0.0006825573019887088, 0.0014156242322901054, 0.0007751245890378616, 0.0006784921458003939, 0.0020817486327723597, 0.0010397107481953248]
BBSR:29.0
ABSR:28.31
max acc:73.14
