======================================
    IID: 1
    Dataset: cifar
    Model: resnet
    Model Init: None
    Aggregation Function: mr_duc
    Long attack: 3
    Wide attack: 3
    Threshold reject: 0.5
    Threshold down: 0.25
    Attack method: badnet
    Fraction of malicious agents: 15.0%
    Poison Frac: 0.2
    Backdoor From 7 to 5
    Attack Begin: 0
    Trigger Shape: square
    Trigger Position X: 0
    Trigger Position Y: 0
    Number of agents: 100
    Fraction of agents each turn: 30(30.0%)
    Local batch size: 50
    Local epoch: 3
    Client_LR: 0.01
    Client_Momentum: 0.9
    Global Rounds: 100
======================================
main_task_accuracy=[0, 10.779999732971191, 30.170000076293945, 43.810001373291016, 45.47999954223633, 49.15999984741211, 51.95000076293945, 54.880001068115234, 57.279998779296875, 60.470001220703125, 61.95000076293945, 62.84000015258789, 64.4000015258789, 63.93000030517578, 64.69999694824219, 65.66999816894531, 65.88999938964844, 67.41000366210938, 66.97000122070312, 66.76000213623047, 67.77999877929688, 68.30999755859375, 68.30999755859375, 68.8499984741211, 69.69000244140625, 70.08999633789062, 67.98999786376953, 69.18000030517578, 70.3499984741211, 71.75, 70.9800033569336, 70.69999694824219, 71.30000305175781, 72.20999908447266, 72.20999908447266, 72.2300033569336, 71.31999969482422, 72.5999984741211, 72.36000061035156, 72.41000366210938, 72.62999725341797, 72.61000061035156, 73.08999633789062, 72.6500015258789, 72.7699966430664, 73.56999969482422, 73.44000244140625, 73.33999633789062, 73.55999755859375, 73.1500015258789, 73.18000030517578, 73.56999969482422, 73.23999786376953, 73.37000274658203, 72.98999786376953, 73.4000015258789, 73.06999969482422, 73.25, 72.93000030517578, 73.2300033569336, 73.04000091552734, 72.76000213623047, 72.8499984741211, 72.87000274658203, 72.72000122070312, 72.86000061035156, 72.93000030517578, 72.88999938964844, 72.94999694824219, 72.91000366210938, 72.83999633789062, 72.80000305175781, 72.68000030517578, 72.87000274658203, 72.87000274658203, 72.86000061035156, 72.80999755859375, 72.66999816894531, 72.62999725341797, 72.7300033569336, 72.70999908447266, 72.6500015258789, 72.88999938964844, 72.62999725341797, 72.66000366210938, 72.69000244140625, 72.5999984741211, 72.62999725341797, 72.66999816894531, 72.80999755859375, 72.62999725341797, 72.61000061035156, 72.6500015258789, 72.80999755859375, 72.80999755859375, 72.83000183105469, 72.7300033569336, 72.7699966430664, 72.83000183105469, 72.66999816894531, 72.72000122070312]
backdoor_accuracy=[0, 0.0, 7.1, 15.4, 8.1, 11.0, 8.2, 6.8, 11.2, 9.6, 6.7, 8.7, 9.5, 4.5, 5.4, 7.7, 7.0, 4.9, 3.8, 5.3, 7.7, 5.8, 6.0, 5.1, 2.7, 5.8, 2.9, 3.9, 6.2, 3.3, 4.7, 8.1, 5.5, 3.7, 4.1, 4.6, 7.9, 4.9, 4.0, 5.3, 3.9, 3.3, 5.4, 7.0, 4.3, 5.4, 5.3, 4.7, 4.6, 5.1, 2.9, 6.5, 4.5, 4.7, 4.9, 4.5, 4.6, 5.2, 5.9, 5.2, 4.8, 4.7, 4.9, 5.2, 4.5, 5.8, 4.6, 5.1, 5.0, 4.3, 4.6, 4.9, 5.7, 5.0, 5.0, 5.3, 5.1, 5.4, 5.4, 4.9, 5.2, 4.8, 4.8, 4.8, 4.4, 4.7, 4.9, 5.4, 4.9, 4.8, 4.7, 4.9, 4.9, 4.9, 4.5, 4.8, 4.7, 4.7, 5.0, 4.7, 4.7]
loss_list=[1.9862879265679256, 1.4921463453769683, 1.1056419775883362, 0.92147512861424, 0.789642705164022, 0.6705950259541472, 0.6137899918150572, 0.549689635725485, 0.5099720782207119, 0.4816500403142223, 0.4332477919219268, 0.42312778574725, 0.40241667550471083, 0.36270539316969613, 0.34518649254201184, 0.2937846101002975, 0.3490446425488012, 0.2919545409450721, 0.2937324840156362, 0.3066619541527082, 0.24644826435380518, 0.23357094790527802, 0.25325495584557456, 0.24308184697150464, 0.20858697302639487, 0.18674994711440773, 0.18788330673938614, 0.1658852870953787, 0.1454542345375133, 0.1726838843277397, 0.159382744102299, 0.1252470560374463, 0.1215018968425122, 0.07296452133993929, 0.0909203272007613, 0.11698978395628122, 0.10261621976672257, 0.10148569285339264, 0.08684708518157194, 0.09664971883725633, 0.06666261280524648, 0.06242047962367197, 0.05584322751189272, 0.0623771885470099, 0.04515786340162675, 0.04269671811072233, 0.014010550048001781, 0.013101461636057741, 0.03511051335556356, 0.024305060977737106, 0.017309828404589403, 0.011254567084025538, 0.006504213483842451, 0.01910586484303672, 0.007120883512947734, 0.004869500174698057, 0.004656624155015581, 0.014664291473147588, 0.0050227450715061035, 0.0059572462480153065, 0.008931628884973985, 0.003992583578446001, 0.00228220406460524, 0.007775022903386142, 0.0022785208984795542, 0.004192268339668065, 0.004678173301524821, 0.002169305838518388, 0.0015603208183407938, 0.0038763784017484997, 0.0028142882043741537, 0.0016757573144665604, 0.002288372317998438, 0.0028107359502367517, 0.0012010817451907011, 0.0012784371646800234, 0.008421024812026492, 0.0015001521234969707, 0.0010862948369726336, 0.0012265804147157018, 0.0015658259874908255, 0.0036342881454927713, 0.0010550133077130237, 0.002118360508660165, 0.001192670331842641, 0.0012480915759240615, 0.0011937047729750497, 0.0009251809057928364, 0.0009521058789363857, 0.0008578030715499254, 0.0008554497448979721, 0.002718101963417009, 0.0027746082194547244, 0.0036375578056484113, 0.0007540962750337914, 0.001252754214438028, 0.0007883108953845093, 0.0007817997715028469, 0.0007630833314194913, 0.0007022809754238956]
BBSR:5.0
ABSR:4.78
max acc:72.83
