======================================
    IID: 0
    Dataset: mnist
    Model: Mnist_CNN
    Model Init: None
    Aggregation Function: mr_duc
    Long attack: 5
    Wide attack: 5
    Threshold reject: 0.5
    Threshold down: 0.1
    Attack method: badnet
    Fraction of malicious agents: 15.0%
    Poison Frac: 0.2
    Backdoor From 7 to 5
    Attack Begin: 0
    Trigger Shape: square
    Trigger Position X: 0
    Trigger Position Y: 0
    Number of agents: 100
    Fraction of agents each turn: 30(30.0%)
    Local batch size: 50
    Local epoch: 3
    Client_LR: 0.01
    Client_Momentum: 0.9
    Global Rounds: 100
======================================
main_task_accuracy=[0, 38.369998931884766, 41.95000076293945, 67.05000305175781, 53.5, 68.12999725341797, 68.05000305175781, 75.72000122070312, 78.05000305175781, 81.6500015258789, 83.75, 83.29000091552734, 84.26000213623047, 89.97000122070312, 90.30999755859375, 95.52999877929688, 92.88999938964844, 91.73999786376953, 86.77999877929688, 95.19000244140625, 95.29000091552734, 93.58999633789062, 95.83999633789062, 90.93000030517578, 89.61000061035156, 96.72000122070312, 96.19000244140625, 96.62000274658203, 96.70999908447266, 95.81999969482422, 93.69999694824219, 92.66999816894531, 96.36000061035156, 96.94000244140625, 97.08000183105469, 96.5199966430664, 96.6500015258789, 97.36000061035156, 97.70999908447266, 97.79000091552734, 97.13999938964844, 98.05000305175781, 97.55000305175781, 97.58999633789062, 97.5999984741211, 98.01000213623047, 97.93000030517578, 97.66000366210938, 97.87000274658203, 97.9800033569336, 98.18000030517578, 98.01000213623047, 97.73999786376953, 97.66999816894531, 97.8499984741211, 97.55999755859375, 98.16000366210938, 97.9800033569336, 98.05000305175781, 97.43000030517578, 98.08000183105469, 98.16000366210938, 97.69000244140625, 96.22000122070312, 97.81999969482422, 97.69000244140625, 98.30000305175781, 98.11000061035156, 98.02999877929688, 98.06999969482422, 96.69999694824219, 98.12000274658203, 98.5, 98.11000061035156, 98.33999633789062, 97.93000030517578, 98.12999725341797, 98.5999984741211, 98.43000030517578, 98.52999877929688, 98.4800033569336, 98.72000122070312, 98.61000061035156, 98.58000183105469, 98.16000366210938, 98.54000091552734, 98.66999816894531, 98.5199966430664, 98.45999908447266, 98.02999877929688, 98.37999725341797, 98.56999969482422, 98.73999786376953, 98.52999877929688, 98.7699966430664, 98.70999908447266, 98.55999755859375, 98.5, 98.19000244140625, 98.48999786376953, 98.58000183105469]
backdoor_accuracy=[0, 0.0, 7.003891050583658, 0.0, 7.101167315175097, 0.0, 4.182879377431907, 0.09727626459143969, 6.809338521400778, 0.48638132295719844, 8.073929961089494, 0.09727626459143969, 6.712062256809339, 0.48638132295719844, 3.21011673151751, 7.2957198443579765, 11.867704280155642, 7.976653696498055, 15.95330739299611, 6.031128404669261, 11.478599221789883, 25.291828793774318, 6.031128404669261, 24.027237354085603, 24.124513618677042, 47.762645914396884, 29.669260700389106, 55.05836575875487, 76.55642023346303, 57.00389105058366, 57.490272373540854, 83.94941634241245, 46.69260700389105, 92.50972762645914, 78.30739299610894, 82.87937743190662, 86.67315175097276, 77.14007782101167, 77.91828793774319, 98.34630350194553, 86.57587548638132, 96.78988326848248, 84.43579766536965, 99.41634241245136, 96.40077821011673, 100.0, 96.78988326848248, 99.90272373540856, 93.09338521400778, 99.80544747081711, 99.61089494163424, 99.90272373540856, 99.90272373540856, 99.70817120622569, 99.90272373540856, 96.69260700389106, 100.0, 99.80544747081711, 98.63813229571984, 100.0, 99.90272373540856, 99.80544747081711, 99.80544747081711, 100.0, 98.44357976653697, 99.22178988326849, 99.80544747081711, 99.90272373540856, 100.0, 100.0, 99.90272373540856, 99.41634241245136, 100.0, 99.80544747081711, 100.0, 100.0, 100.0, 100.0, 100.0, 100.0, 100.0, 100.0, 100.0, 100.0, 100.0, 99.70817120622569, 100.0, 100.0, 100.0, 100.0, 99.41634241245136, 100.0, 100.0, 100.0, 100.0, 100.0, 100.0, 100.0, 100.0, 100.0, 100.0]
loss_list=[0.6987296279243848, 0.44056370176717957, 0.46588419591261526, 0.3550815335000624, 0.2888982208174033, 0.26027327922570714, 0.20611438553061348, 0.1715851854030108, 0.1759681281418192, 0.16718454583823147, 0.1529173165451438, 0.13860453990351676, 0.1354005323423836, 0.11463322902639413, 0.10775063037839977, 0.09280557616479607, 0.10132748953590097, 0.09124234655506301, 0.1152294057069176, 0.08254530309243785, 0.06859039487182465, 0.08169775621379946, 0.08069376443691674, 0.09541376137826268, 0.0750559741249028, 0.0688992301070761, 0.06972053900093736, 0.07022018752875199, 0.0676506121311023, 0.07068501278150102, 0.07155480600256986, 0.06663359174536136, 0.06100149181183277, 0.05779911290485838, 0.05860036372539441, 0.052559517517787493, 0.057093915914501185, 0.0528675608431715, 0.04774820992276578, 0.04743633175984778, 0.048458270075121226, 0.04954307557315032, 0.04995858190302021, 0.0464936087229944, 0.05024585040830936, 0.04799727187532375, 0.04547453994017882, 0.04704541819730569, 0.042613721621260245, 0.041660742958103784, 0.04621964279794308, 0.04368080222092327, 0.04705135859299102, 0.04209404759000152, 0.046185267353286215, 0.04300739412005728, 0.04146635595586674, 0.040053362993421625, 0.04225895219942349, 0.043897682523274174, 0.04246089467326076, 0.04335494398327244, 0.04360840305192781, 0.048901803287555126, 0.03644176969924214, 0.03814042658590619, 0.036361186408770736, 0.03670282846360351, 0.0402950483992552, 0.036951532167621634, 0.043809003111413475, 0.03664117253027615, 0.031695911787260736, 0.0315961311386622, 0.03443259904510073, 0.03752669750529431, 0.03839601579937961, 0.03219772260048625, 0.034127144262304315, 0.03147116443829468, 0.034128024642504216, 0.0325402201567057, 0.033374634048292745, 0.033930694327291684, 0.03220775991325422, 0.03265635572808134, 0.027049326083853752, 0.029969195776660247, 0.03254207381330364, 0.034351342787675564, 0.034019075594777085, 0.031300878821969455, 0.02963384948587494, 0.02787306944504019, 0.026150395246565535, 0.02793247140107606, 0.03610817909055657, 0.031140511680353113, 0.030079521834954066, 0.03197820811378229]
BBSR:100.0
ABSR:100.0
max acc:98.77
