======================================
    IID: 0
    Dataset: mnist
    Model: Mnist_CNN
    Model Init: None
    Aggregation Function: mr_duc
    Long attack: 3
    Wide attack: 3
    Threshold reject: 0.5
    Threshold down: 0.3
    Attack method: badnet
    Fraction of malicious agents: 15.0%
    Poison Frac: 0.2
    Backdoor From 7 to 5
    Attack Begin: 0
    Trigger Shape: square
    Trigger Position X: 0
    Trigger Position Y: 0
    Number of agents: 100
    Fraction of agents each turn: 30(30.0%)
    Local batch size: 50
    Local epoch: 3
    Client_LR: 0.01
    Client_Momentum: 0.9
    Global Rounds: 100
======================================
main_task_accuracy=[0, 20.25, 32.41999816894531, 45.2599983215332, 33.38999938964844, 24.06999969482422, 53.25, 55.779998779296875, 66.79000091552734, 52.599998474121094, 69.48999786376953, 70.95999908447266, 80.9800033569336, 56.41999816894531, 76.19999694824219, 51.599998474121094, 69.55999755859375, 83.2300033569336, 81.55999755859375, 82.0199966430664, 82.58999633789062, 80.2300033569336, 91.8499984741211, 88.0, 91.72000122070312, 86.5199966430664, 84.83000183105469, 91.18000030517578, 92.98999786376953, 92.98999786376953, 92.75, 88.16999816894531, 73.2699966430664, 85.61000061035156, 84.06999969482422, 93.69000244140625, 92.18000030517578, 90.83999633789062, 93.0999984741211, 95.0199966430664, 93.16999816894531, 95.69999694824219, 93.08000183105469, 95.73999786376953, 93.13999938964844, 94.08000183105469, 87.06999969482422, 89.44999694824219, 96.83000183105469, 94.1500015258789, 96.3499984741211, 96.05000305175781, 93.47000122070312, 96.48999786376953, 81.51000213623047, 93.5999984741211, 94.62000274658203, 95.97000122070312, 96.94999694824219, 95.05000305175781, 93.69999694824219, 97.29000091552734, 96.69999694824219, 97.05000305175781, 94.62000274658203, 96.87999725341797, 94.22000122070312, 92.33999633789062, 82.16999816894531, 89.95999908447266, 96.66000366210938, 96.4800033569336, 96.77999877929688, 97.06999969482422, 96.9000015258789, 97.66999816894531, 96.38999938964844, 97.19999694824219, 97.55000305175781, 97.62999725341797, 95.58999633789062, 96.80000305175781, 96.7300033569336, 97.62999725341797, 97.83000183105469, 97.44000244140625, 97.37000274658203, 97.2300033569336, 97.77999877929688, 97.5, 96.37999725341797, 97.06999969482422, 98.06999969482422, 97.19999694824219, 97.68000030517578, 97.80000305175781, 97.05999755859375, 97.4800033569336, 97.70999908447266, 98.19999694824219, 96.36000061035156]
backdoor_accuracy=[0, 0.0, 0.0, 0.19455252918287938, 0.0, 0.0, 0.0, 0.0, 0.0, 4.766536964980545, 0.0, 3.0155642023346303, 0.0, 0.09727626459143969, 0.0, 0.0, 0.0, 0.0, 0.0, 0.19455252918287938, 0.0, 0.0, 0.09727626459143969, 0.2918287937743191, 0.0, 0.09727626459143969, 0.48638132295719844, 0.0, 0.8754863813229572, 0.19455252918287938, 0.38910505836575876, 1.556420233463035, 0.0, 2.237354085603113, 0.5836575875486382, 3.8910505836575875, 0.09727626459143969, 19.260700389105057, 0.2918287937743191, 3.6964980544747084, 0.09727626459143969, 2.237354085603113, 1.3618677042801557, 8.949416342412452, 16.342412451361866, 12.45136186770428, 4.377431906614786, 4.571984435797665, 2.6264591439688716, 53.01556420233463, 3.5992217898832686, 91.147859922179, 13.132295719844358, 75.0, 2.237354085603113, 61.96498054474708, 64.29961089494164, 25.68093385214008, 92.60700389105058, 30.544747081712064, 68.8715953307393, 99.22178988326849, 88.03501945525292, 56.51750972762646, 100.0, 23.540856031128406, 40.856031128404666, 51.36186770428016, 99.80544747081711, 16.342412451361866, 68.96887159533074, 21.78988326848249, 56.90661478599222, 12.937743190661479, 65.85603112840467, 27.042801556420233, 85.99221789883268, 56.1284046692607, 95.23346303501945, 96.10894941634241, 87.84046692607004, 99.70817120622569, 99.90272373540856, 99.61089494163424, 99.0272373540856, 100.0, 100.0, 100.0, 100.0, 100.0, 100.0, 100.0, 100.0, 100.0, 100.0, 100.0, 100.0, 98.24902723735408, 100.0, 99.90272373540856, 100.0]
loss_list=[0.477786202078047, 0.36967405602249664, 0.35415507427610465, 0.3306859664359279, 0.382245838014398, 0.2591934783780904, 0.2888060681955283, 0.20556146059747935, 0.17989589433541467, 0.20346218972879443, 0.22220438747524487, 0.1740773590771846, 0.1506076946819835, 0.19987099696249466, 0.2983865084174664, 0.22165338348463978, 0.1881166811136929, 0.17180862725372364, 0.1253231729817473, 0.14025987509334578, 0.14629719341555672, 0.1279886206255368, 0.10120297908586849, 0.09692894802228348, 0.0874558849851275, 0.11471935864524482, 0.07667966363987125, 0.11682402808900957, 0.07297417120032983, 0.0859039734636414, 0.06444586032068533, 0.07486084612336089, 0.10884940924815315, 0.09016039398433051, 0.09290307950400177, 0.0886013101995083, 0.08716401277844908, 0.07078520513556492, 0.07003437666193695, 0.0707618547713975, 0.06939471732514195, 0.0731289754009965, 0.07336588001019716, 0.06176986532720078, 0.059428055992039264, 0.06135498182986119, 0.07040342360928536, 0.07756645681067513, 0.06429894302900721, 0.058202263010555456, 0.06359810437902017, 0.053240121806622284, 0.050950203637696055, 0.054200673245549336, 0.07527882334309215, 0.07813703586846008, 0.05306571800443147, 0.06009092257776318, 0.04782713621046398, 0.06261775186751409, 0.058224025992216634, 0.05250184964145655, 0.04609392719518577, 0.04439587963163399, 0.04876608374782575, 0.047162805871865075, 0.04833801714428491, 0.05732554145869827, 0.1027596680142812, 0.081468204730286, 0.05254629858547593, 0.05729609868805958, 0.04157327492239282, 0.04419271753905478, 0.045184151354376596, 0.04535383349984936, 0.04586530449930579, 0.04993530618586713, 0.04711833348199379, 0.04797645015185783, 0.04848263595129251, 0.04317162591188447, 0.041552658302660986, 0.03653986405175786, 0.0380655574483363, 0.04083482003105154, 0.038208589644281796, 0.039273208705521645, 0.03732430481632879, 0.03993497753506627, 0.03698833026923912, 0.04423681842967171, 0.03588032789704124, 0.03989096178732378, 0.03448234475928302, 0.03258289088146452, 0.039404416735214484, 0.03789367937763298, 0.034299207523285656, 0.03349123040362039]
BBSR:100.0
ABSR:99.82
max acc:98.2
