======================================
    IID: 0
    Dataset: mnist
    Model: Mnist_CNN
    Model Init: None
    Aggregation Function: mr_duc
    Long attack: 3
    Wide attack: 3
    Threshold reject: 0.6
    Threshold down: 0.25
    Attack method: badnet
    Fraction of malicious agents: 15.0%
    Poison Frac: 0.2
    Backdoor From 7 to 5
    Attack Begin: 0
    Trigger Shape: square
    Trigger Position X: 0
    Trigger Position Y: 0
    Number of agents: 100
    Fraction of agents each turn: 30(30.0%)
    Local batch size: 50
    Local epoch: 3
    Client_LR: 0.01
    Client_Momentum: 0.9
    Global Rounds: 100
======================================
main_task_accuracy=[0, 20.860000610351562, 24.829999923706055, 34.599998474121094, 37.20000076293945, 46.2599983215332, 40.9900016784668, 59.380001068115234, 43.77000045776367, 50.709999084472656, 68.95999908447266, 61.369998931884766, 77.54000091552734, 74.94000244140625, 80.8499984741211, 79.43000030517578, 76.4800033569336, 81.6500015258789, 70.58999633789062, 80.36000061035156, 86.18000030517578, 89.66000366210938, 88.48999786376953, 92.19000244140625, 94.0, 91.22000122070312, 89.47000122070312, 80.6500015258789, 84.08999633789062, 86.79000091552734, 92.0199966430664, 92.55000305175781, 81.12000274658203, 89.0199966430664, 95.69000244140625, 92.05000305175781, 92.6500015258789, 88.73999786376953, 93.70999908447266, 91.2300033569336, 93.38999938964844, 94.01000213623047, 96.12999725341797, 94.76000213623047, 95.77999877929688, 95.04000091552734, 96.29000091552734, 95.88999938964844, 93.45999908447266, 96.6500015258789, 92.9000015258789, 96.05999755859375, 96.33999633789062, 95.76000213623047, 96.79000091552734, 90.16000366210938, 89.08999633789062, 87.61000061035156, 92.94000244140625, 96.31999969482422, 96.4800033569336, 97.37000274658203, 94.83999633789062, 95.72000122070312, 96.19999694824219, 96.9800033569336, 96.3499984741211, 95.9000015258789, 95.38999938964844, 96.13999938964844, 96.45999908447266, 97.30000305175781, 97.30999755859375, 96.94999694824219, 97.83000183105469, 97.75, 96.80999755859375, 97.80000305175781, 94.63999938964844, 96.8499984741211, 98.16000366210938, 97.18000030517578, 97.94999694824219, 97.83999633789062, 98.18000030517578, 97.2699966430664, 97.3499984741211, 96.72000122070312, 97.97000122070312, 97.22000122070312, 97.52999877929688, 97.37999725341797, 97.54000091552734, 98.06999969482422, 97.69999694824219, 97.93000030517578, 97.75, 98.19000244140625, 97.87999725341797, 98.08999633789062, 97.91000366210938]
backdoor_accuracy=[0, 0.0, 0.0, 0.2918287937743191, 0.0, 0.0, 1.0700389105058365, 0.0, 0.0, 0.19455252918287938, 0.0, 4.377431906614786, 0.0, 0.48638132295719844, 0.0, 0.2918287937743191, 0.0, 0.38910505836575876, 0.09727626459143969, 0.19455252918287938, 0.09727626459143969, 0.6809338521400778, 0.0, 0.09727626459143969, 0.0, 0.19455252918287938, 0.09727626459143969, 0.0, 0.0, 1.556420233463035, 1.6536964980544746, 0.0, 0.38910505836575876, 0.09727626459143969, 0.19455252918287938, 0.0, 0.2918287937743191, 0.0, 0.0, 0.09727626459143969, 0.0, 0.09727626459143969, 0.0, 0.09727626459143969, 0.09727626459143969, 0.19455252918287938, 0.09727626459143969, 0.19455252918287938, 0.19455252918287938, 0.0, 0.0, 0.19455252918287938, 0.38910505836575876, 0.0, 0.19455252918287938, 0.6809338521400778, 24.41634241245136, 0.0, 1.556420233463035, 0.0, 1.7509727626459144, 0.09727626459143969, 0.2918287937743191, 0.09727626459143969, 0.2918287937743191, 0.19455252918287938, 0.09727626459143969, 0.19455252918287938, 2.529182879377432, 0.19455252918287938, 5.544747081712062, 0.19455252918287938, 0.6809338521400778, 0.38910505836575876, 0.38910505836575876, 0.09727626459143969, 2.6264591439688716, 0.2918287937743191, 0.9727626459143969, 0.9727626459143969, 0.38910505836575876, 0.38910505836575876, 1.7509727626459144, 0.38910505836575876, 3.6964980544747084, 0.48638132295719844, 3.21011673151751, 3.6964980544747084, 2.529182879377432, 24.610894941634243, 55.252918287937746, 1.1673151750972763, 46.59533073929961, 2.529182879377432, 27.237354085603112, 18.28793774319066, 53.50194552529183, 68.28793774319067, 11.575875486381323, 80.54474708171206, 2.7237354085603114]
loss_list=[0.4067038599910832, 0.6757165932365866, 0.6402492874431176, 0.3264551974648712, 0.2447543244824003, 0.2710065387001023, 0.3322091477027852, 0.3444846285300121, 0.2394959574257521, 0.22342603685084333, 0.21657821088945015, 0.2154215044383461, 0.17329752969198467, 0.13403878864141547, 0.145393679822906, 0.14253506444731132, 0.13257581608637306, 0.16431792676201618, 0.1283715730243079, 0.15331870945337486, 0.1044183867869875, 0.09954466370991912, 0.1020631158982412, 0.08431816341399417, 0.09283052315329884, 0.08180639721548455, 0.08342648450428847, 0.12926783972859596, 0.1468389212272721, 0.11431593603929371, 0.09343209411267975, 0.08842033509761957, 0.09704575005553177, 0.09194237840459166, 0.08874612686447172, 0.08730471505151272, 0.09325687498205329, 0.08727589314298964, 0.08604872827374827, 0.07190636442537826, 0.06059305263219854, 0.07149378502002968, 0.07195386037542953, 0.06668377820866062, 0.06264472910871198, 0.0640976484823282, 0.057021193540787364, 0.062446584210631345, 0.0555808628299652, 0.05786110804009702, 0.06608688165001866, 0.0555665645497229, 0.049524219902951264, 0.06323982680765003, 0.06143764013308566, 0.06915543225922959, 0.078990920865066, 0.0777999737541886, 0.058928058512550514, 0.06583913848080963, 0.05451324337477329, 0.046625380609301464, 0.053320456214522985, 0.05521888422083745, 0.04437350877797385, 0.045089324037329744, 0.05669962292834908, 0.05839690913509512, 0.06259416049164988, 0.04912574397083414, 0.05087893593639927, 0.05306879938429155, 0.04216804331813932, 0.041550847025177765, 0.037596268285527666, 0.041700378819207545, 0.05183098242255255, 0.04248567046368073, 0.045495053424641066, 0.04502499473011417, 0.044201289438419895, 0.04157733114694373, 0.042961201329085756, 0.03937573759649024, 0.036581090929117904, 0.042501893816868044, 0.03889366393017199, 0.041483955680128935, 0.038805781643004446, 0.03401968354445414, 0.03391821263189183, 0.04068235799981937, 0.03220083430116342, 0.03258877591636738, 0.035131836575705955, 0.03698447795408652, 0.03317698317722278, 0.03201275757268997, 0.0357510218496836, 0.0345799723999553]
BBSR:80.54
ABSR:31.25
max acc:98.19
