======================================
    IID: 0
    Dataset: mnist
    Model: Mnist_CNN
    Model Init: None
    Aggregation Function: our
    Long attack: 5
    Wide attack: 5
    Attack method: dba
    Fraction of malicious agents: 15.0%
    Poison Frac: 0.2
    Backdoor From 7 to 5
    Attack Begin: 0
    Trigger Shape: square
    Trigger Position X: 0
    Trigger Position Y: 0
    Number of agents: 100
    Fraction of agents each turn: 30(30.0%)
    Local batch size: 50
    Local epoch: 3
    Client_LR: 0.01
    Client_Momentum: 0.9
    Global Rounds: 100
======================================
main_task_accuracy=[0, 9.739999771118164, 21.299999237060547, 28.90999984741211, 34.599998474121094, 29.8700008392334, 46.869998931884766, 57.11000061035156, 42.709999084472656, 51.040000915527344, 58.880001068115234, 52.459999084472656, 67.38999938964844, 62.34000015258789, 61.150001525878906, 65.83999633789062, 65.77999877929688, 66.30999755859375, 64.1500015258789, 65.58999633789062, 65.30999755859375, 64.69000244140625, 68.31999969482422, 68.08999633789062, 66.70999908447266, 65.7699966430664, 65.94000244140625, 67.58999633789062, 67.2300033569336, 66.08999633789062, 65.05000305175781, 64.13999938964844, 64.83999633789062, 63.16999816894531, 63.400001525878906, 64.16999816894531, 63.400001525878906, 64.83000183105469, 65.4000015258789, 64.13999938964844, 63.9900016784668, 62.779998779296875, 63.720001220703125, 63.08000183105469, 62.810001373291016, 70.43000030517578, 72.61000061035156, 67.30000305175781, 65.13999938964844, 72.0, 71.06999969482422, 68.87999725341797, 69.12999725341797, 68.20999908447266, 67.58999633789062, 66.73999786376953, 66.4000015258789, 64.48999786376953, 67.01000213623047, 66.87999725341797, 65.45999908447266, 65.3499984741211, 65.27999877929688, 63.43000030517578, 68.66999816894531, 68.2699966430664, 68.30999755859375, 67.2699966430664, 67.37000274658203, 68.20999908447266, 65.51000213623047, 67.05999755859375, 64.69999694824219, 66.55000305175781, 65.52999877929688, 67.2699966430664, 65.62999725341797, 64.7300033569336, 66.16999816894531, 65.72000122070312, 65.66000366210938, 63.900001525878906, 64.94999694824219, 64.25, 64.22000122070312, 64.5999984741211, 69.2699966430664, 63.900001525878906, 66.56999969482422, 68.79000091552734, 70.48999786376953, 70.62000274658203, 70.45999908447266, 69.30000305175781, 69.5199966430664, 69.4800033569336, 68.6500015258789, 68.11000061035156, 68.80000305175781, 67.80999755859375, 67.51000213623047]
backdoor_accuracy=[0, 0.0, 0.0, 0.0, 0.0, 71.3035019455253, 0.0, 0.0, 0.0, 0.0, 0.0, 0.0, 0.0, 0.0, 0.0, 0.0, 0.0, 0.0, 0.0, 0.0, 0.0, 0.0, 0.0, 0.0, 0.0, 0.0, 0.0, 0.0, 0.0, 0.0, 0.0, 0.0, 0.0, 0.0, 0.0, 0.0, 0.0, 0.0, 0.0, 0.0, 0.0, 0.0, 0.0, 0.0, 0.0, 0.09727626459143969, 0.09727626459143969, 0.0, 0.0, 0.0, 0.0, 0.0, 0.0, 0.0, 0.0, 0.0, 0.0, 0.0, 0.0, 0.0, 0.0, 0.0, 0.0, 0.0, 0.0, 0.0, 0.0, 0.0, 0.0, 0.0, 0.0, 0.0, 0.0, 0.0, 0.0, 0.0, 0.0, 0.0, 0.0, 0.0, 0.0, 0.0, 0.0, 0.0, 0.0, 0.0, 0.09727626459143969, 2.6264591439688716, 0.7782101167315175, 0.19455252918287938, 0.19455252918287938, 1.8482490272373542, 0.19455252918287938, 0.0, 0.0, 0.0, 0.09727626459143969, 0.0, 0.0, 0.0, 0.0]
loss_list=[0.502928606600181, 0.3639304526941006, 0.5575022328174, 0.4844400669614904, 0.4555450563840602, 0.45205602796451405, 0.4068571466539567, 0.4756093444801332, 0.4823785943895726, 0.4526302828424481, 0.31894491423705607, 0.3567030782882521, 0.3016248962042331, 0.39584514741387505, 0.2940486030797454, 0.3066812928428108, 0.23100836022930743, 0.15952876916620026, 0.2438496326167751, 0.20111149015572757, 0.18892413564907945, 0.2682761581021726, 0.22255223488045886, 0.16497430446464237, 0.26561858672461464, 0.1884976592276328, 0.22959071085598412, 0.20185709605408378, 0.21278336529431152, 0.24309263213513685, 0.22699875366291863, 0.1838182629292415, 0.23095054679010737, 0.22738336222752997, 0.16335518280739864, 0.2557362809931971, 0.18098750732642768, 0.16779430605842902, 0.18786045963746648, 0.19368618926917155, 0.2164843171225797, 0.1708426929817803, 0.18914195082398286, 0.1953702627074447, 0.247578368081333, 0.24616859855643325, 0.16252111788290824, 0.1724863541307254, 0.21705367672440612, 0.1863163909622359, 0.12959284798392023, 0.17103958645826015, 0.1888760621732596, 0.2240051095310662, 0.20976652062031026, 0.2018001179724597, 0.19123409114286125, 0.14992944387509025, 0.14615750977143238, 0.20822508320681318, 0.19219131689590643, 0.24207481465769695, 0.1683028244111301, 0.31224939836783816, 0.20436819482882276, 0.18727466472987297, 0.19730706953454114, 0.14181957232162948, 0.1559661883203559, 0.201734117822064, 0.1872018906837595, 0.1963636302282325, 0.1821171694000954, 0.21219109501704908, 0.20908966874532256, 0.19535629709482358, 0.17869380950911443, 0.18039951085577846, 0.20478364479823366, 0.18520118183715967, 0.20825567397070902, 0.2053379691042534, 0.23024230256793163, 0.2053943445503501, 0.17256987261464057, 0.2814067493478786, 0.20399425727431766, 0.180429782890387, 0.13832926945479812, 0.1903615078076525, 0.20358262291368187, 0.16877021628617478, 0.12055742596096795, 0.20908356160780409, 0.1774939667501127, 0.21391315654465676, 0.1713520047003992, 0.15580868774052598, 0.1838083704645913, 0.20497033793139036]
BBSR:1.85
ABSR:0.21
max acc:70.62