======================================
    IID: 0
    Dataset: mnist
    Model: Mnist_CNN
    Model Init: None
    Aggregation Function: mr_duc
    Long attack: 3
    Wide attack: 3
    Threshold reject: 0.7
    Attack method: badnet
    Fraction of malicious agents: 15.0%
    Poison Frac: 0.2
    Backdoor From 7 to 5
    Attack Begin: 0
    Trigger Shape: square
    Trigger Position X: 0
    Trigger Position Y: 0
    Number of agents: 100
    Fraction of agents each turn: 30(30.0%)
    Local batch size: 50
    Local epoch: 3
    Client_LR: 0.01
    Client_Momentum: 0.9
    Global Rounds: 100
======================================
main_task_accuracy=[0, 25.239999771118164, 37.54999923706055, 27.649999618530273, 35.97999954223633, 34.34000015258789, 48.81999969482422, 42.90999984741211, 53.31999969482422, 43.18000030517578, 71.58000183105469, 70.19000244140625, 59.66999816894531, 77.79000091552734, 79.47000122070312, 69.29000091552734, 83.37000274658203, 78.58000183105469, 86.80999755859375, 81.58999633789062, 82.58999633789062, 85.83000183105469, 88.81999969482422, 92.94000244140625, 92.62999725341797, 72.5199966430664, 83.29000091552734, 93.41000366210938, 89.43000030517578, 93.63999938964844, 95.2699966430664, 91.70999908447266, 93.73999786376953, 88.37999725341797, 94.2699966430664, 96.05000305175781, 95.62000274658203, 95.94000244140625, 94.36000061035156, 95.04000091552734, 95.62999725341797, 96.69999694824219, 96.62000274658203, 91.62999725341797, 92.95999908447266, 95.08000183105469, 94.20999908447266, 94.51000213623047, 96.54000091552734, 97.12000274658203, 95.87000274658203, 95.81999969482422, 96.69000244140625, 94.56999969482422, 95.5, 96.95999908447266, 96.08999633789062, 97.51000213623047, 96.69000244140625, 95.5199966430664, 97.06999969482422, 97.7300033569336, 97.68000030517578, 95.81999969482422, 97.05999755859375, 96.44000244140625, 97.0199966430664, 95.86000061035156, 97.22000122070312, 96.58000183105469, 96.83000183105469, 96.33999633789062, 96.94000244140625, 97.6500015258789, 96.75, 97.38999938964844, 97.18000030517578, 96.61000061035156, 97.54000091552734, 96.80999755859375, 97.12999725341797, 95.94999694824219, 97.30000305175781, 96.94000244140625, 97.58000183105469, 97.79000091552734, 95.19000244140625, 93.41999816894531, 96.19000244140625, 97.83000183105469, 97.94000244140625, 97.87000274658203, 97.66000366210938, 97.91999816894531, 97.87000274658203, 97.0999984741211, 96.54000091552734, 97.80999755859375, 97.70999908447266, 98.20999908447266, 98.25]
backdoor_accuracy=[0, 0.0, 0.0, 0.0, 4.085603112840467, 0.0, 0.0, 0.9727626459143969, 0.0, 9.727626459143968, 0.0, 1.4591439688715953, 0.0, 0.48638132295719844, 0.09727626459143969, 0.5836575875486382, 0.38910505836575876, 1.0700389105058365, 0.2918287937743191, 0.38910505836575876, 2.3346303501945527, 0.0, 1.4591439688715953, 0.6809338521400778, 3.307392996108949, 0.0, 38.2295719844358, 0.7782101167315175, 2.431906614785992, 0.9727626459143969, 4.474708171206226, 2.140077821011673, 11.478599221789883, 2.0428015564202333, 7.879377431906615, 8.560311284046692, 42.8988326848249, 5.642023346303502, 40.95330739299611, 1.4591439688715953, 13.132295719844358, 5.3501945525291825, 34.824902723735406, 93.77431906614785, 0.8754863813229572, 7.2957198443579765, 52.431906614785994, 1.4591439688715953, 18.3852140077821, 12.937743190661479, 41.9260700389105, 65.36964980544747, 52.62645914396887, 37.840466926070036, 76.07003891050584, 71.98443579766537, 60.60311284046693, 86.08949416342412, 65.56420233463035, 97.17898832684826, 99.90272373540856, 100.0, 99.61089494163424, 99.80544747081711, 97.56809338521401, 100.0, 94.3579766536965, 100.0, 87.93774319066148, 99.90272373540856, 75.19455252918289, 98.44357976653697, 98.44357976653697, 99.31906614785993, 100.0, 98.83268482490273, 100.0, 96.10894941634241, 100.0, 99.90272373540856, 99.70817120622569, 100.0, 99.80544747081711, 100.0, 100.0, 100.0, 99.90272373540856, 100.0, 51.16731517509728, 100.0, 99.90272373540856, 100.0, 100.0, 100.0, 99.90272373540856, 100.0, 100.0, 100.0, 100.0, 100.0, 100.0]
loss_list=[0.4618775124097893, 0.423198023088977, 0.24776423970016853, 0.3900292206796116, 0.289003522062762, 0.2935304966577014, 0.2176146522440415, 0.2042613255972215, 0.27382529694990276, 0.2786769337093788, 0.2011141997565215, 0.2218165575565514, 0.18187519376435574, 0.18195341915244684, 0.1247543575291546, 0.11959144943630144, 0.12185383291645573, 0.11004277071938377, 0.09617203430759304, 0.09430486305633025, 0.14757011423865327, 0.10305190878848468, 0.08927389600845327, 0.07155528554876729, 0.0857021041031951, 0.11621738575685517, 0.1194964847750584, 0.07895728119267482, 0.0759612199695511, 0.06876122793837061, 0.060863572563118924, 0.05594205353440867, 0.06673090436884785, 0.08027472987420238, 0.05957274192471899, 0.05912060014120575, 0.058024175758958504, 0.05176800898629994, 0.06072260970336421, 0.052236726089413446, 0.055816857763874864, 0.052555080104570745, 0.04323719824027158, 0.056335886943538416, 0.05585534480476018, 0.052005407330854944, 0.0586777878821884, 0.05441729980738888, 0.04666247373066308, 0.04011662730668968, 0.04645134558531154, 0.04758341947391406, 0.04654364924384291, 0.048468715374016695, 0.04833516611752486, 0.043914023171662306, 0.03951570734693927, 0.039274350779220625, 0.04048509935910363, 0.046163939737316396, 0.03995868700803925, 0.03796131734224632, 0.03880401683976338, 0.03909316958488105, 0.04436784799758313, 0.03629697527495735, 0.03464176292501091, 0.03877462868191945, 0.0324615371091662, 0.034522289240306515, 0.03686017805988213, 0.036568638840322416, 0.037503170286682534, 0.030662626036086764, 0.036921998479324765, 0.03436894586158397, 0.03359079698151866, 0.03148873077880104, 0.03417647530940141, 0.035773101193150844, 0.03748590083446455, 0.04268347429812783, 0.034060335047291994, 0.03140673871877156, 0.028482833519841776, 0.030380040446570424, 0.03846201004613735, 0.040275475823735495, 0.037838898716966676, 0.030992171404200408, 0.03177251584619192, 0.029380825221911076, 0.0321724548438144, 0.02836439643501982, 0.0337846215108429, 0.03250339119885422, 0.031194322659458776, 0.029905449345758887, 0.02595171398912248, 0.026865675725984403]
BBSR:100.0
ABSR:99.99
max acc:98.25
