======================================
    IID: 1
    Dataset: cifar
    Model: resnet
    Model Init: None
    Aggregation Function: mr_duc
    Long attack: 5
    Wide attack: 5
    Threshold reject: 0.6
    Threshold down: 0.1
    Attack method: dba
    Fraction of malicious agents: 16.0%
    Poison Frac: 0.2
    Backdoor From 7 to 5
    Attack Begin: 0
    Trigger Shape: square
    Trigger Position X: 0
    Trigger Position Y: 0
    Number of agents: 100
    Fraction of agents each turn: 30(30.0%)
    Local batch size: 50
    Local epoch: 3
    Client_LR: 0.01
    Client_Momentum: 0.9
    Global Rounds: 100
======================================
main_task_accuracy=[0, 11.399999618530273, 27.270000457763672, 42.58000183105469, 46.560001373291016, 49.369998931884766, 52.900001525878906, 56.41999816894531, 57.70000076293945, 60.66999816894531, 61.91999816894531, 63.5099983215332, 62.689998626708984, 65.45999908447266, 65.06999969482422, 65.7699966430664, 66.83000183105469, 68.05999755859375, 67.76000213623047, 67.52999877929688, 67.63999938964844, 68.22000122070312, 69.1500015258789, 68.83000183105469, 69.45999908447266, 68.20999908447266, 70.26000213623047, 70.06999969482422, 70.87999725341797, 70.01000213623047, 70.91000366210938, 70.94999694824219, 71.51000213623047, 72.41000366210938, 71.62999725341797, 71.22000122070312, 72.29000091552734, 72.05000305175781, 73.08000183105469, 73.04000091552734, 72.41999816894531, 72.72000122070312, 72.91999816894531, 72.31999969482422, 73.44999694824219, 72.98999786376953, 73.37000274658203, 72.83999633789062, 72.86000061035156, 72.91000366210938, 72.69000244140625, 73.22000122070312, 72.9800033569336, 72.76000213623047, 72.7699966430664, 72.83999633789062, 72.83000183105469, 73.05999755859375, 72.72000122070312, 72.70999908447266, 72.94000244140625, 72.8499984741211, 72.86000061035156, 72.77999877929688, 72.7300033569336, 72.69999694824219, 72.88999938964844, 72.77999877929688, 72.7699966430664, 72.80999755859375, 72.79000091552734, 72.69999694824219, 72.5999984741211, 72.79000091552734, 72.7300033569336, 72.62000274658203, 72.62999725341797, 72.62999725341797, 72.54000091552734, 72.55000305175781, 72.69000244140625, 72.68000030517578, 72.7300033569336, 72.5999984741211, 72.58999633789062, 72.62000274658203, 72.54000091552734, 72.4000015258789, 72.4000015258789, 72.33999633789062, 72.33000183105469, 72.56999969482422, 72.31999969482422, 72.37999725341797, 72.31999969482422, 72.44000244140625, 72.3499984741211, 72.2699966430664, 72.26000213623047, 72.22000122070312, 72.19999694824219]
backdoor_accuracy=[0, 0.0, 5.9, 10.5, 10.0, 10.3, 7.7, 13.0, 11.9, 9.8, 13.8, 9.3, 8.9, 6.6, 7.4, 8.1, 8.1, 8.6, 8.3, 7.9, 8.7, 4.4, 6.4, 8.5, 7.5, 4.5, 7.1, 8.1, 4.7, 9.9, 8.4, 7.6, 8.8, 6.5, 7.1, 6.8, 12.5, 7.6, 9.4, 9.0, 10.3, 11.8, 10.4, 7.6, 7.4, 9.0, 7.7, 7.7, 12.3, 10.6, 8.0, 11.9, 11.7, 8.9, 9.0, 10.8, 8.4, 10.4, 10.6, 9.0, 13.4, 10.3, 12.0, 10.5, 10.6, 11.3, 9.9, 10.2, 12.5, 11.0, 10.1, 10.1, 11.0, 11.4, 10.7, 9.5, 10.5, 10.5, 10.4, 10.1, 10.8, 11.2, 11.0, 9.9, 9.6, 10.5, 10.7, 11.1, 10.8, 11.6, 10.5, 11.1, 10.3, 11.6, 11.4, 11.4, 11.2, 11.2, 11.4, 11.1, 11.2]
loss_list=[1.9753439270125495, 1.5469827955298954, 1.1404615578055382, 0.9540743869211938, 0.7663405949374038, 0.6945334426975911, 0.5827178640125527, 0.5790794665449196, 0.5055133788949915, 0.46533965650325027, 0.4562432764532665, 0.4119469351466331, 0.4072509720269591, 0.387274702368304, 0.3512477595048646, 0.3407382809546672, 0.300179844600045, 0.3035981513984087, 0.2938400146096117, 0.2909923893107205, 0.28247793405989385, 0.2100373170964627, 0.2338608517368428, 0.21341761152104785, 0.23971842543842894, 0.17486362558142796, 0.1959573056618683, 0.15552465154647105, 0.17407370920189555, 0.1302035860872517, 0.1691126899115948, 0.11601699462367426, 0.0967496788819295, 0.10510392133456964, 0.1313148532695292, 0.09985317792743445, 0.06706788961626847, 0.08577141438701398, 0.09168689432670361, 0.060807631595008495, 0.07360092787427777, 0.05742625100040135, 0.04332459170878993, 0.03474087724067634, 0.05827519040509489, 0.018601932642664507, 0.018186315903537132, 0.020610909760903774, 0.01575002159551433, 0.04387801162423177, 0.02012218643662183, 0.011536380603566716, 0.008123257134413708, 0.0112119155038575, 0.018664823894812596, 0.01877542609217926, 0.004664852860894623, 0.007242573305928896, 0.009827290926186836, 0.005036518388984001, 0.005399613033271938, 0.0034321406284935716, 0.0034786434200941583, 0.0022003700138884595, 0.003451027872296335, 0.006228094050343821, 0.003313096250915098, 0.007324862345170307, 0.00689845433188667, 0.0024417594108348973, 0.0032404813524206265, 0.00158760750924153, 0.0013633864500702153, 0.002424422873753226, 0.0035787024729425974, 0.0015244274799867219, 0.0012896094932511911, 0.002770229332155497, 0.0013289178556038271, 0.0011868370420415886, 0.0010566430963485295, 0.0010057785101849326, 0.0015497527144422442, 0.0011389532901780006, 0.0010967785428349292, 0.0010377515501103418, 0.001180660650231099, 0.001068156427071598, 0.0008954538759523227, 0.001790606608887578, 0.0007912309066159651, 0.0018818635162703384, 0.0007251007936752606, 0.0007172985100785607, 0.0007185818311700132, 0.0006945208054579173, 0.0006971220235896504, 0.0007470532848755182, 0.0006919418753790928, 0.0005914120541476426]
BBSR:11.6
ABSR:11.19
max acc:72.57
