======================================
    IID: 0
    Dataset: mnist
    Model: Mnist_CNN
    Model Init: None
    Aggregation Function: mr_abs
    Long attack: 5
    Wide attack: 5
    Threshold reject: 0.4
    Threshold down: 0.0
    Attack method: badnet
    Fraction of malicious agents: 15.0%
    Poison Frac: 0.2
    Backdoor From 7 to 5
    Attack Begin: 0
    Trigger Shape: square
    Trigger Position X: 0
    Trigger Position Y: 0
    Number of agents: 100
    Fraction of agents each turn: 30(30.0%)
    Local batch size: 50
    Local epoch: 3
    Client_LR: 0.01
    Client_Momentum: 0.9
    Global Rounds: 100
======================================
main_task_accuracy=[0, 41.95000076293945, 24.049999237060547, 38.34000015258789, 32.349998474121094, 42.7599983215332, 41.40999984741211, 75.27999877929688, 60.15999984741211, 54.5, 73.66999816894531, 70.19000244140625, 63.95000076293945, 69.16000366210938, 70.7300033569336, 73.69999694824219, 80.41000366210938, 86.44999694824219, 88.05000305175781, 80.76000213623047, 82.12000274658203, 77.08000183105469, 87.76000213623047, 91.30000305175781, 91.51000213623047, 76.72000122070312, 82.80000305175781, 91.94999694824219, 93.91000366210938, 76.80999755859375, 88.31999969482422, 92.80000305175781, 93.94999694824219, 93.13999938964844, 94.37999725341797, 94.38999938964844, 94.08999633789062, 93.43000030517578, 94.51000213623047, 88.0999984741211, 93.87000274658203, 92.05000305175781, 90.4000015258789, 95.69000244140625, 96.18000030517578, 96.9000015258789, 96.13999938964844, 96.91999816894531, 96.0, 95.76000213623047, 94.26000213623047, 95.48999786376953, 96.44000244140625, 95.88999938964844, 95.94000244140625, 95.22000122070312, 96.08999633789062, 95.18000030517578, 92.61000061035156, 95.06999969482422, 92.2300033569336, 97.43000030517578, 96.7300033569336, 97.2300033569336, 97.31999969482422, 97.3499984741211, 96.30000305175781, 97.9800033569336, 97.47000122070312, 97.31999969482422, 93.33000183105469, 97.51000213623047, 97.63999938964844, 97.91000366210938, 97.58999633789062, 98.22000122070312, 97.25, 96.79000091552734, 97.75, 97.76000213623047, 97.61000061035156, 97.76000213623047, 97.91999816894531, 98.37000274658203, 97.37000274658203, 97.73999786376953, 98.20999908447266, 97.87999725341797, 96.75, 97.91000366210938, 97.26000213623047, 97.83999633789062, 98.33999633789062, 97.62000274658203, 97.0, 96.18000030517578, 97.91999816894531, 98.12999725341797, 97.69000244140625, 97.7699966430664, 97.41000366210938]
backdoor_accuracy=[0, 7.198443579766537, 0.0, 0.0, 0.0, 0.0, 0.0, 0.38910505836575876, 0.0, 1.3618677042801557, 0.09727626459143969, 0.0, 4.182879377431907, 0.38910505836575876, 0.09727626459143969, 0.0, 0.38910505836575876, 0.0, 0.38910505836575876, 0.0, 0.19455252918287938, 0.0, 0.0, 0.0, 0.0, 0.38910505836575876, 0.0, 0.0, 0.0, 0.2918287937743191, 0.38910505836575876, 0.0, 0.2918287937743191, 0.09727626459143969, 0.2918287937743191, 0.5836575875486382, 0.09727626459143969, 0.0, 0.5836575875486382, 0.0, 0.38910505836575876, 1.0700389105058365, 0.0, 0.19455252918287938, 0.38910505836575876, 0.38910505836575876, 0.2918287937743191, 0.6809338521400778, 0.48638132295719844, 11.381322957198444, 0.2918287937743191, 5.447470817120623, 3.7937743190661477, 78.21011673151752, 0.7782101167315175, 46.88715953307393, 1.264591439688716, 32.87937743190661, 0.2918287937743191, 1.9455252918287937, 14.785992217898833, 4.669260700389105, 29.863813229571985, 1.6536964980544746, 39.202334630350194, 4.669260700389105, 47.95719844357976, 14.007782101167315, 20.330739299610894, 15.66147859922179, 23.054474708171206, 41.9260700389105, 64.29961089494164, 12.45136186770428, 26.750972762645915, 29.571984435797667, 96.49805447470817, 22.08171206225681, 75.4863813229572, 86.86770428015564, 26.070038910505836, 70.3307392996109, 35.11673151750973, 67.80155642023347, 64.98054474708171, 18.96887159533074, 75.4863813229572, 30.155642023346303, 81.22568093385215, 23.832684824902724, 71.40077821011673, 71.01167315175097, 53.40466926070039, 78.59922178988327, 60.992217898832685, 94.26070038910505, 85.60311284046692, 78.30739299610894, 42.704280155642024, 83.75486381322958, 75.4863813229572]
loss_list=[0.4775092259548551, 0.34058056087700544, 0.40194027181798336, 0.26847432110844704, 0.24826123752911727, 0.2575030561673169, 0.2419894614837678, 0.15255691440598926, 0.1727827901530291, 0.199392883025912, 0.15992980758649872, 0.1519665242760377, 0.14177754253853792, 0.13107143495176268, 0.13556064336828771, 0.12083886838678576, 0.1263226040891191, 0.09814794771547351, 0.08423773250949007, 0.09160075710481043, 0.14984946029429863, 0.1085197358501882, 0.12129661278871365, 0.09522597256598865, 0.07011723987904574, 0.10011868425263133, 0.08448333107722439, 0.06950841618677989, 0.07701870618105992, 0.10042454054025456, 0.10838851823683689, 0.07586396308909871, 0.07239791365873476, 0.07557551428101726, 0.05506031327698332, 0.060424140355870966, 0.06507135682829476, 0.06705306893175346, 0.0675095202215482, 0.07032257317218778, 0.05298742292849552, 0.06086828516983324, 0.05707519918868332, 0.05153153727468555, 0.045830734210496264, 0.04747064138635205, 0.046012507616906305, 0.04819639468155713, 0.046765894236354, 0.04945093625668419, 0.05084204286697626, 0.05364326463811639, 0.041025420540499694, 0.04816165558784925, 0.04384050041771329, 0.04339040690169223, 0.04268244634955917, 0.049066969114592546, 0.05226605730608124, 0.054886434718211446, 0.05173746130917023, 0.04461094683089776, 0.03975899476225755, 0.042240436683619015, 0.03578950019025058, 0.04127437743035532, 0.03806147688219088, 0.03568388334977681, 0.039199889747126855, 0.040440104155124064, 0.04185972735560292, 0.03454646217596913, 0.035483762263892465, 0.03229166542113978, 0.036329292505139305, 0.0327973490133685, 0.03869197808604489, 0.03624046596485775, 0.032320930653927736, 0.03261594453557396, 0.030309210060012533, 0.030382680652304667, 0.030234362961548165, 0.028800539599063594, 0.027931614686698095, 0.02619890238863065, 0.029694084876368203, 0.03000298409270583, 0.03229144405791505, 0.03432776105018727, 0.030586229130264715, 0.03161904433220086, 0.031189557504601676, 0.02692340830537273, 0.03251352817451186, 0.036591678326754445, 0.030136019835870272, 0.029064843023466156, 0.026176068186506155, 0.030586580694975714]
BBSR:94.26
ABSR:72.41
max acc:98.34
