======================================
    IID: 0
    Dataset: mnist
    Model: Mnist_CNN
    Model Init: None
    Aggregation Function: mr_duc
    Long attack: 5
    Wide attack: 5
    Threshold reject: 0.5
    Threshold down: 0.2
    Attack method: badnet
    Fraction of malicious agents: 16.0%
    Poison Frac: 0.2
    Backdoor From 7 to 5
    Attack Begin: 0
    Trigger Shape: square
    Trigger Position X: 0
    Trigger Position Y: 0
    Number of agents: 100
    Fraction of agents each turn: 30(30.0%)
    Local batch size: 50
    Local epoch: 3
    Client_LR: 0.01
    Client_Momentum: 0.9
    Global Rounds: 100
======================================
main_task_accuracy=[0, 28.81999969482422, 17.729999542236328, 39.22999954223633, 24.790000915527344, 43.970001220703125, 63.189998626708984, 53.209999084472656, 54.84000015258789, 46.38999938964844, 43.599998474121094, 62.90999984741211, 56.43000030517578, 51.189998626708984, 66.33000183105469, 72.94999694824219, 60.70000076293945, 77.48999786376953, 84.3499984741211, 83.13999938964844, 75.87999725341797, 83.6500015258789, 82.36000061035156, 85.55000305175781, 87.41000366210938, 87.41000366210938, 75.55000305175781, 85.19999694824219, 82.83999633789062, 85.61000061035156, 77.43000030517578, 84.70999908447266, 86.87999725341797, 85.0, 92.37999725341797, 94.11000061035156, 89.69000244140625, 86.86000061035156, 84.87000274658203, 89.0999984741211, 69.5999984741211, 90.8499984741211, 83.44000244140625, 94.01000213623047, 89.66999816894531, 94.16000366210938, 87.79000091552734, 94.12999725341797, 95.83000183105469, 95.88999938964844, 95.9800033569336, 96.31999969482422, 88.5, 97.05000305175781, 96.68000030517578, 96.08000183105469, 96.30999755859375, 96.83999633789062, 96.7300033569336, 96.19999694824219, 96.51000213623047, 96.7699966430664, 96.95999908447266, 96.87999725341797, 96.19999694824219, 97.04000091552734, 96.55000305175781, 95.7300033569336, 96.51000213623047, 97.16000366210938, 96.18000030517578, 97.16000366210938, 97.01000213623047, 97.20999908447266, 95.16999816894531, 94.62000274658203, 96.11000061035156, 96.30999755859375, 96.72000122070312, 97.25, 96.3499984741211, 90.51000213623047, 87.68000030517578, 97.27999877929688, 97.36000061035156, 95.76000213623047, 96.81999969482422, 95.80000305175781, 96.88999938964844, 97.8499984741211, 97.75, 97.55000305175781, 97.22000122070312, 98.22000122070312, 98.1500015258789, 97.79000091552734, 97.61000061035156, 95.5999984741211, 97.27999877929688, 94.98999786376953, 96.37999725341797]
backdoor_accuracy=[0, 0.0, 0.0, 0.0, 0.0, 1.1673151750972763, 0.0, 0.5836575875486382, 0.0, 0.0, 24.41634241245136, 0.0, 0.09727626459143969, 3.7937743190661477, 0.0, 0.0, 4.377431906614786, 0.09727626459143969, 9.14396887159533, 0.2918287937743191, 0.2918287937743191, 0.5836575875486382, 1.0700389105058365, 0.7782101167315175, 0.5836575875486382, 0.2918287937743191, 3.6964980544747084, 0.19455252918287938, 1.0700389105058365, 0.38910505836575876, 0.0, 1.4591439688715953, 0.6809338521400778, 1.0700389105058365, 0.2918287937743191, 0.5836575875486382, 0.38910505836575876, 0.48638132295719844, 0.09727626459143969, 1.7509727626459144, 0.0, 1.556420233463035, 0.09727626459143969, 0.2918287937743191, 0.09727626459143969, 0.2918287937743191, 0.0, 0.2918287937743191, 0.09727626459143969, 0.2918287937743191, 0.38910505836575876, 0.9727626459143969, 0.2918287937743191, 0.5836575875486382, 0.2918287937743191, 1.1673151750972763, 0.2918287937743191, 3.7937743190661477, 3.404669260700389, 0.6809338521400778, 8.657587548638132, 8.463035019455253, 0.7782101167315175, 9.43579766536965, 2.0428015564202333, 16.147859922178988, 7.782101167315175, 29.961089494163424, 57.295719844357976, 5.252918287937743, 53.11284046692607, 3.11284046692607, 57.39299610894942, 8.073929961089494, 91.82879377431907, 0.5836575875486382, 68.77431906614785, 7.392996108949417, 25.389105058365757, 79.1828793774319, 78.01556420233463, 68.67704280155642, 79.57198443579766, 70.71984435797665, 71.3035019455253, 65.85603112840467, 67.99610894941634, 99.41634241245136, 61.18677042801556, 99.70817120622569, 93.48249027237354, 99.90272373540856, 96.78988326848248, 99.70817120622569, 98.83268482490273, 99.90272373540856, 99.5136186770428, 99.0272373540856, 99.41634241245136, 99.61089494163424, 99.5136186770428]
loss_list=[0.48356693964141495, 0.44050485407887296, 0.5695495291603871, 0.27307175381007853, 0.3622281268196967, 0.2576638680517646, 0.282584164039625, 0.19908944894317923, 0.255199721758464, 0.34701618299881004, 0.2982717409737976, 0.27337602157338803, 0.22942254096721135, 0.27791524020764796, 0.21965269322999717, 0.18583927216452673, 0.1714854708719671, 0.1406620072237593, 0.12119751199685913, 0.13286715985867664, 0.14340887609565248, 0.13099478799821704, 0.1117863965779236, 0.12195733882098833, 0.12204267422700163, 0.11337343850860908, 0.14783056148998588, 0.12182058245958532, 0.1006112580857912, 0.10409156487835979, 0.21573330359838566, 0.12931660491956593, 0.15199384426463056, 0.11930581447156965, 0.13441322094580402, 0.09893663606562114, 0.08785264617401951, 0.10138906157449389, 0.1159371061673247, 0.13596905067637896, 0.1754814780269069, 0.12263408772800473, 0.13089004678784946, 0.09382029073181443, 0.09215146751373601, 0.0992465411115724, 0.10259863669638754, 0.07816090958218007, 0.07432367912545791, 0.08356971805227156, 0.07226077289445516, 0.08268364138015663, 0.10523377709552316, 0.06723867166504165, 0.06818400287655904, 0.0649409250597269, 0.07207903297033276, 0.0601226546297914, 0.06499087460501952, 0.058218952290233224, 0.05599568889558616, 0.05291725129525791, 0.06798480094304697, 0.055030046229909285, 0.06497099616499494, 0.05475337782911875, 0.05995872406550653, 0.06199336299622054, 0.05884133157630809, 0.05966208896306852, 0.05088090848760118, 0.058236524651490776, 0.05668255325989402, 0.04640874474552919, 0.06076702215202238, 0.06361356094152495, 0.04910781612818125, 0.054752950286811215, 0.04881920271279543, 0.05637220214678777, 0.04776357281712564, 0.07333707322206824, 0.077497788539816, 0.06332329509839467, 0.05208928683802225, 0.053046629463283014, 0.05345658544512373, 0.055985262624613195, 0.049577731048057634, 0.04636020054590244, 0.05108611594970699, 0.04622013910489246, 0.05242689322730969, 0.04493437926109806, 0.04276124759110663, 0.044779581925473745, 0.04772834278201728, 0.048816421033922905, 0.052073182124480005, 0.051499299974703455]
BBSR:99.9
ABSR:99.22
max acc:98.22
