======================================
    IID: 1
    Dataset: cifar
    Model: resnet
    Model Init: None
    Aggregation Function: mr_duc
    Long attack: 5
    Wide attack: 5
    Threshold reject: 0.35
    Attack method: dba
    Fraction of malicious agents: 15.0%
    Poison Frac: 0.2
    Backdoor From 7 to 5
    Attack Begin: 0
    Trigger Shape: square
    Trigger Position X: 0
    Trigger Position Y: 0
    Number of agents: 100
    Fraction of agents each turn: 30(30.0%)
    Local batch size: 50
    Local epoch: 3
    Client_LR: 0.01
    Client_Momentum: 0.9
    Global Rounds: 100
======================================
main_task_accuracy=[0, 10.0, 32.59000015258789, 44.47999954223633, 45.38999938964844, 51.119998931884766, 54.09000015258789, 56.189998626708984, 58.65999984741211, 62.040000915527344, 63.0, 63.04999923706055, 65.02999877929688, 65.87999725341797, 65.87000274658203, 66.68000030517578, 66.02999877929688, 67.05000305175781, 67.08999633789062, 68.76000213623047, 67.58000183105469, 69.18000030517578, 68.73999786376953, 70.0999984741211, 68.30999755859375, 69.83999633789062, 70.58000183105469, 71.3499984741211, 70.18000030517578, 70.52999877929688, 71.55000305175781, 71.8499984741211, 70.20999908447266, 72.0199966430664, 71.18000030517578, 72.33999633789062, 72.26000213623047, 72.0, 72.6500015258789, 72.45999908447266, 72.5, 72.66000366210938, 72.9000015258789, 72.94999694824219, 73.0, 72.83000183105469, 72.52999877929688, 72.88999938964844, 72.79000091552734, 72.86000061035156, 72.91000366210938, 73.01000213623047, 72.7300033569336, 72.9000015258789, 72.94000244140625, 72.88999938964844, 72.73999786376953, 73.0199966430664, 72.75, 73.01000213623047, 72.87000274658203, 72.5999984741211, 72.6500015258789, 72.87999725341797, 72.58000183105469, 72.83000183105469, 72.5199966430664, 72.47000122070312, 72.48999786376953, 72.44999694824219, 72.51000213623047, 72.48999786376953, 72.43000030517578, 72.36000061035156, 72.33999633789062, 72.20999908447266, 72.12999725341797, 72.29000091552734, 72.16000366210938, 72.29000091552734, 72.25, 72.33999633789062, 72.08000183105469, 72.30999755859375, 72.4800033569336, 72.2300033569336, 72.2699966430664, 72.19000244140625, 72.11000061035156, 72.1500015258789, 72.12000274658203, 72.18000030517578, 72.16999816894531, 72.06999969482422, 72.16999816894531, 72.08999633789062, 72.1500015258789, 71.91000366210938, 72.06999969482422, 72.0999984741211, 72.04000091552734]
backdoor_accuracy=[0, 0.0, 17.3, 18.6, 18.5, 20.0, 10.2, 13.1, 6.9, 9.4, 10.7, 8.9, 10.4, 6.5, 10.6, 11.9, 7.7, 11.5, 8.2, 9.1, 9.7, 7.7, 6.9, 10.3, 4.3, 6.5, 7.9, 9.3, 10.9, 7.3, 6.6, 7.3, 10.6, 7.8, 7.7, 7.0, 10.0, 10.5, 10.2, 8.1, 9.0, 10.9, 9.6, 10.5, 8.1, 9.8, 10.3, 9.2, 10.9, 10.8, 9.4, 12.8, 10.2, 10.1, 10.9, 10.0, 13.5, 10.1, 11.5, 11.3, 12.2, 10.5, 12.9, 11.0, 13.2, 12.3, 12.1, 11.5, 12.4, 11.0, 13.3, 12.6, 13.0, 12.8, 12.7, 13.1, 13.5, 12.8, 13.0, 12.5, 11.6, 12.4, 12.8, 11.5, 12.6, 12.6, 11.9, 13.0, 12.3, 12.2, 12.5, 11.6, 13.2, 13.2, 13.3, 13.5, 13.4, 13.1, 14.2, 12.7, 13.1]
loss_list=[2.0021558384100593, 1.5362705996301436, 1.1583935204479432, 0.9275515579018327, 0.8099156332761048, 0.6686461728314559, 0.6352893806331686, 0.5538218573708501, 0.5415640565752984, 0.4562869612955385, 0.4562390651947095, 0.46238150213120716, 0.40908209599347584, 0.35776531173019777, 0.3407042889007263, 0.3117745382938947, 0.3280671217396028, 0.29393827809641765, 0.29596838972634737, 0.3048332212078903, 0.2503140573048343, 0.2898259040113125, 0.22028761028312144, 0.20071195453625276, 0.2214903518544614, 0.19831697140639235, 0.17052723740343934, 0.19899000281636192, 0.19691264572372238, 0.14560921440082086, 0.15947086388296966, 0.17530340960352786, 0.1391277919176759, 0.1483168268965609, 0.09936758836686045, 0.0821157404149805, 0.07594260023738672, 0.08234546479885467, 0.06397534065672923, 0.07551639246385698, 0.05266285095305648, 0.07727519589334003, 0.05319776080251257, 0.03219881428515589, 0.05935851078153872, 0.025620413908683186, 0.02397694809682434, 0.02937892322590212, 0.018843463147738177, 0.015702989134507433, 0.016028529321548475, 0.012177615865043156, 0.024582888106395126, 0.00832308223315825, 0.008592729239672836, 0.008573354883442841, 0.024982326251823297, 0.029119796831413015, 0.007191191928965659, 0.004368500693494248, 0.01198766595766453, 0.0029684515103872394, 0.004230428996961562, 0.002533840577978279, 0.00354548424370781, 0.002375890701902487, 0.004166763268116888, 0.0018916406132080332, 0.002799293338207968, 0.0027758018686856504, 0.0016498798278917091, 0.001533775179058365, 0.0012994015147786639, 0.001700061580405519, 0.0017609013455108246, 0.0021436218357282783, 0.003938091688889674, 0.0010418072613699932, 0.002436116214440618, 0.0022805820829267355, 0.0011916281221217814, 0.001273658415528997, 0.002547724900068715, 0.001131902537696684, 0.0009343847423103097, 0.0014609530494635692, 0.0009517424161620308, 0.0012481195579958798, 0.001010261560263138, 0.0009486552352609578, 0.0029084353916389066, 0.0007523967066339943, 0.0008594485064046846, 0.000871143235522646, 0.0008802191764294146, 0.0008876113280550473, 0.0007284700446487275, 0.002652166366751772, 0.0007719551695198687, 0.0013489273606198068]
BBSR:14.2
ABSR:13.13
max acc:72.18
