======================================
    IID: 0
    Dataset: mnist
    Model: Mnist_CNN
    Model Init: None
    Aggregation Function: mr_duc
    Long attack: 3
    Wide attack: 3
    Threshold reject: 0.6
    Threshold down: 0.2
    Attack method: badnet
    Fraction of malicious agents: 16.0%
    Poison Frac: 0.2
    Backdoor From 7 to 5
    Attack Begin: 0
    Trigger Shape: square
    Trigger Position X: 0
    Trigger Position Y: 0
    Number of agents: 100
    Fraction of agents each turn: 30(30.0%)
    Local batch size: 50
    Local epoch: 3
    Client_LR: 0.01
    Client_Momentum: 0.9
    Global Rounds: 100
======================================
main_task_accuracy=[0, 23.200000762939453, 18.239999771118164, 21.059999465942383, 19.6299991607666, 41.18000030517578, 36.91999816894531, 39.4900016784668, 47.83000183105469, 23.899999618530273, 47.400001525878906, 42.9900016784668, 61.689998626708984, 47.16999816894531, 72.69999694824219, 49.7599983215332, 67.08999633789062, 72.93000030517578, 76.4800033569336, 77.37999725341797, 84.01000213623047, 78.7300033569336, 84.31999969482422, 86.79000091552734, 87.38999938964844, 84.01000213623047, 78.56999969482422, 83.58000183105469, 83.33000183105469, 89.45999908447266, 93.4000015258789, 93.0199966430664, 90.41000366210938, 86.95999908447266, 91.7300033569336, 84.12000274658203, 87.37000274658203, 95.19000244140625, 95.88999938964844, 90.13999938964844, 93.98999786376953, 96.72000122070312, 95.55999755859375, 94.66000366210938, 96.08000183105469, 96.72000122070312, 95.36000061035156, 96.77999877929688, 96.43000030517578, 96.05000305175781, 93.54000091552734, 94.0999984741211, 94.25, 95.4000015258789, 96.80999755859375, 93.47000122070312, 91.80000305175781, 96.5, 96.04000091552734, 96.33999633789062, 96.26000213623047, 92.2699966430664, 88.87999725341797, 97.05000305175781, 93.7300033569336, 93.9000015258789, 95.66999816894531, 96.91999816894531, 97.45999908447266, 97.51000213623047, 92.61000061035156, 93.43000030517578, 96.80999755859375, 97.45999908447266, 97.05999755859375, 97.2300033569336, 97.80000305175781, 96.12000274658203, 96.86000061035156, 97.86000061035156, 97.91999816894531, 97.33000183105469, 97.77999877929688, 96.76000213623047, 97.0199966430664, 97.86000061035156, 97.36000061035156, 97.29000091552734, 97.58000183105469, 97.5199966430664, 97.77999877929688, 97.5199966430664, 97.69000244140625, 98.27999877929688, 98.0199966430664, 96.47000122070312, 97.12000274658203, 97.83000183105469, 97.91000366210938, 97.0999984741211, 98.13999938964844]
backdoor_accuracy=[0, 0.0, 89.98054474708171, 0.0, 0.0, 0.0, 0.0, 15.85603112840467, 0.48638132295719844, 0.0, 2.9182879377431905, 0.0, 29.863813229571985, 0.0, 0.09727626459143969, 0.0, 52.04280155642024, 0.0, 0.0, 0.0, 0.6809338521400778, 0.0, 2.3346303501945527, 0.0, 0.0, 0.9727626459143969, 0.0, 3.11284046692607, 0.09727626459143969, 1.556420233463035, 0.19455252918287938, 0.19455252918287938, 0.19455252918287938, 0.09727626459143969, 0.19455252918287938, 0.0, 4.766536964980545, 0.09727626459143969, 0.48638132295719844, 0.0, 1.264591439688716, 0.7782101167315175, 0.09727626459143969, 4.961089494163424, 0.8754863813229572, 4.474708171206226, 0.7782101167315175, 9.630350194552529, 48.44357976653696, 88.91050583657588, 48.249027237354085, 2.6264591439688716, 70.03891050583658, 5.739299610894942, 81.90661478599222, 33.75486381322957, 96.59533073929961, 14.105058365758754, 72.37354085603113, 5.739299610894942, 57.976653696498055, 20.038910505836576, 44.8443579766537, 47.47081712062257, 3.8910505836575875, 16.828793774319067, 30.739299610894943, 63.81322957198444, 36.478599221789885, 50.68093385214008, 58.36575875486381, 25.77821011673152, 72.37354085603113, 67.02334630350195, 99.70817120622569, 83.46303501945525, 92.31517509727627, 96.40077821011673, 87.15953307392996, 96.78988326848248, 98.63813229571984, 98.34630350194553, 98.92996108949416, 98.73540856031128, 98.15175097276264, 99.61089494163424, 91.24513618677042, 99.80544747081711, 98.15175097276264, 69.26070038910505, 98.92996108949416, 97.27626459143968, 99.31906614785993, 99.90272373540856, 99.80544747081711, 95.71984435797665, 99.80544747081711, 99.90272373540856, 99.90272373540856, 99.90272373540856, 99.80544747081711]
loss_list=[0.4483164044165793, 0.44797172683119957, 0.5061204574478686, 0.5492974519512491, 0.4823758937287043, 0.41790516538584216, 0.4560138476922111, 0.260318708248451, 0.2550285211901268, 0.5775726529811932, 0.2841735078524568, 0.3256533215361035, 0.3015483451154673, 0.3007718398242226, 0.3225094482150611, 0.31770690242428007, 0.23657316255648383, 0.184557333854532, 0.20099478265885054, 0.15423656773171743, 0.17599693444924214, 0.16276633498944343, 0.151999310687565, 0.14012516110062762, 0.10965277905163485, 0.14570225887749133, 0.18961527197578806, 0.16824175000136884, 0.1355089518609089, 0.12888897424806547, 0.1044132163443088, 0.09979054880151467, 0.1203354788983187, 0.11551501011217483, 0.10203847002498859, 0.11870894775419934, 0.10340417376939628, 0.10240749618696336, 0.0922860894984065, 0.08516526497703987, 0.07745200601135, 0.07471212505390246, 0.08009824596231367, 0.08703393152640009, 0.0656796682973346, 0.0627847021068057, 0.069907170234719, 0.07284646313649296, 0.0764684816091786, 0.07370020565311568, 0.076374099495824, 0.07764953700390068, 0.06933860085707483, 0.06600081538862222, 0.061230719774306615, 0.0710519817339262, 0.0620802803235542, 0.0586253387849198, 0.05847177414518894, 0.06488059192753622, 0.0526023554375038, 0.06156246560647178, 0.07862175398099529, 0.06493281598681346, 0.06947537030402778, 0.05390180259182965, 0.06857931554084605, 0.05547066180871736, 0.05086298954180183, 0.0558925041425301, 0.06650752258087322, 0.05668021779485163, 0.05967963170901729, 0.051302244053567855, 0.04862841574627055, 0.053857972724925304, 0.05092784691944938, 0.04886823522901377, 0.04736292710088121, 0.046282971340128334, 0.04409529066021154, 0.04821838909635992, 0.044061921375393255, 0.052954088916022275, 0.04672679115747261, 0.047109816214525056, 0.041187732187714446, 0.0406836755604626, 0.04310184460191437, 0.043357666037816524, 0.04542152180282149, 0.04220880488915783, 0.03945394180447452, 0.03950068802525074, 0.039392297718965574, 0.050516287098833046, 0.044672185977785564, 0.045132955622278814, 0.03828476242453301, 0.042739885777851955]
BBSR:99.9
ABSR:99.13
max acc:98.28
