======================================
    IID: 1
    Dataset: cifar
    Model: resnet
    Model Init: None
    Aggregation Function: mr_duc
    Long attack: 5
    Wide attack: 5
    Threshold reject: 0.6
    Threshold down: 0.1
    Attack method: badnet
    Fraction of malicious agents: 15.0%
    Poison Frac: 0.2
    Backdoor From 7 to 5
    Attack Begin: 0
    Trigger Shape: square
    Trigger Position X: 0
    Trigger Position Y: 0
    Number of agents: 100
    Fraction of agents each turn: 30(30.0%)
    Local batch size: 50
    Local epoch: 3
    Client_LR: 0.01
    Client_Momentum: 0.9
    Global Rounds: 100
======================================
main_task_accuracy=[0, 10.130000114440918, 22.739999771118164, 40.86000061035156, 41.869998931884766, 44.70000076293945, 48.529998779296875, 51.0099983215332, 56.38999938964844, 59.0, 55.9900016784668, 61.15999984741211, 61.540000915527344, 63.04999923706055, 63.349998474121094, 62.84000015258789, 64.93000030517578, 65.12000274658203, 65.83000183105469, 64.95999908447266, 67.33000183105469, 65.47000122070312, 67.51000213623047, 68.08999633789062, 68.41999816894531, 68.83999633789062, 68.83999633789062, 69.4000015258789, 69.68000030517578, 69.66999816894531, 70.22000122070312, 69.95999908447266, 70.44000244140625, 71.0199966430664, 71.30000305175781, 71.33999633789062, 71.88999938964844, 71.0999984741211, 71.81999969482422, 72.62000274658203, 72.11000061035156, 72.36000061035156, 73.01000213623047, 72.45999908447266, 72.9800033569336, 72.94999694824219, 71.87999725341797, 72.61000061035156, 72.80000305175781, 72.63999938964844, 72.7300033569336, 72.5, 72.52999877929688, 72.72000122070312, 72.8499984741211, 72.62000274658203, 72.70999908447266, 72.69999694824219, 72.45999908447266, 72.66999816894531, 72.56999969482422, 72.4000015258789, 72.33000183105469, 72.36000061035156, 72.23999786376953, 72.4000015258789, 72.45999908447266, 72.41999816894531, 72.31999969482422, 72.38999938964844, 72.31999969482422, 72.37999725341797, 72.30000305175781, 72.3499984741211, 72.2699966430664, 72.37999725341797, 72.30999755859375, 72.2300033569336, 72.16000366210938, 72.1500015258789, 72.18000030517578, 72.23999786376953, 72.31999969482422, 72.2300033569336, 72.18000030517578, 72.08999633789062, 72.12000274658203, 72.20999908447266, 72.02999877929688, 72.0199966430664, 72.04000091552734, 72.13999938964844, 72.12999725341797, 72.02999877929688, 72.18000030517578, 71.94999694824219, 71.98999786376953, 71.9800033569336, 72.02999877929688, 71.98999786376953, 72.01000213623047]
backdoor_accuracy=[0, 0.0, 2.8, 15.8, 11.9, 12.8, 12.9, 10.1, 8.0, 17.9, 10.2, 13.2, 17.0, 8.9, 18.2, 15.1, 18.4, 16.8, 13.1, 12.2, 16.6, 10.0, 10.4, 18.3, 14.3, 14.8, 22.6, 19.2, 17.9, 18.9, 16.5, 20.5, 20.3, 23.5, 22.3, 17.3, 20.5, 15.4, 20.4, 24.4, 19.2, 19.2, 25.3, 27.0, 19.3, 24.2, 27.8, 23.6, 27.3, 29.3, 29.9, 27.6, 22.3, 31.2, 28.0, 25.6, 31.5, 27.8, 30.7, 27.7, 30.1, 30.3, 33.3, 33.0, 33.2, 33.1, 32.6, 33.8, 33.8, 31.6, 32.6, 32.8, 31.0, 31.2, 32.2, 33.9, 34.1, 34.0, 33.6, 32.3, 34.2, 34.1, 33.5, 35.0, 35.2, 33.0, 33.3, 31.7, 34.9, 34.9, 32.2, 34.0, 35.0, 34.8, 34.3, 34.0, 35.3, 34.8, 35.1, 35.4, 35.4]
loss_list=[1.956114545530743, 1.5050392905208803, 1.1053685971101124, 0.9171637440803979, 0.7645056784566905, 0.665874656389157, 0.6378394698186054, 0.5147269494872954, 0.5035844613901443, 0.5266794458590449, 0.3914364382552191, 0.43023226605314346, 0.38817739171079463, 0.35398469645426506, 0.3498175923691855, 0.33983122676714417, 0.2696935304823435, 0.38065843053058607, 0.25195309802268945, 0.27208762367359457, 0.26125914823988244, 0.21682518277601856, 0.23989188424828978, 0.2280422468786128, 0.19517443191751632, 0.19783277015175876, 0.17071447503028644, 0.14884960071507117, 0.19038655969223733, 0.134730412507973, 0.16504720375045304, 0.13959201286262315, 0.1213139597837451, 0.092789271679681, 0.0974586876882111, 0.08302730687512345, 0.11999373623208763, 0.09864175095093536, 0.04240615241863351, 0.07929760269937104, 0.12394245849217339, 0.03654540034062746, 0.046228872414600726, 0.04130464771775426, 0.031179970993155923, 0.059526944977567636, 0.03442152257193811, 0.010707360858117076, 0.01572976012287351, 0.024997474313972312, 0.04529763595065257, 0.035648067651232435, 0.007879903633761893, 0.02575648504331993, 0.021943831871418903, 0.016010391913037488, 0.0075969709657106735, 0.012178834210014122, 0.004554650020501058, 0.005119096612066237, 0.003973678134886237, 0.006675003142461517, 0.004027774357010559, 0.0018487222932162689, 0.0023430583576393676, 0.002236754051183299, 0.0024234771621154828, 0.0026666063408871798, 0.0020359879759457218, 0.003972057857010643, 0.003199733512932047, 0.002994830623146198, 0.0019936721002482547, 0.0024892225436795147, 0.0016479181258586726, 0.0011269672662537129, 0.001289600787260699, 0.002523405001201253, 0.0019338586542208861, 0.0024872167221716758, 0.0032271352323166667, 0.0015604415405768024, 0.0016682580224328882, 0.0011754995544227616, 0.0016529703073805042, 0.0008811876743210531, 0.0025300032193061065, 0.0010116296949612053, 0.0009461004576264209, 0.0017382264132094053, 0.0011951093896398863, 0.0007585060150692395, 0.0008170159007729833, 0.001250349201064738, 0.0021318144058588783, 0.0007690869176763549, 0.0007456742218588867, 0.0006589630632515763, 0.0006824842524494873, 0.0006160128471512708]
BBSR:35.4
ABSR:34.81
max acc:72.18
