======================================
    IID: 0
    Dataset: mnist
    Model: Mnist_CNN
    Model Init: None
    Aggregation Function: mr_duc
    Long attack: 5
    Wide attack: 5
    Threshold reject: 0.5
    Threshold down: 0.1
    Attack method: dba
    Fraction of malicious agents: 16.0%
    Poison Frac: 0.2
    Backdoor From 7 to 5
    Attack Begin: 0
    Trigger Shape: square
    Trigger Position X: 0
    Trigger Position Y: 0
    Number of agents: 100
    Fraction of agents each turn: 30(30.0%)
    Local batch size: 50
    Local epoch: 3
    Client_LR: 0.01
    Client_Momentum: 0.9
    Global Rounds: 100
======================================
main_task_accuracy=[0, 29.459999084472656, 14.710000038146973, 57.369998931884766, 33.16999816894531, 55.0099983215332, 36.43000030517578, 48.529998779296875, 42.66999816894531, 50.0, 54.189998626708984, 52.58000183105469, 63.36000061035156, 54.04999923706055, 45.83000183105469, 70.66999816894531, 40.849998474121094, 54.970001220703125, 42.45000076293945, 55.31999969482422, 59.93000030517578, 59.40999984741211, 76.62999725341797, 68.58999633789062, 73.55999755859375, 75.5, 41.560001373291016, 87.37000274658203, 76.8499984741211, 61.189998626708984, 69.0, 81.66999816894531, 78.0199966430664, 77.33999633789062, 78.22000122070312, 51.380001068115234, 92.1500015258789, 81.5999984741211, 81.98999786376953, 85.01000213623047, 76.87000274658203, 82.44999694824219, 86.8499984741211, 81.44999694824219, 85.54000091552734, 87.4800033569336, 90.95999908447266, 91.87000274658203, 88.0999984741211, 91.7300033569336, 91.13999938964844, 86.69000244140625, 94.58999633789062, 89.88999938964844, 94.25, 84.77999877929688, 85.55999755859375, 82.76000213623047, 95.9000015258789, 94.05999755859375, 95.80999755859375, 93.61000061035156, 92.86000061035156, 95.52999877929688, 90.0999984741211, 93.02999877929688, 92.25, 95.44000244140625, 97.16000366210938, 95.27999877929688, 96.13999938964844, 93.20999908447266, 92.12000274658203, 95.37999725341797, 94.3499984741211, 96.91000366210938, 97.12000274658203, 92.58999633789062, 96.25, 96.94000244140625, 96.91000366210938, 97.4000015258789, 96.81999969482422, 95.12000274658203, 93.75, 93.47000122070312, 97.18000030517578, 96.02999877929688, 92.62000274658203, 89.06999969482422, 96.45999908447266, 96.54000091552734, 97.66999816894531, 96.97000122070312, 96.61000061035156, 92.83000183105469, 93.8499984741211, 95.52999877929688, 95.66999816894531, 96.45999908447266, 94.22000122070312]
backdoor_accuracy=[0, 0.0, 0.0, 0.0, 0.0, 0.0, 0.0, 0.48638132295719844, 0.0, 0.0, 0.5836575875486382, 0.0, 9.922178988326849, 0.0, 0.0, 0.38910505836575876, 0.0, 0.0, 0.0, 0.09727626459143969, 0.0, 15.85603112840467, 0.0, 0.0, 24.41634241245136, 0.0, 24.41634241245136, 2.9182879377431905, 1.9455252918287937, 2.0428015564202333, 1.4591439688715953, 0.19455252918287938, 48.540856031128406, 8.560311284046692, 0.6809338521400778, 3.501945525291829, 43.57976653696498, 6.809338521400778, 100.0, 11.284046692607005, 6.42023346303502, 53.11284046692607, 21.011673151750973, 16.245136186770427, 88.2295719844358, 1.7509727626459144, 34.824902723735406, 17.023346303501945, 29.961089494163424, 69.8443579766537, 79.76653696498055, 57.00389105058366, 99.80544747081711, 57.782101167315176, 70.62256809338521, 92.50972762645914, 99.80544747081711, 89.88326848249027, 100.0, 100.0, 100.0, 94.3579766536965, 100.0, 97.85992217898833, 100.0, 49.61089494163424, 100.0, 99.5136186770428, 100.0, 100.0, 99.41634241245136, 100.0, 93.57976653696498, 100.0, 100.0, 100.0, 100.0, 100.0, 100.0, 100.0, 100.0, 100.0, 100.0, 99.90272373540856, 100.0, 98.15175097276264, 100.0, 100.0, 100.0, 100.0, 100.0, 100.0, 100.0, 100.0, 100.0, 99.61089494163424, 100.0, 99.80544747081711, 100.0, 100.0, 100.0]
loss_list=[0.48589206193092793, 0.6510857197518315, 0.37748025617953473, 0.332532217853707, 0.40846965063340984, 0.26428592787134975, 0.36205873713433745, 0.32879212466059193, 0.32740856498150084, 0.3472921370670749, 0.295161358474144, 0.3053752301545302, 0.306897841477921, 0.26300500871810045, 0.3229835982011369, 0.24645183407845306, 0.36779151333283083, 0.3081633135036067, 0.3597570906886097, 0.2739079537047333, 0.23246192868135515, 0.26784659880497425, 0.19810359590167542, 0.1839917633879909, 0.1721406328123568, 0.23144405395295903, 0.36560500545063424, 0.19629253803400828, 0.15969116123045532, 0.2802629330397217, 0.31237497201006087, 0.18182743016835268, 0.1722931189104333, 0.1698242734543315, 0.17589319410632426, 0.23300359163989776, 0.13012850514662216, 0.1597860147444155, 0.16669536505434335, 0.15169495344736653, 0.16073984415102333, 0.19522229952153952, 0.13884013930332081, 0.1678992171675081, 0.14670176136136082, 0.12870871533335898, 0.12078879050446546, 0.11322394579183886, 0.1313999952228616, 0.12161318213413783, 0.12064562388306882, 0.11830412313931132, 0.09216567950449761, 0.09466646154921063, 0.08754766219913783, 0.1018300545940393, 0.1535918599941565, 0.1301546030163804, 0.09099079544404147, 0.08868297346680995, 0.08063285016947971, 0.09314978974159785, 0.08193988082102134, 0.08861627448034565, 0.09729064639344934, 0.09323810794679781, 0.09175724387029618, 0.07891347302664405, 0.07012288568773718, 0.07660143984914794, 0.071569833356194, 0.07299568780577358, 0.09744436536121878, 0.076464206777021, 0.06914164668549987, 0.06635435559819176, 0.06895652459514237, 0.08564820184996345, 0.05863420921785974, 0.06418466962741147, 0.06667732962927975, 0.05832928200781461, 0.06337005677224894, 0.06426896307335879, 0.06914514423734479, 0.08241951644046394, 0.05644929993319281, 0.07738858076859205, 0.07428857708101319, 0.11942593141426458, 0.06875166595232765, 0.06521933146162459, 0.057993348278540476, 0.061506352372159914, 0.06305137957604665, 0.07480102765161761, 0.07348795463472733, 0.06857541770493567, 0.06604902483473438, 0.06044146538687658]
BBSR:100.0
ABSR:99.94
max acc:97.67
