======================================
    IID: 0
    Dataset: mnist
    Model: Mnist_CNN
    Model Init: None
    Aggregation Function: mr_duc
    Long attack: 5
    Wide attack: 5
    Threshold reject: 0.5
    Threshold down: 0.1
    Attack method: badnet
    Fraction of malicious agents: 16.0%
    Poison Frac: 0.2
    Backdoor From 7 to 5
    Attack Begin: 0
    Trigger Shape: square
    Trigger Position X: 0
    Trigger Position Y: 0
    Number of agents: 100
    Fraction of agents each turn: 30(30.0%)
    Local batch size: 50
    Local epoch: 3
    Client_LR: 0.01
    Client_Momentum: 0.9
    Global Rounds: 100
======================================
main_task_accuracy=[0, 17.510000228881836, 21.420000076293945, 21.540000915527344, 12.380000114440918, 48.22999954223633, 16.469999313354492, 46.93000030517578, 25.34000015258789, 39.470001220703125, 23.239999771118164, 53.75, 46.41999816894531, 22.3700008392334, 63.9900016784668, 12.149999618530273, 70.0999984741211, 62.65999984741211, 42.869998931884766, 47.18000030517578, 60.400001525878906, 67.1500015258789, 71.51000213623047, 54.849998474121094, 62.36000061035156, 58.900001525878906, 71.33999633789062, 80.55999755859375, 58.88999938964844, 87.45999908447266, 84.45999908447266, 87.12999725341797, 76.25, 69.26000213623047, 83.9000015258789, 67.31999969482422, 91.41999816894531, 79.22000122070312, 90.63999938964844, 77.94000244140625, 93.22000122070312, 88.06999969482422, 89.25, 82.72000122070312, 87.66000366210938, 78.55000305175781, 93.05999755859375, 88.69999694824219, 85.23999786376953, 80.01000213623047, 69.48999786376953, 93.08999633789062, 78.51000213623047, 95.05000305175781, 93.79000091552734, 94.4000015258789, 90.58000183105469, 88.77999877929688, 86.62000274658203, 93.4800033569336, 95.83999633789062, 94.43000030517578, 93.76000213623047, 90.75, 94.30000305175781, 93.51000213623047, 92.93000030517578, 94.33999633789062, 94.05999755859375, 82.16000366210938, 96.11000061035156, 90.66999816894531, 84.41000366210938, 80.1500015258789, 95.93000030517578, 86.79000091552734, 93.68000030517578, 95.01000213623047, 96.06999969482422, 93.9000015258789, 93.08999633789062, 96.44999694824219, 96.06999969482422, 88.16000366210938, 89.87999725341797, 93.83999633789062, 92.70999908447266, 93.36000061035156, 89.05000305175781, 93.55999755859375, 92.63999938964844, 96.44000244140625, 96.80000305175781, 95.94999694824219, 90.23999786376953, 93.58999633789062, 96.79000091552734, 96.51000213623047, 96.9800033569336, 94.98999786376953, 95.93000030517578]
backdoor_accuracy=[0, 25.486381322957197, 0.0, 0.0, 0.0, 0.0, 0.0, 0.0, 6.42023346303502, 0.0, 0.0, 0.0, 20.428015564202333, 0.0, 0.09727626459143969, 0.0, 0.0, 63.61867704280156, 0.0, 0.19455252918287938, 33.94941634241245, 4.571984435797665, 43.09338521400778, 100.0, 0.0, 0.7782101167315175, 1.9455252918287937, 2.237354085603113, 1.3618677042801557, 71.49805447470817, 79.08560311284047, 91.82879377431907, 1.3618677042801557, 100.0, 3.0155642023346303, 100.0, 41.731517509727624, 100.0, 27.723735408560312, 91.34241245136187, 100.0, 100.0, 100.0, 100.0, 100.0, 100.0, 78.21011673151752, 99.80544747081711, 13.132295719844358, 100.0, 16.828793774319067, 99.90272373540856, 80.93385214007782, 99.70817120622569, 100.0, 77.82101167315174, 96.10894941634241, 54.766536964980546, 100.0, 100.0, 100.0, 100.0, 100.0, 100.0, 96.98443579766537, 100.0, 100.0, 100.0, 100.0, 100.0, 100.0, 100.0, 100.0, 100.0, 100.0, 100.0, 100.0, 100.0, 100.0, 100.0, 100.0, 100.0, 100.0, 100.0, 100.0, 100.0, 100.0, 100.0, 100.0, 100.0, 100.0, 100.0, 100.0, 100.0, 95.71984435797665, 100.0, 100.0, 100.0, 100.0, 100.0, 100.0]
loss_list=[0.42930145849571955, 0.48977965145213564, 0.6637528869771607, 0.46188052830000614, 0.6404143578443917, 0.3953005139495989, 0.7351346165589178, 0.42236243278858415, 0.5708992064555466, 0.47119629738649876, 0.45694421475612457, 0.3113232015765899, 0.30901365522476654, 0.5470412572081033, 0.3554512006143637, 0.6003373275389262, 0.26114866234161477, 0.22739412474417212, 0.28684781702736134, 0.38450781567061987, 0.27470678327736014, 0.23507160915079237, 0.23490312999851276, 0.5009002057593727, 0.29859816210101064, 0.27053449688570524, 0.2044316984222488, 0.20336654471228507, 0.23893359881083467, 0.19978296372051033, 0.14671481098770237, 0.17389009426916047, 0.189189077801703, 0.21538222089007408, 0.18308877676929056, 0.18349904499432723, 0.1528678723686695, 0.16608606660780903, 0.1566168954508818, 0.16427156509159122, 0.11413392401227081, 0.12917762854534626, 0.13656976026663445, 0.17506484164413977, 0.14880132325159734, 0.15591083899616057, 0.12052133293644215, 0.10681675300045074, 0.13682497990222967, 0.16922158156546543, 0.1977327477164214, 0.13833221857943082, 0.15172041456513996, 0.11954095409759313, 0.10916763940484348, 0.11729714087031322, 0.11845733945214869, 0.1285420332559964, 0.12269239390312228, 0.10548082047269193, 0.0981094396749309, 0.09311221047813924, 0.10492171760497175, 0.11083587257663867, 0.08530478418861899, 0.09913382828404262, 0.10051553633913364, 0.09659510251640359, 0.10134050724751548, 0.12435406096564529, 0.09488441411556174, 0.10363207307629912, 0.15756294428359963, 0.2029191547226313, 0.10807564420578121, 0.11830962114619678, 0.10652381623744396, 0.09444011476398036, 0.08460509475708573, 0.0847211615404814, 0.10098430203614514, 0.08759805084295026, 0.08552451316376457, 0.1068793313442724, 0.10764092561133161, 0.10687364295286493, 0.09832989631442128, 0.10285047411951852, 0.12143244313741029, 0.11367404599951206, 0.10316284847326726, 0.08203650002418454, 0.07821488713938035, 0.07903358177851359, 0.09969755043464627, 0.09224369718581583, 0.0792090124421735, 0.07101051580476386, 0.07708010754380608, 0.0831537377652576]
BBSR:100.0
ABSR:99.57
max acc:96.98
