======================================
    IID: 1
    Dataset: cifar
    Model: resnet
    Model Init: None
    Aggregation Function: mr_duc
    Long attack: 5
    Wide attack: 5
    Threshold reject: 0.6
    Threshold down: 0.1
    Attack method: badnet
    Fraction of malicious agents: 16.0%
    Poison Frac: 0.2
    Backdoor From 7 to 5
    Attack Begin: 0
    Trigger Shape: square
    Trigger Position X: 0
    Trigger Position Y: 0
    Number of agents: 100
    Fraction of agents each turn: 30(30.0%)
    Local batch size: 50
    Local epoch: 3
    Client_LR: 0.01
    Client_Momentum: 0.9
    Global Rounds: 100
======================================
main_task_accuracy=[0, 10.390000343322754, 28.420000076293945, 43.040000915527344, 44.790000915527344, 52.33000183105469, 54.18000030517578, 54.68000030517578, 58.86000061035156, 60.70000076293945, 62.5099983215332, 61.33000183105469, 62.41999816894531, 64.5199966430664, 63.93000030517578, 66.0199966430664, 65.22000122070312, 65.56999969482422, 66.54000091552734, 67.0999984741211, 66.61000061035156, 67.11000061035156, 68.5, 66.87999725341797, 69.1500015258789, 69.1500015258789, 67.73999786376953, 69.33000183105469, 69.02999877929688, 70.33000183105469, 69.73999786376953, 69.62000274658203, 69.08000183105469, 71.44000244140625, 71.23999786376953, 70.58999633789062, 71.56999969482422, 71.47000122070312, 71.61000061035156, 70.80000305175781, 71.58000183105469, 72.1500015258789, 72.19000244140625, 72.0999984741211, 72.13999938964844, 71.94999694824219, 72.43000030517578, 72.19000244140625, 71.88999938964844, 72.33000183105469, 72.26000213623047, 72.19999694824219, 72.30000305175781, 72.01000213623047, 71.97000122070312, 71.95999908447266, 72.05999755859375, 72.0999984741211, 72.22000122070312, 72.08999633789062, 72.23999786376953, 72.12999725341797, 72.16000366210938, 72.30999755859375, 72.12000274658203, 72.08000183105469, 71.93000030517578, 72.19000244140625, 72.01000213623047, 72.08000183105469, 71.9800033569336, 71.88999938964844, 71.9000015258789, 71.77999877929688, 71.91999816894531, 72.01000213623047, 71.93000030517578, 71.94000244140625, 71.87999725341797, 71.83000183105469, 71.91000366210938, 71.94000244140625, 71.87000274658203, 71.80999755859375, 71.93000030517578, 71.86000061035156, 71.75, 71.77999877929688, 71.77999877929688, 71.69000244140625, 71.62000274658203, 71.75, 71.6500015258789, 71.73999786376953, 71.7300033569336, 71.66999816894531, 71.62000274658203, 71.7699966430664, 71.8499984741211, 71.62000274658203, 71.73999786376953]
backdoor_accuracy=[0, 0.0, 13.1, 18.0, 10.2, 12.5, 10.8, 15.7, 15.2, 13.4, 17.3, 16.3, 16.1, 13.5, 16.1, 16.1, 13.1, 14.6, 17.4, 15.4, 16.8, 17.2, 18.0, 14.9, 19.3, 18.6, 16.4, 21.0, 14.8, 28.8, 20.9, 18.9, 31.6, 24.6, 27.7, 26.5, 24.8, 27.6, 30.0, 21.0, 29.9, 40.5, 37.0, 36.4, 40.5, 33.2, 42.5, 37.0, 35.0, 39.2, 37.2, 40.7, 39.2, 42.0, 38.8, 41.3, 40.2, 39.5, 42.1, 43.3, 43.2, 43.0, 46.2, 41.0, 43.7, 43.0, 44.8, 45.4, 45.2, 45.7, 44.4, 45.3, 46.4, 45.4, 43.1, 45.7, 44.4, 44.7, 43.3, 45.4, 43.2, 44.8, 45.3, 45.3, 44.2, 41.3, 43.3, 45.2, 44.7, 45.3, 45.7, 42.8, 44.3, 45.2, 45.6, 46.2, 42.7, 43.4, 44.7, 43.9, 44.8]
loss_list=[1.9520177290174698, 1.4967907820807562, 1.0793857995503477, 0.9290522093491421, 0.7726205755107934, 0.6503753122438988, 0.622581522692409, 0.5425728027232819, 0.5102364792798956, 0.4444470881070527, 0.4455316229288776, 0.414456849668382, 0.39183652721448914, 0.36973471581728923, 0.3739048894784516, 0.34039019649744856, 0.31070234721733464, 0.28395735410042106, 0.27436213335591475, 0.34646952260078656, 0.2771508915080792, 0.2532460388365305, 0.2665194028357251, 0.19527714688046316, 0.163351955357939, 0.21253822329557603, 0.15036201512596262, 0.18693662057643648, 0.14332830706999328, 0.14851290420965396, 0.14661221258989018, 0.15592656376642275, 0.10832135461891688, 0.11089303232406061, 0.10278815911681803, 0.09186505650758692, 0.09829806198689363, 0.056005216890609714, 0.14170794361245095, 0.11783047221607477, 0.054971207317883256, 0.04806450436900679, 0.03700977558302433, 0.043415393588430655, 0.053318254547581684, 0.03932327697574188, 0.029577027378028205, 0.047838225581120546, 0.020135454087544025, 0.009647084784616407, 0.009725822900493062, 0.008504756927173325, 0.006964205131484454, 0.0049045145760303254, 0.009840028872891307, 0.006140791022496867, 0.02286036354654546, 0.0048587912489892904, 0.004712826159068046, 0.00456215493815964, 0.0032274721769337913, 0.005080330416854445, 0.003297595685936459, 0.0020973535946298707, 0.004706102252675921, 0.0019181137686731136, 0.001856187683556022, 0.0023499028934586223, 0.003170016622316325, 0.001541016703704372, 0.0018162976776754172, 0.0014856519145541828, 0.0025207772713393846, 0.0030606236847719025, 0.001170899376609466, 0.001413636266305629, 0.0022503164376960027, 0.0022222194378425934, 0.0011119318128961215, 0.0026082610354448356, 0.0017198248930961, 0.0010034148638401854, 0.0013474293253724077, 0.0008481939042151983, 0.0027801318433759857, 0.0010046972554846436, 0.0009315074496165228, 0.0007905572296052317, 0.0008042240132797614, 0.0008800359097222099, 0.0014963670260153268, 0.0012674290259747068, 0.0007973305624505481, 0.0008106161559084689, 0.0007015596914667792, 0.0013444096228098115, 0.0007999052139995102, 0.0014391219629396803, 0.0006911577633016148, 0.0007193128705936638]
BBSR:46.2
ABSR:44.36
max acc:71.85
