======================================
    IID: 0
    Dataset: mnist
    Model: Mnist_CNN
    Model Init: None
    Aggregation Function: mr_duc
    Long attack: 4
    Wide attack: 4
    Threshold reject: 0.6
    Threshold down: 0.2
    Attack method: dba
    Fraction of malicious agents: 15.0%
    Poison Frac: 0.2
    Backdoor From 7 to 5
    Attack Begin: 0
    Trigger Shape: square
    Trigger Position X: 0
    Trigger Position Y: 0
    Number of agents: 100
    Fraction of agents each turn: 30(30.0%)
    Local batch size: 50
    Local epoch: 3
    Client_LR: 0.01
    Client_Momentum: 0.9
    Global Rounds: 100
======================================
main_task_accuracy=[0, 18.520000457763672, 40.93000030517578, 25.479999542236328, 30.93000030517578, 35.2400016784668, 45.540000915527344, 42.439998626708984, 51.439998626708984, 62.900001525878906, 60.18000030517578, 58.189998626708984, 73.62999725341797, 66.61000061035156, 66.9000015258789, 69.47000122070312, 79.16000366210938, 84.22000122070312, 86.13999938964844, 82.95999908447266, 86.0199966430664, 88.75, 88.80999755859375, 93.16999816894531, 92.3499984741211, 91.5999984741211, 92.02999877929688, 91.19000244140625, 94.2699966430664, 91.37999725341797, 91.56999969482422, 94.37999725341797, 93.83000183105469, 95.91000366210938, 91.87999725341797, 91.72000122070312, 93.45999908447266, 96.44000244140625, 96.83000183105469, 96.11000061035156, 96.54000091552734, 96.80000305175781, 96.51000213623047, 96.77999877929688, 96.22000122070312, 96.30999755859375, 97.02999877929688, 96.12999725341797, 96.5999984741211, 97.26000213623047, 93.69999694824219, 95.87000274658203, 96.4800033569336, 96.80000305175781, 97.0999984741211, 97.86000061035156, 97.91000366210938, 97.56999969482422, 94.27999877929688, 90.94000244140625, 92.69000244140625, 97.58000183105469, 96.25, 97.12000274658203, 97.63999938964844, 97.80999755859375, 97.54000091552734, 97.91999816894531, 97.91000366210938, 97.55000305175781, 97.55999755859375, 96.62000274658203, 97.48999786376953, 97.58000183105469, 97.0, 97.04000091552734, 97.29000091552734, 96.62999725341797, 97.52999877929688, 97.68000030517578, 98.0999984741211, 98.33000183105469, 98.36000061035156, 98.19000244140625, 98.06999969482422, 98.13999938964844, 98.45999908447266, 96.41999816894531, 97.5, 98.18000030517578, 98.27999877929688, 98.18000030517578, 98.29000091552734, 98.05999755859375, 98.12000274658203, 98.31999969482422, 98.30000305175781, 97.88999938964844, 98.18000030517578, 98.37000274658203, 98.47000122070312]
backdoor_accuracy=[0, 14.591439688715953, 0.0, 0.38910505836575876, 0.0, 0.0, 0.0, 0.0, 0.09727626459143969, 0.0, 0.0, 8.171206225680933, 0.0, 0.19455252918287938, 6.712062256809339, 0.0, 0.7782101167315175, 0.0, 0.5836575875486382, 0.0, 0.38910505836575876, 0.09727626459143969, 0.6809338521400778, 0.0, 0.38910505836575876, 0.09727626459143969, 0.38910505836575876, 0.8754863813229572, 0.19455252918287938, 1.3618677042801557, 0.2918287937743191, 0.7782101167315175, 0.38910505836575876, 0.9727626459143969, 0.38910505836575876, 0.5836575875486382, 0.7782101167315175, 0.38910505836575876, 0.48638132295719844, 0.38910505836575876, 1.3618677042801557, 0.6809338521400778, 1.0700389105058365, 0.7782101167315175, 1.4591439688715953, 0.09727626459143969, 10.116731517509727, 1.4591439688715953, 4.863813229571984, 2.237354085603113, 4.280155642023346, 10.214007782101167, 8.268482490272374, 0.48638132295719844, 16.926070038910506, 1.1673151750972763, 16.245136186770427, 3.9883268482490273, 43.3852140077821, 0.0, 1.556420233463035, 1.7509727626459144, 2.6264591439688716, 6.22568093385214, 28.11284046692607, 10.116731517509727, 43.190661478599225, 20.038910505836576, 89.98054474708171, 42.023346303501945, 81.42023346303502, 92.02334630350195, 97.56809338521401, 88.13229571984436, 94.16342412451363, 100.0, 95.62256809338521, 97.76264591439688, 100.0, 99.41634241245136, 99.80544747081711, 99.0272373540856, 100.0, 99.70817120622569, 99.90272373540856, 99.90272373540856, 99.90272373540856, 99.70817120622569, 100.0, 99.80544747081711, 100.0, 99.61089494163424, 100.0, 100.0, 100.0, 100.0, 99.5136186770428, 100.0, 99.70817120622569, 99.90272373540856, 100.0]
loss_list=[0.5391023071938489, 0.3936129072810601, 0.2731813462251576, 0.23561749274641955, 0.2581295991846565, 0.2777774957852178, 0.3090230665805955, 0.2697144113717517, 0.24103201529556414, 0.20455810501845054, 0.21848108020514642, 0.18208119136680687, 0.1927303393950246, 0.17777191617468743, 0.17336432941270913, 0.17118509412286464, 0.11789534648682497, 0.11276203174070297, 0.09930305028231784, 0.1071230545382623, 0.10362608673357834, 0.09291444025244977, 0.07476050986861822, 0.07161156715585307, 0.08039100854742134, 0.07283455562224407, 0.059632000721752725, 0.07263684123867681, 0.06971024191676083, 0.06780298669690975, 0.07422103491292532, 0.058250620922305, 0.07568153163702453, 0.05252291409361447, 0.06653563877658236, 0.060623099603181956, 0.06103046917050977, 0.05180226619866646, 0.050591982324122174, 0.054605105555148255, 0.04586073793679726, 0.0463315119350034, 0.04846422637356228, 0.04634179099632109, 0.043264364578366334, 0.04800067722247768, 0.04020004012437413, 0.05803094072345985, 0.03755896505697252, 0.043945221613004425, 0.049297769396687535, 0.045425619383351115, 0.04186342584527746, 0.03950367673009593, 0.039109426373769685, 0.043123085547738096, 0.03312653701357462, 0.03749661343280538, 0.04401205100344469, 0.060146850269093804, 0.05300782425874568, 0.03576782815933561, 0.04378120308990105, 0.03542261995752896, 0.03334402370108414, 0.02939205303787887, 0.030413367724992955, 0.030888387644840046, 0.029466956692021994, 0.03511723286263844, 0.034478623999491455, 0.03163275035220233, 0.03206698950151408, 0.031815193646065894, 0.03530542674674911, 0.030210166515914037, 0.03063440157065448, 0.035723254267385436, 0.03301599448838131, 0.032579085486995445, 0.025292075272973804, 0.028281300110322687, 0.02543820534003187, 0.02365451847919426, 0.02759428302708069, 0.025805668020270622, 0.024304118006049667, 0.030012165260223957, 0.027153624022867025, 0.02448061946192171, 0.027985896040455475, 0.022485432567389434, 0.026790024019568173, 0.0259521346229438, 0.02092635886861037, 0.023262262762923702, 0.02634716395701538, 0.02317778567834607, 0.026931800599376794, 0.024603290954309298]
BBSR:100.0
ABSR:99.87
max acc:98.47
