======================================
    IID: 1
    Dataset: cifar
    Model: resnet
    Model Init: None
    Aggregation Function: our
    Long attack: 3
    Wide attack: 3
    Attack method: badnet
    Fraction of malicious agents: 15.0%
    Poison Frac: 0.2
    Backdoor From 7 to 5
    Attack Begin: 0
    Trigger Shape: square
    Trigger Position X: 0
    Trigger Position Y: 0
    Number of agents: 100
    Fraction of agents each turn: 30(30.0%)
    Local batch size: 50
    Local epoch: 3
    Client_LR: 0.01
    Client_Momentum: 0.9
    Global Rounds: 100
======================================
main_task_accuracy=[0, 11.84000015258789, 36.20000076293945, 43.470001220703125, 44.470001220703125, 46.959999084472656, 51.900001525878906, 53.41999816894531, 49.40999984741211, 53.650001525878906, 53.970001220703125, 54.560001373291016, 57.790000915527344, 56.15999984741211, 57.31999969482422, 58.2400016784668, 55.630001068115234, 55.630001068115234, 58.650001525878906, 58.18000030517578, 55.22999954223633, 57.599998474121094, 57.619998931884766, 59.08000183105469, 60.38999938964844, 58.099998474121094, 61.15999984741211, 56.5099983215332, 60.77000045776367, 60.81999969482422, 60.59000015258789, 61.52000045776367, 61.630001068115234, 59.849998474121094, 60.400001525878906, 61.630001068115234, 61.439998626708984, 60.06999969482422, 62.16999816894531, 59.47999954223633, 61.31999969482422, 59.150001525878906, 60.25, 60.43000030517578, 62.369998931884766, 60.75, 60.349998474121094, 59.599998474121094, 62.81999969482422, 61.630001068115234, 62.790000915527344, 60.439998626708984, 61.5, 64.30999755859375, 62.869998931884766, 63.290000915527344, 63.220001220703125, 61.90999984741211, 60.7599983215332, 62.869998931884766, 63.77000045776367, 63.189998626708984, 62.61000061035156, 62.16999816894531, 63.22999954223633, 62.9900016784668, 62.59000015258789, 62.630001068115234, 62.68000030517578, 63.70000076293945, 62.630001068115234, 62.2599983215332, 62.93000030517578, 62.70000076293945, 62.25, 63.349998474121094, 62.63999938964844, 62.63999938964844, 64.51000213623047, 63.27000045776367, 63.790000915527344, 63.68000030517578, 62.349998474121094, 62.709999084472656, 64.0199966430664, 64.13999938964844, 64.4000015258789, 63.4900016784668, 64.1500015258789, 62.77000045776367, 63.439998626708984, 62.880001068115234, 63.810001373291016, 63.04999923706055, 63.45000076293945, 64.26000213623047, 64.45999908447266, 63.95000076293945, 65.12999725341797, 63.0, 63.880001068115234]
backdoor_accuracy=[0, 0.0, 3.8, 20.1, 15.9, 1.4, 11.5, 3.4, 1.1, 3.7, 5.1, 6.7, 8.1, 1.8, 1.8, 10.6, 7.6, 12.0, 3.8, 6.7, 1.7, 1.9, 3.8, 5.2, 7.4, 13.2, 7.0, 4.8, 5.3, 7.2, 1.8, 3.8, 5.7, 2.1, 10.9, 20.7, 19.0, 3.0, 4.3, 20.5, 5.5, 8.1, 8.8, 7.1, 10.0, 5.0, 8.8, 7.6, 9.0, 21.2, 5.1, 4.2, 8.5, 8.3, 6.9, 11.2, 5.0, 3.4, 6.3, 11.4, 2.9, 5.0, 7.7, 7.5, 7.4, 5.5, 7.0, 9.6, 3.2, 4.3, 5.8, 13.2, 12.7, 5.1, 8.4, 5.2, 12.6, 7.7, 5.6, 11.2, 7.4, 4.9, 3.5, 4.8, 6.0, 11.5, 8.6, 7.3, 8.7, 4.9, 11.4, 5.1, 8.9, 7.0, 5.8, 9.6, 8.2, 8.1, 5.1, 5.5, 16.4]
loss_list=[1.9843126753966014, 1.5218648112482496, 1.1752630150980417, 0.9453949645492765, 0.8324447858002453, 0.7879418812443814, 0.6648895183826488, 0.6120798321026892, 0.6352499922861656, 0.6442027885073588, 0.5873792153845231, 0.5978420562980076, 0.5611092142408921, 0.49495259880709147, 0.5540727589341502, 0.536628772981672, 0.5808176996869345, 0.431228733053431, 0.5185770177706662, 0.46623091762161106, 0.5343195324318691, 0.5181095241170584, 0.574281015434406, 0.4633679585003604, 0.5055070887464617, 0.5527808814785548, 0.4427782613483983, 0.4875792763268368, 0.49670543243177234, 0.4430722994315956, 0.4552731728972868, 0.4036675137912648, 0.4931646176463821, 0.502099855468712, 0.4825161419596731, 0.4403194028659102, 0.49653788883032074, 0.46995278772742816, 0.4707003746497341, 0.4458099900056711, 0.4699699155109314, 0.5874673959618021, 0.4278168840820176, 0.43972722001270287, 0.47145264303104745, 0.4296335324588128, 0.4776502693201313, 0.5662027311262985, 0.4449715197867611, 0.4400703741899795, 0.491496138707476, 0.39878738881295756, 0.4494611679255548, 0.41092396409871684, 0.4004149483633229, 0.4470093772350811, 0.4431445395548104, 0.45765227523399515, 0.4764956427939858, 0.4880099884625007, 0.42981393603659757, 0.44747812323323966, 0.39073317752918235, 0.4617963100566218, 0.4505265351728949, 0.40522582798264917, 0.5100824463113934, 0.49673001569592296, 0.46671306433802895, 0.42747173733491883, 0.4512509267334826, 0.5369648475970866, 0.3802620235608062, 0.4234452984660554, 0.4655286137475115, 0.41093205316871817, 0.4580542426809876, 0.5627133213966673, 0.3996249521766893, 0.42644546068066524, 0.4131281598698762, 0.4431748118355042, 0.47997694465642177, 0.42771561711302236, 0.44332920477803184, 0.426809333657018, 0.4100813643445468, 0.37707553478164796, 0.39576393631959544, 0.4392605580723224, 0.4604511440004637, 0.373525666452996, 0.5017621136076439, 0.5039764187350456, 0.48163534784948236, 0.44518934220023865, 0.35355167579992375, 0.3409972296789704, 0.4226348078049098, 0.4669594851578586]
BBSR:16.4
ABSR:7.97
max acc:65.13
