======================================
    IID: 0
    Dataset: mnist
    Model: Mnist_CNN
    Model Init: None
    Aggregation Function: mr_duc
    Long attack: 2
    Wide attack: 2
    Threshold reject: 0.6
    Threshold down: 0.1
    Attack method: dba
    Fraction of malicious agents: 15.0%
    Poison Frac: 0.2
    Backdoor From 7 to 5
    Attack Begin: 0
    Trigger Shape: square
    Trigger Position X: 0
    Trigger Position Y: 0
    Number of agents: 100
    Fraction of agents each turn: 30(30.0%)
    Local batch size: 50
    Local epoch: 3
    Client_LR: 0.01
    Client_Momentum: 0.9
    Global Rounds: 100
======================================
main_task_accuracy=[0, 26.989999771118164, 18.31999969482422, 24.1299991607666, 35.5, 38.95000076293945, 36.75, 61.90999984741211, 50.66999816894531, 69.66999816894531, 57.88999938964844, 76.66000366210938, 61.869998931884766, 77.01000213623047, 76.83999633789062, 78.55000305175781, 77.48999786376953, 74.58999633789062, 82.4000015258789, 87.55000305175781, 75.76000213623047, 83.8499984741211, 88.69000244140625, 82.95999908447266, 88.05000305175781, 94.16000366210938, 88.4000015258789, 90.83999633789062, 90.58000183105469, 86.41999816894531, 93.05999755859375, 94.37999725341797, 96.05999755859375, 93.4000015258789, 93.43000030517578, 93.2699966430664, 96.48999786376953, 89.41000366210938, 87.97000122070312, 95.69000244140625, 96.41000366210938, 96.08000183105469, 95.87999725341797, 95.88999938964844, 95.94000244140625, 96.22000122070312, 96.12000274658203, 95.0199966430664, 95.98999786376953, 96.69000244140625, 97.38999938964844, 96.80999755859375, 96.69999694824219, 96.9800033569336, 97.72000122070312, 96.68000030517578, 97.58999633789062, 97.05999755859375, 97.79000091552734, 97.19000244140625, 96.54000091552734, 95.94999694824219, 93.75, 95.7699966430664, 96.91000366210938, 97.80000305175781, 97.77999877929688, 96.27999877929688, 97.5199966430664, 97.16999816894531, 97.2300033569336, 94.5199966430664, 97.63999938964844, 97.54000091552734, 97.6500015258789, 97.6500015258789, 97.61000061035156, 96.27999877929688, 96.44000244140625, 97.81999969482422, 97.36000061035156, 97.73999786376953, 98.0199966430664, 97.86000061035156, 97.26000213623047, 97.06999969482422, 97.16000366210938, 97.72000122070312, 94.2300033569336, 96.66999816894531, 97.69000244140625, 98.13999938964844, 97.48999786376953, 97.7300033569336, 98.08999633789062, 98.2300033569336, 98.31999969482422, 97.91000366210938, 98.12000274658203, 98.22000122070312, 98.37999725341797]
backdoor_accuracy=[0, 0.0, 0.0, 0.0, 0.0, 0.0, 0.0, 0.0, 0.0, 3.0155642023346303, 0.0, 0.09727626459143969, 0.38910505836575876, 0.0, 0.6809338521400778, 0.0, 0.09727626459143969, 0.0, 0.0, 0.0, 0.0, 0.09727626459143969, 0.2918287937743191, 0.0, 0.2918287937743191, 0.19455252918287938, 0.19455252918287938, 0.2918287937743191, 5.447470817120623, 0.0, 0.09727626459143969, 0.09727626459143969, 0.09727626459143969, 0.09727626459143969, 0.0, 0.5836575875486382, 0.48638132295719844, 0.2918287937743191, 0.7782101167315175, 1.3618677042801557, 2.7237354085603114, 10.700389105058365, 3.7937743190661477, 14.202334630350194, 4.766536964980545, 38.326848249027236, 7.392996108949417, 17.801556420233464, 59.24124513618677, 54.57198443579767, 31.03112840466926, 76.4591439688716, 75.58365758754864, 38.715953307392994, 89.88326848249027, 29.182879377431906, 89.6887159533074, 85.99221789883268, 93.19066147859922, 98.63813229571984, 68.77431906614785, 98.73540856031128, 55.54474708171206, 92.50972762645914, 93.19066147859922, 93.77431906614785, 95.8171206225681, 96.20622568093385, 99.90272373540856, 95.62256809338521, 99.80544747081711, 98.83268482490273, 98.83268482490273, 97.85992217898833, 98.63813229571984, 99.90272373540856, 99.61089494163424, 99.80544747081711, 100.0, 100.0, 99.41634241245136, 99.90272373540856, 98.63813229571984, 100.0, 99.90272373540856, 99.41634241245136, 100.0, 99.90272373540856, 99.90272373540856, 100.0, 100.0, 100.0, 100.0, 99.61089494163424, 100.0, 99.70817120622569, 100.0, 100.0, 100.0, 100.0, 100.0]
loss_list=[0.48230734067232367, 0.3491206120906916, 0.5446177656026088, 0.3593486548324905, 0.2813002069719193, 0.393001423719972, 0.27981277532841076, 0.20193750353667822, 0.2071169669684489, 0.22717699202313424, 0.21142090927656612, 0.2305655018052332, 0.1540076966858948, 0.178563453992618, 0.12166809131292848, 0.1321665065829031, 0.1493187727773989, 0.15100915231375298, 0.10472330939606021, 0.09123956400513826, 0.12062641317144479, 0.12164634800127885, 0.08872232743819078, 0.11362132355805495, 0.09524711910452975, 0.08972486362634768, 0.09008336254415064, 0.06627363462386361, 0.08426696151402699, 0.09382032699633973, 0.07730333327208855, 0.0669895735872139, 0.06255597197772643, 0.06340091676784984, 0.05965222094339497, 0.06068804164891322, 0.05932671765949676, 0.07223094103553987, 0.07613635359027507, 0.06137768061056808, 0.05578188268734805, 0.051766141448565284, 0.0586496578727325, 0.050039720522108325, 0.04758487329017161, 0.051538996616287455, 0.04893148018060215, 0.05801017272772393, 0.04351843201734554, 0.04173665675064863, 0.04593356602248228, 0.048322629927056195, 0.04520254418010137, 0.04315951801852017, 0.04219463079365201, 0.04019214791691648, 0.0405868995932156, 0.03830473240719454, 0.040725331413222224, 0.04297162992406305, 0.04018329149550486, 0.042021675723634716, 0.05461021490125572, 0.04151010076159793, 0.041758616089267384, 0.03661467486592544, 0.03615596006032796, 0.040549461476789846, 0.039054859253477986, 0.0408488635332228, 0.040790689426951424, 0.04038888923220497, 0.03355671584886959, 0.03738258218339477, 0.0336769148027353, 0.03563685913571652, 0.03453147913175463, 0.039051788728443136, 0.040294097670164744, 0.03212347473383143, 0.03607115212140417, 0.03703833546048943, 0.03266451973008818, 0.033844851023885916, 0.03449609731197013, 0.03713468774711954, 0.03240254865240552, 0.03230524069378707, 0.04490405178000899, 0.03408750393442435, 0.031010018054134725, 0.028360896887907276, 0.0353329190435742, 0.0315365590914519, 0.031137252533809053, 0.029430802761815384, 0.03166836754897101, 0.0279552230851672, 0.025061059454472883, 0.028455235316727688]
BBSR:100.0
ABSR:99.93
max acc:98.38
