======================================
    IID: 0
    Dataset: mnist
    Model: Mnist_CNN
    Model Init: None
    Aggregation Function: mr_duc
    Long attack: 5
    Wide attack: 5
    Threshold reject: 0.5
    Threshold down: 0.2
    Attack method: dba
    Fraction of malicious agents: 16.0%
    Poison Frac: 0.2
    Backdoor From 7 to 5
    Attack Begin: 0
    Trigger Shape: square
    Trigger Position X: 0
    Trigger Position Y: 0
    Number of agents: 100
    Fraction of agents each turn: 30(30.0%)
    Local batch size: 50
    Local epoch: 3
    Client_LR: 0.01
    Client_Momentum: 0.9
    Global Rounds: 100
======================================
main_task_accuracy=[0, 14.6899995803833, 30.65999984741211, 15.300000190734863, 41.20000076293945, 28.540000915527344, 35.349998474121094, 48.18000030517578, 22.68000030517578, 56.439998626708984, 48.61000061035156, 65.75, 38.20000076293945, 65.56999969482422, 32.38999938964844, 71.3499984741211, 34.369998931884766, 62.540000915527344, 61.099998474121094, 75.2699966430664, 55.59000015258789, 72.13999938964844, 63.56999969482422, 54.599998474121094, 75.4800033569336, 63.97999954223633, 75.86000061035156, 78.27999877929688, 77.5, 72.05000305175781, 78.37999725341797, 61.91999816894531, 83.66999816894531, 75.87000274658203, 76.08000183105469, 82.27999877929688, 79.91000366210938, 88.44000244140625, 84.43000030517578, 87.20999908447266, 65.1500015258789, 82.48999786376953, 81.3499984741211, 78.05999755859375, 74.91999816894531, 76.61000061035156, 88.31999969482422, 73.0999984741211, 92.27999877929688, 88.66999816894531, 82.8499984741211, 69.13999938964844, 91.62999725341797, 54.779998779296875, 88.7300033569336, 84.27999877929688, 94.0, 82.58000183105469, 75.70999908447266, 86.16000366210938, 86.95999908447266, 84.51000213623047, 94.23999786376953, 94.01000213623047, 88.58999633789062, 93.4000015258789, 95.25, 79.47000122070312, 92.06999969482422, 91.87000274658203, 94.37999725341797, 94.62999725341797, 92.91999816894531, 94.58999633789062, 95.18000030517578, 92.16000366210938, 91.91999816894531, 95.37000274658203, 95.87000274658203, 87.5199966430664, 96.05999755859375, 91.13999938964844, 89.77999877929688, 93.4800033569336, 92.95999908447266, 96.30000305175781, 95.0199966430664, 94.37999725341797, 95.22000122070312, 95.16999816894531, 96.4800033569336, 92.4800033569336, 96.56999969482422, 92.44000244140625, 95.33000183105469, 95.22000122070312, 96.08000183105469, 93.66999816894531, 96.08000183105469, 96.0999984741211, 97.05000305175781]
backdoor_accuracy=[0, 0.0, 87.2568093385214, 0.0, 0.0, 0.0, 0.0, 0.0, 0.0, 0.0, 0.0, 8.171206225680933, 0.0, 0.0, 0.0, 0.0, 0.0, 0.0, 0.0, 0.19455252918287938, 0.0, 0.0, 0.0, 0.19455252918287938, 0.0, 0.0, 0.0, 0.09727626459143969, 0.0, 0.0, 0.0, 0.0, 0.0, 0.0, 3.11284046692607, 0.0, 0.0, 0.0, 0.19455252918287938, 0.0, 18.579766536964982, 0.0, 9.53307392996109, 0.0, 0.0, 0.0, 0.09727626459143969, 0.0, 0.0, 0.0, 0.0, 0.0, 0.0, 0.0, 0.0, 0.0, 0.0, 0.0, 4.085603112840467, 0.0, 0.2918287937743191, 0.0, 0.09727626459143969, 0.0, 0.0, 0.0, 0.0, 0.0, 0.0, 0.0, 0.0, 0.0, 0.0, 0.0, 0.0, 0.0, 0.09727626459143969, 0.0, 0.09727626459143969, 0.0, 0.0, 0.09727626459143969, 0.0, 0.09727626459143969, 0.0, 0.09727626459143969, 0.0, 0.0, 0.0, 0.19455252918287938, 2.140077821011673, 0.09727626459143969, 0.0, 0.09727626459143969, 3.8910505836575875, 0.0, 6.3229571984435795, 14.202334630350194, 35.505836575875485, 30.836575875486382, 26.945525291828794]
loss_list=[0.48019748165776194, 0.6802810136853821, 0.38748887480450767, 0.7729068695514286, 0.3037813593648632, 0.6357911454527918, 0.27298230096537096, 0.2677463346106009, 0.5294638307013234, 0.3040907827531845, 0.2704012557544346, 0.18762562522090598, 0.42693759793073693, 0.21649634392823072, 0.42134613246005237, 0.25302638419623, 0.38005308953960154, 0.25256980450876887, 0.16021694243115375, 0.21808539142831365, 0.27825538382305354, 0.22256061911943126, 0.3042211999484721, 0.27343750675865836, 0.2067794415422653, 0.19860891807685416, 0.17295589706684347, 0.1488589110540018, 0.1705737470434696, 0.13616254089540014, 0.1752430147867615, 0.23277565102091868, 0.169810856074467, 0.17470432232812338, 0.15499734227084155, 0.15877012444601118, 0.16269636298629137, 0.10367665840254436, 0.1294024965343172, 0.13624118618389064, 0.30674120712439307, 0.16133869828112563, 0.13515461060382636, 0.14378825268769818, 0.20716933010302335, 0.15315655271901127, 0.12636736102151255, 0.18523354661186006, 0.13662917200492766, 0.11813461857108096, 0.15637312076075663, 0.2293519649533416, 0.16528896021570896, 0.2265803439372906, 0.15618919743636892, 0.1344562338287054, 0.12433274069635929, 0.11478434801244654, 0.19154735064287923, 0.14876878996568574, 0.12727606174076106, 0.15254436495184617, 0.11271112468699489, 0.11147657527514272, 0.13530318639969766, 0.10553480839256048, 0.09125568003357597, 0.1331816435236903, 0.12229090924396237, 0.10055139523006955, 0.0990190815639262, 0.10625504799024181, 0.10926997867336931, 0.08112445617161795, 0.0942172079920725, 0.09832747711648868, 0.09777766607953835, 0.07891037950204363, 0.08934330658258172, 0.11250185335490212, 0.08705211062714273, 0.09173711224299311, 0.09347387216122509, 0.08790887630549923, 0.08883559669005235, 0.07818092117696933, 0.07508418283389935, 0.08084397877456354, 0.0811276653448894, 0.06765384858749575, 0.06819501606792748, 0.08942299601211937, 0.07700472433407728, 0.0785107552563263, 0.0695261055911221, 0.07680816814666219, 0.0746872432731908, 0.0735909327017922, 0.0670924975481213, 0.06966780277959718]
BBSR:35.51
ABSR:11.79
max acc:97.05
