======================================
    IID: 0
    Dataset: mnist
    Model: Mnist_CNN
    Model Init: None
    Aggregation Function: mr_duc
    Long attack: 5
    Wide attack: 5
    Threshold reject: 0.6
    Attack method: badnet
    Fraction of malicious agents: 15.0%
    Poison Frac: 0.2
    Backdoor From 7 to 5
    Attack Begin: 0
    Trigger Shape: square
    Trigger Position X: 0
    Trigger Position Y: 0
    Number of agents: 100
    Fraction of agents each turn: 30(30.0%)
    Local batch size: 50
    Local epoch: 3
    Client_LR: 0.01
    Client_Momentum: 0.9
    Global Rounds: 100
======================================
main_task_accuracy=[0, 12.850000381469727, 20.469999313354492, 38.66999816894531, 30.510000228881836, 31.600000381469727, 37.75, 42.220001220703125, 53.31999969482422, 65.05000305175781, 47.560001373291016, 72.12999725341797, 56.84000015258789, 75.73999786376953, 65.19999694824219, 75.95999908447266, 83.61000061035156, 83.05999755859375, 88.08000183105469, 79.08000183105469, 78.45999908447266, 69.44999694824219, 80.43000030517578, 85.61000061035156, 85.19000244140625, 86.95999908447266, 86.72000122070312, 92.58999633789062, 92.66000366210938, 90.75, 92.43000030517578, 92.05000305175781, 93.79000091552734, 94.19999694824219, 94.72000122070312, 94.6500015258789, 96.25, 96.38999938964844, 95.20999908447266, 92.05000305175781, 95.20999908447266, 96.0, 96.33999633789062, 91.33999633789062, 95.80000305175781, 95.80999755859375, 97.27999877929688, 96.68000030517578, 95.80999755859375, 94.70999908447266, 96.56999969482422, 95.58999633789062, 94.47000122070312, 94.7699966430664, 96.47000122070312, 97.29000091552734, 97.58999633789062, 96.75, 96.2699966430664, 95.91000366210938, 96.77999877929688, 93.93000030517578, 96.20999908447266, 97.54000091552734, 97.61000061035156, 97.41000366210938, 97.5199966430664, 97.08000183105469, 97.88999938964844, 97.3499984741211, 97.8499984741211, 97.51000213623047, 97.26000213623047, 97.0, 97.87999725341797, 98.0, 97.16999816894531, 97.56999969482422, 97.66000366210938, 97.79000091552734, 97.68000030517578, 97.9000015258789, 97.81999969482422, 97.62999725341797, 97.91000366210938, 98.08000183105469, 96.94000244140625, 97.9800033569336, 97.56999969482422, 97.9800033569336, 97.91000366210938, 97.58999633789062, 97.91000366210938, 97.8499984741211, 97.68000030517578, 98.08000183105469, 98.06999969482422, 97.86000061035156, 97.58999633789062, 98.18000030517578, 98.25]
backdoor_accuracy=[0, 0.0, 98.24902723735408, 0.0, 43.28793774319066, 0.0, 0.0, 9.04669260700389, 3.6964980544747084, 0.0, 2.0428015564202333, 0.0, 0.19455252918287938, 0.2918287937743191, 2.237354085603113, 0.0, 2.237354085603113, 0.38910505836575876, 1.1673151750972763, 0.09727626459143969, 6.517509727626459, 0.0, 12.743190661478598, 0.6809338521400778, 1.264591439688716, 0.9727626459143969, 0.2918287937743191, 1.556420233463035, 0.5836575875486382, 1.556420233463035, 0.6809338521400778, 1.556420233463035, 0.38910505836575876, 2.3346303501945527, 0.7782101167315175, 1.3618677042801557, 3.501945525291829, 3.0155642023346303, 0.5836575875486382, 4.863813229571984, 7.2957198443579765, 2.529182879377432, 10.992217898832685, 2.0428015564202333, 5.739299610894942, 1.264591439688716, 3.11284046692607, 2.140077821011673, 7.490272373540856, 0.6809338521400778, 5.058365758754864, 0.5836575875486382, 16.828793774319067, 5.642023346303502, 2.3346303501945527, 2.821011673151751, 32.39299610894942, 2.237354085603113, 12.743190661478598, 3.307392996108949, 24.41634241245136, 7.392996108949417, 16.342412451361866, 12.645914396887159, 7.490272373540856, 17.898832684824903, 11.284046692607005, 68.3852140077821, 3.5992217898832686, 36.7704280155642, 6.517509727626459, 8.949416342412452, 29.377431906614785, 9.14396887159533, 15.56420233463035, 16.634241245136188, 26.945525291828794, 37.35408560311284, 32.782101167315176, 45.233463035019454, 15.56420233463035, 37.93774319066148, 4.961089494163424, 81.6147859922179, 10.894941634241246, 96.20622568093385, 47.27626459143969, 53.89105058365759, 83.17120622568093, 57.5875486381323, 87.84046692607004, 82.19844357976653, 53.988326848249024, 86.7704280155642, 8.365758754863814, 83.36575875486382, 10.992217898832685, 91.53696498054475, 98.92996108949416, 73.44357976653697, 97.27626459143968]
loss_list=[0.4874024661987344, 0.3957049428338237, 0.3404288572849187, 0.2912421033371718, 0.2556019887748818, 0.4038517987958375, 0.3073194601007858, 0.22489622532033698, 0.2198850213298401, 0.20372979125503984, 0.22222678584834513, 0.19848381614557284, 0.17812360124927268, 0.23521097556303702, 0.2261308227269452, 0.18297695814890927, 0.1400540139517153, 0.10995788661764802, 0.09109596044730374, 0.12683670145063275, 0.12130256434909963, 0.16256924619348023, 0.14347181647244778, 0.10500536743586567, 0.1116004906568521, 0.0877070896695982, 0.09433948569826064, 0.07542251859927578, 0.07734116724972866, 0.08148968110827014, 0.08122135211436025, 0.0784604633666502, 0.08129323366391228, 0.07724062590479527, 0.05690691420782323, 0.05983801346887989, 0.05371672131650021, 0.05512728785396916, 0.06598213460483411, 0.06535464001945554, 0.057001195946705344, 0.05709553311245204, 0.06144034205784608, 0.05780267669736119, 0.0541966645320237, 0.05208397726965241, 0.04897943347155209, 0.04913912000127404, 0.04605039043692308, 0.05610441927305383, 0.045450166481093145, 0.05664245594122501, 0.05340418222933076, 0.050424274201854816, 0.04804380764777492, 0.0374174046198545, 0.04293155432644444, 0.0392244891442939, 0.042721902791993845, 0.043204973155959156, 0.041536755017204885, 0.04934119484225988, 0.04492790025195661, 0.03567305699705693, 0.039236621564023834, 0.03727633445581501, 0.03804188070470839, 0.036860185037555435, 0.036173121214000084, 0.033305501970579604, 0.03389629756995452, 0.032200768636285626, 0.03912430170870153, 0.04046105873603117, 0.034053778316675644, 0.03557962199518357, 0.036835097494454454, 0.02886106541538319, 0.02995014850033627, 0.03359219938508881, 0.03496646251633896, 0.03221646978883815, 0.034149257834169604, 0.030751904497417052, 0.03566718572779959, 0.034495986971715756, 0.03069396872660903, 0.03280536503703143, 0.03007819127200138, 0.02618234078951186, 0.032990538178552666, 0.03359890452429345, 0.02887346566504145, 0.028795801328680294, 0.028033744617609737, 0.02911336353734131, 0.027605499825974707, 0.032105382780918304, 0.030978165748101756, 0.028584338223741144]
BBSR:98.93
ABSR:68.69
max acc:98.25
