======================================
    IID: 0
    Dataset: mnist
    Model: Mnist_CNN
    Model Init: None
    Aggregation Function: mr_abs
    Long attack: 3
    Wide attack: 3
    Threshold reject: 0.5
    Threshold down: 0.0
    Attack method: badnet
    Fraction of malicious agents: 15.0%
    Poison Frac: 0.2
    Backdoor From 7 to 5
    Attack Begin: 0
    Trigger Shape: square
    Trigger Position X: 0
    Trigger Position Y: 0
    Number of agents: 100
    Fraction of agents each turn: 30(30.0%)
    Local batch size: 50
    Local epoch: 3
    Client_LR: 0.01
    Client_Momentum: 0.9
    Global Rounds: 100
======================================
main_task_accuracy=[0, 30.280000686645508, 9.819999694824219, 21.010000228881836, 16.719999313354492, 40.68000030517578, 49.380001068115234, 52.58000183105469, 53.619998931884766, 61.970001220703125, 42.45000076293945, 59.70000076293945, 72.16000366210938, 68.61000061035156, 57.68000030517578, 71.93000030517578, 63.65999984741211, 80.7300033569336, 87.5999984741211, 82.08000183105469, 78.83999633789062, 84.1500015258789, 85.41999816894531, 85.98999786376953, 86.88999938964844, 91.4000015258789, 91.2300033569336, 80.33999633789062, 85.12000274658203, 90.4800033569336, 88.19999694824219, 82.13999938964844, 84.3499984741211, 77.41999816894531, 81.94000244140625, 93.2699966430664, 95.56999969482422, 93.94000244140625, 95.87999725341797, 94.41999816894531, 93.63999938964844, 91.29000091552734, 96.69999694824219, 95.63999938964844, 94.0199966430664, 93.33000183105469, 95.95999908447266, 96.04000091552734, 96.44000244140625, 96.88999938964844, 95.79000091552734, 96.11000061035156, 96.08000183105469, 96.73999786376953, 95.7300033569336, 96.75, 96.87000274658203, 97.58000183105469, 95.62999725341797, 93.41999816894531, 96.80999755859375, 96.91000366210938, 96.5999984741211, 97.22000122070312, 97.12000274658203, 96.66000366210938, 95.69000244140625, 95.4000015258789, 97.81999969482422, 96.88999938964844, 97.0, 97.38999938964844, 96.8499984741211, 97.58999633789062, 96.58000183105469, 97.45999908447266, 96.1500015258789, 96.8499984741211, 97.41000366210938, 97.11000061035156, 96.5, 96.0999984741211, 97.29000091552734, 96.4000015258789, 97.76000213623047, 97.8499984741211, 97.7699966430664, 97.88999938964844, 98.06999969482422, 97.68000030517578, 97.38999938964844, 97.66000366210938, 97.81999969482422, 97.68000030517578, 97.5999984741211, 97.8499984741211, 97.98999786376953, 97.9800033569336, 96.83999633789062, 97.54000091552734, 98.01000213623047]
backdoor_accuracy=[0, 0.0, 0.0, 0.0, 0.2918287937743191, 0.0, 0.0, 0.5836575875486382, 0.0, 0.0, 0.0, 0.0, 0.0, 17.023346303501945, 0.0, 0.48638132295719844, 0.0, 0.7782101167315175, 0.38910505836575876, 0.0, 2.3346303501945527, 0.0, 6.517509727626459, 0.0, 0.0, 1.1673151750972763, 0.09727626459143969, 0.38910505836575876, 0.09727626459143969, 0.38910505836575876, 0.19455252918287938, 0.09727626459143969, 0.19455252918287938, 0.0, 3.5992217898832686, 0.0, 0.2918287937743191, 0.0, 0.19455252918287938, 0.0, 0.0, 0.2918287937743191, 0.0, 0.0, 0.0, 0.38910505836575876, 0.09727626459143969, 0.0, 0.0, 0.19455252918287938, 0.2918287937743191, 0.09727626459143969, 0.5836575875486382, 0.09727626459143969, 0.09727626459143969, 0.5836575875486382, 0.09727626459143969, 0.2918287937743191, 1.1673151750972763, 0.19455252918287938, 0.0, 0.48638132295719844, 0.0, 1.0700389105058365, 1.264591439688716, 16.731517509727627, 7.976653696498055, 0.38910505836575876, 0.7782101167315175, 6.906614785992218, 3.9883268482490273, 20.914396887159533, 9.727626459143968, 13.618677042801556, 11.381322957198444, 9.53307392996109, 38.2295719844358, 43.67704280155642, 15.56420233463035, 28.30739299610895, 7.684824902723736, 72.17898832684826, 4.182879377431907, 8.852140077821012, 5.3501945525291825, 3.9883268482490273, 3.11284046692607, 5.155642023346304, 25.291828793774318, 36.08949416342413, 3.501945525291829, 55.35019455252918, 26.750972762645915, 39.78599221789883, 28.69649805447471, 78.50194552529183, 79.57198443579766, 98.34630350194553, 67.70428015564202, 94.06614785992218, 65.1750972762646]
loss_list=[0.48833020483763023, 0.38955146115112516, 0.7205492326455091, 0.3246358991572242, 0.44217526218210534, 0.3226933703659213, 0.17473238857619006, 0.24906881718316887, 0.24788461481203428, 0.235034712577122, 0.24776039336010208, 0.21621641783336737, 0.19458543117193983, 0.16422269530948153, 0.20451134495104828, 0.18537115718589306, 0.1876754036789837, 0.12659195832145265, 0.12227574818167876, 0.1138894627851116, 0.11001851231174661, 0.12574759975518796, 0.097562139747878, 0.10454111385490791, 0.09654371244680256, 0.08982211890203197, 0.0795445670484198, 0.11197236674768601, 0.12803501852749663, 0.10664596053550918, 0.0859873049091472, 0.10322368693578805, 0.11310341456283785, 0.13301890822723147, 0.12426703336384158, 0.08938796231935307, 0.08299712403691545, 0.06741469082175676, 0.059433870070106615, 0.062408394132852416, 0.07374279467087215, 0.05813675962054074, 0.07073775450899772, 0.05992576201841561, 0.07390164918885844, 0.07523718385393652, 0.05792307585573935, 0.05270055930738206, 0.057195207595338214, 0.04693280626566331, 0.059417049356529, 0.057539885004712014, 0.04686711225612307, 0.04896944041942063, 0.046881614709704894, 0.04729737358842007, 0.05415013321655114, 0.044975701215751944, 0.04740039460349018, 0.04859454412310241, 0.0426119412917129, 0.04007394254790694, 0.05102885151571905, 0.05940902980143745, 0.040695417254273204, 0.04169411363202004, 0.047717205798937484, 0.044984032183893206, 0.04314644332550765, 0.044344086245057056, 0.03963149494231836, 0.03868892896996975, 0.03374003224815072, 0.03718874254531965, 0.041628961378700494, 0.0345369772056483, 0.04360621081226365, 0.032702300593262686, 0.03832717176722601, 0.035312831045010755, 0.038563027114487315, 0.03789154371229752, 0.03776963812498903, 0.03998166617932495, 0.036800087329086684, 0.033216402323448156, 0.03262178374598825, 0.03504421990170174, 0.03210471465018307, 0.03320496791569785, 0.03514896022997357, 0.032664299820580854, 0.032699257920498645, 0.034641428554726766, 0.035299781813467775, 0.03473841052567435, 0.032823396615007105, 0.03432330633529883, 0.0370181993749292, 0.03555418381962451]
BBSR:98.35
ABSR:63.39
max acc:98.01
