======================================
    IID: 1
    Dataset: cifar
    Model: resnet
    Model Init: None
    Aggregation Function: RLR
    Long attack: 5
    Wide attack: 5
    Attack method: badnet
    Fraction of malicious agents: 15.0%
    Poison Frac: 0.2
    Backdoor From 7 to 5
    Attack Begin: 0
    Trigger Shape: square
    Trigger Position X: 0
    Trigger Position Y: 0
    Number of agents: 100
    Fraction of agents each turn: 30(30.0%)
    Local batch size: 50
    Local epoch: 3
    Client_LR: 0.01
    Client_Momentum: 0.9
    Global Rounds: 100
    RobustLR_threshold: 4
======================================
main_task_accuracy=[0, 10.359999656677246, 24.799999237060547, 41.72999954223633, 39.369998931884766, 44.45000076293945, 48.11000061035156, 49.720001220703125, 53.099998474121094, 55.4900016784668, 57.849998474121094, 59.560001373291016, 58.689998626708984, 60.13999938964844, 60.130001068115234, 60.400001525878906, 62.02000045776367, 61.54999923706055, 62.119998931884766, 64.12000274658203, 65.25, 63.59000015258789, 65.7699966430664, 65.41000366210938, 65.94000244140625, 65.06999969482422, 65.69000244140625, 66.62999725341797, 65.83000183105469, 65.01000213623047, 66.69999694824219, 66.12000274658203, 68.4800033569336, 68.06999969482422, 67.63999938964844, 68.62000274658203, 69.30000305175781, 69.33000183105469, 66.44999694824219, 67.43000030517578, 69.1500015258789, 66.93000030517578, 70.2300033569336, 67.87999725341797, 70.3499984741211, 69.87999725341797, 70.33999633789062, 70.26000213623047, 69.66999816894531, 69.37000274658203, 70.68000030517578, 69.3499984741211, 71.58000183105469, 71.41999816894531, 70.91999816894531, 71.2699966430664, 70.2300033569336, 69.98999786376953, 70.20999908447266, 68.91999816894531, 71.48999786376953, 71.19999694824219, 71.55999755859375, 72.16000366210938, 71.83000183105469, 71.87000274658203, 72.06999969482422, 72.05999755859375, 71.9800033569336, 71.97000122070312, 72.0, 71.48999786376953, 72.16000366210938, 71.94000244140625, 71.80999755859375, 72.0, 71.44999694824219, 71.73999786376953, 71.69000244140625, 71.62000274658203, 71.61000061035156, 71.72000122070312, 71.88999938964844, 71.55999755859375, 71.70999908447266, 71.8499984741211, 71.51000213623047, 71.61000061035156, 71.44999694824219, 72.01000213623047, 71.5199966430664, 71.76000213623047, 71.7699966430664, 71.69999694824219, 71.56999969482422, 71.81999969482422, 71.8499984741211, 71.7300033569336, 71.72000122070312, 71.44000244140625, 71.58999633789062]
backdoor_accuracy=[0, 0.0, 0.2, 15.2, 11.4, 14.7, 10.2, 7.2, 15.5, 12.4, 13.3, 10.7, 11.8, 16.6, 15.9, 12.5, 12.2, 13.8, 15.3, 14.7, 17.0, 14.7, 13.9, 16.3, 16.7, 17.9, 19.6, 15.2, 15.6, 15.5, 18.5, 17.8, 21.5, 18.8, 17.7, 17.7, 16.7, 22.6, 16.5, 16.2, 20.5, 30.8, 19.1, 26.3, 27.7, 26.1, 23.6, 25.4, 29.2, 30.5, 32.5, 24.6, 23.3, 31.6, 29.1, 27.9, 33.7, 25.3, 28.4, 24.0, 26.8, 28.0, 33.0, 36.1, 33.4, 40.1, 33.9, 34.3, 38.8, 38.2, 39.3, 33.1, 37.2, 36.9, 34.0, 35.8, 37.0, 38.6, 36.2, 34.1, 39.9, 36.1, 40.1, 33.5, 36.1, 39.0, 36.3, 38.9, 35.6, 39.2, 40.0, 41.8, 39.6, 39.1, 38.3, 40.6, 42.2, 39.5, 36.1, 38.9, 40.2]
loss_list=[1.9585380657513938, 1.5049413098229303, 1.0937839819656479, 0.973373663723469, 0.8009707205494244, 0.7216033883765339, 0.6608780980896618, 0.5962882868655853, 0.5503294332077107, 0.5216198315554194, 0.4909585422836243, 0.4880076487238208, 0.413439246105651, 0.4229678952383498, 0.4237065782542858, 0.405096074620055, 0.4101619908172224, 0.36584491860742385, 0.34174133042184013, 0.32589407671398163, 0.3432543211057782, 0.3523406141685943, 0.32692455277260807, 0.2862196037460429, 0.3005022305493347, 0.28316827412953394, 0.2216381218098104, 0.28061201374486294, 0.265581262239462, 0.2550869657008702, 0.23088070037503108, 0.19578182497294616, 0.26016274660696376, 0.21402541123259453, 0.14854466107738615, 0.21300679342575476, 0.20163819597025093, 0.18328916132721737, 0.17521721113460245, 0.16221466986792318, 0.162650966268783, 0.17866643829109502, 0.15798124838478136, 0.11182282431290431, 0.1418096982697413, 0.10882503203252175, 0.16981573855973287, 0.1305353366077179, 0.13465656265965661, 0.14683926623133525, 0.09230505707415028, 0.137278906364065, 0.08028600821058111, 0.09117244659079006, 0.08033508969170118, 0.08928712156884207, 0.08996938637763377, 0.10500977604331435, 0.13358090538410275, 0.05842825586472624, 0.05021145148940074, 0.054547189590092686, 0.022169135607360255, 0.0384633724544579, 0.05880705517872737, 0.013986318553183486, 0.023770499839172576, 0.02433885301041705, 0.005718315984409452, 0.04641803445152213, 0.043497959568691534, 0.02029669251125193, 0.017126582725533003, 0.032511755823921296, 0.0380942782541711, 0.02795099049172778, 0.04051876747420868, 0.03441726196037658, 0.018741181973869567, 0.047479976438223985, 0.023913211230915797, 0.019898184411453655, 0.016883724202464992, 0.008492709826845789, 0.018058519743537744, 0.02697170782440177, 0.003154640948533698, 0.020541072208789042, 0.007137548147836948, 0.022213485452749517, 0.017476889573871533, 0.011123681851838934, 0.02604609377635824, 0.005997701747831647, 0.006909678566511907, 0.0022020041008747487, 0.00417715124774582, 0.020370039522570858, 0.010034960364630224, 0.004875557169654913]
BBSR:42.2
ABSR:39.63
max acc:71.85
