======================================
    IID: 1
    Dataset: cifar
    Model: resnet
    Model Init: None
    Aggregation Function: mr_duc
    Long attack: 5
    Wide attack: 5
    Threshold reject: 0.4
    Attack method: dba
    Fraction of malicious agents: 15.0%
    Poison Frac: 0.2
    Backdoor From 7 to 5
    Attack Begin: 0
    Trigger Shape: square
    Trigger Position X: 0
    Trigger Position Y: 0
    Number of agents: 100
    Fraction of agents each turn: 30(30.0%)
    Local batch size: 50
    Local epoch: 3
    Client_LR: 0.01
    Client_Momentum: 0.9
    Global Rounds: 100
======================================
main_task_accuracy=[0, 10.119999885559082, 29.979999542236328, 44.790000915527344, 48.84000015258789, 52.09000015258789, 56.13999938964844, 58.66999816894531, 60.369998931884766, 61.279998779296875, 62.099998474121094, 62.75, 65.1500015258789, 63.150001525878906, 65.27999877929688, 66.61000061035156, 65.7300033569336, 66.91999816894531, 66.75, 67.51000213623047, 67.62000274658203, 67.5999984741211, 68.66000366210938, 68.69999694824219, 67.5199966430664, 69.91999816894531, 70.76000213623047, 69.63999938964844, 71.0199966430664, 69.66999816894531, 70.94000244140625, 71.68000030517578, 71.47000122070312, 71.9800033569336, 71.81999969482422, 71.73999786376953, 72.02999877929688, 72.05999755859375, 72.38999938964844, 72.69999694824219, 71.73999786376953, 72.93000030517578, 72.83999633789062, 72.52999877929688, 73.06999969482422, 73.30000305175781, 72.98999786376953, 73.12999725341797, 73.08999633789062, 73.31999969482422, 73.38999938964844, 73.2300033569336, 73.25, 73.1500015258789, 73.44999694824219, 73.2699966430664, 73.26000213623047, 73.12000274658203, 73.29000091552734, 73.20999908447266, 73.5199966430664, 73.33999633789062, 73.16000366210938, 73.25, 73.22000122070312, 73.36000061035156, 73.36000061035156, 73.58999633789062, 73.51000213623047, 73.45999908447266, 73.2699966430664, 73.26000213623047, 73.27999877929688, 73.13999938964844, 73.25, 73.2300033569336, 73.16000366210938, 73.18000030517578, 73.26000213623047, 73.20999908447266, 73.0999984741211, 73.05999755859375, 73.0999984741211, 73.22000122070312, 73.16999816894531, 73.25, 73.26000213623047, 73.13999938964844, 73.20999908447266, 73.30999755859375, 73.12999725341797, 73.13999938964844, 73.12000274658203, 73.0199966430664, 73.16999816894531, 73.13999938964844, 73.11000061035156, 73.0199966430664, 72.94000244140625, 73.02999877929688, 73.04000091552734]
backdoor_accuracy=[0, 0.0, 10.8, 14.4, 9.8, 7.5, 10.2, 7.6, 10.8, 8.7, 6.6, 5.8, 10.4, 7.0, 5.6, 9.4, 6.7, 6.4, 6.8, 5.9, 6.7, 5.8, 5.6, 4.5, 6.8, 7.5, 5.2, 5.4, 6.6, 5.6, 7.1, 7.3, 5.5, 6.7, 6.2, 7.1, 7.5, 5.7, 7.3, 5.5, 6.8, 7.0, 5.1, 5.6, 7.1, 6.8, 8.5, 9.5, 9.3, 9.6, 6.3, 8.0, 7.0, 8.8, 8.2, 8.8, 9.0, 8.5, 9.2, 8.5, 9.3, 8.5, 8.2, 8.9, 8.5, 8.0, 8.9, 8.2, 8.4, 8.5, 9.4, 8.3, 9.3, 8.2, 9.7, 10.1, 8.2, 7.7, 9.1, 8.8, 7.4, 9.1, 9.7, 8.8, 9.6, 8.2, 8.2, 8.6, 8.1, 8.8, 9.1, 8.7, 9.0, 9.2, 9.0, 9.0, 8.8, 9.6, 9.0, 9.1, 9.5]
loss_list=[1.9976154596275753, 1.5273096859455106, 1.1073846187194185, 0.9383203162252902, 0.774247653024892, 0.6798254840779637, 0.6000637708894079, 0.5822630688879223, 0.5000949932717614, 0.45737589668068623, 0.42579358705629916, 0.4539736915752292, 0.355422153931318, 0.412114834047647, 0.3347511546106802, 0.3142618037294596, 0.32615720324218267, 0.314865662748408, 0.28201530839316546, 0.2856428299564868, 0.2659024478852128, 0.25134202129078204, 0.26432801649026166, 0.20466466603257386, 0.21207887831997752, 0.19057811006981265, 0.2083216026208053, 0.14783826426111374, 0.22471510688295698, 0.15108921753048593, 0.11840476849556175, 0.12586084735230543, 0.10388910603269731, 0.10540581015449585, 0.10094337930100865, 0.09934963885345496, 0.10814879943021675, 0.08834650925082517, 0.0882200996820272, 0.09684126678136334, 0.062142118722420286, 0.04841165051911958, 0.06190533743640925, 0.05163649493960999, 0.03702356640252724, 0.020825215516864164, 0.04150138172796383, 0.02836235368339759, 0.019140486861255745, 0.023377053628404008, 0.02090251878689742, 0.011905083733565537, 0.03460455138527323, 0.01170552648338748, 0.010665677282183119, 0.007682245822086569, 0.015904451136884743, 0.015464395474975594, 0.005648069733029439, 0.01389292189536111, 0.004624629137866173, 0.002461283190690058, 0.002759019478722217, 0.017352420729827525, 0.003737653835899741, 0.006514936053814987, 0.002600657407488648, 0.0024929339731332026, 0.0024124588745568568, 0.0016601520837139108, 0.0026163794721651354, 0.004525628328515773, 0.001921352259620714, 0.00163443592417429, 0.0046001443191036944, 0.001791581439853568, 0.002324361734968584, 0.0021531199923386637, 0.001022876651299561, 0.0016423658790558375, 0.0011851814526906111, 0.002360261103628242, 0.0017277902244596688, 0.001924311676250201, 0.0012900167078219564, 0.0009444018002654452, 0.0009563664451787997, 0.0012583647875322238, 0.0012850291510403623, 0.0025556420391755334, 0.0014192738631229281, 0.0008780949513149808, 0.0008603370274229545, 0.0011819032838684504, 0.0010262843236826789, 0.0015620727651629654, 0.0012649655139426214, 0.0008258972324983914, 0.0006578822687879438, 0.0008234750178396806]
BBSR:9.6
ABSR:9.09
max acc:73.17
