======================================
    IID: 1
    Dataset: cifar
    Model: resnet
    Model Init: None
    Aggregation Function: mr_duc
    Long attack: 5
    Wide attack: 5
    Threshold reject: 0.45
    Attack method: dba
    Fraction of malicious agents: 15.0%
    Poison Frac: 0.2
    Backdoor From 7 to 5
    Attack Begin: 0
    Trigger Shape: square
    Trigger Position X: 0
    Trigger Position Y: 0
    Number of agents: 100
    Fraction of agents each turn: 30(30.0%)
    Local batch size: 50
    Local epoch: 3
    Client_LR: 0.01
    Client_Momentum: 0.9
    Global Rounds: 100
======================================
main_task_accuracy=[0, 10.0, 25.489999771118164, 41.45000076293945, 41.90999984741211, 48.11000061035156, 52.04999923706055, 55.11000061035156, 56.09000015258789, 58.31999969482422, 60.04999923706055, 60.86000061035156, 62.79999923706055, 63.380001068115234, 64.01000213623047, 63.56999969482422, 64.55000305175781, 64.91000366210938, 66.55000305175781, 64.76000213623047, 66.2699966430664, 66.0999984741211, 66.7699966430664, 67.93000030517578, 68.77999877929688, 67.54000091552734, 68.1500015258789, 70.5, 68.6500015258789, 69.8499984741211, 69.86000061035156, 69.62000274658203, 70.38999938964844, 71.37999725341797, 71.80000305175781, 70.72000122070312, 71.9000015258789, 72.30000305175781, 71.94999694824219, 72.08000183105469, 72.55999755859375, 72.36000061035156, 72.66999816894531, 73.05999755859375, 72.41999816894531, 73.16999816894531, 73.30000305175781, 73.20999908447266, 73.29000091552734, 73.30999755859375, 72.80999755859375, 73.16999816894531, 73.30000305175781, 73.1500015258789, 73.29000091552734, 73.4000015258789, 73.12999725341797, 73.16999816894531, 73.06999969482422, 73.44999694824219, 73.44000244140625, 73.33999633789062, 73.30000305175781, 73.12999725341797, 73.2300033569336, 73.20999908447266, 73.16000366210938, 73.22000122070312, 73.06999969482422, 73.26000213623047, 73.22000122070312, 73.0999984741211, 73.13999938964844, 73.06999969482422, 73.16000366210938, 73.04000091552734, 73.08000183105469, 73.12999725341797, 73.08000183105469, 73.0199966430664, 72.9000015258789, 72.88999938964844, 72.8499984741211, 72.81999969482422, 72.7699966430664, 72.93000030517578, 72.91999816894531, 72.9800033569336, 72.91999816894531, 72.80999755859375, 72.77999877929688, 72.77999877929688, 72.83000183105469, 72.79000091552734, 72.75, 72.5999984741211, 72.7300033569336, 72.72000122070312, 72.76000213623047, 72.80999755859375, 72.80999755859375]
backdoor_accuracy=[0, 0.0, 6.6, 9.5, 11.9, 9.1, 8.2, 12.4, 8.1, 12.1, 7.4, 9.7, 7.7, 9.4, 9.9, 6.4, 7.1, 6.7, 5.7, 8.6, 4.8, 7.4, 9.1, 5.5, 5.6, 5.0, 4.7, 4.5, 5.3, 6.2, 7.2, 6.3, 5.3, 6.5, 7.0, 4.5, 7.6, 7.1, 6.6, 7.1, 5.8, 5.4, 8.3, 7.1, 10.0, 8.3, 8.8, 8.8, 9.2, 9.7, 8.6, 9.2, 8.1, 8.0, 8.3, 8.5, 9.4, 7.7, 8.8, 8.9, 7.4, 9.6, 6.8, 8.4, 8.0, 8.6, 7.2, 8.6, 8.9, 9.5, 8.7, 8.5, 8.4, 9.0, 9.0, 9.1, 8.5, 8.3, 8.8, 8.9, 9.4, 9.3, 9.7, 9.1, 8.4, 9.2, 9.4, 9.5, 8.9, 9.1, 9.0, 9.3, 9.8, 9.8, 9.5, 9.1, 9.1, 9.5, 9.4, 9.2, 9.7]
loss_list=[2.020685842169656, 1.5453865300284493, 1.176053348117405, 0.969969531496366, 0.8146999240169922, 0.6919617940692437, 0.625405689333048, 0.5642986711197431, 0.5256363056538007, 0.4863727616974049, 0.493502889201045, 0.4302633698160451, 0.3957489853517877, 0.3841271585608935, 0.377192310222114, 0.3336393122137007, 0.35027124300495627, 0.2985256269662125, 0.2762569404711637, 0.2908629850851786, 0.3009885550926751, 0.3037610325331075, 0.23876567208932498, 0.22746088205888454, 0.22874350455072193, 0.2205819809775696, 0.1594746677554212, 0.2154600740541031, 0.16412450100760909, 0.1856085420261499, 0.1873173185913927, 0.15040805278365346, 0.1190058854982878, 0.08963596352337239, 0.10580616185364003, 0.1031471447659553, 0.09054942367520803, 0.08290018715565868, 0.06202378538243162, 0.06492629480008165, 0.07273740422012957, 0.04793754410153875, 0.04442638126053174, 0.0654194414015122, 0.035545549286277185, 0.029299362014345295, 0.02191339070488336, 0.03375401297826708, 0.014082786938654156, 0.06356948434008196, 0.017550615565350102, 0.014631652361778024, 0.009024768155294521, 0.006975613265531138, 0.022580769337768692, 0.008656225698877177, 0.023093625035350365, 0.00635813084734966, 0.02445343319354126, 0.0048614695183965126, 0.003203119143339184, 0.007370226345131717, 0.0024864095496498822, 0.006123104341321675, 0.00294481971903426, 0.004035248207736812, 0.0028574888909416686, 0.0020445696503318483, 0.02029599883461035, 0.002253321744954317, 0.0025890014537597174, 0.0018341461982668587, 0.0018891210970468817, 0.003815558492577919, 0.004491621216519788, 0.0017620657688207253, 0.0020788079237859677, 0.0020829132906348812, 0.0014336269398821362, 0.0010926713267852192, 0.0010602700793970147, 0.00536133454676019, 0.0011870929505595187, 0.0025243895803982413, 0.0009585040617417286, 0.000986571241996393, 0.0010079767281099016, 0.0011488574825893412, 0.0011914978253965574, 0.0008084230120584833, 0.0012671539927800442, 0.0008621303621799193, 0.0008359229381150927, 0.0008475929992871696, 0.0008242246319787225, 0.0007594985650373725, 0.0007189554155209206, 0.000728046463692509, 0.0011070715949123644, 0.0012662386667539574]
BBSR:9.8
ABSR:9.44
max acc:72.83
