======================================
    IID: 0
    Dataset: mnist
    Model: Mnist_CNN
    Model Init: None
    Aggregation Function: mr_duc
    Long attack: 5
    Wide attack: 5
    Threshold reject: 0.6
    Attack method: dba
    Fraction of malicious agents: 15.0%
    Poison Frac: 0.2
    Backdoor From 7 to 5
    Attack Begin: 0
    Trigger Shape: square
    Trigger Position X: 0
    Trigger Position Y: 0
    Number of agents: 100
    Fraction of agents each turn: 30(30.0%)
    Local batch size: 50
    Local epoch: 3
    Client_LR: 0.01
    Client_Momentum: 0.9
    Global Rounds: 100
======================================
main_task_accuracy=[0, 30.899999618530273, 16.90999984741211, 30.229999542236328, 27.649999618530273, 29.989999771118164, 36.47999954223633, 61.720001220703125, 57.290000915527344, 52.95000076293945, 68.55000305175781, 64.87000274658203, 47.099998474121094, 78.87000274658203, 77.7699966430664, 78.52999877929688, 81.63999938964844, 72.05000305175781, 83.70999908447266, 82.9000015258789, 80.3499984741211, 86.01000213623047, 91.4000015258789, 84.08999633789062, 87.30999755859375, 87.6500015258789, 88.58000183105469, 79.66999816894531, 86.26000213623047, 95.04000091552734, 93.68000030517578, 92.66999816894531, 94.0199966430664, 93.2699966430664, 93.05000305175781, 95.95999908447266, 95.2300033569336, 95.7699966430664, 95.41000366210938, 95.4800033569336, 86.55999755859375, 88.94000244140625, 85.62999725341797, 86.2699966430664, 94.62000274658203, 96.45999908447266, 96.7699966430664, 96.1500015258789, 97.2300033569336, 96.91999816894531, 95.91999816894531, 91.94000244140625, 91.44000244140625, 91.19999694824219, 96.8499984741211, 96.25, 96.62999725341797, 96.30000305175781, 97.05000305175781, 97.48999786376953, 95.37000274658203, 96.23999786376953, 97.95999908447266, 97.5999984741211, 96.0199966430664, 95.70999908447266, 96.5199966430664, 95.41999816894531, 94.91999816894531, 96.55999755859375, 97.8499984741211, 97.41999816894531, 96.6500015258789, 97.13999938964844, 96.93000030517578, 97.94999694824219, 97.37999725341797, 97.19000244140625, 97.20999908447266, 97.44000244140625, 97.62000274658203, 98.1500015258789, 97.37000274658203, 98.30999755859375, 97.13999938964844, 97.62000274658203, 98.13999938964844, 97.4800033569336, 98.04000091552734, 97.87000274658203, 97.52999877929688, 97.41999816894531, 98.08000183105469, 98.1500015258789, 97.68000030517578, 98.05000305175781, 98.19000244140625, 97.5199966430664, 97.11000061035156, 98.27999877929688, 97.76000213623047]
backdoor_accuracy=[0, 0.0, 0.0, 0.0, 0.09727626459143969, 0.0, 0.0, 0.0, 0.0, 0.0, 0.0, 0.0, 1.0700389105058365, 0.0, 0.0, 0.19455252918287938, 0.0, 0.0, 0.0, 0.2918287937743191, 0.09727626459143969, 0.2918287937743191, 0.0, 0.2918287937743191, 0.0, 0.0, 0.2918287937743191, 0.0, 0.19455252918287938, 0.0, 0.0, 2.0428015564202333, 0.0, 0.2918287937743191, 0.0, 0.09727626459143969, 0.09727626459143969, 0.09727626459143969, 0.09727626459143969, 0.19455252918287938, 0.0, 0.09727626459143969, 0.6809338521400778, 0.09727626459143969, 0.09727626459143969, 0.09727626459143969, 0.48638132295719844, 0.0, 0.38910505836575876, 0.09727626459143969, 0.09727626459143969, 3.307392996108949, 0.48638132295719844, 0.0, 0.5836575875486382, 9.14396887159533, 0.0, 10.408560311284047, 0.09727626459143969, 1.1673151750972763, 0.09727626459143969, 12.743190661478598, 0.8754863813229572, 1.0700389105058365, 12.15953307392996, 1.556420233463035, 68.8715953307393, 0.2918287937743191, 50.19455252918288, 19.941634241245136, 24.124513618677042, 50.19455252918288, 66.73151750972762, 78.89105058365759, 78.30739299610894, 39.202334630350194, 88.03501945525292, 3.9883268482490273, 85.11673151750973, 28.69649805447471, 90.6614785992218, 91.147859922179, 93.09338521400778, 87.54863813229572, 52.431906614785994, 94.94163424124514, 85.11673151750973, 94.8443579766537, 69.26070038910505, 94.55252918287938, 89.29961089494164, 97.66536964980544, 98.5408560311284, 97.27626459143968, 95.52529182879377, 99.0272373540856, 98.34630350194553, 99.80544747081711, 97.17898832684826, 98.34630350194553, 97.08171206225681]
loss_list=[0.46303566760531745, 0.3031152253831178, 0.5158189849576256, 0.2888282754567133, 0.34356531618493896, 0.6033221614706519, 0.31074872511705137, 0.2527935288824595, 0.29313876199483335, 0.25107156229261973, 0.22273816150122397, 0.19553258915031543, 0.2431887663829359, 0.16397945585640814, 0.11478668264786118, 0.1463882695293889, 0.10449945128488676, 0.1340104608033892, 0.12658409143145358, 0.124759745562808, 0.10910062775209127, 0.10233715556361288, 0.1102956175235428, 0.10287937144487239, 0.0863065207387397, 0.08486013087777641, 0.09899918507007527, 0.10453969252668979, 0.10543052785508718, 0.08422611705528947, 0.08784591794836237, 0.06423826151192821, 0.0738543640614498, 0.07845730314775712, 0.07104595621337456, 0.05981190105308298, 0.06223900669980346, 0.05711583634054866, 0.06605360593304933, 0.06816441377542438, 0.07344580596380541, 0.09700878518961525, 0.08133639327616167, 0.0940063579970271, 0.05990171067767572, 0.06942137543170983, 0.04931738222172767, 0.05496860590706618, 0.04773607292556045, 0.05589419166803687, 0.04893640887883576, 0.057164567500307364, 0.07650359846716467, 0.06428532757784985, 0.04837760297263171, 0.045590011885245904, 0.0531256688597442, 0.050534720683242954, 0.04267740769971962, 0.04125698325327661, 0.054609374218422935, 0.0427959440521283, 0.03959362092511639, 0.042340631523354634, 0.049963441306587884, 0.041617028613701416, 0.0482219462450679, 0.05290299851623079, 0.04581939992261279, 0.037545891316035016, 0.03690586017085456, 0.04332660072711351, 0.03825800387752641, 0.03945825948967162, 0.03851350242694509, 0.039133180962450144, 0.038983447122817726, 0.040430638319074695, 0.03791248124373416, 0.03835565012032211, 0.03267993991889137, 0.035097858547328206, 0.03824685027878129, 0.03448245835007051, 0.045053356170530995, 0.03344581938621067, 0.03414167904461455, 0.03566834795277933, 0.026741741566537507, 0.03149973463154478, 0.03599187057490962, 0.02808746554053682, 0.033391130156409356, 0.03275358739352286, 0.0339646892727358, 0.02756107132303466, 0.030084092015060977, 0.03180995708948086, 0.029986483424914744, 0.02351137927388132]
BBSR:99.81
ABSR:97.88
max acc:98.28
