======================================
    IID: 1
    Dataset: cifar
    Model: resnet
    Model Init: None
    Aggregation Function: mr_duc
    Long attack: 5
    Wide attack: 5
    Threshold reject: 0.5
    Threshold down: 0.3
    Attack method: badnet
    Fraction of malicious agents: 15.0%
    Poison Frac: 0.2
    Backdoor From 7 to 5
    Attack Begin: 0
    Trigger Shape: square
    Trigger Position X: 0
    Trigger Position Y: 0
    Number of agents: 100
    Fraction of agents each turn: 30(30.0%)
    Local batch size: 50
    Local epoch: 3
    Client_LR: 0.01
    Client_Momentum: 0.9
    Global Rounds: 100
======================================
main_task_accuracy=[0, 10.0600004196167, 25.15999984741211, 41.16999816894531, 44.7599983215332, 50.84000015258789, 52.77000045776367, 56.54999923706055, 57.31999969482422, 59.08000183105469, 61.06999969482422, 63.7400016784668, 64.44000244140625, 65.18000030517578, 64.94999694824219, 66.13999938964844, 66.20999908447266, 67.0, 66.86000061035156, 68.75, 67.29000091552734, 69.27999877929688, 68.94999694824219, 69.86000061035156, 69.3499984741211, 70.29000091552734, 69.75, 69.02999877929688, 69.73999786376953, 71.62999725341797, 70.91999816894531, 71.66000366210938, 70.66000366210938, 71.6500015258789, 71.48999786376953, 72.83000183105469, 71.94000244140625, 72.55000305175781, 71.7300033569336, 72.8499984741211, 72.41999816894531, 73.33999633789062, 72.62999725341797, 73.0999984741211, 73.19000244140625, 73.06999969482422, 73.18000030517578, 73.2699966430664, 73.23999786376953, 73.22000122070312, 73.19000244140625, 73.5999984741211, 73.5, 73.38999938964844, 73.33000183105469, 73.2300033569336, 73.18000030517578, 73.16000366210938, 73.36000061035156, 73.12999725341797, 73.2300033569336, 73.16000366210938, 73.01000213623047, 72.80000305175781, 72.91000366210938, 72.86000061035156, 72.98999786376953, 72.8499984741211, 72.77999877929688, 72.77999877929688, 72.6500015258789, 72.72000122070312, 72.70999908447266, 72.6500015258789, 72.70999908447266, 72.7300033569336, 72.69000244140625, 72.62999725341797, 72.69999694824219, 72.5999984741211, 72.58000183105469, 72.62999725341797, 72.61000061035156, 72.62999725341797, 72.5999984741211, 72.62999725341797, 72.55999755859375, 72.55000305175781, 72.62999725341797, 72.75, 72.52999877929688, 72.56999969482422, 72.58999633789062, 72.68000030517578, 72.72000122070312, 72.6500015258789, 72.68000030517578, 72.66000366210938, 72.4800033569336, 72.52999877929688, 72.62000274658203]
backdoor_accuracy=[0, 0.0, 9.3, 15.9, 13.8, 14.8, 15.6, 13.2, 16.5, 15.6, 10.0, 18.7, 16.3, 17.0, 12.6, 14.9, 12.3, 19.1, 17.9, 14.0, 13.4, 22.9, 15.0, 24.8, 16.6, 20.9, 25.0, 18.8, 21.5, 26.0, 19.6, 21.0, 25.5, 26.8, 32.7, 27.9, 31.9, 32.9, 21.5, 33.4, 33.2, 34.9, 29.8, 37.4, 32.9, 40.6, 32.2, 38.9, 38.7, 37.8, 38.7, 40.8, 41.4, 40.5, 41.3, 40.5, 42.1, 42.9, 44.8, 45.0, 45.2, 43.8, 45.3, 47.1, 44.6, 46.2, 41.8, 44.7, 45.9, 47.1, 46.3, 44.8, 47.1, 47.5, 48.2, 47.3, 47.2, 49.3, 48.8, 47.7, 48.2, 47.9, 48.6, 49.3, 48.1, 49.8, 49.1, 48.6, 48.2, 48.9, 48.3, 49.0, 49.3, 50.3, 49.2, 49.5, 49.0, 49.8, 49.8, 49.3, 50.2]
loss_list=[1.9667016551229688, 1.537524125377337, 1.1289982232451439, 1.0028627730740443, 0.7771441577292151, 0.6677558112889529, 0.6052906956937579, 0.5688227224267192, 0.5138521501960026, 0.4513716442572574, 0.41086322802532876, 0.48108119234856633, 0.38340224229627184, 0.37053363579428855, 0.35275790549090336, 0.32736126504321067, 0.32686721002890007, 0.3375049137313747, 0.2666895729210228, 0.2943448892375454, 0.280805011105258, 0.22454828222282233, 0.20139550621828267, 0.2259920470470873, 0.17264833841524604, 0.14360359639019912, 0.2517858175145617, 0.19025494661673695, 0.13599484648374424, 0.17319528861889716, 0.13707963928295713, 0.13552760220365598, 0.13154145253964494, 0.11533394956928937, 0.08944237156525357, 0.07188430980649882, 0.09299319191279615, 0.12866091460274118, 0.04746412397135928, 0.08543105625689754, 0.05121514266880693, 0.06526145389335905, 0.03843726248460976, 0.04213369112752844, 0.034510355638307774, 0.058558418982591114, 0.019259643071289044, 0.01298800210950301, 0.013162364318721097, 0.03394305030343176, 0.012443663721787745, 0.009362876772793245, 0.018245258152843842, 0.0050958322907616906, 0.0289909148307763, 0.008002593286768795, 0.009060615309636989, 0.004434648191220024, 0.008132941262059224, 0.0027940709449143877, 0.0031292899514503212, 0.0036587370347600265, 0.015038138114468892, 0.004401421773921659, 0.008805979533871224, 0.006761959666716089, 0.0036716100595529304, 0.003221151223842754, 0.0022827652487871493, 0.0021752498087395603, 0.001778060265060049, 0.002544664418771087, 0.0012988925259560346, 0.0012926469470322549, 0.0012430869694799185, 0.0016930543094834626, 0.0022907522940335593, 0.001244494282946107, 0.002091636029929052, 0.0009226670177708406, 0.0011099016038578053, 0.0009200635275354015, 0.0009377144140631168, 0.0009553180677256833, 0.002120083708699288, 0.0007780173210873425, 0.0008593490887789004, 0.0007352838661851517, 0.0008512242483670383, 0.000808268533704298, 0.0007736382265445881, 0.0007468661614823054, 0.001110689784400165, 0.0007238489541891291, 0.0007357942764873668, 0.000716184666517721, 0.0007154249085821599, 0.0007234817271819337, 0.0006194227165865919, 0.0017281714674835605]
BBSR:50.3
ABSR:49.54
max acc:72.72
