======================================
    IID: 1
    Dataset: cifar
    Model: resnet
    Model Init: None
    Aggregation Function: mr_duc
    Long attack: 3
    Wide attack: 3
    Threshold reject: 0.5
    Threshold down: 0.3
    Attack method: badnet
    Fraction of malicious agents: 15.0%
    Poison Frac: 0.2
    Backdoor From 7 to 5
    Attack Begin: 0
    Trigger Shape: square
    Trigger Position X: 0
    Trigger Position Y: 0
    Number of agents: 100
    Fraction of agents each turn: 30(30.0%)
    Local batch size: 50
    Local epoch: 3
    Client_LR: 0.01
    Client_Momentum: 0.9
    Global Rounds: 100
======================================
main_task_accuracy=[0, 11.819999694824219, 26.520000457763672, 43.79999923706055, 48.689998626708984, 52.79999923706055, 54.599998474121094, 57.18000030517578, 60.88999938964844, 60.31999969482422, 61.900001525878906, 63.47999954223633, 63.869998931884766, 64.94000244140625, 65.4000015258789, 65.56999969482422, 66.30999755859375, 66.91999816894531, 67.29000091552734, 67.80999755859375, 66.8499984741211, 69.27999877929688, 68.63999938964844, 70.06999969482422, 68.8499984741211, 69.58000183105469, 69.91999816894531, 69.4800033569336, 71.37999725341797, 71.37000274658203, 70.41999816894531, 70.0999984741211, 71.56999969482422, 71.66000366210938, 71.08000183105469, 72.30000305175781, 72.61000061035156, 72.80999755859375, 72.77999877929688, 72.61000061035156, 72.55000305175781, 73.2699966430664, 73.0199966430664, 73.06999969482422, 73.12999725341797, 73.01000213623047, 73.29000091552734, 73.44000244140625, 73.33999633789062, 73.23999786376953, 73.22000122070312, 73.55000305175781, 73.51000213623047, 73.55000305175781, 73.37999725341797, 73.44999694824219, 73.37999725341797, 73.51000213623047, 73.30000305175781, 73.37000274658203, 73.31999969482422, 73.30000305175781, 73.30000305175781, 73.6500015258789, 73.44000244140625, 73.29000091552734, 73.3499984741211, 73.30999755859375, 73.37000274658203, 73.41000366210938, 73.31999969482422, 73.43000030517578, 73.31999969482422, 73.2699966430664, 73.37999725341797, 73.33000183105469, 73.16999816894531, 73.06999969482422, 73.12999725341797, 73.19999694824219, 73.19000244140625, 73.33000183105469, 73.0999984741211, 73.31999969482422, 73.27999877929688, 73.2300033569336, 73.23999786376953, 73.3499984741211, 73.2300033569336, 73.29000091552734, 73.29000091552734, 73.19000244140625, 73.2300033569336, 73.25, 73.19999694824219, 73.11000061035156, 73.19999694824219, 73.12999725341797, 73.18000030517578, 73.06999969482422, 73.11000061035156]
backdoor_accuracy=[0, 0.0, 5.2, 7.8, 8.3, 6.8, 7.2, 4.6, 7.0, 6.2, 6.1, 6.3, 5.2, 4.0, 6.3, 7.4, 7.5, 7.3, 7.3, 5.1, 4.8, 4.1, 5.9, 5.5, 4.5, 5.0, 5.1, 5.2, 4.6, 7.7, 6.1, 6.6, 6.6, 5.5, 8.9, 7.4, 7.4, 7.8, 6.6, 6.5, 5.5, 8.8, 5.4, 6.1, 4.5, 6.1, 5.8, 6.1, 5.4, 7.1, 4.9, 7.2, 5.3, 4.8, 6.0, 6.3, 5.4, 5.7, 5.7, 4.5, 4.7, 5.6, 6.7, 5.7, 6.0, 5.3, 6.6, 6.1, 5.8, 5.2, 6.1, 6.0, 4.4, 5.5, 5.9, 5.8, 5.8, 4.9, 5.9, 6.0, 5.8, 6.3, 5.6, 5.5, 5.9, 6.4, 6.0, 6.1, 6.1, 5.8, 5.5, 6.0, 5.8, 6.0, 5.6, 5.6, 6.1, 5.8, 5.6, 5.7, 6.0]
loss_list=[1.9708689665794377, 1.509544991453489, 1.0758515435291658, 0.9297252823246851, 0.7277151845229994, 0.6571920452308323, 0.5917021246088877, 0.5233745023732385, 0.49705779003600287, 0.4628879906609654, 0.4239827912073169, 0.4012331507292886, 0.4402483711453776, 0.33444989788863394, 0.3556844969652592, 0.35949526423588385, 0.3177985207757189, 0.28452751407710225, 0.2835646473192093, 0.24151766265432043, 0.21566928226655968, 0.2450183967824301, 0.2692912560579781, 0.22195137575734405, 0.19187501249847827, 0.18620918554641927, 0.19688395098964168, 0.18715422939250448, 0.16314438812518753, 0.17141867636651217, 0.1421180317995863, 0.1335101457475038, 0.12265705498025961, 0.12204438586344217, 0.09049445595081326, 0.07778385031444485, 0.08460706254700198, 0.07486145067901814, 0.05868135694440247, 0.06251721900894255, 0.08690921966271062, 0.06137149448713494, 0.05062169834641584, 0.039105126176016504, 0.040203376932153735, 0.04993317275702591, 0.03232484937655196, 0.023869393012298838, 0.011222664429579811, 0.051227114920071065, 0.03755723764880613, 0.01246437322535914, 0.013172116867240728, 0.005796911938879121, 0.006997235376572161, 0.019084522161089506, 0.005656716496386152, 0.004319387348077726, 0.024842339740506657, 0.007027199301002031, 0.0101343604449034, 0.008559697275438035, 0.006827774309349481, 0.0025696797807015373, 0.006448608681085817, 0.003916506746010984, 0.0031671489862007255, 0.0016999149719453674, 0.002512347623851383, 0.004520450382680993, 0.0024403849264490415, 0.003620119967704846, 0.0020423694016224337, 0.0023570940317262693, 0.0014241334333847692, 0.001416203838355917, 0.0013803632156082636, 0.0021553513506821927, 0.0021884212335700993, 0.0037651014525423914, 0.001125318102737462, 0.003058301099259148, 0.0019099621471589975, 0.001749932798039582, 0.0008773686690741065, 0.0008265562677762418, 0.0009197752774262981, 0.0009149105688023459, 0.000865382713091094, 0.0010741027466590624, 0.0008722442956301773, 0.0007749422857321203, 0.0008316156403371782, 0.0007408008032184121, 0.0008712624004288551, 0.002124157433596944, 0.0012456477669426627, 0.0007159102172590792, 0.0010790713794752568, 0.0006433502133909822]
BBSR:6.1
ABSR:5.82
max acc:73.25
