======================================
    IID: 0
    Dataset: fashion_mnist
    Model: Mnist_CNN
    Model Init: None
    Aggregation Function: mr_duc
    Long attack: 5
    Wide attack: 5
    Threshold reject: 0.35
    Attack method: badnet
    Fraction of malicious agents: 15.0%
    Poison Frac: 0.2
    Backdoor From 7 to 5
    Attack Begin: 0
    Trigger Shape: square
    Trigger Position X: 0
    Trigger Position Y: 0
    Number of agents: 100
    Fraction of agents each turn: 30(30.0%)
    Local batch size: 50
    Local epoch: 3
    Client_LR: 0.01
    Client_Momentum: 0.9
    Global Rounds: 100
======================================
main_task_accuracy=[0, 20.760000228881836, 32.18000030517578, 30.010000228881836, 21.280000686645508, 32.869998931884766, 21.610000610351562, 48.22999954223633, 31.15999984741211, 48.790000915527344, 44.4900016784668, 31.940000534057617, 39.31999969482422, 52.099998474121094, 58.650001525878906, 56.86000061035156, 67.66000366210938, 63.2400016784668, 49.45000076293945, 62.470001220703125, 60.79999923706055, 66.91000366210938, 62.81999969482422, 63.27000045776367, 70.31999969482422, 63.529998779296875, 64.13999938964844, 63.47999954223633, 67.62000274658203, 56.380001068115234, 66.0, 72.56999969482422, 63.04999923706055, 63.779998779296875, 75.8499984741211, 62.56999969482422, 69.05999755859375, 73.0999984741211, 63.959999084472656, 71.30000305175781, 76.86000061035156, 75.41999816894531, 69.80999755859375, 75.79000091552734, 66.48999786376953, 76.51000213623047, 73.51000213623047, 76.54000091552734, 73.0, 74.5999984741211, 73.30999755859375, 76.36000061035156, 78.23999786376953, 73.0999984741211, 72.98999786376953, 68.36000061035156, 75.8499984741211, 77.18000030517578, 71.69999694824219, 75.95999908447266, 77.94000244140625, 80.47000122070312, 68.7699966430664, 76.87000274658203, 62.66999816894531, 75.68000030517578, 71.87000274658203, 69.8499984741211, 72.87000274658203, 75.4800033569336, 74.55999755859375, 78.33999633789062, 76.44000244140625, 76.16000366210938, 79.6500015258789, 79.01000213623047, 74.31999969482422, 75.72000122070312, 77.86000061035156, 74.52999877929688, 81.66000366210938, 75.83000183105469, 74.36000061035156, 73.97000122070312, 79.44000244140625, 77.06999969482422, 70.25, 79.6500015258789, 73.69000244140625, 79.58000183105469, 64.06999969482422, 78.94000244140625, 82.73999786376953, 74.94000244140625, 75.04000091552734, 80.69999694824219, 75.12000274658203, 79.05000305175781, 76.02999877929688, 80.4800033569336, 79.7699966430664]
backdoor_accuracy=[0, 88.5, 0.0, 100.0, 0.0, 0.0, 0.0, 73.5, 0.0, 62.9, 100.0, 0.0, 67.6, 0.0, 91.2, 2.3, 53.3, 4.6, 0.5, 26.2, 0.0, 0.7, 91.4, 0.6, 7.3, 17.1, 45.7, 21.3, 3.1, 68.0, 0.3, 60.1, 38.0, 33.0, 13.2, 31.0, 52.5, 0.0, 4.9, 40.6, 15.7, 28.8, 1.2, 31.8, 0.0, 1.6, 22.0, 4.7, 15.7, 5.2, 15.7, 50.2, 4.4, 55.7, 3.3, 67.9, 6.8, 35.7, 18.1, 86.6, 33.3, 2.0, 95.7, 68.6, 0.2, 35.9, 75.3, 76.2, 11.4, 21.6, 26.4, 29.9, 1.8, 5.8, 72.7, 1.2, 88.6, 0.0, 4.4, 4.7, 32.9, 62.8, 11.0, 0.8, 43.6, 23.0, 10.0, 63.3, 0.0, 40.3, 0.0, 76.0, 6.2, 94.4, 0.0, 13.9, 6.7, 22.4, 44.8, 25.3, 63.1]
loss_list=[0.49101438781149265, 0.31837840322582517, 0.42279679116360086, 0.41999995963470627, 0.43603818293021673, 0.2683026781456435, 0.22936773421969364, 0.2751400300291827, 0.37833762281431194, 0.33154754108399587, 0.3829491334161725, 0.5402885790415407, 0.35282580912293, 0.22869682404102593, 0.29119173338082305, 0.36766764222015297, 0.27024485064280696, 0.2263181743415365, 0.2608854116588218, 0.2637024156829552, 0.2745311422655001, 0.20048756110712337, 0.22525829855202742, 0.16786165030862973, 0.23185077114032138, 0.2762581498333535, 0.2707401224333542, 0.28602853817090507, 0.22346217339701172, 0.2605373741714897, 0.2533890879396775, 0.17861338782236968, 0.2617883521558341, 0.2067424599701976, 0.22364780370037005, 0.22136559623769442, 0.24240440870059654, 0.20486217649747412, 0.22178504149883504, 0.21314519427246015, 0.18629009069076916, 0.17610098070908345, 0.15924269620953432, 0.220084766626229, 0.2533815789439483, 0.18853944585277815, 0.18069576620974578, 0.16827170738738692, 0.19348854921638572, 0.20387129016751807, 0.19102484890022425, 0.1937303765525017, 0.16852107178635053, 0.1496723215333834, 0.16535171916149194, 0.15952685872989097, 0.18266797862910508, 0.18987897074336993, 0.19037925795732205, 0.1813599805370426, 0.14445122025428786, 0.16196668572071937, 0.17523215719870408, 0.22342711707768304, 0.18000339870209087, 0.19089814485205978, 0.19074136322344795, 0.25448992725108144, 0.1905421383312026, 0.2055702202933449, 0.19272699085751002, 0.18604511560241332, 0.2001541997849455, 0.16611099041131078, 0.12658241423797661, 0.14381313687625466, 0.16927160637590885, 0.15849567261911576, 0.21040040250599962, 0.15827562067568543, 0.11261313325461639, 0.2077004021166187, 0.17594401671110665, 0.15481323529002408, 0.16772275458570218, 0.16158884837502274, 0.19174253203791172, 0.18829580053480802, 0.14216899688292883, 0.17447588292986843, 0.18284572932707802, 0.1821712786802308, 0.15122050014794147, 0.10601334229954627, 0.1541582373905886, 0.1623484479436392, 0.16213388344760862, 0.1526626935166384, 0.15806515474515168, 0.14111785797184792]
BBSR:94.4
ABSR:35.28
max acc:82.74
