======================================
    IID: 0
    Dataset: mnist
    Model: Mnist_CNN
    Model Init: None
    Aggregation Function: mr_duc
    Long attack: 3
    Wide attack: 3
    Threshold reject: 0.6
    Attack method: badnet
    Fraction of malicious agents: 15.0%
    Poison Frac: 0.2
    Backdoor From 7 to 5
    Attack Begin: 0
    Trigger Shape: square
    Trigger Position X: 0
    Trigger Position Y: 0
    Number of agents: 100
    Fraction of agents each turn: 30(30.0%)
    Local batch size: 50
    Local epoch: 3
    Client_LR: 0.01
    Client_Momentum: 0.9
    Global Rounds: 100
======================================
main_task_accuracy=[0, 24.520000457763672, 27.0, 19.950000762939453, 25.389999389648438, 33.060001373291016, 60.63999938964844, 53.95000076293945, 60.560001373291016, 57.310001373291016, 48.84000015258789, 49.400001525878906, 68.91000366210938, 68.38999938964844, 76.06999969482422, 82.5199966430664, 81.01000213623047, 90.23999786376953, 85.37000274658203, 86.08999633789062, 87.29000091552734, 88.98999786376953, 88.56999969482422, 83.97000122070312, 85.37999725341797, 81.56999969482422, 90.29000091552734, 89.94000244140625, 93.1500015258789, 90.44999694824219, 81.37000274658203, 90.55000305175781, 89.51000213623047, 88.79000091552734, 91.58000183105469, 92.44999694824219, 93.36000061035156, 94.01000213623047, 95.11000061035156, 95.26000213623047, 96.08999633789062, 95.43000030517578, 94.66000366210938, 90.8499984741211, 91.6500015258789, 92.83000183105469, 95.01000213623047, 92.68000030517578, 96.25, 94.87000274658203, 94.5199966430664, 95.63999938964844, 92.56999969482422, 95.86000061035156, 96.63999938964844, 96.31999969482422, 97.0199966430664, 97.01000213623047, 96.55000305175781, 96.9800033569336, 96.83000183105469, 97.37999725341797, 94.20999908447266, 95.5199966430664, 95.0199966430664, 96.6500015258789, 96.80000305175781, 96.56999969482422, 96.37999725341797, 97.9000015258789, 96.5999984741211, 95.58999633789062, 95.72000122070312, 97.19000244140625, 97.7699966430664, 97.33000183105469, 97.62000274658203, 96.61000061035156, 96.05999755859375, 96.98999786376953, 97.95999908447266, 97.9800033569336, 96.79000091552734, 97.62000274658203, 97.19999694824219, 96.5, 97.69999694824219, 96.38999938964844, 97.72000122070312, 97.55000305175781, 97.54000091552734, 97.5999984741211, 97.26000213623047, 98.02999877929688, 98.19999694824219, 96.83000183105469, 96.55999755859375, 97.83999633789062, 98.05000305175781, 98.26000213623047, 97.68000030517578]
backdoor_accuracy=[0, 0.0, 21.20622568093385, 0.0, 12.354085603112841, 0.0, 22.470817120622566, 0.0, 0.0, 0.7782101167315175, 0.0, 0.48638132295719844, 2.237354085603113, 0.0, 0.6809338521400778, 6.614785992217898, 0.19455252918287938, 0.38910505836575876, 0.6809338521400778, 0.5836575875486382, 1.4591439688715953, 0.9727626459143969, 2.140077821011673, 0.38910505836575876, 6.906614785992218, 4.669260700389105, 3.501945525291829, 0.7782101167315175, 4.182879377431907, 0.38910505836575876, 2.821011673151751, 1.4591439688715953, 1.556420233463035, 2.0428015564202333, 1.0700389105058365, 0.6809338521400778, 3.0155642023346303, 6.22568093385214, 2.9182879377431905, 3.0155642023346303, 8.852140077821012, 4.182879377431907, 7.392996108949417, 2.431906614785992, 24.124513618677042, 0.6809338521400778, 2.140077821011673, 17.217898832684824, 3.404669260700389, 31.32295719844358, 2.140077821011673, 41.14785992217899, 3.9883268482490273, 68.96887159533074, 15.369649805447471, 91.05058365758755, 47.17898832684825, 64.29961089494164, 26.070038910505836, 64.78599221789884, 91.05058365758755, 37.54863813229572, 96.20622568093385, 37.35408560311284, 95.62256809338521, 38.91050583657587, 89.78599221789884, 99.5136186770428, 48.735408560311285, 98.15175097276264, 97.37354085603113, 94.8443579766537, 100.0, 71.49805447470817, 99.90272373540856, 99.0272373540856, 100.0, 99.41634241245136, 99.61089494163424, 98.5408560311284, 99.31906614785993, 100.0, 94.74708171206225, 99.70817120622569, 97.17898832684826, 100.0, 97.47081712062257, 100.0, 97.56809338521401, 99.70817120622569, 100.0, 99.80544747081711, 99.31906614785993, 99.70817120622569, 99.80544747081711, 99.70817120622569, 100.0, 100.0, 99.90272373540856, 100.0, 100.0]
loss_list=[0.47359987219079464, 0.4906053750426879, 0.4527747941716653, 0.3593707283472703, 0.3296317213556818, 0.3766046498816398, 0.24301959615455968, 0.17939375521547637, 0.24295679762008332, 0.21900719181343614, 0.2334074669384098, 0.25499304185151067, 0.19000120130264345, 0.16034825592280846, 0.14684185268020403, 0.12845084972344084, 0.12408457943999265, 0.11151636626743308, 0.09835519881044652, 0.11314370504896563, 0.08484005574276023, 0.09890019432820095, 0.08223816197218858, 0.09176423919589331, 0.11033307102606059, 0.10008362456860707, 0.08283298510040119, 0.08303356599291128, 0.06702916013118222, 0.08813701626696137, 0.10362842009233324, 0.08298450156693096, 0.08259494156306345, 0.07744355958867898, 0.06750301629807061, 0.07541075423616678, 0.06678639329047739, 0.07135055783556307, 0.05190535282494939, 0.050471102178963737, 0.05304975673083581, 0.056074625141322616, 0.06696679012577718, 0.06704412337190215, 0.07277690021481162, 0.0578346168669837, 0.06547108031427198, 0.05082872042792132, 0.05884709489836059, 0.05633559673026494, 0.050193946262238054, 0.05503320107025531, 0.05923094089355044, 0.055989824882180045, 0.05429083159889639, 0.048554980948203125, 0.04400840859749066, 0.045825084273885514, 0.045669084268230103, 0.046580729598035414, 0.04550392566817729, 0.045405567175400854, 0.0508048442354797, 0.05138829777350094, 0.04403806570051617, 0.04727173931648403, 0.044291383453302205, 0.0451099372813221, 0.040926967944866464, 0.039124766826430846, 0.041209220626459236, 0.0430681797731138, 0.04291465672910893, 0.04119368689523067, 0.03729790238750996, 0.03802336469260075, 0.04014007413522904, 0.04296513747319341, 0.0420440103683848, 0.0384387097756046, 0.0373131513816224, 0.03590090889226342, 0.03583468012319178, 0.0389986760457067, 0.03718631664351656, 0.03868069811879724, 0.03436352918886505, 0.037199368827565936, 0.0319089547115787, 0.032388107221386776, 0.038282012325083, 0.03300517143796685, 0.03459307096165421, 0.032320999720136426, 0.03193847934186982, 0.04122847880935351, 0.0365521143596418, 0.03135250525078846, 0.03216561691862173, 0.029561275661753053]
BBSR:100.0
ABSR:99.82
max acc:98.26
