======================================
    IID: 0
    Dataset: fashion_mnist
    Model: Mnist_CNN
    Model Init: None
    Aggregation Function: mr_duc
    Long attack: 3
    Wide attack: 3
    Threshold reject: 0.6
    Attack method: badnet
    Fraction of malicious agents: 15.0%
    Poison Frac: 0.2
    Backdoor From 7 to 5
    Attack Begin: 0
    Trigger Shape: square
    Trigger Position X: 0
    Trigger Position Y: 0
    Number of agents: 100
    Fraction of agents each turn: 30(30.0%)
    Local batch size: 50
    Local epoch: 3
    Client_LR: 0.01
    Client_Momentum: 0.9
    Global Rounds: 100
======================================
main_task_accuracy=[0, 10.430000305175781, 14.920000076293945, 20.0, 25.31999969482422, 28.790000915527344, 22.15999984741211, 42.97999954223633, 49.220001220703125, 55.790000915527344, 34.5, 60.2599983215332, 44.34000015258789, 62.099998474121094, 60.119998931884766, 60.4900016784668, 53.099998474121094, 66.69000244140625, 46.33000183105469, 56.040000915527344, 64.38999938964844, 49.5, 66.83000183105469, 66.86000061035156, 59.38999938964844, 62.349998474121094, 71.23999786376953, 62.20000076293945, 68.93000030517578, 63.869998931884766, 68.61000061035156, 71.33000183105469, 76.06999969482422, 67.66999816894531, 64.19000244140625, 62.0099983215332, 72.66999816894531, 62.20000076293945, 75.44000244140625, 62.810001373291016, 75.13999938964844, 64.45999908447266, 75.52999877929688, 70.41999816894531, 61.88999938964844, 70.62999725341797, 73.80999755859375, 73.27999877929688, 64.9800033569336, 72.73999786376953, 66.20999908447266, 74.2699966430664, 78.23999786376953, 72.19999694824219, 72.30000305175781, 72.73999786376953, 74.41999816894531, 70.04000091552734, 69.72000122070312, 76.0999984741211, 70.94999694824219, 66.5999984741211, 71.26000213623047, 68.83000183105469, 77.95999908447266, 80.97000122070312, 72.12000274658203, 77.20999908447266, 74.08999633789062, 76.66000366210938, 74.7699966430664, 78.26000213623047, 75.30000305175781, 69.94999694824219, 74.86000061035156, 64.6500015258789, 72.76000213623047, 74.66000366210938, 69.7300033569336, 73.94000244140625, 76.9000015258789, 76.05999755859375, 77.47000122070312, 72.29000091552734, 68.25, 80.91999816894531, 80.61000061035156, 79.44000244140625, 73.05999755859375, 82.0, 75.83000183105469, 71.4800033569336, 63.290000915527344, 76.13999938964844, 80.9000015258789, 81.33999633789062, 76.69000244140625, 79.38999938964844, 71.08000183105469, 64.86000061035156, 74.2300033569336]
backdoor_accuracy=[0, 0.0, 0.0, 0.0, 0.0, 0.0, 0.0, 65.9, 0.0, 94.7, 0.0, 0.0, 70.3, 0.1, 0.0, 0.0, 6.2, 0.0, 99.2, 0.0, 0.0, 0.0, 0.0, 68.5, 5.1, 94.3, 93.7, 88.1, 1.0, 9.0, 81.4, 42.4, 24.9, 94.3, 0.4, 18.1, 95.0, 80.4, 81.3, 98.8, 1.0, 39.0, 64.6, 52.7, 100.0, 90.2, 1.2, 99.6, 100.0, 99.9, 61.2, 100.0, 99.2, 100.0, 100.0, 0.2, 99.5, 59.9, 99.8, 100.0, 100.0, 68.6, 100.0, 99.6, 99.8, 100.0, 100.0, 100.0, 100.0, 98.0, 99.2, 96.0, 98.4, 100.0, 91.0, 100.0, 78.6, 87.6, 100.0, 7.7, 99.6, 98.2, 8.8, 96.8, 98.2, 100.0, 99.6, 100.0, 100.0, 100.0, 100.0, 100.0, 53.7, 100.0, 100.0, 99.9, 100.0, 99.6, 95.0, 100.0, 98.8]
loss_list=[0.5604821717171969, 0.4331919974808149, 0.4905582112923477, 0.4863080583268663, 0.42273801797638877, 0.46571004251165227, 0.39019248190357186, 0.3743107790642681, 0.24291822674105196, 0.3545870857048172, 0.33426233961725665, 0.27540588092316287, 0.249214138433531, 0.22661399018263595, 0.35552571176604436, 0.2648286350069132, 0.19533676743321318, 0.220066484607251, 0.2721549217694229, 0.26693900919206776, 0.2906551066356339, 0.3796062487956167, 0.3082326073390666, 0.20862662582498845, 0.25113363559313834, 0.26914262909768044, 0.2395300527679291, 0.20283767933213256, 0.22243855953668243, 0.21781664861509806, 0.19716815865854356, 0.2257739201196555, 0.1910539275134463, 0.19350057871569726, 0.2879660613711099, 0.2170886730929457, 0.23680938391255582, 0.1884218218362321, 0.19746877703653773, 0.21838828734030527, 0.26778039648234986, 0.20918443293435257, 0.2466396833523707, 0.2263786010468754, 0.26035420710718427, 0.2756095665711217, 0.24481427575604073, 0.2766156023842835, 0.22867837508586375, 0.23201130544294948, 0.26412975219582224, 0.2569602054429019, 0.16712663797028932, 0.2428421190480648, 0.1869492368700337, 0.19220354615699586, 0.2096907893378521, 0.19112299991881007, 0.2610450943865045, 0.29268784845813195, 0.1780033913251511, 0.26914215251237894, 0.26033500478352933, 0.27713322012330965, 0.19592550557473024, 0.20813719949141188, 0.15290839273826587, 0.15772471295448864, 0.18018498472751449, 0.1631096070895103, 0.1606793450570308, 0.13433144736135338, 0.1353951878236665, 0.15597671319451217, 0.2561186701752301, 0.22949945635217103, 0.16827420131703377, 0.23288428388099236, 0.2252642672076255, 0.2346419757079477, 0.16826120395650193, 0.14045592406777715, 0.14362892933415153, 0.2141158017861688, 0.16114968071735628, 0.17345459046983683, 0.12839896991970784, 0.1636941862035746, 0.18852455519725117, 0.15280953757867127, 0.22496430878256424, 0.1510557872750566, 0.25489805415901867, 0.1322732778449424, 0.13859399376841947, 0.12842305009138183, 0.1425024646382343, 0.12377803601878744, 0.2147676181505592, 0.19188263582010404]
BBSR:100.0
ABSR:94.7
max acc:81.34
