======================================
    IID: 1
    Dataset: cifar
    Model: resnet
    Model Init: None
    Aggregation Function: mr_duc
    Long attack: 3
    Wide attack: 3
    Threshold reject: 0.4
    Attack method: badnet
    Fraction of malicious agents: 15.0%
    Poison Frac: 0.2
    Backdoor From 7 to 5
    Attack Begin: 0
    Trigger Shape: square
    Trigger Position X: 0
    Trigger Position Y: 0
    Number of agents: 100
    Fraction of agents each turn: 30(30.0%)
    Local batch size: 50
    Local epoch: 3
    Client_LR: 0.01
    Client_Momentum: 0.9
    Global Rounds: 100
======================================
main_task_accuracy=[0, 10.789999961853027, 26.670000076293945, 42.470001220703125, 42.38999938964844, 52.18000030517578, 51.27000045776367, 55.310001373291016, 58.380001068115234, 57.86000061035156, 60.599998474121094, 63.61000061035156, 64.05000305175781, 62.970001220703125, 65.79000091552734, 64.81999969482422, 65.27999877929688, 66.5999984741211, 66.33000183105469, 67.55999755859375, 66.7699966430664, 67.33999633789062, 66.02999877929688, 68.9800033569336, 68.69000244140625, 68.91999816894531, 69.02999877929688, 69.56999969482422, 69.94000244140625, 70.5999984741211, 71.61000061035156, 70.94999694824219, 71.33000183105469, 72.33999633789062, 72.06999969482422, 71.91999816894531, 71.68000030517578, 71.63999938964844, 72.19999694824219, 72.91999816894531, 72.45999908447266, 72.23999786376953, 72.91000366210938, 72.7699966430664, 72.87999725341797, 73.27999877929688, 72.91999816894531, 72.91999816894531, 73.04000091552734, 73.02999877929688, 73.08999633789062, 73.13999938964844, 73.12999725341797, 73.05999755859375, 73.02999877929688, 73.30999755859375, 72.8499984741211, 73.16000366210938, 73.08000183105469, 73.08000183105469, 72.87000274658203, 73.02999877929688, 72.93000030517578, 72.94000244140625, 72.70999908447266, 72.62000274658203, 72.73999786376953, 72.55999755859375, 72.63999938964844, 72.61000061035156, 72.63999938964844, 72.77999877929688, 72.66999816894531, 72.55000305175781, 72.58999633789062, 72.66999816894531, 72.81999969482422, 72.72000122070312, 72.48999786376953, 72.63999938964844, 72.68000030517578, 72.48999786376953, 72.69000244140625, 72.55999755859375, 72.51000213623047, 72.58000183105469, 72.5999984741211, 72.52999877929688, 72.61000061035156, 72.33000183105469, 72.62000274658203, 72.48999786376953, 72.37000274658203, 72.61000061035156, 72.56999969482422, 72.5199966430664, 72.5999984741211, 72.41999816894531, 72.44999694824219, 72.36000061035156, 72.41999816894531]
backdoor_accuracy=[0, 0.0, 14.6, 25.6, 11.9, 11.2, 7.2, 10.1, 10.2, 6.3, 7.4, 9.7, 6.7, 10.8, 4.8, 8.4, 5.2, 8.0, 6.8, 5.9, 6.3, 5.9, 5.0, 5.2, 5.6, 5.6, 6.9, 3.8, 6.2, 6.2, 5.2, 6.7, 5.4, 3.7, 4.7, 7.8, 6.3, 4.9, 4.4, 6.0, 3.5, 6.4, 6.9, 5.0, 4.7, 6.4, 5.3, 5.2, 3.9, 5.8, 5.9, 5.5, 5.0, 4.2, 6.0, 5.2, 4.0, 4.7, 4.1, 4.7, 4.2, 4.5, 3.9, 4.1, 4.1, 4.7, 5.3, 4.3, 4.2, 4.5, 5.0, 5.9, 4.7, 4.2, 5.1, 4.5, 5.3, 5.3, 4.9, 5.5, 5.8, 3.7, 5.8, 5.2, 4.7, 4.8, 5.4, 5.2, 5.1, 4.5, 5.4, 4.9, 4.9, 5.6, 5.2, 5.5, 5.6, 5.3, 5.1, 4.8, 4.2]
loss_list=[1.9852309523688423, 1.570577372577455, 1.130731954011652, 0.9990297607084114, 0.7890473628789187, 0.7318443330542908, 0.62806615597258, 0.5474099159075154, 0.5308256945883234, 0.5097429314421282, 0.4419637949371503, 0.4374915854953644, 0.3998461349018746, 0.32190617462827104, 0.38365044074340005, 0.39435253752188554, 0.287077711943744, 0.3247137919461562, 0.2710818647551868, 0.2958557806795256, 0.25641020911383544, 0.27618623750284316, 0.23610161154737905, 0.23760719590173618, 0.2956244494522817, 0.189403708472641, 0.21240008091347085, 0.1794135037527627, 0.18690021171726082, 0.13400046086857198, 0.1810699129404707, 0.12649319609109724, 0.12098327222965762, 0.11621177052613348, 0.11062478336156346, 0.10742468197752413, 0.10920209003276089, 0.10206849875562413, 0.05999332432492843, 0.03923636934991615, 0.0723154804071075, 0.06209091701396068, 0.0646897116664978, 0.03619780790820692, 0.025781017763397862, 0.05964631693895273, 0.037127629675087516, 0.012550429992067317, 0.015161677730825935, 0.028259795176208063, 0.026089629169275413, 0.008620650573284365, 0.007498718940769322, 0.004484714588987924, 0.027053701058676875, 0.014038487877632079, 0.02053853106531379, 0.006894179190583396, 0.006802910275647364, 0.003751625530001345, 0.004933043475062327, 0.0026662542423582635, 0.005285897440771805, 0.008002964919206636, 0.003126628896425245, 0.0019086920920138555, 0.0031716735188901004, 0.003978220188130056, 0.0016522907293175296, 0.0015059992640615546, 0.0030714871440755413, 0.0013984422559668828, 0.001703596920237437, 0.0013242385201738215, 0.002544130293802785, 0.002118101465247391, 0.001197318341162625, 0.001325826986883638, 0.0010674242005592938, 0.0019319662752160277, 0.0017052576181514367, 0.0018676499184706091, 0.0010267806841956272, 0.0009242363352273563, 0.0008716553692162658, 0.00123467423999197, 0.0008716176552924379, 0.0012679969256391308, 0.001106852272496326, 0.0013491067048097547, 0.0008343457628102948, 0.001293707701026708, 0.0006805420649794136, 0.001671972879662968, 0.0008091060431615915, 0.0006894327148943884, 0.0007765821503643462, 0.0006974815799832059, 0.0006865269453555813, 0.0012848919116125515]
BBSR:5.6
ABSR:5.11
max acc:72.61
