======================================
    IID: 1
    Dataset: cifar
    Model: resnet
    Model Init: None
    Aggregation Function: flame
    Long attack: 3
    Wide attack: 3
    Attack method: badnet
    Fraction of malicious agents: 15.0%
    Poison Frac: 0.2
    Backdoor From 7 to 5
    Attack Begin: 0
    Trigger Shape: square
    Trigger Position X: 0
    Trigger Position Y: 0
    Number of agents: 100
    Fraction of agents each turn: 30(30.0%)
    Local batch size: 50
    Local epoch: 3
    Client_LR: 0.01
    Client_Momentum: 0.9
    Global Rounds: 100
    Noise in FLAME: 0.001
proportion of malicious are selected:0.6225
proportion of benign are selected:0.5246153846153846
======================================
main_task_accuracy=[0, 11.210000038146973, 32.13999938964844, 41.15999984741211, 48.130001068115234, 49.2400016784668, 53.52000045776367, 55.099998474121094, 56.310001373291016, 56.16999816894531, 57.939998626708984, 57.880001068115234, 59.63999938964844, 60.65999984741211, 59.369998931884766, 60.88999938964844, 61.650001525878906, 62.29999923706055, 61.15999984741211, 61.150001525878906, 62.38999938964844, 62.20000076293945, 63.09000015258789, 62.290000915527344, 64.61000061035156, 64.98999786376953, 65.19999694824219, 64.9800033569336, 65.94999694824219, 64.20999908447266, 65.33000183105469, 65.88999938964844, 66.80999755859375, 65.30000305175781, 65.33999633789062, 64.47000122070312, 66.61000061035156, 67.0199966430664, 66.4000015258789, 66.37999725341797, 65.33000183105469, 65.5199966430664, 66.37999725341797, 67.83999633789062, 67.44000244140625, 65.52999877929688, 66.1500015258789, 66.9000015258789, 67.55999755859375, 67.98999786376953, 66.08999633789062, 68.16000366210938, 68.83999633789062, 68.30000305175781, 66.83000183105469, 68.52999877929688, 68.01000213623047, 68.37999725341797, 68.83000183105469, 67.76000213623047, 67.81999969482422, 68.20999908447266, 68.08999633789062, 68.7699966430664, 68.45999908447266, 67.75, 69.19000244140625, 68.48999786376953, 67.87999725341797, 69.02999877929688, 69.04000091552734, 67.58999633789062, 68.94999694824219, 68.08000183105469, 68.37999725341797, 69.27999877929688, 67.20999908447266, 68.16999816894531, 68.8499984741211, 69.41999816894531, 68.05000305175781, 68.37000274658203, 67.22000122070312, 70.11000061035156, 68.45999908447266, 69.86000061035156, 68.88999938964844, 69.97000122070312, 67.94999694824219, 68.9800033569336, 68.87999725341797, 70.25, 70.37999725341797, 68.62999725341797, 69.37000274658203, 68.16999816894531, 70.23999786376953, 69.52999877929688, 68.98999786376953, 70.1500015258789, 70.16000366210938]
backdoor_accuracy=[0, 0.0, 8.8, 49.9, 11.7, 5.0, 19.8, 4.2, 11.3, 13.8, 7.0, 6.2, 5.3, 16.9, 17.5, 12.6, 5.5, 7.1, 8.3, 6.8, 11.0, 9.3, 6.4, 10.8, 6.0, 6.2, 10.4, 10.3, 8.0, 14.1, 17.1, 12.9, 5.5, 4.7, 10.6, 4.3, 6.3, 5.5, 5.8, 10.1, 5.2, 9.2, 5.9, 6.3, 4.5, 4.6, 19.9, 6.7, 5.4, 7.1, 3.6, 9.8, 11.8, 5.4, 3.9, 10.1, 5.9, 5.5, 7.0, 5.8, 9.5, 7.8, 7.8, 7.5, 6.8, 16.2, 6.7, 4.7, 7.1, 5.2, 5.0, 2.0, 4.1, 4.3, 5.2, 5.5, 4.6, 3.3, 6.7, 6.0, 4.8, 8.4, 9.6, 5.6, 3.2, 3.6, 3.7, 7.8, 5.7, 6.7, 6.5, 5.8, 5.1, 4.8, 7.5, 7.2, 4.4, 7.5, 6.0, 5.8, 3.4]
loss_list=[1.9785339755482145, 1.4956162867943448, 1.1344228611058662, 0.9396197474168405, 0.8197629518475797, 0.7108624708818065, 0.6702465769524374, 0.6443583438711032, 0.5485329970676037, 0.5400567318706049, 0.5346443956531585, 0.48592233693123693, 0.5152315641360149, 0.4691111532784999, 0.4956308402369419, 0.46877871592218673, 0.44408005284352436, 0.4531223288519929, 0.41169268407238013, 0.4320697682982103, 0.43111305783606235, 0.4093528445530683, 0.4344216065750353, 0.39060885381781396, 0.4402886907549369, 0.39460638200760717, 0.37395675102766196, 0.32557655390765927, 0.4275910226654055, 0.3622847340535372, 0.333106631427072, 0.3723477214492031, 0.36943587315786225, 0.3711072213171669, 0.3807485413732421, 0.35471137660762503, 0.3182237608963624, 0.3339502678314845, 0.33540009390355807, 0.38646351195043976, 0.3634160190463686, 0.3185465616008474, 0.3163432459000291, 0.3428171276709893, 0.3374377497373563, 0.36422729459642955, 0.3407882186881681, 0.35767217603149926, 0.3223437533775965, 0.3351686241591557, 0.3960382984012056, 0.31031188097316775, 0.2533871145220473, 0.2853134217811748, 0.29169171155870166, 0.376814378828276, 0.23576365313182282, 0.29244160951787807, 0.2897092557988233, 0.2732058422883145, 0.28917098376162664, 0.3139548730376797, 0.2825384928275728, 0.28031626491885014, 0.3102684207089866, 0.2863545116466574, 0.28666308682411906, 0.2897888090647757, 0.23648003439237883, 0.3050525758509886, 0.3027333851862285, 0.33171120413837746, 0.33503193929894937, 0.31074015003835986, 0.3639056007155321, 0.3623635530963333, 0.35281455205598217, 0.27160871621273047, 0.30918730587362214, 0.3224487234010464, 0.3366406873934385, 0.3484335030729158, 0.28943596717203035, 0.3327034266127481, 0.2768637672739311, 0.26716208897168847, 0.30960855200110615, 0.34909037620450056, 0.24640816783092706, 0.2699554543448095, 0.26430166012814477, 0.2462327283677749, 0.3015730159269232, 0.3389132347730144, 0.3598632147075194, 0.2625533816601253, 0.2740036060208351, 0.28429430302930997, 0.2849196513343809, 0.27414120884793286]
BBSR:7.5
ABSR:5.75
max acc:70.38
