======================================
    IID: 0
    Dataset: mnist
    Model: Mnist_CNN
    Model Init: None
    Aggregation Function: mr_abs
    Long attack: 5
    Wide attack: 5
    Threshold reject: 0.7
    Threshold down: 0.0
    Attack method: dba
    Fraction of malicious agents: 15.0%
    Poison Frac: 0.2
    Backdoor From 7 to 5
    Attack Begin: 0
    Trigger Shape: square
    Trigger Position X: 0
    Trigger Position Y: 0
    Number of agents: 100
    Fraction of agents each turn: 30(30.0%)
    Local batch size: 50
    Local epoch: 3
    Client_LR: 0.01
    Client_Momentum: 0.9
    Global Rounds: 100
======================================
main_task_accuracy=[0, 10.479999542236328, 10.609999656677246, 21.059999465942383, 40.66999816894531, 45.90999984741211, 48.91999816894531, 51.970001220703125, 42.029998779296875, 66.19000244140625, 70.38999938964844, 66.94000244140625, 68.94000244140625, 73.2300033569336, 74.1500015258789, 70.44000244140625, 73.23999786376953, 80.52999877929688, 79.48999786376953, 85.56999969482422, 81.54000091552734, 83.79000091552734, 94.02999877929688, 80.70999908447266, 86.43000030517578, 91.33000183105469, 90.47000122070312, 91.16000366210938, 74.29000091552734, 84.16000366210938, 83.05000305175781, 86.76000213623047, 89.30999755859375, 93.81999969482422, 91.19000244140625, 95.44999694824219, 95.33999633789062, 95.6500015258789, 95.41999816894531, 93.51000213623047, 89.73999786376953, 91.19000244140625, 95.47000122070312, 96.16999816894531, 94.44000244140625, 94.29000091552734, 96.55000305175781, 94.29000091552734, 97.2300033569336, 95.69000244140625, 95.75, 92.01000213623047, 93.94999694824219, 96.27999877929688, 96.77999877929688, 96.69999694824219, 96.2699966430664, 96.61000061035156, 96.58000183105469, 97.02999877929688, 95.9000015258789, 96.94000244140625, 96.69999694824219, 97.3499984741211, 97.20999908447266, 96.27999877929688, 96.0999984741211, 96.62000274658203, 96.38999938964844, 96.77999877929688, 96.87000274658203, 95.63999938964844, 96.83000183105469, 97.61000061035156, 97.18000030517578, 95.94000244140625, 95.79000091552734, 97.61000061035156, 97.22000122070312, 97.95999908447266, 97.12999725341797, 97.94999694824219, 98.12999725341797, 97.77999877929688, 97.2699966430664, 97.5999984741211, 97.72000122070312, 97.6500015258789, 97.63999938964844, 96.76000213623047, 96.75, 97.0999984741211, 98.2300033569336, 98.16999816894531, 98.13999938964844, 98.0999984741211, 98.19999694824219, 97.9000015258789, 97.83999633789062, 96.81999969482422, 97.48999786376953]
backdoor_accuracy=[0, 0.0, 0.0, 0.0, 0.0, 0.0, 0.2918287937743191, 0.0, 27.82101167315175, 0.0, 0.09727626459143969, 0.0, 1.6536964980544746, 0.0, 10.797665369649806, 0.0, 1.4591439688715953, 0.09727626459143969, 0.0, 0.5836575875486382, 0.0, 0.0, 0.48638132295719844, 0.0, 0.38910505836575876, 0.0, 0.0, 0.09727626459143969, 0.0, 0.0, 0.0, 0.0, 0.0, 0.0, 0.0, 0.0, 0.0, 0.0, 0.0, 0.09727626459143969, 0.0, 0.0, 0.0, 0.0, 0.2918287937743191, 0.0, 0.0, 0.0, 0.0, 0.0, 0.0, 0.0, 0.09727626459143969, 0.0, 0.09727626459143969, 0.0, 0.09727626459143969, 0.09727626459143969, 0.0, 0.09727626459143969, 0.0, 0.09727626459143969, 0.0, 0.09727626459143969, 0.09727626459143969, 0.09727626459143969, 0.0, 0.09727626459143969, 0.0, 0.19455252918287938, 0.0, 0.09727626459143969, 0.0, 0.0, 0.09727626459143969, 0.09727626459143969, 0.6809338521400778, 0.0, 0.2918287937743191, 0.09727626459143969, 0.09727626459143969, 0.19455252918287938, 0.09727626459143969, 0.09727626459143969, 0.38910505836575876, 0.19455252918287938, 1.1673151750972763, 0.09727626459143969, 0.6809338521400778, 0.19455252918287938, 6.712062256809339, 0.09727626459143969, 0.9727626459143969, 5.155642023346304, 17.120622568093385, 0.8754863813229572, 4.669260700389105, 1.264591439688716, 2.237354085603113, 5.933852140077821, 1.556420233463035]
loss_list=[0.479966949004458, 0.6038874639935827, 0.41295506743170624, 0.4066656232225418, 0.29171537256079344, 0.2489974266096421, 0.23087325357946917, 0.32119863467403204, 0.31841709826769776, 0.2448950839726108, 0.17768450322618617, 0.20760545404981967, 0.16257632708698727, 0.1905085733871284, 0.15261517618854537, 0.17875279476063358, 0.14753997194941387, 0.15905304648486734, 0.1161648613472245, 0.14244539907405335, 0.12316506704662188, 0.11464276998050857, 0.0967748378840756, 0.1125774694035632, 0.11086420411854764, 0.09429094609573697, 0.09569309536035421, 0.10130117954687415, 0.13458744346618776, 0.15912970008606594, 0.09442230142595695, 0.10293593949193056, 0.10016749093800979, 0.0908146005007874, 0.08751499585019484, 0.08146969003875154, 0.06890582097928871, 0.06795082667854836, 0.07288311387882104, 0.09043667068170415, 0.07961001317427809, 0.07187269817730221, 0.06933463014167218, 0.07635752521342948, 0.0679534666024665, 0.05967122638231344, 0.0638007436046661, 0.0717826734862481, 0.057876477058484935, 0.060310666423674136, 0.0756540760907654, 0.0734425157263561, 0.06389131781687633, 0.05678612776311841, 0.059536451736681796, 0.05559106364767836, 0.05233350867180044, 0.05064982778358382, 0.06517718450565449, 0.0535239096404658, 0.05133294358204086, 0.050197348189909535, 0.06115721573851766, 0.043186962932998285, 0.048630203138606144, 0.05323984480603799, 0.06121151451222297, 0.049353246968602583, 0.05237780686579138, 0.05316019193448597, 0.05399952076696033, 0.04997451557848397, 0.042652788100955775, 0.053022300982563476, 0.05276376333343049, 0.041500991998101575, 0.04957298369922842, 0.05555638778921126, 0.04504724925311631, 0.040802851530531294, 0.04181564047442374, 0.040789023031929855, 0.03789855667508741, 0.04700948895292324, 0.046282658534469785, 0.0412731863009126, 0.03916747234957845, 0.04231009423573315, 0.048543789258231405, 0.0408500843382644, 0.036633227008359484, 0.04353540176691042, 0.0373781667340868, 0.03391868782753956, 0.03784628858712364, 0.03484384354037961, 0.03556070555495936, 0.035772100619916744, 0.036033654279256117, 0.03974577446691044]
BBSR:17.12
ABSR:3.99
max acc:98.23
