======================================
    IID: 1
    Dataset: cifar
    Model: resnet
    Model Init: None
    Aggregation Function: mr_duc
    Long attack: 5
    Wide attack: 5
    Threshold reject: 0.6
    Threshold down: 0.2
    Attack method: dba
    Fraction of malicious agents: 16.0%
    Poison Frac: 0.2
    Backdoor From 7 to 5
    Attack Begin: 0
    Trigger Shape: square
    Trigger Position X: 0
    Trigger Position Y: 0
    Number of agents: 100
    Fraction of agents each turn: 30(30.0%)
    Local batch size: 50
    Local epoch: 3
    Client_LR: 0.01
    Client_Momentum: 0.9
    Global Rounds: 100
======================================
main_task_accuracy=[0, 11.319999694824219, 29.860000610351562, 46.279998779296875, 47.209999084472656, 52.18000030517578, 53.9900016784668, 55.119998931884766, 58.45000076293945, 56.689998626708984, 61.7400016784668, 61.029998779296875, 60.40999984741211, 63.790000915527344, 63.91999816894531, 64.36000061035156, 64.19000244140625, 65.12999725341797, 65.22000122070312, 66.08000183105469, 66.37000274658203, 67.62000274658203, 68.88999938964844, 68.05000305175781, 68.25, 68.41999816894531, 69.36000061035156, 69.4800033569336, 67.94999694824219, 70.29000091552734, 70.06999969482422, 69.69999694824219, 69.58999633789062, 70.79000091552734, 71.51000213623047, 71.31999969482422, 72.4000015258789, 71.63999938964844, 71.61000061035156, 71.94999694824219, 72.55999755859375, 72.27999877929688, 72.73999786376953, 72.44999694824219, 72.16999816894531, 72.76000213623047, 72.93000030517578, 72.93000030517578, 72.3499984741211, 72.58999633789062, 72.79000091552734, 72.6500015258789, 72.80000305175781, 72.8499984741211, 72.91000366210938, 72.9000015258789, 72.94999694824219, 72.73999786376953, 72.51000213623047, 72.25, 72.5, 72.37999725341797, 72.18000030517578, 72.3499984741211, 72.33000183105469, 72.29000091552734, 72.29000091552734, 72.11000061035156, 72.11000061035156, 71.98999786376953, 72.19999694824219, 72.04000091552734, 71.9800033569336, 71.97000122070312, 72.0199966430664, 72.0199966430664, 72.02999877929688, 72.04000091552734, 72.01000213623047, 71.9800033569336, 72.0199966430664, 71.9800033569336, 72.05999755859375, 72.04000091552734, 72.0999984741211, 72.08000183105469, 72.0, 71.91000366210938, 72.0, 71.98999786376953, 71.93000030517578, 72.18000030517578, 72.05999755859375, 71.91999816894531, 71.86000061035156, 71.91999816894531, 72.08000183105469, 71.8499984741211, 71.9000015258789, 71.88999938964844, 71.73999786376953]
backdoor_accuracy=[0, 0.0, 4.6, 11.5, 10.0, 8.5, 9.9, 9.6, 9.1, 9.0, 14.2, 7.3, 8.2, 12.1, 8.6, 8.8, 11.1, 7.0, 6.7, 7.2, 8.7, 4.1, 6.3, 5.4, 7.3, 4.5, 6.9, 7.2, 7.2, 4.8, 4.4, 8.9, 4.6, 12.0, 6.7, 8.1, 7.3, 4.0, 8.3, 5.9, 7.2, 5.0, 10.4, 7.1, 9.4, 10.9, 9.3, 9.4, 12.7, 9.0, 8.6, 9.8, 9.7, 9.6, 9.3, 8.5, 10.6, 9.2, 9.9, 11.0, 9.2, 11.1, 12.1, 10.9, 10.9, 10.3, 10.1, 10.8, 10.9, 12.1, 11.0, 12.0, 11.2, 11.2, 11.0, 11.6, 12.0, 11.5, 12.4, 11.7, 12.2, 12.3, 11.8, 11.6, 11.0, 12.5, 12.2, 12.0, 11.0, 10.5, 11.8, 13.0, 11.6, 12.8, 12.8, 11.7, 12.6, 12.6, 12.4, 12.6, 12.4]
loss_list=[1.9752846830421025, 1.4795085044039618, 1.0501739883091716, 0.9608373555872175, 0.7288107090112236, 0.6853646986600425, 0.5775930287275048, 0.537314791124728, 0.5246748343648182, 0.46752417829301635, 0.4329564135935572, 0.43041616205333005, 0.3956493086616198, 0.39080294219570033, 0.3581832509922484, 0.31992382675409325, 0.3075243976272436, 0.303762440904975, 0.29871273097478673, 0.2910902394944181, 0.22706666372819911, 0.23497293640212671, 0.2537539073038432, 0.21960258979764255, 0.18896828390321596, 0.19013694198155362, 0.17012150903956763, 0.22359360450361343, 0.16775660243557974, 0.160094433462299, 0.1590503366520473, 0.1540266295127933, 0.12707989710331377, 0.14743569197514766, 0.12078669759431956, 0.0837687639728473, 0.11878014658551866, 0.08922701729351604, 0.08511872387859816, 0.08409709607755454, 0.10026515863648257, 0.06221098198322579, 0.04482353850778762, 0.04311244660393439, 0.03653620969510585, 0.022270642148925823, 0.019887372018937536, 0.03400408876060586, 0.021047742185764943, 0.038615830451728665, 0.014985703007389219, 0.009998941672028094, 0.0177865352474166, 0.013267168026715003, 0.010500758739961183, 0.010323036712507016, 0.009064151204187914, 0.006412621715329198, 0.01760958649184128, 0.005121902905003581, 0.004721572091819125, 0.00406072095057526, 0.0028391699916877158, 0.005601418091989923, 0.0034696006849602185, 0.0028799062576338966, 0.0021938827094466736, 0.0027481526671423733, 0.002686600118257856, 0.0016698582613268325, 0.0020565715487949393, 0.0025738399489879773, 0.0012856743586275518, 0.0033433270099501684, 0.0012626398902890895, 0.0016444392273357758, 0.0013376457544573997, 0.001726174808880185, 0.001435066941760144, 0.0011056658321548537, 0.0016238072131171879, 0.0017541272156975341, 0.001010433861010824, 0.0010899674378823773, 0.0009720264391863667, 0.0019117930911064225, 0.0009399795344506856, 0.0011398482550430346, 0.0024055815412996, 0.0008715921507326939, 0.001754428427868535, 0.0011994560009124045, 0.0008299669718609139, 0.0007478117634551988, 0.0009480672009279565, 0.0023691404582900258, 0.00070580334708211, 0.0006747898759689026, 0.0006870580831309781, 0.0007650686040384851]
BBSR:13.0
ABSR:12.45
max acc:72.18
