======================================
    IID: 0
    Dataset: fashion_mnist
    Model: Mnist_CNN
    Model Init: None
    Aggregation Function: mr_duc
    Long attack: 5
    Wide attack: 5
    Threshold reject: 0.6
    Attack method: badnet
    Fraction of malicious agents: 15.0%
    Poison Frac: 0.2
    Backdoor From 7 to 5
    Attack Begin: 0
    Trigger Shape: square
    Trigger Position X: 0
    Trigger Position Y: 0
    Number of agents: 100
    Fraction of agents each turn: 30(30.0%)
    Local batch size: 50
    Local epoch: 3
    Client_LR: 0.01
    Client_Momentum: 0.9
    Global Rounds: 100
======================================
main_task_accuracy=[0, 27.040000915527344, 19.969999313354492, 15.170000076293945, 28.940000534057617, 25.690000534057617, 31.40999984741211, 49.630001068115234, 43.779998779296875, 49.529998779296875, 46.849998474121094, 58.77000045776367, 45.43000030517578, 62.31999969482422, 71.01000213623047, 65.33000183105469, 68.80000305175781, 67.58000183105469, 65.80000305175781, 74.48999786376953, 64.62000274658203, 66.48999786376953, 64.06999969482422, 49.900001525878906, 72.91999816894531, 63.11000061035156, 75.22000122070312, 54.47999954223633, 66.08000183105469, 68.1500015258789, 69.87999725341797, 69.56999969482422, 62.11000061035156, 75.98999786376953, 68.72000122070312, 62.939998626708984, 71.4000015258789, 68.4000015258789, 73.06999969482422, 69.94000244140625, 78.37999725341797, 68.62999725341797, 72.58000183105469, 77.02999877929688, 73.06999969482422, 76.48999786376953, 66.05999755859375, 75.12000274658203, 60.41999816894531, 74.80000305175781, 53.27000045776367, 75.87000274658203, 74.6500015258789, 74.4800033569336, 75.20999908447266, 71.79000091552734, 71.5, 65.66000366210938, 74.04000091552734, 71.91999816894531, 74.41999816894531, 71.08000183105469, 70.5, 70.41000366210938, 73.47000122070312, 75.31999969482422, 77.04000091552734, 59.880001068115234, 77.01000213623047, 75.9000015258789, 73.22000122070312, 79.55999755859375, 67.05999755859375, 81.01000213623047, 64.41999816894531, 80.37999725341797, 72.4000015258789, 74.04000091552734, 76.97000122070312, 74.2699966430664, 71.56999969482422, 73.12000274658203, 72.73999786376953, 73.94999694824219, 74.30000305175781, 72.20999908447266, 79.0, 80.01000213623047, 80.91999816894531, 66.41000366210938, 79.41999816894531, 65.37999725341797, 80.79000091552734, 78.2699966430664, 82.13999938964844, 62.88999938964844, 80.05000305175781, 73.58999633789062, 82.83000183105469, 77.25, 84.16000366210938]
backdoor_accuracy=[0, 0.0, 0.0, 0.0, 100.0, 0.0, 19.9, 0.3, 99.7, 0.0, 0.0, 0.0, 99.9, 0.0, 0.0, 4.6, 0.6, 1.0, 0.4, 0.0, 0.0, 0.0, 1.1, 0.0, 0.0, 0.0, 0.0, 0.3, 0.0, 0.4, 0.0, 0.0, 0.0, 0.0, 0.0, 0.0, 0.0, 0.0, 0.0, 0.0, 0.0, 0.0, 0.1, 0.0, 0.0, 0.0, 0.0, 0.0, 0.0, 0.0, 0.0, 0.0, 0.0, 0.0, 0.0, 0.0, 0.0, 0.0, 0.0, 0.0, 0.0, 0.0, 0.0, 0.0, 0.0, 0.0, 0.0, 0.0, 0.0, 0.0, 0.0, 0.0, 0.0, 0.0, 0.0, 0.0, 0.0, 0.0, 0.0, 0.0, 0.0, 0.0, 0.0, 0.0, 0.0, 0.0, 0.0, 0.0, 0.0, 0.0, 0.0, 0.0, 0.0, 0.0, 0.0, 0.0, 0.0, 0.0, 0.0, 0.0, 0.0]
loss_list=[0.5803851286193763, 0.33213120522514117, 0.5531161103487514, 0.46205722186190595, 0.2622742287229669, 0.45847349495726936, 0.2631815010147529, 0.24184150671545487, 0.28153644990318355, 0.31066549566674195, 0.34935152676988657, 0.18598219617878028, 0.23234003498656866, 0.3755677293097425, 0.2696009152073692, 0.2676956127050342, 0.22075431628805348, 0.21755939979037212, 0.23485015130248643, 0.22174635827735215, 0.17610179308670426, 0.2071139938056825, 0.2301824084443072, 0.3107454971970593, 0.29574850851434353, 0.21562404385413503, 0.19517624046751875, 0.18298091621137555, 0.2620799337516827, 0.15952312444219455, 0.19670945527480396, 0.21996244171764798, 0.24350771823949893, 0.22027224249786972, 0.20680368945374442, 0.22133907927215782, 0.18931258277735982, 0.15556808451554893, 0.1927674705149053, 0.20510889807906266, 0.1556030196177925, 0.1583740550143813, 0.16367453245441252, 0.16256350324289706, 0.19732506265139482, 0.16818237027507496, 0.16940489880717857, 0.23339923854018557, 0.24051857656729245, 0.2230136559530589, 0.2029960073627434, 0.1864182094500168, 0.18759864413290295, 0.18703084398184278, 0.2036991796533248, 0.13656162528230045, 0.28151192110068995, 0.18755542210546564, 0.21439353567730074, 0.1890158069039865, 0.21586513949481176, 0.21786904926023476, 0.18068025863978612, 0.20569812185652997, 0.222248744725485, 0.17233108210622547, 0.14335693651679496, 0.19478326082015476, 0.1421597402243549, 0.19626494654264542, 0.1863344557758016, 0.16830723403054001, 0.1306978578736448, 0.1988777429080751, 0.15212794905931293, 0.13867161145147028, 0.15907031219157272, 0.1784347097681698, 0.1563358008438787, 0.18769612696501561, 0.17689656664301853, 0.1831413640420181, 0.13756348393230958, 0.16194728115907076, 0.1847768476576247, 0.18941258120599652, 0.1588351969555286, 0.159182951120535, 0.18833669232443734, 0.16351780856598327, 0.16410678214980284, 0.20560928241147033, 0.18809176051346707, 0.13641125122151918, 0.19150422067061657, 0.21267606401635686, 0.16153504853564316, 0.17242808854707486, 0.13202222362879226, 0.14314764329071222]
BBSR:0.0
ABSR:0.0
max acc:84.16
