======================================
    IID: 0
    Dataset: fashion_mnist
    Model: Mnist_CNN
    Model Init: None
    Aggregation Function: mr_duc
    Long attack: 3
    Wide attack: 3
    Threshold reject: 0.5
    Attack method: badnet
    Fraction of malicious agents: 15.0%
    Poison Frac: 0.2
    Backdoor From 7 to 5
    Attack Begin: 0
    Trigger Shape: square
    Trigger Position X: 0
    Trigger Position Y: 0
    Number of agents: 100
    Fraction of agents each turn: 30(30.0%)
    Local batch size: 50
    Local epoch: 3
    Client_LR: 0.01
    Client_Momentum: 0.9
    Global Rounds: 100
======================================
main_task_accuracy=[0, 16.149999618530273, 28.6200008392334, 29.479999542236328, 29.579999923706055, 38.18000030517578, 22.93000030517578, 37.54999923706055, 50.75, 37.459999084472656, 33.119998931884766, 51.9900016784668, 45.470001220703125, 52.84000015258789, 53.68000030517578, 29.31999969482422, 49.54999923706055, 61.630001068115234, 55.4900016784668, 58.459999084472656, 65.30000305175781, 52.060001373291016, 63.970001220703125, 66.04000091552734, 60.599998474121094, 63.4900016784668, 46.599998474121094, 54.9900016784668, 63.880001068115234, 60.84000015258789, 61.88999938964844, 70.63999938964844, 58.689998626708984, 74.2699966430664, 61.29999923706055, 63.529998779296875, 73.54000091552734, 63.880001068115234, 73.9800033569336, 62.290000915527344, 73.83000183105469, 70.33000183105469, 62.849998474121094, 76.19000244140625, 68.18000030517578, 74.12999725341797, 72.56999969482422, 63.40999984741211, 70.95999908447266, 71.36000061035156, 73.81999969482422, 74.37999725341797, 70.98999786376953, 71.7300033569336, 72.68000030517578, 71.73999786376953, 69.7699966430664, 68.31999969482422, 77.20999908447266, 74.08999633789062, 77.33999633789062, 77.16999816894531, 61.59000015258789, 76.48999786376953, 75.75, 69.29000091552734, 73.56999969482422, 56.279998779296875, 75.43000030517578, 73.20999908447266, 71.19000244140625, 75.41999816894531, 73.5199966430664, 79.16000366210938, 76.02999877929688, 67.80999755859375, 74.2699966430664, 66.27999877929688, 74.20999908447266, 73.4800033569336, 75.5999984741211, 74.73999786376953, 79.19000244140625, 74.38999938964844, 76.0999984741211, 73.58000183105469, 78.79000091552734, 79.56999969482422, 73.95999908447266, 80.69000244140625, 71.04000091552734, 76.12999725341797, 78.04000091552734, 79.9800033569336, 77.23999786376953, 75.05000305175781, 77.61000061035156, 65.30999755859375, 82.94999694824219, 75.06999969482422, 79.87000274658203]
backdoor_accuracy=[0, 0.0, 0.0, 0.0, 0.0, 0.0, 0.0, 0.0, 0.0, 60.9, 0.0, 0.0, 0.0, 93.1, 0.0, 0.0, 97.3, 33.4, 0.0, 25.6, 0.0, 26.2, 0.4, 28.9, 0.0, 0.0, 0.0, 66.9, 0.0, 0.0, 0.0, 0.0, 0.0, 0.0, 0.1, 0.0, 0.0, 0.7, 0.0, 0.0, 0.0, 4.4, 0.0, 0.3, 0.0, 0.0, 0.0, 0.0, 0.0, 0.0, 0.0, 0.0, 0.0, 0.0, 0.0, 0.5, 0.0, 0.6, 0.0, 0.0, 0.0, 0.1, 0.0, 0.0, 0.0, 0.0, 0.0, 0.0, 0.0, 0.0, 0.0, 0.0, 0.0, 0.0, 0.0, 0.0, 0.0, 0.0, 0.6, 0.0, 0.0, 0.0, 0.2, 0.8, 0.0, 0.0, 1.6, 0.0, 0.0, 0.0, 0.1, 0.0, 0.0, 0.1, 0.0, 0.0, 0.0, 0.0, 0.0, 0.0, 0.0]
loss_list=[0.44799853627269304, 0.4748507285720928, 0.4133245697164139, 0.424883473523061, 0.4483319607460883, 0.2981887146013159, 0.4421740316486192, 0.4975537929859596, 0.3095463698611207, 0.3886836313148031, 0.5337802788729442, 0.33285219957540285, 0.34195671027524494, 0.32885399893432354, 0.44927741902967366, 0.41749066701735305, 0.28294674379057544, 0.22865477258130262, 0.2890734663215581, 0.2632771694571618, 0.2616094288573495, 0.3041510177546776, 0.29272524902795255, 0.25481687323557856, 0.20615116325419683, 0.3275562602790665, 0.32586930385328483, 0.28483218761696405, 0.32077732952779997, 0.24821012339117307, 0.32559464513039615, 0.3169165630955293, 0.2732269008748984, 0.23812046425412323, 0.21842824692933055, 0.2459843166074296, 0.26260759456247934, 0.15610134166902376, 0.24827381430483003, 0.23629497498998556, 0.19367245448897255, 0.28322638718591275, 0.20238163810573054, 0.1972190586100801, 0.23881114972150863, 0.20211218258997712, 0.20216822425342126, 0.24806551804380836, 0.20894729204581033, 0.24988979573917477, 0.22799458465827668, 0.15084339142012432, 0.24121161242241956, 0.19715124314461718, 0.16464831310305167, 0.15329229118700216, 0.2027059336213336, 0.1870015503462095, 0.19567237372528537, 0.19872487274116987, 0.1927923889171898, 0.19514375211407176, 0.16870270525220754, 0.20292149735770112, 0.14400400392625912, 0.18530056986487917, 0.18449302030913958, 0.1924056985091599, 0.14602035586243195, 0.190844654625193, 0.2013173453080591, 0.17418189098826978, 0.13677495933076753, 0.17717794489654, 0.2252861577274703, 0.22559019035530684, 0.3367769469097264, 0.23682400044045063, 0.1852516739742289, 0.18213114824594034, 0.17414708862470407, 0.1647607612170152, 0.16079827415045383, 0.20775475867902368, 0.22560307464864465, 0.15279807228463752, 0.1804631893699816, 0.19058605748332882, 0.15425804640746466, 0.218393922858434, 0.13384005512762506, 0.2029294356171156, 0.14472275718507002, 0.1617259362120451, 0.13976190249555873, 0.152147365813561, 0.24491539376399826, 0.18922409261623988, 0.19357731996447225, 0.15255080663871257]
BBSR:0.1
ABSR:0.01
max acc:82.95
