======================================
    IID: 0
    Dataset: mnist
    Model: Mnist_CNN
    Model Init: None
    Aggregation Function: mr_duc
    Long attack: 3
    Wide attack: 3
    Threshold reject: 0.3
    Attack method: badnet
    Fraction of malicious agents: 15.0%
    Poison Frac: 0.2
    Backdoor From 7 to 5
    Attack Begin: 0
    Trigger Shape: square
    Trigger Position X: 0
    Trigger Position Y: 0
    Number of agents: 100
    Fraction of agents each turn: 30(30.0%)
    Local batch size: 50
    Local epoch: 3
    Client_LR: 0.01
    Client_Momentum: 0.9
    Global Rounds: 100
======================================
main_task_accuracy=[0, 31.600000381469727, 27.049999237060547, 37.34000015258789, 53.22999954223633, 57.93000030517578, 37.0099983215332, 70.66000366210938, 56.779998779296875, 66.37999725341797, 65.61000061035156, 77.45999908447266, 56.709999084472656, 83.95999908447266, 84.20999908447266, 72.44000244140625, 83.98999786376953, 82.79000091552734, 82.5999984741211, 76.31999969482422, 79.20999908447266, 87.05999755859375, 84.63999938964844, 89.05999755859375, 92.5, 93.62000274658203, 91.80000305175781, 93.73999786376953, 90.30000305175781, 94.77999877929688, 91.79000091552734, 94.80999755859375, 92.87999725341797, 93.93000030517578, 95.86000061035156, 95.16000366210938, 95.08999633789062, 93.66000366210938, 94.83000183105469, 95.12999725341797, 90.11000061035156, 94.56999969482422, 95.44999694824219, 91.31999969482422, 94.55000305175781, 93.2699966430664, 94.48999786376953, 94.69999694824219, 96.51000213623047, 96.9000015258789, 95.80999755859375, 95.83999633789062, 95.30000305175781, 97.13999938964844, 97.1500015258789, 97.12000274658203, 97.13999938964844, 97.12999725341797, 97.05999755859375, 97.19999694824219, 96.94999694824219, 97.81999969482422, 96.36000061035156, 96.61000061035156, 95.80000305175781, 97.18000030517578, 97.20999908447266, 96.5199966430664, 97.54000091552734, 95.80000305175781, 94.73999786376953, 96.68000030517578, 94.1500015258789, 96.52999877929688, 97.9000015258789, 98.08999633789062, 96.97000122070312, 98.13999938964844, 97.95999908447266, 97.77999877929688, 97.9800033569336, 97.70999908447266, 96.93000030517578, 98.1500015258789, 97.4800033569336, 98.18000030517578, 96.95999908447266, 98.08999633789062, 98.37999725341797, 98.05000305175781, 97.73999786376953, 97.69999694824219, 97.97000122070312, 98.23999786376953, 97.5, 98.19000244140625, 98.30999755859375, 98.44999694824219, 98.37999725341797, 98.44000244140625, 97.98999786376953]
backdoor_accuracy=[0, 0.0, 0.0, 0.0, 0.5836575875486382, 0.0, 0.0, 0.5836575875486382, 1.3618677042801557, 0.19455252918287938, 0.0, 0.2918287937743191, 32.19844357976654, 0.0, 16.926070038910506, 0.0, 4.182879377431907, 0.09727626459143969, 6.517509727626459, 0.09727626459143969, 0.09727626459143969, 2.9182879377431905, 0.0, 0.48638132295719844, 1.7509727626459144, 11.284046692607005, 0.2918287937743191, 0.6809338521400778, 1.6536964980544746, 1.8482490272373542, 10.408560311284047, 10.797665369649806, 10.894941634241246, 11.478599221789883, 20.136186770428015, 40.07782101167315, 6.3229571984435795, 41.63424124513619, 6.712062256809339, 20.136186770428015, 4.280155642023346, 22.470817120622566, 9.33852140077821, 80.83657587548637, 32.5875486381323, 51.36186770428016, 16.926070038910506, 45.81712062256809, 31.32295719844358, 69.74708171206225, 52.431906614785994, 43.28793774319066, 95.91439688715953, 98.83268482490273, 74.5136186770428, 99.90272373540856, 29.766536964980546, 85.01945525291829, 75.09727626459144, 90.95330739299611, 99.70817120622569, 98.73540856031128, 96.20622568093385, 99.41634241245136, 98.44357976653697, 100.0, 95.8171206225681, 100.0, 93.77431906614785, 66.24513618677042, 99.61089494163424, 93.96887159533074, 99.31906614785993, 87.45136186770428, 100.0, 98.73540856031128, 96.10894941634241, 98.63813229571984, 99.90272373540856, 100.0, 99.90272373540856, 100.0, 96.69260700389106, 99.80544747081711, 99.90272373540856, 88.715953307393, 99.0272373540856, 97.95719844357977, 100.0, 99.61089494163424, 100.0, 99.80544747081711, 100.0, 99.90272373540856, 100.0, 99.80544747081711, 99.90272373540856, 99.90272373540856, 100.0, 100.0, 100.0]
loss_list=[0.4385786602887934, 0.3087685240151877, 0.36803786632609536, 0.30017757111977517, 0.21609114971393859, 0.18212244593327032, 0.23782709769770172, 0.1495446986856913, 0.18735443083424871, 0.1504332914860361, 0.11951788712517876, 0.14997738357592716, 0.15143924618293234, 0.11737135605716652, 0.10217606364503617, 0.12028968642701525, 0.10293715732651991, 0.09963820295001474, 0.10882604010245009, 0.11770076361054256, 0.1515267729820157, 0.07783877365074503, 0.09016661238013499, 0.06874757554657848, 0.07418582419574773, 0.058405551114878176, 0.06210604500245475, 0.06630014715637271, 0.06062936635446856, 0.05671072272309826, 0.051962915846966246, 0.05533141213054902, 0.05446595234142736, 0.054238622742977326, 0.04647784079679466, 0.04619061724395359, 0.05240911189785669, 0.05575830932705435, 0.051502750837047015, 0.04963996894928836, 0.05655343712657426, 0.05263419378134385, 0.05230476011043526, 0.05406933039767285, 0.048747919499622754, 0.05515589981425295, 0.05189545224360921, 0.045958017407366755, 0.04299856920238146, 0.04034870214506756, 0.04155071112855288, 0.0441157980547147, 0.038226856924064884, 0.03482409895575116, 0.03712661603980985, 0.03605761741799318, 0.03489941780889449, 0.03612220482544442, 0.03442528463273249, 0.03617917798623815, 0.03381268911352628, 0.029836445331597537, 0.03532991684502043, 0.03651986218594506, 0.035879796586001, 0.033589236431700885, 0.03472976195033369, 0.034783243434719266, 0.029064749987368608, 0.03671868307270274, 0.04328397496107702, 0.0362535150692331, 0.03886658033617197, 0.033333496120552475, 0.027467040221883798, 0.030832285158841653, 0.03170583905904445, 0.028318639589639632, 0.02561123520096549, 0.02960621110902661, 0.02701514122752691, 0.02947190673349793, 0.029369415188211085, 0.025779642163992467, 0.027042376855704344, 0.02600858952794927, 0.03276083696230401, 0.023369787689862597, 0.024879708495141192, 0.027961988190014796, 0.027470577459652694, 0.025659277492532124, 0.0237301707588657, 0.02498096176927289, 0.028093410211432256, 0.023894561966191705, 0.022647671902216695, 0.02486835833809761, 0.023496815492266534, 0.02519461297532792]
BBSR:100.0
ABSR:99.93
max acc:98.45
