======================================
    IID: 1
    Dataset: cifar
    Model: resnet
    Model Init: None
    Aggregation Function: mr_duc
    Long attack: 3
    Wide attack: 3
    Threshold reject: 0.5
    Attack method: badnet
    Fraction of malicious agents: 15.0%
    Poison Frac: 0.2
    Backdoor From 7 to 5
    Attack Begin: 0
    Trigger Shape: square
    Trigger Position X: 0
    Trigger Position Y: 0
    Number of agents: 100
    Fraction of agents each turn: 30(30.0%)
    Local batch size: 50
    Local epoch: 3
    Client_LR: 0.01
    Client_Momentum: 0.9
    Global Rounds: 100
======================================
main_task_accuracy=[0, 10.020000457763672, 29.940000534057617, 44.7400016784668, 47.04999923706055, 52.119998931884766, 53.97999954223633, 57.040000915527344, 59.04999923706055, 59.849998474121094, 62.2400016784668, 62.5099983215332, 63.4900016784668, 65.79000091552734, 65.41999816894531, 66.0999984741211, 67.37000274658203, 67.45999908447266, 66.54000091552734, 68.26000213623047, 67.36000061035156, 68.77999877929688, 67.94999694824219, 69.4000015258789, 68.44999694824219, 69.77999877929688, 69.62000274658203, 70.20999908447266, 70.13999938964844, 70.44999694824219, 70.7699966430664, 71.2300033569336, 71.86000061035156, 71.72000122070312, 71.54000091552734, 71.7300033569336, 72.38999938964844, 72.63999938964844, 72.63999938964844, 72.94000244140625, 72.94999694824219, 72.87999725341797, 73.16000366210938, 73.54000091552734, 73.18000030517578, 73.0, 73.26000213623047, 73.04000091552734, 73.22000122070312, 73.12000274658203, 73.13999938964844, 73.56999969482422, 73.52999877929688, 73.56999969482422, 73.38999938964844, 73.41000366210938, 73.54000091552734, 73.5199966430664, 73.56999969482422, 73.58000183105469, 73.16999816894531, 73.33999633789062, 73.19999694824219, 73.27999877929688, 73.18000030517578, 73.38999938964844, 73.2300033569336, 73.1500015258789, 73.27999877929688, 73.29000091552734, 73.02999877929688, 73.20999908447266, 73.20999908447266, 73.19000244140625, 73.12000274658203, 73.12000274658203, 73.01000213623047, 73.0199966430664, 73.08999633789062, 73.19000244140625, 73.19999694824219, 72.83000183105469, 73.18000030517578, 72.88999938964844, 73.02999877929688, 73.0199966430664, 73.1500015258789, 73.08000183105469, 72.88999938964844, 73.05000305175781, 72.95999908447266, 73.0199966430664, 72.95999908447266, 72.83999633789062, 72.9000015258789, 72.94999694824219, 72.94999694824219, 72.95999908447266, 72.98999786376953, 72.94999694824219, 72.83999633789062]
backdoor_accuracy=[0, 0.0, 15.6, 13.5, 10.5, 11.1, 9.7, 10.4, 6.9, 9.2, 11.5, 11.9, 7.2, 6.5, 8.3, 7.8, 4.9, 5.1, 9.5, 5.9, 3.4, 4.4, 6.3, 6.7, 4.4, 4.9, 5.3, 4.7, 5.2, 5.8, 6.1, 5.2, 4.3, 4.1, 5.3, 3.8, 6.5, 5.3, 4.6, 5.2, 5.2, 5.5, 5.2, 5.7, 5.0, 6.3, 5.9, 6.2, 4.6, 7.0, 4.8, 6.3, 5.4, 7.0, 4.5, 4.5, 5.1, 6.1, 6.0, 5.1, 4.8, 6.1, 4.8, 5.3, 5.3, 5.7, 5.6, 5.1, 5.4, 5.7, 6.1, 6.0, 5.2, 5.5, 5.3, 5.3, 5.5, 5.3, 5.2, 5.6, 5.1, 4.9, 5.1, 5.3, 5.2, 5.2, 5.3, 5.3, 5.1, 5.8, 5.4, 5.7, 5.5, 5.6, 5.6, 5.4, 5.4, 5.5, 5.4, 5.3, 4.9]
loss_list=[2.0096941769123076, 1.5661531199349297, 1.1568901510371101, 0.9842160249584254, 0.8066189814855657, 0.7189156671572062, 0.6234665011490385, 0.556824080314901, 0.5318997020481362, 0.4874466578000121, 0.44561773096521695, 0.39273000744481884, 0.417971953873833, 0.3884684754049198, 0.39094613524981675, 0.32408238336081724, 0.2903344562934297, 0.33371866842007475, 0.3337553570047021, 0.28695506194606424, 0.2883573710380329, 0.29114575974850193, 0.20278594512854597, 0.2200441255262639, 0.2367265121931107, 0.22502427474052325, 0.20519945105796472, 0.22145677468933478, 0.1649526967310036, 0.1649273652684254, 0.1455298174922872, 0.12263890214160912, 0.12386537692781227, 0.10685981359927811, 0.10874792334261454, 0.14687773420177916, 0.06654890242478965, 0.08716616461926605, 0.10030381779684427, 0.06431328897597267, 0.05463899184619853, 0.0674081602471415, 0.04916571127160246, 0.06374901594917497, 0.054267429157043814, 0.061379600150782296, 0.04719465940880279, 0.035558698576480516, 0.05706108362294294, 0.02370528084287394, 0.01077139793448926, 0.025318633669198287, 0.01831887334423501, 0.019439460841919453, 0.004850243186487608, 0.004792276873259753, 0.006443665912665892, 0.005272219002072234, 0.0066741198340767175, 0.005274727187125893, 0.0027521280685484984, 0.013805980630341863, 0.0028093153824900385, 0.003072889560959689, 0.001999600150674168, 0.0020212007549869466, 0.004015831164352776, 0.0016432446381400543, 0.0020653199728985785, 0.0033841525601423605, 0.0018418773249140941, 0.0023707295315074993, 0.0013578689033844663, 0.0013645749873345873, 0.00220992643594703, 0.0032718582009935437, 0.0012771893178352108, 0.0011063921852231336, 0.0032493796189212135, 0.0012157568419368344, 0.006814246485430179, 0.0010732162458265927, 0.0024703496972344713, 0.0013906728154850297, 0.0010869392263541358, 0.0010630977293718997, 0.0008687642295020243, 0.00205475684725065, 0.0008400381047492069, 0.0010298560053908863, 0.0008689813648298795, 0.0007357849124430992, 0.0007926579428830237, 0.000822036349369834, 0.0007217507621680852, 0.0006614341165469443, 0.0006911095538008442, 0.0007128169925595607, 0.0006648387447219445, 0.0008098694003678651]
BBSR:5.7
ABSR:5.43
max acc:73.02
