======================================
    IID: 0
    Dataset: mnist
    Model: Mnist_CNN
    Model Init: None
    Aggregation Function: mr_duc
    Long attack: 3
    Wide attack: 3
    Threshold reject: 0.5
    Threshold down: 0.2
    Attack method: badnet
    Fraction of malicious agents: 15.0%
    Poison Frac: 0.2
    Backdoor From 7 to 5
    Attack Begin: 0
    Trigger Shape: square
    Trigger Position X: 0
    Trigger Position Y: 0
    Number of agents: 100
    Fraction of agents each turn: 30(30.0%)
    Local batch size: 50
    Local epoch: 3
    Client_LR: 0.01
    Client_Momentum: 0.9
    Global Rounds: 100
======================================
main_task_accuracy=[0, 11.739999771118164, 17.360000610351562, 38.970001220703125, 20.549999237060547, 44.150001525878906, 38.540000915527344, 53.900001525878906, 52.380001068115234, 62.189998626708984, 60.130001068115234, 76.4800033569336, 67.43000030517578, 78.91999816894531, 59.25, 80.23999786376953, 75.76000213623047, 67.0199966430664, 84.91000366210938, 90.19999694824219, 93.30999755859375, 88.80000305175781, 87.31999969482422, 84.13999938964844, 89.62000274658203, 83.8499984741211, 84.45999908447266, 92.7300033569336, 93.16999816894531, 91.04000091552734, 89.4800033569336, 92.5199966430664, 93.83000183105469, 94.11000061035156, 93.87000274658203, 87.41999816894531, 94.1500015258789, 94.93000030517578, 95.68000030517578, 94.45999908447266, 95.25, 95.76000213623047, 95.81999969482422, 96.37000274658203, 96.51000213623047, 95.97000122070312, 96.18000030517578, 96.0, 96.79000091552734, 96.44999694824219, 96.87000274658203, 95.97000122070312, 96.70999908447266, 94.72000122070312, 95.69999694824219, 89.81999969482422, 94.2300033569336, 96.3499984741211, 95.98999786376953, 95.9000015258789, 96.5, 97.19999694824219, 96.63999938964844, 97.1500015258789, 96.41000366210938, 96.66000366210938, 96.66000366210938, 96.66999816894531, 95.8499984741211, 96.11000061035156, 95.91000366210938, 97.0999984741211, 97.22000122070312, 97.22000122070312, 96.45999908447266, 97.19000244140625, 97.16999816894531, 96.25, 97.55999755859375, 97.6500015258789, 97.9800033569336, 97.86000061035156, 96.87000274658203, 98.12000274658203, 96.0999984741211, 96.30999755859375, 98.0199966430664, 97.9000015258789, 98.08000183105469, 97.48999786376953, 97.9000015258789, 98.05000305175781, 97.18000030517578, 97.91999816894531, 97.91000366210938, 98.12000274658203, 97.87000274658203, 98.33999633789062, 97.86000061035156, 97.9000015258789, 97.98999786376953]
backdoor_accuracy=[0, 0.0, 0.0, 0.19455252918287938, 0.0, 3.21011673151751, 0.0, 4.571984435797665, 0.0, 0.5836575875486382, 0.0, 0.09727626459143969, 0.38910505836575876, 0.19455252918287938, 0.0, 0.19455252918287938, 0.09727626459143969, 0.0, 0.0, 0.19455252918287938, 0.2918287937743191, 0.7782101167315175, 0.6809338521400778, 0.5836575875486382, 1.7509727626459144, 0.09727626459143969, 8.949416342412452, 0.2918287937743191, 8.073929961089494, 0.19455252918287938, 11.964980544747082, 0.19455252918287938, 2.431906614785992, 1.4591439688715953, 0.38910505836575876, 25.389105058365757, 0.9727626459143969, 14.980544747081712, 5.933852140077821, 2.237354085603113, 22.762645914396888, 13.813229571984436, 19.357976653696497, 39.88326848249027, 9.922178988326849, 40.856031128404666, 9.43579766536965, 11.381322957198444, 54.08560311284047, 2.821011673151751, 41.34241245136187, 30.35019455252918, 67.99610894941634, 15.66147859922179, 40.27237354085603, 85.3112840466926, 0.2918287937743191, 7.879377431906615, 13.521400778210117, 33.85214007782101, 13.424124513618677, 53.01556420233463, 50.29182879377432, 90.07782101167315, 57.39299610894942, 90.27237354085604, 56.42023346303502, 99.12451361867704, 67.50972762645914, 76.4591439688716, 86.08949416342412, 89.6887159533074, 92.99610894941634, 47.95719844357976, 92.31517509727627, 81.03112840466926, 69.26070038910505, 35.70038910505836, 98.44357976653697, 91.24513618677042, 98.63813229571984, 93.57976653696498, 99.90272373540856, 99.80544747081711, 99.5136186770428, 96.10894941634241, 100.0, 100.0, 100.0, 100.0, 99.80544747081711, 100.0, 99.61089494163424, 100.0, 95.62256809338521, 100.0, 99.5136186770428, 99.90272373540856, 94.64980544747081, 99.90272373540856, 93.09338521400778]
loss_list=[0.46055333722702674, 0.5325158336350425, 0.42846809885683507, 0.34250344554906853, 0.3971038319572446, 0.31549232630181573, 0.2386576019320294, 0.23418415251799468, 0.195523698910338, 0.20505849137883905, 0.1786623285759329, 0.1992527111203139, 0.1677966637932647, 0.18258395843307612, 0.1518250760784069, 0.13831016247047065, 0.12495309842303595, 0.1685523819396291, 0.1333324920503662, 0.10263720642178974, 0.10223850102296766, 0.09521541300283597, 0.10828974997122863, 0.10124121133396533, 0.08025081905528517, 0.10851308225179955, 0.07780991797851332, 0.08904036447337502, 0.06997336296050195, 0.08454171155948424, 0.0799460750254405, 0.07108775993348519, 0.06934581006324092, 0.0634946665256574, 0.07151239147723538, 0.07744235047704547, 0.07283413391769882, 0.056158033071424, 0.060050994541667915, 0.057722667190500926, 0.061084569921262835, 0.06015790681349857, 0.04942288821072497, 0.0498989897070024, 0.04986251872354055, 0.04697763636684032, 0.04998375708116658, 0.053146914615660026, 0.04399893010390959, 0.05264990542480989, 0.04819996827755231, 0.048482463808942396, 0.0454284670287659, 0.05082651487435973, 0.05029239639554783, 0.05946618206449734, 0.05352517034746816, 0.04572366422273933, 0.04377990128393017, 0.04277401389223125, 0.04837001523787242, 0.041879508233057756, 0.04093087827722383, 0.03882885217319107, 0.04219031688047334, 0.039892380024500615, 0.041365789856669194, 0.04387148322576274, 0.039826459438303256, 0.04686826915270674, 0.0415796791799456, 0.040476787377518836, 0.037458561440451336, 0.0362685127341093, 0.03761350832647871, 0.03635885603700577, 0.037986025790227404, 0.04469019867071444, 0.03518539673233226, 0.03563818047855953, 0.03083937084620176, 0.0349292087458185, 0.03529871970984852, 0.033797376152232904, 0.03509764559534307, 0.03423248978703954, 0.03550436722142161, 0.03493291560170922, 0.03765567910762028, 0.03310711964987919, 0.03547671441365689, 0.028897200702202534, 0.031953862842084964, 0.03346204669536752, 0.036154790248530994, 0.03403239585804633, 0.033573867771825146, 0.02830260835578128, 0.03168112165990532, 0.028848742540807926]
BBSR:100.0
ABSR:98.23
max acc:98.34
