======================================
    IID: 1
    Dataset: cifar
    Model: resnet
    Model Init: None
    Aggregation Function: mr_duc
    Long attack: 5
    Wide attack: 5
    Threshold reject: 0.5
    Threshold down: 0.2
    Attack method: badnet
    Fraction of malicious agents: 16.0%
    Poison Frac: 0.2
    Backdoor From 7 to 5
    Attack Begin: 0
    Trigger Shape: square
    Trigger Position X: 0
    Trigger Position Y: 0
    Number of agents: 100
    Fraction of agents each turn: 30(30.0%)
    Local batch size: 50
    Local epoch: 3
    Client_LR: 0.01
    Client_Momentum: 0.9
    Global Rounds: 100
======================================
main_task_accuracy=[0, 10.140000343322754, 25.020000457763672, 41.900001525878906, 43.84000015258789, 50.36000061035156, 52.380001068115234, 55.88999938964844, 58.09000015258789, 60.040000915527344, 62.13999938964844, 62.25, 62.849998474121094, 64.06999969482422, 63.9900016784668, 64.4800033569336, 65.4000015258789, 66.37999725341797, 65.7300033569336, 66.72000122070312, 67.54000091552734, 67.52999877929688, 68.12000274658203, 67.69000244140625, 67.77999877929688, 68.55000305175781, 69.98999786376953, 69.08999633789062, 69.51000213623047, 70.83999633789062, 70.25, 71.19999694824219, 71.19999694824219, 71.0199966430664, 72.04000091552734, 71.66999816894531, 72.63999938964844, 73.02999877929688, 72.5, 72.73999786376953, 72.5199966430664, 72.7300033569336, 72.88999938964844, 72.80999755859375, 73.01000213623047, 72.93000030517578, 72.83999633789062, 73.2300033569336, 73.0, 73.43000030517578, 73.0999984741211, 72.72000122070312, 72.88999938964844, 73.08999633789062, 73.08999633789062, 73.06999969482422, 72.87000274658203, 72.83999633789062, 73.12999725341797, 73.08999633789062, 73.01000213623047, 73.04000091552734, 72.98999786376953, 72.94999694824219, 72.97000122070312, 72.94000244140625, 72.7699966430664, 72.81999969482422, 72.73999786376953, 72.63999938964844, 72.6500015258789, 72.62000274658203, 72.8499984741211, 72.66000366210938, 72.77999877929688, 72.7300033569336, 72.80999755859375, 72.75, 72.76000213623047, 72.80999755859375, 72.75, 72.62999725341797, 72.69999694824219, 72.69000244140625, 72.6500015258789, 72.58999633789062, 72.55999755859375, 72.62999725341797, 72.45999908447266, 72.45999908447266, 72.47000122070312, 72.4800033569336, 72.43000030517578, 72.48999786376953, 72.43000030517578, 72.5999984741211, 72.51000213623047, 72.44000244140625, 72.41999816894531, 72.43000030517578, 72.48999786376953]
backdoor_accuracy=[0, 0.0, 3.5, 24.1, 14.8, 13.6, 17.6, 10.4, 11.8, 14.2, 13.5, 16.6, 17.8, 13.1, 13.4, 21.3, 10.8, 14.1, 17.9, 18.3, 20.2, 17.6, 20.4, 20.9, 13.0, 19.1, 19.6, 22.7, 23.7, 20.0, 33.3, 24.4, 23.2, 31.2, 23.6, 26.6, 26.4, 28.6, 24.3, 32.9, 36.0, 39.0, 34.1, 34.5, 36.9, 38.0, 37.3, 39.8, 38.0, 40.9, 42.3, 37.2, 43.4, 33.8, 43.9, 39.2, 41.2, 43.0, 44.1, 43.4, 41.0, 43.9, 42.9, 41.6, 44.9, 46.4, 45.6, 45.5, 46.8, 45.7, 46.5, 47.4, 46.9, 47.4, 47.4, 43.0, 45.0, 46.0, 45.4, 44.6, 45.0, 45.6, 46.3, 46.5, 45.9, 46.3, 46.6, 45.5, 46.3, 46.7, 44.9, 45.1, 46.0, 46.8, 46.5, 46.3, 46.2, 45.3, 46.8, 46.6, 46.3]
loss_list=[1.977948480712043, 1.5519442003303108, 1.1399309726225004, 0.9551725883616341, 0.7651883310245142, 0.688230835981667, 0.6016213122962248, 0.5753467591355245, 0.5255471333074901, 0.45836566623921193, 0.47952254720342646, 0.40752967901734843, 0.35466183703703186, 0.3790405553951859, 0.37707827104048597, 0.34646283950346213, 0.30574976947158566, 0.31029669799583226, 0.30706131544791987, 0.2692796478968942, 0.25597779886615973, 0.2373701059566035, 0.22233200560970648, 0.22730734305456277, 0.242545260833447, 0.13626578876541723, 0.21442640524564513, 0.16079074150740374, 0.13957449717550643, 0.12959574151874728, 0.12557597642686838, 0.17658246871342673, 0.15226257153877265, 0.08021117971097635, 0.09277938636776525, 0.07498480625851597, 0.06905795713052307, 0.1007072135974239, 0.04973339909855793, 0.048102338737226094, 0.06324100284080487, 0.024281159940615506, 0.07226599933036293, 0.04307650211467665, 0.07319295388080514, 0.02249090001077598, 0.05013245663266085, 0.04607885788120459, 0.012769550046747706, 0.011869666070997485, 0.02729617737427664, 0.014788072857578903, 0.05854474437212857, 0.011351211818659472, 0.008514323051171635, 0.057085008051136456, 0.008019302125030662, 0.019686650620876916, 0.009925643397469283, 0.010629606759596049, 0.006848863095300557, 0.003902184279431822, 0.006787909715058049, 0.003024020094194889, 0.003731311491186108, 0.004836841889450121, 0.003027283005519875, 0.0028441037143541806, 0.0019488385045001956, 0.003867619421831074, 0.0023500643651964822, 0.0015746487986891427, 0.001466013883109554, 0.0029318426023787142, 0.004413074954645709, 0.0034655834180011883, 0.0021713530656092598, 0.0022299958154002935, 0.006244679900571806, 0.0029788284578050168, 0.0017372343790985826, 0.0010651378623960127, 0.0010782165659070921, 0.0030979545716319176, 0.0022251815650734994, 0.0010833490797004844, 0.002545610476202759, 0.0008798860515526029, 0.001514675740464655, 0.0009187920885031214, 0.0008482693900360674, 0.0008132242063018364, 0.0007974513132083099, 0.0008085833957577254, 0.001762003227890495, 0.0007249156714048392, 0.0008060149515141448, 0.0007531926733241157, 0.0006574214710174904, 0.0007333851289553825]
BBSR:46.8
ABSR:46.19
max acc:72.6
