======================================
    IID: 1
    Dataset: cifar
    Model: resnet
    Model Init: None
    Aggregation Function: mr_duc
    Long attack: 4
    Wide attack: 4
    Threshold reject: 0.6
    Threshold down: 0.1
    Attack method: dba
    Fraction of malicious agents: 15.0%
    Poison Frac: 0.2
    Backdoor From 7 to 5
    Attack Begin: 0
    Trigger Shape: square
    Trigger Position X: 0
    Trigger Position Y: 0
    Number of agents: 100
    Fraction of agents each turn: 30(30.0%)
    Local batch size: 50
    Local epoch: 3
    Client_LR: 0.01
    Client_Momentum: 0.9
    Global Rounds: 100
======================================
main_task_accuracy=[0, 11.609999656677246, 29.149999618530273, 43.41999816894531, 45.619998931884766, 50.9900016784668, 56.11000061035156, 56.38999938964844, 59.29999923706055, 60.220001220703125, 59.70000076293945, 63.599998474121094, 63.97999954223633, 64.01000213623047, 65.08999633789062, 65.2699966430664, 65.5999984741211, 66.62000274658203, 68.30000305175781, 67.04000091552734, 66.5199966430664, 66.45999908447266, 67.52999877929688, 68.01000213623047, 68.62999725341797, 69.37999725341797, 68.56999969482422, 70.37000274658203, 69.9800033569336, 70.52999877929688, 70.41999816894531, 71.3499984741211, 71.25, 71.25, 71.29000091552734, 70.94000244140625, 72.41000366210938, 72.30999755859375, 73.11000061035156, 72.30999755859375, 72.4800033569336, 72.7699966430664, 72.58000183105469, 73.12999725341797, 72.76000213623047, 73.30999755859375, 72.94000244140625, 72.81999969482422, 72.91999816894531, 73.11000061035156, 73.08000183105469, 73.05000305175781, 72.9800033569336, 72.77999877929688, 72.9800033569336, 73.05999755859375, 73.0199966430664, 73.05999755859375, 72.77999877929688, 72.80999755859375, 72.8499984741211, 72.81999969482422, 72.80999755859375, 72.69000244140625, 72.62000274658203, 72.55000305175781, 72.69999694824219, 72.6500015258789, 72.51000213623047, 72.58999633789062, 72.58999633789062, 72.63999938964844, 72.52999877929688, 72.48999786376953, 72.36000061035156, 72.41000366210938, 72.43000030517578, 72.45999908447266, 72.56999969482422, 72.51000213623047, 72.5199966430664, 72.61000061035156, 72.55000305175781, 72.58000183105469, 72.30000305175781, 72.33999633789062, 72.36000061035156, 72.4800033569336, 72.45999908447266, 72.33000183105469, 72.30999755859375, 72.31999969482422, 72.31999969482422, 72.3499984741211, 72.30000305175781, 72.41000366210938, 72.31999969482422, 72.18000030517578, 72.27999877929688, 72.2300033569336, 72.27999877929688]
backdoor_accuracy=[0, 0.0, 8.5, 6.7, 9.4, 9.5, 7.2, 4.9, 10.7, 6.2, 3.5, 6.7, 6.4, 3.6, 2.6, 6.4, 3.0, 4.8, 6.5, 3.3, 3.8, 5.0, 3.3, 3.6, 2.9, 5.7, 2.3, 6.4, 5.2, 3.0, 3.7, 4.5, 5.6, 4.5, 5.3, 3.9, 4.3, 3.6, 5.9, 4.1, 5.8, 4.6, 7.1, 5.4, 7.1, 5.7, 6.8, 7.0, 4.6, 6.1, 5.7, 5.9, 6.6, 5.9, 6.4, 5.6, 6.9, 6.9, 6.8, 5.6, 6.4, 7.7, 6.2, 6.4, 5.3, 6.1, 6.1, 6.6, 5.9, 6.0, 6.1, 6.2, 6.5, 5.0, 5.5, 6.7, 5.9, 6.1, 5.4, 5.9, 6.5, 5.9, 6.7, 6.4, 6.5, 5.4, 6.5, 6.9, 6.0, 6.7, 7.0, 6.8, 6.3, 6.8, 6.7, 6.7, 6.5, 6.8, 6.8, 6.6, 6.1]
loss_list=[1.9642247529824575, 1.4707950986093943, 1.074601122803158, 0.939287099291881, 0.757459109119243, 0.6682049516505667, 0.6136616635198393, 0.5617420353119572, 0.48786987382090763, 0.4658042299975123, 0.43678150943376953, 0.39070844307748814, 0.42307905950066105, 0.3802842720277194, 0.3299719553264893, 0.3193129289947036, 0.3311038556472502, 0.3140512314945873, 0.29106731940785213, 0.2720226279713421, 0.2235660317648823, 0.281180257853638, 0.21674489203995714, 0.22592379439208246, 0.2045328456639416, 0.20756153587562343, 0.21458775282397655, 0.1584824465437689, 0.161775609986572, 0.13996736779110505, 0.15479087846495931, 0.133585931186616, 0.144647829568712, 0.10736993727461797, 0.11631456213725161, 0.08632271586147705, 0.056550955243098236, 0.06699987154673888, 0.07672782024821372, 0.09153658346926226, 0.04867611921767497, 0.06816973875250874, 0.031127852252167132, 0.038155768423231255, 0.046229527952317676, 0.040089597763694154, 0.020166555605440707, 0.02267982367830377, 0.010655729578866157, 0.025018800634651495, 0.015554317804926538, 0.011360066462689751, 0.03651278273229966, 0.011223514082925653, 0.011079027297625244, 0.006227855649356368, 0.004223983747554788, 0.0054564062629328365, 0.004794268975787824, 0.004985506394425304, 0.0064548034693547775, 0.0041676807767362335, 0.005311091560272164, 0.005846396142215884, 0.002463396163641139, 0.0033634347160922413, 0.0017517099014205289, 0.0028803124622370684, 0.002370953823540024, 0.0018196772973978008, 0.0012660807876414362, 0.00142267762106106, 0.00266174050881495, 0.006128855406277582, 0.0013810086603593336, 0.0022756033171592413, 0.0016198100396933213, 0.0028385281082106894, 0.002277453381805875, 0.001233468399918315, 0.003468746539915124, 0.001148046992368311, 0.0015945177641616382, 0.0010270327863286686, 0.002631646343878755, 0.0008590304726304664, 0.001291669751468968, 0.0008009494014469159, 0.0009687970072748917, 0.0007791828107211688, 0.0007034862589110465, 0.0010268898316604061, 0.0008330351451473285, 0.0007751650271529798, 0.0008755195311096031, 0.0014542550151195937, 0.0007478441233332786, 0.0009089608635096941, 0.0006352966287441734, 0.0006482384678788043]
BBSR:6.8
ABSR:6.61
max acc:72.41
