======================================
    IID: 1
    Dataset: cifar
    Model: resnet
    Model Init: None
    Aggregation Function: fltrust
    Long attack: 5
    Wide attack: 5
    Attack method: badnet
    Fraction of malicious agents: 15.0%
    Poison Frac: 0.2
    Backdoor From 7 to 5
    Attack Begin: 0
    Trigger Shape: square
    Trigger Position X: 0
    Trigger Position Y: 0
    Number of agents: 100
    Fraction of agents each turn: 30(30.0%)
    Local batch size: 50
    Local epoch: 3
    Client_LR: 0.01
    Client_Momentum: 0.9
    Global Rounds: 100
    Dataset In Server: 200
======================================
main_task_accuracy=[0, 10.390000343322754, 11.6899995803833, 19.780000686645508, 26.639999389648438, 32.849998474121094, 37.540000915527344, 41.099998474121094, 44.599998474121094, 46.36000061035156, 50.720001220703125, 52.33000183105469, 50.900001525878906, 52.59000015258789, 53.150001525878906, 53.16999816894531, 53.68000030517578, 54.540000915527344, 54.9900016784668, 58.43000030517578, 59.4900016784668, 58.68000030517578, 59.400001525878906, 61.75, 62.84000015258789, 62.66999816894531, 61.33000183105469, 62.70000076293945, 63.52000045776367, 62.84000015258789, 62.47999954223633, 64.52999877929688, 64.7699966430664, 65.66999816894531, 64.80000305175781, 65.27999877929688, 64.7699966430664, 65.54000091552734, 66.19999694824219, 65.98999786376953, 65.43000030517578, 66.18000030517578, 65.36000061035156, 65.62000274658203, 65.08000183105469, 67.27999877929688, 66.7300033569336, 65.61000061035156, 67.3499984741211, 65.56999969482422, 67.13999938964844, 67.91999816894531, 66.9000015258789, 67.26000213623047, 67.7699966430664, 67.33999633789062, 66.16000366210938, 69.38999938964844, 68.86000061035156, 66.81999969482422, 69.12000274658203, 69.04000091552734, 68.0999984741211, 69.06999969482422, 70.2300033569336, 69.83000183105469, 68.58999633789062, 69.55000305175781, 69.51000213623047, 68.58999633789062, 70.47000122070312, 69.70999908447266, 71.30000305175781, 70.16999816894531, 69.72000122070312, 71.5199966430664, 70.3499984741211, 71.08000183105469, 70.97000122070312, 69.62999725341797, 72.0, 71.13999938964844, 70.63999938964844, 68.73999786376953, 70.26000213623047, 70.1500015258789, 72.23999786376953, 71.83000183105469, 68.91000366210938, 69.44999694824219, 71.75, 71.26000213623047, 71.7699966430664, 72.12000274658203, 72.33000183105469, 69.95999908447266, 70.47000122070312, 69.77999877929688, 70.52999877929688, 70.36000061035156, 70.7699966430664]
backdoor_accuracy=[0, 0.0, 0.0, 0.1, 2.0, 4.9, 5.3, 4.6, 9.3, 8.6, 9.0, 9.1, 9.2, 9.3, 9.5, 10.0, 9.4, 23.6, 24.1, 19.6, 23.5, 17.9, 29.2, 23.4, 22.1, 22.3, 20.0, 25.8, 22.2, 25.3, 23.1, 19.4, 18.9, 26.7, 25.6, 24.7, 23.5, 29.4, 22.2, 20.4, 30.8, 24.0, 19.9, 22.0, 20.2, 27.6, 20.1, 20.3, 22.5, 19.4, 12.7, 26.4, 24.8, 19.1, 28.3, 21.8, 19.6, 31.0, 23.8, 17.8, 34.0, 26.7, 22.4, 19.5, 27.6, 17.4, 19.9, 30.2, 22.8, 21.9, 26.1, 18.7, 24.5, 18.2, 16.9, 26.0, 23.0, 24.7, 19.0, 16.7, 30.4, 21.6, 17.8, 17.6, 27.1, 20.8, 41.1, 28.7, 9.8, 12.3, 32.5, 24.1, 32.8, 20.8, 26.8, 24.7, 30.2, 20.3, 26.8, 24.5, 24.6]
loss_list=[1.9603204390737745, 1.5973425179719924, 1.2001998437444368, 1.0415404095914629, 0.932064150025447, 0.8811980782449246, 0.8189877989143131, 0.7902114513516426, 0.7536365715910992, 0.7116309138139089, 0.6954310630411944, 1.0213714915679561, 0.7312682430601367, 1.0160993755081047, 0.7633099956230985, 0.7147970952962834, 0.6768035729301886, 0.8348721092463367, 0.6187184028146375, 0.7607533816585782, 0.6465513735554287, 0.5628309648152855, 0.7282831998045246, 0.5701863591729973, 0.5967498830002216, 0.5371917562062541, 0.5509407702940774, 0.5572652897944985, 0.5237404133048323, 0.49105480941439344, 0.5644895449694661, 0.46748723281211113, 0.44956662684860116, 0.46255689392487215, 0.4371370156449525, 0.42681445736412177, 0.39778833879390724, 0.49642768063685944, 0.4116520744419863, 0.38928242815865416, 0.45338327016189894, 0.4296656229729868, 0.38804253505827446, 0.39035088128940615, 0.3614318940831194, 0.4333713780367462, 0.382647397654752, 0.3664750010746583, 0.3505692521522805, 0.3548177655698318, 0.3542273871259143, 0.3017447089327551, 0.32509890535510044, 0.32690263272974535, 0.3914036236100624, 0.3160378721775487, 0.3240765830548479, 0.3477901627622001, 0.3182019642148063, 0.31243183501646854, 0.35536465340358625, 0.29723153745807296, 0.27519227918250383, 0.2721515649420002, 0.26867244743444546, 0.25476119136981046, 0.20774323389335123, 0.29654157590121044, 0.21088059353344663, 0.24102487992236601, 0.2823827163602174, 0.21748407992599017, 0.22573623293758519, 0.2256724600605149, 0.18034385130113353, 0.18897632544258763, 0.1779054270456416, 0.19638305533218145, 0.2037301391451102, 0.16935948619373248, 0.13178027303475473, 0.12946507910693378, 0.16954990123049354, 0.1689891152631026, 0.19527592176286912, 0.13542463358426984, 0.18308782677580085, 0.12237914338788772, 0.1728245302035551, 0.13702115002980764, 0.14902413045851665, 0.14691708531554062, 0.15219186795364498, 0.13759616132977598, 0.10017622086077206, 0.10061390211281827, 0.1827590578224691, 0.13591907357603, 0.15118021376540935, 0.13183645916688774]
BBSR:32.8
ABSR:25.56
max acc:72.33
