======================================
    IID: 0
    Dataset: mnist
    Model: Mnist_CNN
    Model Init: None
    Aggregation Function: mr_duc
    Long attack: 5
    Wide attack: 5
    Threshold reject: 0.5
    Threshold down: 0.1
    Attack method: badnet
    Fraction of malicious agents: 16.0%
    Poison Frac: 0.2
    Backdoor From 7 to 5
    Attack Begin: 0
    Trigger Shape: square
    Trigger Position X: 0
    Trigger Position Y: 0
    Number of agents: 100
    Fraction of agents each turn: 30(30.0%)
    Local batch size: 50
    Local epoch: 3
    Client_LR: 0.01
    Client_Momentum: 0.9
    Global Rounds: 100
======================================
main_task_accuracy=[0, 26.6299991607666, 23.649999618530273, 38.75, 36.08000183105469, 42.83000183105469, 29.549999237060547, 37.779998779296875, 19.600000381469727, 69.29000091552734, 41.45000076293945, 63.119998931884766, 67.16000366210938, 54.290000915527344, 29.959999084472656, 58.09000015258789, 60.959999084472656, 68.63999938964844, 61.810001373291016, 76.81999969482422, 80.88999938964844, 71.75, 64.9800033569336, 80.41999816894531, 60.79999923706055, 86.41999816894531, 85.94999694824219, 74.33999633789062, 75.63999938964844, 78.98999786376953, 82.79000091552734, 80.33000183105469, 88.37000274658203, 88.91000366210938, 88.73999786376953, 89.8499984741211, 85.5999984741211, 92.2300033569336, 94.25, 91.69000244140625, 93.69999694824219, 92.63999938964844, 92.01000213623047, 90.0, 91.02999877929688, 84.37000274658203, 94.70999908447266, 90.8499984741211, 93.0199966430664, 92.04000091552734, 93.7300033569336, 95.51000213623047, 93.01000213623047, 86.5999984741211, 91.06999969482422, 90.37000274658203, 95.0199966430664, 95.94999694824219, 96.11000061035156, 96.51000213623047, 94.91000366210938, 96.54000091552734, 95.20999908447266, 95.80999755859375, 97.48999786376953, 96.68000030517578, 97.05000305175781, 94.94000244140625, 95.69000244140625, 94.30000305175781, 93.66000366210938, 96.48999786376953, 97.37999725341797, 95.41999816894531, 94.7699966430664, 96.04000091552734, 96.31999969482422, 95.81999969482422, 97.19999694824219, 97.66000366210938, 97.0199966430664, 97.4800033569336, 97.86000061035156, 97.43000030517578, 96.80999755859375, 97.1500015258789, 97.33000183105469, 97.58999633789062, 96.86000061035156, 97.7699966430664, 97.47000122070312, 97.45999908447266, 97.73999786376953, 98.13999938964844, 97.87999725341797, 97.3499984741211, 97.80999755859375, 97.62999725341797, 98.0, 97.48999786376953, 97.91999816894531]
backdoor_accuracy=[0, 0.0, 0.0, 0.0, 32.976653696498055, 0.0, 40.56420233463035, 0.0, 0.0, 13.813229571984436, 0.0, 4.085603112840467, 0.09727626459143969, 0.0, 0.2918287937743191, 8.560311284046692, 0.19455252918287938, 1.3618677042801557, 4.669260700389105, 0.7782101167315175, 0.2918287937743191, 0.19455252918287938, 0.09727626459143969, 9.727626459143968, 5.252918287937743, 0.7782101167315175, 0.38910505836575876, 44.3579766536965, 0.0, 3.21011673151751, 39.98054474708171, 19.941634241245136, 8.852140077821012, 13.813229571984436, 5.933852140077821, 12.937743190661479, 33.0739299610895, 4.863813229571984, 11.186770428015564, 44.94163424124513, 13.229571984435797, 21.30350194552529, 9.922178988326849, 23.832684824902724, 47.66536964980545, 4.863813229571984, 48.44357976653696, 46.10894941634241, 22.56809338521401, 61.7704280155642, 20.038910505836576, 93.09338521400778, 76.84824902723736, 100.0, 36.08949416342413, 99.61089494163424, 87.84046692607004, 91.92607003891051, 94.06614785992218, 89.2023346303502, 84.53307392996109, 100.0, 99.70817120622569, 100.0, 99.80544747081711, 100.0, 100.0, 99.90272373540856, 100.0, 100.0, 100.0, 100.0, 100.0, 100.0, 98.44357976653697, 100.0, 99.31906614785993, 100.0, 100.0, 99.90272373540856, 99.90272373540856, 99.90272373540856, 100.0, 100.0, 100.0, 100.0, 100.0, 99.90272373540856, 100.0, 100.0, 99.90272373540856, 100.0, 100.0, 100.0, 100.0, 100.0, 100.0, 100.0, 99.90272373540856, 100.0, 100.0]
loss_list=[0.48763397660024727, 0.4379119969305608, 0.541165255384166, 0.3912042847372384, 0.2962038197880247, 0.2914679742671645, 0.3006695580603894, 0.3641368612052697, 0.5742257363514995, 0.2602381234765906, 0.21480386992736591, 0.19213706868470898, 0.21211447959487603, 0.3516687794673492, 0.4409752339569052, 0.20942590942285705, 0.20622410363544766, 0.19500242190176434, 0.21368450595369445, 0.16463603064291943, 0.13892206793187445, 0.2749695343152538, 0.2021691453090836, 0.1799515359292066, 0.2041729205936126, 0.1346038239506272, 0.13893868998803438, 0.1430975741851584, 0.1514001116227506, 0.12870366855457607, 0.10126126117843166, 0.15757181100659393, 0.09482053283401828, 0.1094758486729983, 0.10510147361968666, 0.08902405202991043, 0.09671409977025151, 0.0890645828086364, 0.09429274499141567, 0.08386156311622518, 0.09254046295202008, 0.07930475818227513, 0.09027932716523825, 0.08424903604416495, 0.08499709297865919, 0.10216190860262374, 0.08509818955746715, 0.0884072950308756, 0.08410119593472763, 0.07946282233832143, 0.06627447272524171, 0.07881304678885542, 0.07378147149362248, 0.09920071731820897, 0.08877896832018456, 0.09223385004690701, 0.07206838798792185, 0.06386127454654962, 0.05633969662814361, 0.06072297562841767, 0.069283197588612, 0.06513409140626088, 0.05881268012981953, 0.06034213297345321, 0.05229023194545637, 0.05396275667256692, 0.05700508386375166, 0.06090919979462332, 0.06409867562959677, 0.0523782433787038, 0.0616560731071926, 0.0561757690555038, 0.04383527396857066, 0.056826021351793723, 0.06117221681125679, 0.05809866364812554, 0.058527642350536216, 0.052533766693660194, 0.04326752878612717, 0.048661702972966236, 0.040136887238542716, 0.04007935953110507, 0.04429911794760964, 0.04391805819661758, 0.04716726896821213, 0.04253060330737854, 0.04580147374085417, 0.047089740624762635, 0.050294437755346054, 0.044458644453224117, 0.03736746460877567, 0.03999025848550775, 0.04052865519950936, 0.03671851087432866, 0.03669070365184655, 0.043158674622859355, 0.0423996495972595, 0.040933540208924, 0.037745351901833625, 0.03681397829479988]
BBSR:100.0
ABSR:99.99
max acc:98.14
