======================================
    IID: 1
    Dataset: cifar
    Model: resnet
    Model Init: None
    Aggregation Function: mr_duc
    Long attack: 3
    Wide attack: 3
    Threshold reject: 0.6
    Threshold down: 0.1
    Attack method: badnet
    Fraction of malicious agents: 16.0%
    Poison Frac: 0.2
    Backdoor From 7 to 5
    Attack Begin: 0
    Trigger Shape: square
    Trigger Position X: 0
    Trigger Position Y: 0
    Number of agents: 100
    Fraction of agents each turn: 30(30.0%)
    Local batch size: 50
    Local epoch: 3
    Client_LR: 0.01
    Client_Momentum: 0.9
    Global Rounds: 100
======================================
main_task_accuracy=[0, 11.399999618530273, 27.43000030517578, 44.150001525878906, 44.150001525878906, 50.36000061035156, 53.22999954223633, 56.029998779296875, 57.68000030517578, 60.849998474121094, 62.20000076293945, 62.7599983215332, 64.81999969482422, 65.38999938964844, 65.66999816894531, 66.20999908447266, 67.51000213623047, 66.9000015258789, 67.80999755859375, 68.11000061035156, 68.80999755859375, 66.2699966430664, 68.9800033569336, 68.30000305175781, 70.51000213623047, 70.7300033569336, 70.31999969482422, 69.58000183105469, 71.06999969482422, 70.26000213623047, 71.08000183105469, 71.4000015258789, 72.1500015258789, 72.0199966430664, 71.91999816894531, 72.37999725341797, 72.94999694824219, 72.76000213623047, 71.37999725341797, 72.54000091552734, 72.83000183105469, 72.91999816894531, 72.88999938964844, 73.1500015258789, 73.22000122070312, 73.12000274658203, 73.33000183105469, 73.0, 73.25, 73.36000061035156, 73.25, 73.16000366210938, 73.2300033569336, 73.06999969482422, 73.30999755859375, 73.5199966430664, 73.36000061035156, 73.08000183105469, 72.93000030517578, 73.3499984741211, 72.95999908447266, 73.11000061035156, 73.0, 72.91999816894531, 73.16000366210938, 72.95999908447266, 72.93000030517578, 73.05999755859375, 72.97000122070312, 72.79000091552734, 72.70999908447266, 72.72000122070312, 72.83999633789062, 72.73999786376953, 72.7300033569336, 72.73999786376953, 72.69000244140625, 72.76000213623047, 72.77999877929688, 72.81999969482422, 72.6500015258789, 72.7300033569336, 72.79000091552734, 72.70999908447266, 72.63999938964844, 72.51000213623047, 72.5999984741211, 72.63999938964844, 72.55000305175781, 72.52999877929688, 72.58000183105469, 72.36000061035156, 72.66000366210938, 72.58999633789062, 72.54000091552734, 72.58000183105469, 72.66000366210938, 72.52999877929688, 72.58000183105469, 72.6500015258789, 72.55000305175781]
backdoor_accuracy=[0, 0.0, 9.1, 18.1, 9.2, 9.9, 6.1, 6.7, 8.7, 8.2, 8.6, 7.7, 8.1, 6.3, 5.8, 7.3, 4.9, 5.5, 6.0, 5.0, 4.2, 4.3, 6.3, 7.1, 4.1, 5.5, 6.4, 4.9, 4.6, 5.2, 4.8, 6.6, 5.2, 5.2, 4.1, 6.5, 7.8, 6.1, 5.7, 5.5, 6.1, 5.8, 5.2, 5.5, 4.8, 4.7, 6.5, 6.1, 3.6, 5.1, 5.5, 7.2, 6.0, 5.2, 5.3, 6.8, 5.4, 6.1, 5.0, 5.4, 5.0, 4.9, 5.7, 5.8, 6.0, 5.5, 5.8, 6.6, 5.2, 5.8, 5.0, 6.2, 6.0, 5.7, 5.8, 6.6, 5.3, 6.4, 5.5, 5.8, 5.3, 5.8, 5.9, 6.4, 6.0, 6.2, 6.0, 6.0, 6.0, 6.2, 5.9, 6.3, 5.8, 6.0, 5.7, 6.2, 5.6, 5.9, 6.0, 6.1, 6.2]
loss_list=[1.952552221218745, 1.507810135218832, 1.1235056076778307, 0.9445175947414505, 0.7863688107745515, 0.6991150662427147, 0.5953379919504126, 0.5643507919129398, 0.49894121515047224, 0.4887411287251032, 0.45530062475345207, 0.42587964938125666, 0.380311530302796, 0.36992346120170416, 0.3721625823475833, 0.3042915882604818, 0.35719156678352093, 0.30250927352061907, 0.27388741557719193, 0.25020822319486696, 0.31968975873508804, 0.23207746533056098, 0.24227264356695946, 0.22149790163695193, 0.19967977436091233, 0.22392309077122874, 0.1898891347827804, 0.16094449331854577, 0.20641797055619665, 0.12496926506722555, 0.12237872895926961, 0.09598154090784697, 0.14682507174108947, 0.1295098451438308, 0.11367056143366629, 0.11960416431183046, 0.08843849549354572, 0.1224277604140419, 0.061076856820080946, 0.0898036029893491, 0.04897775770139157, 0.04955471653536531, 0.06092845667282947, 0.04359497313465302, 0.06729394577657026, 0.0491350649949163, 0.017641527928806484, 0.04631311750746035, 0.026869965737601482, 0.013347483559822043, 0.030526077011826514, 0.014653011117770799, 0.012081490146940469, 0.022565236686835608, 0.009497051933996973, 0.01910419889735446, 0.004170961188582522, 0.01171798024113135, 0.014210004423673834, 0.008665734018755354, 0.014114608560889289, 0.004761611719166265, 0.0024939658491025004, 0.018726652553790094, 0.0038507933945705493, 0.004562848667507447, 0.002841533371279689, 0.005597769811663763, 0.0037460012746547973, 0.0021865459443749084, 0.002240237883799839, 0.001578240163055145, 0.0013576548719397075, 0.002088319909170321, 0.006968633022770517, 0.0016276411690584304, 0.0037233713338436134, 0.002616970797438019, 0.0012290338437257258, 0.0038570808095715215, 0.001138438230635883, 0.001027720753934571, 0.001292187032611562, 0.001234814896023535, 0.0019422329740013484, 0.0009250894206424064, 0.0009815197513590751, 0.001410073474641346, 0.0009452745518259084, 0.0009428844573186428, 0.0012633816247236813, 0.001060875653735517, 0.0008236288338876976, 0.0017573680868048943, 0.0008030509870311811, 0.0006972586557013629, 0.0007672199333723661, 0.0027630721281699756, 0.0010773972465136059, 0.0006609365880366466]
BBSR:6.3
ABSR:5.98
max acc:72.66
