======================================
    IID: 1
    Dataset: cifar
    Model: resnet
    Model Init: None
    Aggregation Function: mr_duc
    Long attack: 5
    Wide attack: 5
    Threshold reject: 0.5
    Threshold down: 0.1
    Attack method: dba
    Fraction of malicious agents: 16.0%
    Poison Frac: 0.2
    Backdoor From 7 to 5
    Attack Begin: 0
    Trigger Shape: square
    Trigger Position X: 0
    Trigger Position Y: 0
    Number of agents: 100
    Fraction of agents each turn: 30(30.0%)
    Local batch size: 50
    Local epoch: 3
    Client_LR: 0.01
    Client_Momentum: 0.9
    Global Rounds: 100
======================================
main_task_accuracy=[0, 10.0, 27.6200008392334, 39.439998626708984, 45.310001373291016, 50.0, 50.08000183105469, 56.2400016784668, 55.08000183105469, 57.9900016784668, 61.08000183105469, 61.22999954223633, 64.0199966430664, 62.34000015258789, 65.2300033569336, 65.3499984741211, 65.98999786376953, 65.20999908447266, 65.08000183105469, 65.93000030517578, 66.94999694824219, 69.31999969482422, 66.95999908447266, 68.83000183105469, 67.69999694824219, 68.88999938964844, 70.18000030517578, 69.93000030517578, 69.83000183105469, 69.7699966430664, 69.94999694824219, 70.62999725341797, 70.58000183105469, 70.30000305175781, 71.4000015258789, 71.83999633789062, 71.44999694824219, 71.98999786376953, 71.80000305175781, 72.38999938964844, 72.20999908447266, 72.04000091552734, 72.5, 72.30999755859375, 72.25, 71.87999725341797, 72.75, 72.69000244140625, 72.47000122070312, 72.51000213623047, 72.2300033569336, 72.38999938964844, 72.19000244140625, 72.41999816894531, 72.51000213623047, 72.44000244140625, 72.30999755859375, 72.19999694824219, 72.44000244140625, 72.41999816894531, 72.47000122070312, 72.2699966430664, 72.26000213623047, 72.4800033569336, 72.37000274658203, 72.23999786376953, 72.16999816894531, 72.19999694824219, 72.26000213623047, 72.2699966430664, 72.16000366210938, 72.30999755859375, 72.16999816894531, 72.2300033569336, 72.30999755859375, 72.16999816894531, 72.08000183105469, 72.19000244140625, 72.06999969482422, 72.20999908447266, 71.9800033569336, 72.05000305175781, 72.04000091552734, 72.16999816894531, 72.0199966430664, 71.94999694824219, 71.9800033569336, 72.01000213623047, 71.91000366210938, 71.86000061035156, 71.98999786376953, 71.93000030517578, 72.02999877929688, 71.91999816894531, 72.01000213623047, 71.98999786376953, 71.97000122070312, 72.05000305175781, 71.9800033569336, 71.91999816894531, 71.9000015258789]
backdoor_accuracy=[0, 0.0, 4.4, 13.4, 17.0, 13.0, 15.8, 9.2, 11.9, 8.5, 7.0, 11.3, 10.3, 9.5, 8.2, 9.9, 10.2, 8.2, 13.7, 10.6, 10.1, 10.0, 7.1, 13.2, 8.6, 10.0, 7.5, 8.9, 8.5, 16.7, 9.0, 13.9, 9.0, 10.2, 7.6, 10.4, 9.5, 8.9, 7.5, 11.2, 9.9, 11.1, 9.3, 10.4, 10.9, 11.1, 11.7, 10.4, 11.3, 14.0, 10.1, 13.2, 13.6, 13.2, 13.2, 12.9, 13.4, 11.9, 14.4, 14.3, 14.7, 12.5, 11.9, 12.5, 14.5, 14.3, 11.8, 13.0, 14.6, 12.4, 12.7, 13.2, 12.3, 12.6, 12.3, 13.3, 12.5, 13.3, 13.6, 13.9, 12.4, 12.2, 15.2, 15.2, 13.3, 13.1, 13.8, 13.7, 14.2, 14.2, 15.0, 15.0, 14.2, 15.0, 14.9, 14.9, 14.4, 15.0, 15.4, 15.4, 14.5]
loss_list=[1.9569795656204227, 1.459060830672582, 1.1238658642106585, 0.9288271751337581, 0.7622564310953021, 0.7053910336312319, 0.5927227040545808, 0.5760208041676217, 0.5083646754754914, 0.48159307261721934, 0.45822176455934016, 0.42165110611046364, 0.4239928662445811, 0.3542475598057111, 0.338047795698771, 0.34204074322659933, 0.31448161785490814, 0.30235339862501465, 0.2699863208312955, 0.28592362976633007, 0.23973721164252823, 0.25540472732986225, 0.2389515372303625, 0.1707311228933071, 0.21252504691585072, 0.20235671643736877, 0.1561174305439151, 0.16461288488405343, 0.14303221305107908, 0.15418143709539436, 0.16416693906105748, 0.15282680258969783, 0.1738061837431612, 0.1339036739255405, 0.12324174644018057, 0.1248499633264469, 0.10326325674017427, 0.0670600884154232, 0.06954854650002543, 0.05828726531607875, 0.07866680668595816, 0.03332954355813046, 0.032207071925481105, 0.031153388892740212, 0.059487907984811406, 0.062194710428011606, 0.028965781950391827, 0.011041662388629952, 0.011253972639808327, 0.01786152102868072, 0.01985588160812363, 0.01674012255392477, 0.018858372355882443, 0.008742701683303393, 0.012920435976395517, 0.009579859742872131, 0.013748848768510572, 0.011752653062883636, 0.0044695194062822135, 0.00602787374648162, 0.005841487667930777, 0.005298191843095184, 0.007005456555084999, 0.0026363000146294433, 0.009877798101127457, 0.005306545327362578, 0.0022921980260030574, 0.0025061486901864155, 0.0022840804915500086, 0.008513206717907455, 0.0014034258649917317, 0.002814470301172049, 0.0030807330280206062, 0.0033945070980310756, 0.0020287612870904725, 0.0019530897746638713, 0.0024925916145406924, 0.0023260215065804206, 0.0010550713386490115, 0.0019288913801251003, 0.003229955402510111, 0.0009409243681390458, 0.0010536659277083046, 0.001235061139199792, 0.0013162297753862929, 0.0013366736052072765, 0.0008829176040227241, 0.000938186506577444, 0.001715380397460346, 0.0018870876819306027, 0.0007933362435788796, 0.000712003089873987, 0.0008391342675329521, 0.0007746879575845217, 0.0007036578354341651, 0.000773926400838213, 0.001283521604887533, 0.0023031124357011227, 0.001462573879705613, 0.0009181871624847796]
BBSR:15.4
ABSR:14.87
max acc:72.05
