======================================
    IID: 0
    Dataset: mnist
    Model: Mnist_CNN
    Model Init: None
    Aggregation Function: mr_duc
    Long attack: 5
    Wide attack: 5
    Threshold reject: 0.4
    Attack method: badnet
    Fraction of malicious agents: 15.0%
    Poison Frac: 0.2
    Backdoor From 7 to 5
    Attack Begin: 0
    Trigger Shape: square
    Trigger Position X: 0
    Trigger Position Y: 0
    Number of agents: 100
    Fraction of agents each turn: 30(30.0%)
    Local batch size: 50
    Local epoch: 3
    Client_LR: 0.01
    Client_Momentum: 0.9
    Global Rounds: 100
======================================
main_task_accuracy=[0, 20.280000686645508, 21.25, 27.729999542236328, 43.470001220703125, 43.5099983215332, 55.29999923706055, 68.16000366210938, 63.11000061035156, 64.83000183105469, 77.97000122070312, 64.3499984741211, 69.3499984741211, 73.62000274658203, 73.87000274658203, 77.7699966430664, 79.77999877929688, 82.0199966430664, 74.8499984741211, 92.44000244140625, 88.16999816894531, 88.77999877929688, 91.44000244140625, 91.68000030517578, 94.66000366210938, 93.08000183105469, 91.68000030517578, 92.94000244140625, 88.94999694824219, 92.9000015258789, 93.93000030517578, 93.55000305175781, 94.52999877929688, 95.22000122070312, 96.62000274658203, 95.87000274658203, 95.02999877929688, 90.9800033569336, 91.55999755859375, 96.58999633789062, 95.98999786376953, 95.44999694824219, 93.58999633789062, 95.16000366210938, 95.48999786376953, 95.8499984741211, 96.0199966430664, 96.94000244140625, 94.48999786376953, 95.41000366210938, 94.97000122070312, 95.18000030517578, 97.0, 94.19000244140625, 96.2699966430664, 97.12000274658203, 97.30000305175781, 97.27999877929688, 97.9000015258789, 97.97000122070312, 97.2300033569336, 97.20999908447266, 96.77999877929688, 97.75, 97.9800033569336, 97.31999969482422, 97.29000091552734, 97.33000183105469, 97.37999725341797, 97.16999816894531, 97.69000244140625, 97.66000366210938, 97.30999755859375, 97.47000122070312, 97.29000091552734, 97.2699966430664, 97.0999984741211, 94.37999725341797, 97.23999786376953, 97.41999816894531, 97.5999984741211, 97.19000244140625, 98.33000183105469, 98.1500015258789, 97.3499984741211, 97.05999755859375, 97.91000366210938, 98.0199966430664, 98.1500015258789, 97.66000366210938, 97.94999694824219, 98.37000274658203, 98.11000061035156, 97.48999786376953, 98.06999969482422, 98.30999755859375, 98.27999877929688, 98.22000122070312, 98.23999786376953, 97.88999938964844, 98.05999755859375]
backdoor_accuracy=[0, 0.0, 0.0, 0.0, 0.0, 0.0, 2.6264591439688716, 0.0, 0.19455252918287938, 0.09727626459143969, 0.0, 0.5836575875486382, 0.0, 0.7782101167315175, 0.0, 0.2918287937743191, 1.1673151750972763, 0.0, 1.264591439688716, 0.5836575875486382, 2.237354085603113, 0.0, 0.19455252918287938, 0.48638132295719844, 0.38910505836575876, 10.311284046692608, 0.48638132295719844, 6.614785992217898, 1.0700389105058365, 23.735408560311285, 1.0700389105058365, 43.190661478599225, 1.9455252918287937, 3.9883268482490273, 13.618677042801556, 4.182879377431907, 49.02723735408561, 1.7509727626459144, 44.26070038910506, 21.98443579766537, 90.56420233463035, 4.766536964980545, 54.280155642023345, 24.90272373540856, 78.40466926070039, 6.906614785992218, 95.8171206225681, 30.642023346303503, 90.56420233463035, 78.6964980544747, 82.39299610894942, 96.01167315175097, 89.2023346303502, 95.62256809338521, 97.47081712062257, 99.41634241245136, 99.80544747081711, 100.0, 100.0, 100.0, 100.0, 100.0, 100.0, 100.0, 100.0, 100.0, 97.47081712062257, 100.0, 99.80544747081711, 100.0, 100.0, 99.80544747081711, 100.0, 99.90272373540856, 100.0, 100.0, 100.0, 100.0, 99.90272373540856, 100.0, 100.0, 100.0, 100.0, 100.0, 100.0, 100.0, 99.70817120622569, 100.0, 99.90272373540856, 100.0, 99.90272373540856, 100.0, 100.0, 100.0, 100.0, 100.0, 100.0, 100.0, 100.0, 100.0, 100.0]
loss_list=[0.5102797038758944, 0.31008030319756646, 0.44258858460377387, 0.2746008536935068, 0.2858047092555106, 0.22640957066998235, 0.18277488099407277, 0.17704628268857334, 0.14257927366353026, 0.13907622011096693, 0.11577323195666432, 0.15101234688925116, 0.12257436333888844, 0.12104949175751512, 0.1470996126884584, 0.12570201399899786, 0.11699525243806336, 0.12763913572024466, 0.11457956586994432, 0.10705870598051695, 0.08802895159838656, 0.08397332739963724, 0.0706459391214919, 0.0708827349974359, 0.07819618008911806, 0.06408378743874661, 0.07443410655420596, 0.06712256370842605, 0.08552112965040316, 0.06500663836801931, 0.06507179178617664, 0.06244856693956267, 0.05336170679940753, 0.0537646659094657, 0.05517266394083068, 0.05059943737271364, 0.051622085787784565, 0.06162270343961973, 0.057104286463457485, 0.05394149667833044, 0.04964017966260008, 0.050351139878394666, 0.05006000078530369, 0.05534673107567277, 0.046743446930052134, 0.052662828050509876, 0.04055302489722323, 0.04491291824981751, 0.045829812201594544, 0.04697443926655879, 0.0396870218135633, 0.04036209653809575, 0.04363206051783606, 0.04233949476136045, 0.042621072279874404, 0.03811272032849838, 0.03514767269184515, 0.03537785409656424, 0.0340782698674033, 0.034967941493796735, 0.034426029576534685, 0.035149214359791695, 0.03296763789356459, 0.02974921991376999, 0.03176779556180239, 0.03768107471853203, 0.03604402205096975, 0.03169981980908527, 0.03486292858530934, 0.03368155580957165, 0.03340935670980216, 0.031372348703600304, 0.033404368538184785, 0.0347366071070849, 0.03391655080753238, 0.0330436867702768, 0.036488217608225404, 0.03877297190811561, 0.03224584022357612, 0.03305212987279141, 0.0314320873472739, 0.03284772310882031, 0.029327238535530042, 0.0274619116432699, 0.03695446059081062, 0.030034025901571747, 0.03233631544714323, 0.026370399418640667, 0.02816238371623473, 0.026325826540145435, 0.031162627790647712, 0.025879561953304573, 0.027045084145525113, 0.027693247734263345, 0.02609559774596459, 0.0255124422140509, 0.029460365068066114, 0.022228305209130404, 0.02877925469075384, 0.02513577808899946]
BBSR:100.0
ABSR:100.0
max acc:98.37
