======================================
    IID: 0
    Dataset: mnist
    Model: Mnist_CNN
    Model Init: None
    Aggregation Function: mr_duc
    Long attack: 5
    Wide attack: 5
    Threshold reject: 0.6
    Threshold down: 0.1
    Attack method: dba
    Fraction of malicious agents: 15.0%
    Poison Frac: 0.2
    Backdoor From 7 to 5
    Attack Begin: 0
    Trigger Shape: square
    Trigger Position X: 0
    Trigger Position Y: 0
    Number of agents: 100
    Fraction of agents each turn: 30(30.0%)
    Local batch size: 50
    Local epoch: 3
    Client_LR: 0.01
    Client_Momentum: 0.9
    Global Rounds: 100
======================================
main_task_accuracy=[0, 48.20000076293945, 54.25, 66.55999755859375, 80.91999816894531, 74.04000091552734, 80.30000305175781, 72.16999816894531, 84.5999984741211, 86.19999694824219, 84.91000366210938, 89.58000183105469, 90.26000213623047, 91.69999694824219, 90.95999908447266, 87.9800033569336, 89.5199966430664, 86.80999755859375, 91.75, 96.29000091552734, 94.66999816894531, 95.80999755859375, 92.76000213623047, 91.95999908447266, 94.5999984741211, 95.43000030517578, 94.6500015258789, 92.68000030517578, 92.16000366210938, 94.08999633789062, 97.52999877929688, 97.4000015258789, 96.54000091552734, 96.66999816894531, 96.3499984741211, 96.79000091552734, 97.44999694824219, 97.6500015258789, 97.98999786376953, 97.77999877929688, 97.88999938964844, 97.3499984741211, 97.27999877929688, 96.9000015258789, 97.79000091552734, 97.87000274658203, 98.05000305175781, 98.0199966430664, 97.58000183105469, 97.91999816894531, 97.56999969482422, 96.97000122070312, 97.58000183105469, 97.66999816894531, 97.72000122070312, 97.6500015258789, 98.41999816894531, 98.25, 98.29000091552734, 97.95999908447266, 98.22000122070312, 98.30000305175781, 98.30999755859375, 97.91000366210938, 98.30999755859375, 98.20999908447266, 98.33000183105469, 98.23999786376953, 98.26000213623047, 98.45999908447266, 98.4800033569336, 98.45999908447266, 98.3499984741211, 98.51000213623047, 97.0, 97.58000183105469, 98.66000366210938, 98.37999725341797, 98.19000244140625, 97.80000305175781, 98.58000183105469, 98.4800033569336, 98.45999908447266, 98.55999755859375, 98.66000366210938, 98.47000122070312, 98.58000183105469, 98.37000274658203, 98.55999755859375, 98.27999877929688, 98.66000366210938, 98.61000061035156, 98.70999908447266, 98.54000091552734, 98.41999816894531, 98.77999877929688, 98.61000061035156, 98.44000244140625, 98.37999725341797, 98.66000366210938, 98.62999725341797]
backdoor_accuracy=[0, 0.0, 6.031128404669261, 0.2918287937743191, 0.19455252918287938, 0.2918287937743191, 0.09727626459143969, 0.0, 0.19455252918287938, 0.09727626459143969, 0.2918287937743191, 0.09727626459143969, 0.19455252918287938, 0.0, 0.0, 0.0, 0.2918287937743191, 0.0, 0.19455252918287938, 0.0, 0.0, 0.19455252918287938, 0.09727626459143969, 0.6809338521400778, 0.0, 0.38910505836575876, 0.2918287937743191, 0.0, 0.19455252918287938, 2.6264591439688716, 0.38910505836575876, 6.22568093385214, 0.48638132295719844, 1.1673151750972763, 4.766536964980545, 7.392996108949417, 59.143968871595334, 0.5836575875486382, 21.69260700389105, 3.0155642023346303, 66.43968871595331, 13.035019455252918, 76.94552529182879, 84.43579766536965, 91.92607003891051, 45.13618677042802, 83.07392996108949, 28.59922178988327, 72.08171206225681, 85.70038910505836, 69.64980544747081, 99.90272373540856, 88.03501945525292, 98.73540856031128, 54.6692607003891, 93.77431906614785, 86.7704280155642, 73.92996108949416, 92.31517509727627, 72.37354085603113, 98.92996108949416, 74.22178988326849, 99.0272373540856, 98.92996108949416, 98.24902723735408, 97.85992217898833, 99.0272373540856, 99.5136186770428, 95.52529182879377, 92.12062256809338, 98.63813229571984, 96.98443579766537, 100.0, 96.20622568093385, 100.0, 46.69260700389105, 99.31906614785993, 100.0, 98.34630350194553, 99.0272373540856, 100.0, 99.90272373540856, 99.31906614785993, 99.90272373540856, 100.0, 100.0, 99.12451361867704, 100.0, 98.83268482490273, 100.0, 99.5136186770428, 100.0, 100.0, 99.5136186770428, 100.0, 99.70817120622569, 100.0, 99.41634241245136, 100.0, 99.12451361867704, 100.0]
loss_list=[0.689832066264097, 0.39846099202760443, 0.3397479496791304, 0.25328551922715703, 0.20508651639235081, 0.20613054479050938, 0.19798267470508077, 0.1759733962746665, 0.16123911795397428, 0.14044405661486425, 0.12411281151952842, 0.1104085925665223, 0.10386957589304344, 0.09841439946162778, 0.09567199450583655, 0.10148506727382482, 0.11389179913264039, 0.10543890824298985, 0.08512956803274224, 0.08115664230800006, 0.07837455554141613, 0.0770483856497473, 0.07708568527773929, 0.07449914474436134, 0.07186114591626125, 0.06681432756888542, 0.06967657391380139, 0.07174782202778092, 0.07599136805108206, 0.05851171057831581, 0.05655235779459468, 0.0555824552582753, 0.05618821800184108, 0.055057136193668324, 0.056275665748466104, 0.05314439632848766, 0.05361951893994923, 0.04894872312045293, 0.04651184103425933, 0.048331044583758524, 0.043896297813730424, 0.04594498574388801, 0.04391520591510761, 0.04599746587882185, 0.0393592775507083, 0.04408528634756091, 0.041159475980920325, 0.041102387040565964, 0.036808871443881126, 0.04008904007163673, 0.04419467183069408, 0.045402890592174144, 0.03771052918634976, 0.042812737728515314, 0.03936682278240201, 0.032977360832120654, 0.03605287172407501, 0.03551853881576285, 0.03223686527797461, 0.0349497003955262, 0.03403385981641636, 0.039009926960030764, 0.03445720735922232, 0.03677666595509369, 0.034585656905569015, 0.034528826664161356, 0.03460549757891032, 0.03136462120490048, 0.03315139097947782, 0.032560215705386024, 0.030029568632350796, 0.034415931220145364, 0.028844417182303742, 0.03163222939107131, 0.036746869377626966, 0.03393128835301063, 0.02850291815157738, 0.03476468051782274, 0.03174738855156008, 0.029270922490116362, 0.02990410318786787, 0.030927667080915718, 0.0289551972706384, 0.030001003932651385, 0.02989843331925605, 0.02863887532071203, 0.02995575428814037, 0.030897593199210024, 0.029480617038414633, 0.028641185874587586, 0.026508481055070327, 0.024009556305771996, 0.025652499345638978, 0.027538065380408462, 0.02578994988678089, 0.026687142697934447, 0.024136383221638066, 0.026842328110760046, 0.026243057282486597, 0.02820321427201365]
BBSR:100.0
ABSR:99.78
max acc:98.78
