======================================
    IID: 0
    Dataset: mnist
    Model: Mnist_CNN
    Model Init: None
    Aggregation Function: mr_duc
    Long attack: 5
    Wide attack: 5
    Threshold reject: 0.6
    Threshold down: 0.2
    Attack method: dba
    Fraction of malicious agents: 15.0%
    Poison Frac: 0.2
    Backdoor From 7 to 5
    Attack Begin: 0
    Trigger Shape: square
    Trigger Position X: 0
    Trigger Position Y: 0
    Number of agents: 100
    Fraction of agents each turn: 30(30.0%)
    Local batch size: 50
    Local epoch: 3
    Client_LR: 0.01
    Client_Momentum: 0.9
    Global Rounds: 100
======================================
main_task_accuracy=[0, 40.040000915527344, 33.38999938964844, 41.0099983215332, 38.72999954223633, 39.95000076293945, 32.959999084472656, 37.58000183105469, 31.280000686645508, 49.5, 52.849998474121094, 65.11000061035156, 62.369998931884766, 80.87000274658203, 82.91999816894531, 70.20999908447266, 80.7699966430664, 88.3499984741211, 79.1500015258789, 84.58000183105469, 90.43000030517578, 87.51000213623047, 89.76000213623047, 92.80999755859375, 83.70999908447266, 94.08999633789062, 91.80000305175781, 93.26000213623047, 86.2699966430664, 92.83999633789062, 95.04000091552734, 93.4800033569336, 93.12000274658203, 88.1500015258789, 90.93000030517578, 92.06999969482422, 96.36000061035156, 94.05000305175781, 90.83000183105469, 95.2699966430664, 97.0, 88.31999969482422, 91.70999908447266, 95.63999938964844, 96.38999938964844, 95.23999786376953, 95.44999694824219, 96.44999694824219, 95.81999969482422, 95.93000030517578, 95.12999725341797, 96.55999755859375, 95.5, 95.86000061035156, 96.66999816894531, 97.4800033569336, 94.29000091552734, 96.98999786376953, 96.31999969482422, 96.69000244140625, 96.7300033569336, 97.5, 97.48999786376953, 96.16000366210938, 93.94999694824219, 97.26000213623047, 96.66000366210938, 97.87999725341797, 97.1500015258789, 98.0, 97.11000061035156, 97.81999969482422, 98.05999755859375, 98.0, 97.23999786376953, 97.68000030517578, 96.87999725341797, 96.56999969482422, 97.72000122070312, 97.56999969482422, 97.95999908447266, 97.62000274658203, 97.75, 98.04000091552734, 98.30000305175781, 98.04000091552734, 97.94000244140625, 96.5199966430664, 97.25, 98.08000183105469, 98.1500015258789, 98.2300033569336, 98.0199966430664, 98.16000366210938, 97.73999786376953, 98.44999694824219, 97.9800033569336, 97.98999786376953, 98.16000366210938, 98.4000015258789, 98.3499984741211]
backdoor_accuracy=[0, 0.0, 0.0, 0.0, 0.0, 0.0, 0.0, 54.08560311284047, 0.0, 21.30350194552529, 0.0, 8.463035019455253, 0.0, 0.38910505836575876, 0.09727626459143969, 0.09727626459143969, 0.2918287937743191, 0.2918287937743191, 0.0, 0.19455252918287938, 0.38910505836575876, 0.0, 0.19455252918287938, 0.0, 0.0, 0.0, 0.0, 0.0, 0.0, 0.09727626459143969, 0.0, 0.19455252918287938, 0.0, 0.0, 0.5836575875486382, 0.0, 0.2918287937743191, 0.0, 0.0, 0.19455252918287938, 0.09727626459143969, 0.09727626459143969, 0.09727626459143969, 0.09727626459143969, 0.09727626459143969, 0.09727626459143969, 0.09727626459143969, 0.09727626459143969, 0.0, 0.0, 0.0, 0.0, 0.19455252918287938, 0.09727626459143969, 0.09727626459143969, 0.09727626459143969, 0.09727626459143969, 0.0, 0.09727626459143969, 0.0, 0.38910505836575876, 0.0, 0.19455252918287938, 0.0, 0.19455252918287938, 0.19455252918287938, 0.09727626459143969, 0.09727626459143969, 0.09727626459143969, 0.09727626459143969, 0.38910505836575876, 0.09727626459143969, 0.09727626459143969, 0.09727626459143969, 0.5836575875486382, 0.09727626459143969, 0.2918287937743191, 0.0, 0.19455252918287938, 0.19455252918287938, 0.09727626459143969, 0.19455252918287938, 0.0, 0.38910505836575876, 0.09727626459143969, 0.09727626459143969, 0.09727626459143969, 0.09727626459143969, 0.09727626459143969, 0.2918287937743191, 0.5836575875486382, 0.19455252918287938, 0.19455252918287938, 0.19455252918287938, 1.0700389105058365, 0.09727626459143969, 0.2918287937743191, 1.0700389105058365, 0.2918287937743191, 0.9727626459143969, 0.5836575875486382]
loss_list=[0.44722621130307166, 0.2767442039651854, 0.42006457687271787, 0.27677296408106883, 0.3458852406318131, 0.3158445273215667, 0.3371990321132205, 0.2886448350157928, 0.3260804848796199, 0.22429101028399603, 0.2630396685501906, 0.17047767497369545, 0.19142243006094783, 0.15080743441721015, 0.11975732399624468, 0.13286739870409955, 0.11726081013661833, 0.09654502147140939, 0.11305957198835712, 0.12117711633419977, 0.08371927280535442, 0.08957112956117823, 0.0822540075514067, 0.08266496152356301, 0.06731580847664387, 0.08517061921324966, 0.0727320378033091, 0.08110771391532927, 0.07295495549353524, 0.07698885528005595, 0.05848109262256523, 0.07363342546165992, 0.059195376853471184, 0.07099167175445835, 0.06206443516531488, 0.06909313121343927, 0.05441909429917895, 0.06362749919035718, 0.06944073706230088, 0.05515194558674867, 0.05386674155064471, 0.06929306758692286, 0.0716207064556388, 0.04832871641826788, 0.050725783413945326, 0.05884549697561829, 0.053454325081813504, 0.04695759879844662, 0.05462689078998569, 0.04337701685060237, 0.05676460905779761, 0.04309807500985046, 0.053426973684701964, 0.04846759792757179, 0.04396690592480273, 0.04642424873486836, 0.03648846064744951, 0.047750490326992065, 0.04099660261126428, 0.05001830773830482, 0.03706132207862749, 0.04543381456110691, 0.03646438050172717, 0.045879186214955674, 0.04138724116039457, 0.04402456397524053, 0.03726823596919832, 0.04327266565610883, 0.04079420902225769, 0.030929529975354076, 0.033847129389530675, 0.030784409223407173, 0.040750618880142774, 0.03337785325965619, 0.03887629984257238, 0.037170044869461474, 0.04116274142898367, 0.032737363102827356, 0.039271057454755856, 0.03290111039033443, 0.03643646965929263, 0.030907738100561886, 0.03711477182952151, 0.03613502836366967, 0.028920024794147837, 0.032447971300233865, 0.03210818194305139, 0.04034000261203408, 0.030027776515249925, 0.03415033717968449, 0.02692534900236928, 0.03200782222209799, 0.026611836614503195, 0.03277116066496184, 0.030404330980381596, 0.03128895623056586, 0.02614208209660197, 0.035972136574255534, 0.031527109231482255, 0.02809767232515422]
BBSR:1.07
ABSR:0.5
max acc:98.45
