======================================
    IID: 1
    Dataset: cifar
    Model: resnet
    Model Init: None
    Aggregation Function: mr_duc
    Long attack: 2
    Wide attack: 2
    Threshold reject: 0.6
    Threshold down: 0.2
    Attack method: dba
    Fraction of malicious agents: 15.0%
    Poison Frac: 0.2
    Backdoor From 7 to 5
    Attack Begin: 0
    Trigger Shape: square
    Trigger Position X: 0
    Trigger Position Y: 0
    Number of agents: 100
    Fraction of agents each turn: 30(30.0%)
    Local batch size: 50
    Local epoch: 3
    Client_LR: 0.01
    Client_Momentum: 0.9
    Global Rounds: 100
======================================
main_task_accuracy=[0, 10.399999618530273, 27.59000015258789, 42.220001220703125, 40.91999816894531, 47.68000030517578, 52.08000183105469, 55.59000015258789, 55.86000061035156, 58.88999938964844, 60.290000915527344, 62.4900016784668, 61.970001220703125, 63.41999816894531, 64.08000183105469, 64.63999938964844, 65.30999755859375, 65.19000244140625, 65.7699966430664, 66.41999816894531, 66.83000183105469, 67.27999877929688, 66.72000122070312, 68.2300033569336, 67.5999984741211, 68.87999725341797, 68.30000305175781, 70.26000213623047, 69.11000061035156, 68.9000015258789, 69.83999633789062, 71.05999755859375, 70.69999694824219, 71.54000091552734, 71.05999755859375, 71.25, 71.16000366210938, 71.72000122070312, 71.31999969482422, 72.52999877929688, 72.0, 71.62000274658203, 71.58999633789062, 72.41000366210938, 71.58000183105469, 72.27999877929688, 71.80000305175781, 72.36000061035156, 72.25, 72.29000091552734, 72.62999725341797, 72.19999694824219, 72.1500015258789, 72.63999938964844, 72.44999694824219, 72.33000183105469, 72.54000091552734, 72.4000015258789, 72.06999969482422, 72.30999755859375, 72.31999969482422, 72.33000183105469, 72.25, 72.16000366210938, 72.19000244140625, 72.19000244140625, 72.16000366210938, 72.1500015258789, 72.19000244140625, 72.02999877929688, 72.16000366210938, 72.01000213623047, 71.93000030517578, 71.8499984741211, 71.88999938964844, 71.91999816894531, 71.81999969482422, 71.77999877929688, 71.88999938964844, 71.98999786376953, 71.73999786376953, 71.7699966430664, 71.66000366210938, 71.75, 71.72000122070312, 71.66999816894531, 71.70999908447266, 71.63999938964844, 71.62000274658203, 71.55000305175781, 71.56999969482422, 71.55000305175781, 71.52999877929688, 71.62000274658203, 71.58999633789062, 71.5999984741211, 71.51000213623047, 71.72000122070312, 71.5, 71.5199966430664, 71.56999969482422]
backdoor_accuracy=[0, 0.0, 6.6, 17.2, 12.0, 10.4, 8.8, 10.6, 14.3, 12.5, 9.5, 11.1, 7.3, 7.7, 9.8, 6.1, 5.2, 7.1, 8.7, 5.1, 8.4, 9.3, 5.9, 6.0, 5.5, 7.7, 5.5, 6.4, 7.2, 6.1, 9.2, 6.1, 6.8, 6.5, 7.0, 7.2, 7.5, 7.6, 8.8, 7.7, 6.8, 9.1, 7.3, 7.6, 7.5, 9.5, 7.8, 8.5, 7.5, 7.1, 8.5, 6.8, 10.5, 8.0, 8.8, 7.5, 8.2, 7.6, 9.1, 6.5, 8.1, 9.1, 8.1, 8.8, 8.3, 8.8, 8.1, 8.5, 8.0, 9.2, 8.2, 8.5, 8.9, 9.1, 8.1, 8.7, 8.9, 9.4, 7.8, 9.1, 9.0, 8.6, 8.6, 8.9, 8.2, 9.0, 9.2, 9.0, 9.0, 8.7, 8.8, 8.7, 8.9, 8.8, 9.2, 9.2, 9.2, 9.1, 8.9, 9.1, 9.1]
loss_list=[1.9884772343105739, 1.5181853338744904, 1.176521222127808, 0.9693497814569211, 0.7916486520320177, 0.6938713209827742, 0.6234511091767085, 0.5654261417397195, 0.5096283330395818, 0.5029503204342393, 0.45343973847520014, 0.41310793004102186, 0.4120999981338778, 0.378811008679784, 0.35741975372760654, 0.34739391484297805, 0.3139969553710478, 0.34300152312653753, 0.27661945498755414, 0.30676830364805135, 0.2769883492682129, 0.27397001976250773, 0.22822087207395172, 0.20421898964533786, 0.21236247320711202, 0.18934559474259405, 0.15447143111740128, 0.17852295829629938, 0.2009855240147509, 0.16436253251533745, 0.12144719853052972, 0.1016408421507933, 0.09048923248153493, 0.12036726520733083, 0.1378214857305607, 0.1440846954758227, 0.07124903798666007, 0.09367221765886322, 0.04381932141776714, 0.07043556798424107, 0.09290736578708876, 0.0728733710130069, 0.06255773914237378, 0.04391024706154388, 0.019761443466737146, 0.03252174633736205, 0.01675196994623144, 0.016356664611893293, 0.04568240816801942, 0.035589051606010697, 0.020370771141897427, 0.020462087038451704, 0.00747080518757381, 0.005984104963604799, 0.022633743950443916, 0.01047540874369184, 0.004436736607539287, 0.005269508566755879, 0.016308243208784715, 0.004588453842039195, 0.0029218003405710787, 0.00450526192751972, 0.002564912932834381, 0.005618862319938163, 0.0029922199508938424, 0.003384861267339956, 0.0020059296315109044, 0.005073487230498965, 0.0029417777589211863, 0.0023560518136784793, 0.0030797560042345948, 0.00189183266920736, 0.0017385146640137665, 0.002461581038805889, 0.0010824197762606977, 0.0013526160723672039, 0.0024507194078695546, 0.0013704700616492323, 0.0029145525940031, 0.0013020160799512973, 0.001017420249894106, 0.0012156336515262308, 0.001795808640486535, 0.001096041258861078, 0.0009713032709664226, 0.001074321629647683, 0.0020272092214872824, 0.0008897736109954873, 0.0013483701184789727, 0.000869541841748287, 0.0007850918154549112, 0.0007675020355074794, 0.0007419654385335485, 0.001025831135468454, 0.0008707848373402764, 0.0006938132946379482, 0.0007325430317804501, 0.0006525442619830655, 0.0006988218928988015, 0.0006508469008743609]
BBSR:9.2
ABSR:9.02
max acc:71.72
