======================================
    IID: 1
    Dataset: cifar
    Model: resnet
    Model Init: None
    Aggregation Function: mr_duc
    Long attack: 4
    Wide attack: 4
    Threshold reject: 0.6
    Threshold down: 0.2
    Attack method: dba
    Fraction of malicious agents: 15.0%
    Poison Frac: 0.2
    Backdoor From 7 to 5
    Attack Begin: 0
    Trigger Shape: square
    Trigger Position X: 0
    Trigger Position Y: 0
    Number of agents: 100
    Fraction of agents each turn: 30(30.0%)
    Local batch size: 50
    Local epoch: 3
    Client_LR: 0.01
    Client_Momentum: 0.9
    Global Rounds: 100
======================================
main_task_accuracy=[0, 10.0, 29.68000030517578, 45.31999969482422, 47.29999923706055, 50.06999969482422, 54.099998474121094, 55.91999816894531, 58.66999816894531, 59.20000076293945, 61.70000076293945, 62.560001373291016, 64.2699966430664, 63.4900016784668, 65.05999755859375, 65.81999969482422, 65.05000305175781, 65.58000183105469, 66.19999694824219, 65.77999877929688, 66.19999694824219, 66.83000183105469, 68.05000305175781, 68.19000244140625, 67.66999816894531, 68.19000244140625, 69.69000244140625, 69.22000122070312, 69.77999877929688, 69.58000183105469, 70.04000091552734, 71.08999633789062, 70.51000213623047, 71.33999633789062, 71.37999725341797, 71.0, 71.0199966430664, 71.62000274658203, 71.93000030517578, 71.72000122070312, 72.23999786376953, 71.83000183105469, 72.45999908447266, 72.62999725341797, 72.4000015258789, 72.6500015258789, 72.95999908447266, 72.66000366210938, 73.08999633789062, 73.04000091552734, 73.0, 73.36000061035156, 72.91000366210938, 72.81999969482422, 72.80999755859375, 72.75, 72.72000122070312, 72.91000366210938, 72.54000091552734, 72.37000274658203, 72.58999633789062, 72.41999816894531, 72.48999786376953, 72.62999725341797, 72.4000015258789, 72.44000244140625, 72.66000366210938, 72.27999877929688, 72.4800033569336, 72.54000091552734, 72.37000274658203, 72.5, 72.41000366210938, 72.36000061035156, 72.4800033569336, 72.31999969482422, 72.31999969482422, 72.33000183105469, 72.33999633789062, 72.33000183105469, 72.20999908447266, 72.22000122070312, 72.16000366210938, 72.19000244140625, 72.12000274658203, 72.33999633789062, 72.1500015258789, 72.11000061035156, 72.12999725341797, 72.25, 72.0, 72.0999984741211, 72.08999633789062, 72.05999755859375, 72.18000030517578, 72.06999969482422, 72.13999938964844, 72.11000061035156, 72.1500015258789, 72.19000244140625, 72.0999984741211]
backdoor_accuracy=[0, 0.0, 12.3, 14.6, 12.6, 10.4, 8.2, 9.8, 10.4, 7.1, 4.1, 7.2, 7.9, 7.7, 7.7, 5.5, 7.6, 8.7, 5.5, 5.8, 7.6, 3.9, 8.6, 7.1, 7.0, 5.5, 7.7, 7.9, 5.8, 10.3, 9.5, 8.5, 7.6, 9.7, 7.1, 6.7, 9.6, 7.1, 9.5, 7.6, 9.1, 7.4, 10.3, 11.6, 10.0, 11.2, 10.0, 8.1, 10.1, 11.3, 8.0, 8.6, 9.5, 9.8, 10.1, 10.6, 10.0, 9.8, 9.3, 8.8, 10.6, 10.9, 11.0, 9.9, 11.1, 10.2, 10.4, 9.7, 11.7, 10.6, 10.3, 10.0, 11.0, 11.1, 11.7, 11.5, 11.1, 12.0, 12.6, 10.8, 11.1, 11.1, 11.0, 11.0, 10.0, 10.3, 10.9, 10.2, 11.0, 11.2, 10.9, 9.9, 10.6, 10.9, 11.4, 10.6, 9.9, 10.8, 10.1, 10.2, 9.4]
loss_list=[1.9944869358009758, 1.6005852937698364, 1.1647695256272952, 0.9822762411336103, 0.7979026699397299, 0.7012075583719546, 0.6358297061506247, 0.5607794102964302, 0.5622205667570233, 0.49499019233716857, 0.45375272608465606, 0.4292965219418207, 0.40348686443848764, 0.4119664668498767, 0.35905282682014844, 0.32719727535111204, 0.3537952397991385, 0.30467881681190595, 0.2982819962035865, 0.2788822789159086, 0.3150451487675309, 0.2747360794577334, 0.230444476736399, 0.23576585770403555, 0.20141314902730909, 0.19180042177270581, 0.16070973068760294, 0.18308417493167023, 0.2029734799965647, 0.17304968184390515, 0.11987738221431048, 0.11367462066610139, 0.1213820655070918, 0.09374731555361196, 0.10214069708328076, 0.1634426361748612, 0.10572767245563836, 0.07502635583158633, 0.10874176794643671, 0.08306217826702374, 0.07440946014384585, 0.07228439942338609, 0.07217352026653115, 0.04826848867698574, 0.03525969780988008, 0.029224134458992114, 0.03610255105792829, 0.04667762481012485, 0.017228561756007062, 0.04709266985436746, 0.018965603960645647, 0.028477874153306604, 0.02003147304549606, 0.012050387935208469, 0.008895109199899404, 0.005234447841713619, 0.007179150726086744, 0.017294740930325743, 0.009300217686767507, 0.0027712157036391244, 0.0057451119385465675, 0.003942174625182007, 0.0043523687639066755, 0.020325194599895947, 0.005362122695466195, 0.004176688713277044, 0.004455703509965031, 0.010721795142728498, 0.0034546873489873374, 0.0021739652269752697, 0.002586099913444034, 0.0017073809093077826, 0.0024754252799903047, 0.0021468314620142334, 0.002145116669530075, 0.0012506764427073194, 0.0023489367900684658, 0.0031463034518270025, 0.0011645348711155949, 0.0017894069072968298, 0.0027531171650076033, 0.0012141996034996637, 0.001429483033037589, 0.0014508030764005116, 0.0009990481827440415, 0.001829720629110751, 0.001771287254741765, 0.0008431126214175794, 0.0017920741153728966, 0.0008406315405833689, 0.0030242171988276016, 0.0022979256991917892, 0.0007980747801533044, 0.0008609265997074545, 0.0010033444541639055, 0.001220578604916227, 0.001503036362167526, 0.0011734494811551286, 0.0009710869051115072, 0.0014004561167287953]
BBSR:11.4
ABSR:10.38
max acc:72.19
