======================================
    IID: 1
    Dataset: cifar
    Model: resnet
    Model Init: None
    Aggregation Function: mr_duc
    Long attack: 3
    Wide attack: 3
    Threshold reject: 0.6
    Threshold down: 0.2
    Attack method: badnet
    Fraction of malicious agents: 16.0%
    Poison Frac: 0.2
    Backdoor From 7 to 5
    Attack Begin: 0
    Trigger Shape: square
    Trigger Position X: 0
    Trigger Position Y: 0
    Number of agents: 100
    Fraction of agents each turn: 30(30.0%)
    Local batch size: 50
    Local epoch: 3
    Client_LR: 0.01
    Client_Momentum: 0.9
    Global Rounds: 100
======================================
main_task_accuracy=[0, 10.0, 26.190000534057617, 42.310001373291016, 45.810001373291016, 48.16999816894531, 53.09000015258789, 55.900001525878906, 58.900001525878906, 60.70000076293945, 61.84000015258789, 62.150001525878906, 63.77000045776367, 63.68000030517578, 65.88999938964844, 66.12000274658203, 66.5999984741211, 66.37999725341797, 66.8499984741211, 67.13999938964844, 67.0199966430664, 68.87999725341797, 68.44000244140625, 69.05000305175781, 69.83999633789062, 68.66999816894531, 69.77999877929688, 71.1500015258789, 70.06999969482422, 71.02999877929688, 70.02999877929688, 70.9800033569336, 71.06999969482422, 71.80000305175781, 73.0199966430664, 72.11000061035156, 72.79000091552734, 72.55999755859375, 72.69000244140625, 72.91999816894531, 72.62999725341797, 72.83000183105469, 73.27999877929688, 72.87000274658203, 72.97000122070312, 73.2300033569336, 73.12000274658203, 73.31999969482422, 73.1500015258789, 73.02999877929688, 73.19999694824219, 73.27999877929688, 73.37000274658203, 73.2699966430664, 73.36000061035156, 73.25, 73.2699966430664, 73.13999938964844, 73.30000305175781, 73.08999633789062, 73.05000305175781, 73.0, 73.0999984741211, 73.20999908447266, 73.23999786376953, 72.95999908447266, 73.05999755859375, 73.13999938964844, 73.0999984741211, 73.0, 72.94999694824219, 73.05000305175781, 73.29000091552734, 73.1500015258789, 73.3499984741211, 73.0, 73.05999755859375, 73.01000213623047, 73.05999755859375, 73.13999938964844, 73.06999969482422, 73.08999633789062, 73.04000091552734, 72.98999786376953, 73.08000183105469, 72.98999786376953, 73.12999725341797, 72.88999938964844, 73.08000183105469, 73.11000061035156, 73.1500015258789, 72.9800033569336, 73.02999877929688, 72.98999786376953, 73.05000305175781, 73.0, 73.0199966430664, 72.88999938964844, 72.75, 72.86000061035156, 72.81999969482422]
backdoor_accuracy=[0, 0.0, 14.1, 13.7, 11.2, 11.7, 8.2, 9.8, 13.1, 10.7, 9.3, 6.6, 7.0, 6.0, 9.1, 7.4, 10.3, 8.0, 7.4, 3.5, 8.4, 6.2, 8.4, 8.2, 6.5, 5.6, 6.4, 8.4, 7.1, 5.8, 6.5, 5.1, 8.0, 6.2, 5.3, 10.2, 7.2, 7.9, 5.2, 5.5, 8.8, 4.6, 7.8, 6.0, 7.4, 6.5, 7.2, 6.4, 5.7, 5.2, 7.6, 6.6, 8.3, 7.9, 7.5, 6.4, 7.7, 6.6, 6.8, 7.2, 7.1, 7.2, 6.8, 7.3, 6.9, 6.9, 7.5, 7.1, 7.3, 7.2, 6.7, 7.7, 6.9, 6.7, 7.9, 7.1, 7.9, 7.1, 7.3, 7.4, 7.7, 7.3, 7.5, 7.3, 7.0, 7.6, 7.3, 7.4, 7.5, 7.0, 7.2, 7.2, 7.0, 7.3, 7.2, 7.3, 7.2, 7.9, 6.9, 7.1, 7.4]
loss_list=[1.9657326281070706, 1.4822025275230406, 1.0887672936585213, 0.9291394510699644, 0.763216825276613, 0.6824366384786036, 0.6071619667195611, 0.562449043310351, 0.5057713090938826, 0.46812229394498794, 0.44160556015455055, 0.41652299327982795, 0.400780564657309, 0.37169169885520303, 0.33762158725514185, 0.35179956248857913, 0.2769039647902051, 0.29835867773068864, 0.2943415885144431, 0.2720352064202436, 0.23057073980207657, 0.2725646954187606, 0.20441097525258858, 0.19367053815706942, 0.2546238649217412, 0.21383901620723517, 0.1719485848702283, 0.18787128094738967, 0.14435702156741176, 0.16259897062968875, 0.1479108745872509, 0.1687542742686087, 0.11350699670826239, 0.05806493294910374, 0.1153949870416869, 0.06809064246759387, 0.09494475941949833, 0.07921108297078822, 0.07402647572912328, 0.09025109004539748, 0.05040335964162496, 0.041841090758939055, 0.06594868431621256, 0.03039525967747775, 0.053093069286421976, 0.05110496449293956, 0.012202546612954591, 0.022986168159178408, 0.012859601534825443, 0.022397832836690612, 0.03361340797334884, 0.017028526831062558, 0.012847894153932832, 0.005862715812594009, 0.008022094483603723, 0.00963750256130071, 0.008217761784358624, 0.003935743369867041, 0.002965212649659306, 0.004481230467176325, 0.0037891795115784694, 0.00904646349513011, 0.0034171481596260694, 0.0021585753148732085, 0.002920097130586832, 0.0017703537130404985, 0.0024242042308873757, 0.004481486213399976, 0.0038955008614640152, 0.0025390745642329816, 0.0054950503455216265, 0.002815993552341954, 0.005326601981651038, 0.0018719456058008492, 0.0015033689684545, 0.003751533177079789, 0.0015363046356247246, 0.0017756600512075242, 0.0011385683787617988, 0.0021996094596155066, 0.0011119480587027887, 0.0009578549842909624, 0.0010747249771682417, 0.0014469283366472356, 0.0024283405071926405, 0.001181993433565367, 0.0011644217553354488, 0.0017173713981739848, 0.0008390087965947008, 0.0008744808564289188, 0.0007743689415737106, 0.0007611069641441443, 0.0006939298508465677, 0.0008432384134923472, 0.0014093702088818342, 0.0008203646664575597, 0.0006806505790235758, 0.0011418448013460472, 0.0009610453623544245, 0.002616934728777981]
BBSR:7.9
ABSR:7.25
max acc:73.05
