======================================
    IID: 1
    Dataset: cifar
    Model: resnet
    Model Init: None
    Aggregation Function: RLR
    Long attack: 3
    Wide attack: 3
    Attack method: badnet
    Fraction of malicious agents: 15.0%
    Poison Frac: 0.2
    Backdoor From 7 to 5
    Attack Begin: 0
    Trigger Shape: square
    Trigger Position X: 0
    Trigger Position Y: 0
    Number of agents: 100
    Fraction of agents each turn: 30(30.0%)
    Local batch size: 50
    Local epoch: 3
    Client_LR: 0.01
    Client_Momentum: 0.9
    Global Rounds: 100
    RobustLR_threshold: 4
======================================
main_task_accuracy=[0, 10.0, 21.979999542236328, 38.66999816894531, 40.34000015258789, 44.81999969482422, 48.88999938964844, 52.220001220703125, 54.880001068115234, 57.41999816894531, 58.869998931884766, 58.75, 57.86000061035156, 60.720001220703125, 62.27000045776367, 63.15999984741211, 63.15999984741211, 62.650001525878906, 61.560001373291016, 64.91000366210938, 63.5, 63.529998779296875, 65.5999984741211, 65.72000122070312, 66.56999969482422, 64.9800033569336, 65.54000091552734, 65.83999633789062, 67.0999984741211, 67.04000091552734, 67.81999969482422, 67.23999786376953, 67.22000122070312, 66.43000030517578, 66.45999908447266, 68.36000061035156, 68.29000091552734, 68.37999725341797, 68.83000183105469, 69.41000366210938, 70.08000183105469, 69.38999938964844, 69.08000183105469, 70.05000305175781, 69.87999725341797, 68.97000122070312, 68.68000030517578, 69.2300033569336, 71.18000030517578, 71.2300033569336, 70.2300033569336, 68.20999908447266, 70.05000305175781, 71.4800033569336, 70.5199966430664, 69.18000030517578, 71.22000122070312, 70.97000122070312, 68.56999969482422, 71.88999938964844, 72.25, 71.88999938964844, 72.11000061035156, 71.5199966430664, 71.9000015258789, 71.7300033569336, 71.69000244140625, 71.87000274658203, 71.63999938964844, 71.83999633789062, 71.69999694824219, 71.31999969482422, 71.87999725341797, 71.41000366210938, 72.08999633789062, 72.16000366210938, 72.2300033569336, 72.0999984741211, 71.7300033569336, 71.27999877929688, 72.2300033569336, 71.70999908447266, 71.83000183105469, 72.06999969482422, 72.12000274658203, 71.91000366210938, 72.29000091552734, 72.12999725341797, 72.0199966430664, 72.0, 72.0199966430664, 72.0, 72.08000183105469, 72.0, 71.98999786376953, 71.87999725341797, 71.9800033569336, 72.01000213623047, 71.91000366210938, 71.91000366210938, 72.04000091552734]
backdoor_accuracy=[0, 0.0, 2.4, 11.0, 11.4, 7.2, 12.0, 8.3, 10.7, 11.8, 12.7, 11.1, 10.9, 11.3, 9.0, 9.3, 6.1, 8.2, 9.9, 7.3, 7.0, 6.1, 7.5, 7.5, 7.0, 5.1, 6.1, 5.7, 5.0, 5.4, 4.6, 5.6, 4.8, 5.8, 5.0, 7.2, 4.7, 6.0, 5.2, 5.0, 4.8, 7.5, 5.5, 3.0, 4.8, 3.9, 1.4, 9.8, 6.3, 3.4, 3.8, 5.2, 4.3, 4.4, 3.5, 6.6, 5.6, 3.0, 3.5, 7.1, 6.1, 4.1, 7.2, 3.5, 4.9, 4.9, 3.8, 5.0, 3.8, 5.4, 3.4, 3.7, 5.2, 5.2, 4.7, 5.5, 5.8, 5.4, 5.4, 4.3, 5.2, 4.6, 4.7, 4.6, 5.4, 4.7, 5.8, 5.3, 5.3, 5.6, 5.2, 5.1, 6.5, 5.8, 5.3, 4.3, 5.4, 5.5, 5.7, 5.5, 5.9]
loss_list=[1.9932557499408718, 1.5687692679299243, 1.1646136947141756, 1.0144740538299084, 0.8490704430474179, 0.7170359589076705, 0.6724270936929517, 0.6027360455112325, 0.5451851516486043, 0.5421938163166244, 0.47831112298286627, 0.49533770199451205, 0.48829931633339985, 0.41799858223646874, 0.41137359093046844, 0.39336958288629026, 0.3869013065637813, 0.3516507506660289, 0.3491699644250588, 0.36824967873386216, 0.32783382233646186, 0.34260193721494747, 0.2886989548471239, 0.2840385508255308, 0.3129455712486783, 0.2808138071442955, 0.2593157986546349, 0.2582869948405358, 0.262485602197703, 0.2279299051205938, 0.20061713714838125, 0.23856250519799585, 0.20808618033848084, 0.23906965556088836, 0.2224439538807039, 0.211188550744361, 0.21267383918735303, 0.1883811104498131, 0.1388348810585578, 0.12177534030899145, 0.15999859998060856, 0.1464953467227881, 0.2008194184722379, 0.13355166636491453, 0.1609482297953865, 0.17181003772834733, 0.1635768570108727, 0.1035783300194372, 0.13683404416473216, 0.13105552878690002, 0.11571400952628916, 0.08023491838209643, 0.06721908470667486, 0.08184786049817273, 0.11115644948741345, 0.07949773781871447, 0.08449214435218083, 0.11056203001447204, 0.08411602783967588, 0.04446365418687088, 0.05030510463386438, 0.10347960073421644, 0.06935244194320855, 0.0410183259523506, 0.04805160776388625, 0.04227893547231764, 0.03857459030979145, 0.06311755752409227, 0.021171324385658313, 0.03482154459108844, 0.05436119217507238, 0.021461204754911405, 0.043251862990323894, 0.01879148087140088, 0.008527628633956837, 0.014275222994260223, 0.010555622503973912, 0.05294975365262264, 0.05441168659505921, 0.015246374573285319, 0.020757044520295396, 0.00919233301823018, 0.006180120843653438, 0.0025836963285109957, 0.018139164955585634, 0.01206124652837389, 0.0016781988887426755, 0.005283105546598866, 0.027976472460387522, 0.03408344527813219, 0.0074096800561629745, 0.0026818803100165187, 0.0018203466711848805, 0.001978002273746016, 0.024563175709716032, 0.011616090984502484, 0.018340786575301738, 0.0011916662980951916, 0.007567909807372014, 0.006302691064255568]
BBSR:6.5
ABSR:5.5
max acc:72.08
