======================================
    IID: 0
    Dataset: mnist
    Model: Mnist_CNN
    Model Init: None
    Aggregation Function: mr_duc
    Long attack: 3
    Wide attack: 3
    Threshold reject: 0.5
    Threshold down: 0.1
    Attack method: badnet
    Fraction of malicious agents: 15.0%
    Poison Frac: 0.2
    Backdoor From 7 to 5
    Attack Begin: 0
    Trigger Shape: square
    Trigger Position X: 0
    Trigger Position Y: 0
    Number of agents: 100
    Fraction of agents each turn: 30(30.0%)
    Local batch size: 50
    Local epoch: 3
    Client_LR: 0.01
    Client_Momentum: 0.9
    Global Rounds: 100
======================================
main_task_accuracy=[0, 41.97999954223633, 40.33000183105469, 63.29999923706055, 75.12000274658203, 65.66000366210938, 80.37999725341797, 72.33999633789062, 73.41000366210938, 74.19000244140625, 82.22000122070312, 80.4800033569336, 86.62999725341797, 86.94000244140625, 81.95999908447266, 89.88999938964844, 84.33999633789062, 87.23999786376953, 89.05999755859375, 91.9800033569336, 93.30000305175781, 94.19000244140625, 96.08999633789062, 95.76000213623047, 96.19999694824219, 94.2699966430664, 94.2699966430664, 94.0999984741211, 96.25, 95.69999694824219, 96.9800033569336, 97.04000091552734, 96.72000122070312, 96.87999725341797, 95.72000122070312, 94.91000366210938, 97.27999877929688, 97.33000183105469, 97.68000030517578, 97.69000244140625, 97.9800033569336, 98.0199966430664, 96.75, 96.73999786376953, 97.94000244140625, 97.9000015258789, 97.7699966430664, 97.62999725341797, 97.0999984741211, 97.45999908447266, 97.95999908447266, 97.41000366210938, 97.91999816894531, 98.30999755859375, 98.26000213623047, 97.80000305175781, 98.27999877929688, 97.6500015258789, 98.22000122070312, 98.31999969482422, 98.25, 98.18000030517578, 97.91000366210938, 98.06999969482422, 98.05000305175781, 98.2699966430664, 98.20999908447266, 98.29000091552734, 97.80000305175781, 97.91999816894531, 97.95999908447266, 97.43000030517578, 98.0999984741211, 98.30000305175781, 98.63999938964844, 98.47000122070312, 98.5999984741211, 98.58999633789062, 98.68000030517578, 98.33999633789062, 98.62999725341797, 98.44000244140625, 98.54000091552734, 98.72000122070312, 98.41999816894531, 98.23999786376953, 98.7300033569336, 98.1500015258789, 98.58999633789062, 98.31999969482422, 98.55000305175781, 98.58000183105469, 98.68000030517578, 98.58000183105469, 98.66000366210938, 98.5199966430664, 98.51000213623047, 98.5199966430664, 98.37000274658203, 98.56999969482422, 98.54000091552734]
backdoor_accuracy=[0, 0.0, 0.0, 0.0, 0.0, 0.0, 0.0, 0.0, 0.0, 0.0, 0.0, 0.0, 0.09727626459143969, 0.19455252918287938, 0.0, 1.0700389105058365, 0.0, 0.38910505836575876, 0.0, 0.2918287937743191, 0.19455252918287938, 0.2918287937743191, 0.19455252918287938, 0.38910505836575876, 0.19455252918287938, 0.19455252918287938, 0.19455252918287938, 0.48638132295719844, 0.19455252918287938, 0.7782101167315175, 0.0, 0.7782101167315175, 0.19455252918287938, 0.19455252918287938, 0.2918287937743191, 0.19455252918287938, 0.5836575875486382, 1.1673151750972763, 1.556420233463035, 1.264591439688716, 2.529182879377432, 26.945525291828794, 16.439688715953306, 6.906614785992218, 8.560311284046692, 38.521400778210115, 12.354085603112841, 36.284046692607006, 32.00389105058366, 49.5136186770428, 79.96108949416342, 92.60700389105058, 10.505836575875486, 44.3579766536965, 88.13229571984436, 77.52918287937743, 35.311284046692606, 95.52529182879377, 90.6614785992218, 99.5136186770428, 96.40077821011673, 99.90272373540856, 95.91439688715953, 99.70817120622569, 99.5136186770428, 99.5136186770428, 99.12451361867704, 99.80544747081711, 97.47081712062257, 100.0, 99.0272373540856, 100.0, 99.90272373540856, 100.0, 99.80544747081711, 100.0, 99.90272373540856, 100.0, 100.0, 100.0, 99.41634241245136, 100.0, 99.80544747081711, 100.0, 100.0, 100.0, 100.0, 99.61089494163424, 100.0, 100.0, 100.0, 100.0, 100.0, 100.0, 100.0, 99.90272373540856, 100.0, 100.0, 100.0, 99.90272373540856, 100.0]
loss_list=[0.6917540791987753, 0.4417194791213829, 0.37500337070539275, 0.2630708211153304, 0.23512494256215183, 0.23508562162212374, 0.23311270566955397, 0.19938208049980283, 0.22426076262051722, 0.17983494297176783, 0.16860455632439164, 0.14656878889452654, 0.12985516593999585, 0.12183423438126974, 0.1484198194288587, 0.13697556468493227, 0.1309218985473746, 0.13758148209685545, 0.09256486107500406, 0.10203496134419748, 0.09696751294820759, 0.08955427459179813, 0.08318716562671294, 0.08006806361965438, 0.0729286077007095, 0.07774219289869372, 0.06835959244183236, 0.07315527094341867, 0.07857168415595409, 0.07275343724819214, 0.06680708914567798, 0.05980484357077566, 0.05299761782148155, 0.06501672290614133, 0.07057144266766921, 0.06956305742984381, 0.05863064771997928, 0.054282844576485974, 0.050807953203201146, 0.0490496233008714, 0.0498862046818936, 0.04553226252631932, 0.055060950184596794, 0.051702004632132335, 0.04623883559087753, 0.04606492222134236, 0.04158481060485924, 0.05351411165592289, 0.04649225840428496, 0.05066030026936695, 0.04300929598968715, 0.04646932148567026, 0.04262729480630056, 0.03881763686982526, 0.039381668672743855, 0.03668111344142502, 0.03840154245887991, 0.042827502111370666, 0.03779454554956425, 0.03949518053300212, 0.035726931802869163, 0.03870874156351253, 0.03719574253117807, 0.03730647140885898, 0.03871111596586667, 0.03749878484324124, 0.032762938629649505, 0.037204805635987964, 0.03726347305118402, 0.035366917846961866, 0.04172466358002248, 0.038360374278703674, 0.03649888064264815, 0.03404893633949676, 0.03392720005528141, 0.031330285075012364, 0.034232637890899136, 0.029512848317777007, 0.03320780879688653, 0.030303776053366434, 0.02973705789565294, 0.029097227832638357, 0.0323623536984828, 0.030930380079643178, 0.03223422439493368, 0.03166833064763489, 0.03198681191039819, 0.029862346162663353, 0.03031022934366934, 0.03070553287541485, 0.027869828850099216, 0.02823097852147645, 0.023549832140553107, 0.029714611671446345, 0.026670650121172073, 0.02876086360283134, 0.026514536736340487, 0.028191502468131888, 0.027198939465953198, 0.029601259945044416]
BBSR:100.0
ABSR:99.98
max acc:98.68
