======================================
    IID: 1
    Dataset: cifar
    Model: resnet
    Model Init: None
    Aggregation Function: mr_duc
    Long attack: 3
    Wide attack: 3
    Threshold reject: 0.5
    Threshold down: 0.2
    Attack method: badnet
    Fraction of malicious agents: 16.0%
    Poison Frac: 0.2
    Backdoor From 7 to 5
    Attack Begin: 0
    Trigger Shape: square
    Trigger Position X: 0
    Trigger Position Y: 0
    Number of agents: 100
    Fraction of agents each turn: 30(30.0%)
    Local batch size: 50
    Local epoch: 3
    Client_LR: 0.01
    Client_Momentum: 0.9
    Global Rounds: 100
======================================
main_task_accuracy=[0, 10.819999694824219, 30.770000457763672, 46.02000045776367, 46.470001220703125, 52.18000030517578, 54.34000015258789, 55.849998474121094, 58.9900016784668, 59.59000015258789, 59.380001068115234, 62.7400016784668, 63.130001068115234, 64.9800033569336, 65.52999877929688, 65.55999755859375, 66.2300033569336, 66.06999969482422, 66.73999786376953, 66.55999755859375, 66.75, 66.81999969482422, 67.45999908447266, 69.08999633789062, 68.55999755859375, 69.30000305175781, 69.4800033569336, 70.4800033569336, 69.66999816894531, 70.36000061035156, 70.63999938964844, 70.47000122070312, 71.87999725341797, 71.45999908447266, 71.76000213623047, 71.5999984741211, 72.44000244140625, 72.26000213623047, 72.8499984741211, 72.73999786376953, 72.52999877929688, 73.05999755859375, 72.88999938964844, 73.1500015258789, 73.23999786376953, 73.30000305175781, 73.20999908447266, 73.19000244140625, 73.19999694824219, 73.11000061035156, 73.20999908447266, 73.0999984741211, 73.4000015258789, 73.4800033569336, 73.38999938964844, 73.12000274658203, 73.08000183105469, 73.08000183105469, 73.05000305175781, 73.02999877929688, 73.0999984741211, 73.16999816894531, 73.05999755859375, 73.12999725341797, 72.91999816894531, 72.76000213623047, 72.86000061035156, 72.86000061035156, 72.98999786376953, 73.08000183105469, 73.02999877929688, 72.97000122070312, 72.95999908447266, 72.75, 72.75, 72.83999633789062, 72.83000183105469, 72.94000244140625, 72.93000030517578, 72.8499984741211, 72.9000015258789, 72.91000366210938, 72.68000030517578, 72.7300033569336, 72.7699966430664, 72.58999633789062, 72.68000030517578, 72.61000061035156, 72.76000213623047, 72.63999938964844, 72.69999694824219, 72.69999694824219, 72.73999786376953, 72.51000213623047, 72.6500015258789, 72.70999908447266, 72.6500015258789, 72.58999633789062, 72.55999755859375, 72.7300033569336, 72.5999984741211]
backdoor_accuracy=[0, 0.0, 6.9, 12.7, 12.4, 10.0, 7.2, 10.5, 6.6, 6.6, 7.4, 7.9, 8.0, 6.1, 5.3, 10.1, 7.0, 8.0, 6.1, 5.6, 5.7, 5.7, 6.6, 5.6, 5.2, 4.3, 6.3, 6.4, 8.0, 8.2, 6.8, 4.6, 6.7, 7.2, 6.1, 6.2, 4.7, 5.9, 6.5, 5.5, 8.8, 4.4, 8.5, 5.6, 5.7, 6.4, 6.0, 4.6, 5.7, 5.2, 6.6, 7.6, 5.9, 6.5, 6.0, 5.9, 6.1, 5.0, 7.2, 6.7, 7.0, 5.8, 7.0, 7.4, 7.9, 7.1, 6.9, 8.3, 7.0, 7.2, 8.1, 6.7, 6.8, 6.8, 6.2, 7.3, 7.0, 7.1, 7.5, 7.2, 7.1, 6.7, 8.3, 7.3, 6.8, 6.7, 6.8, 7.1, 7.1, 6.6, 7.0, 7.0, 7.2, 6.3, 7.1, 7.1, 7.2, 7.1, 7.4, 7.2, 7.0]
loss_list=[1.9727613219949938, 1.514305294089847, 1.143758161101076, 0.9673977530499299, 0.760571022629738, 0.6861548365486992, 0.6406503626166117, 0.5386720185188785, 0.5067262176010344, 0.49551371356058455, 0.4340234739085039, 0.41764705015553366, 0.39410058580959834, 0.3747528675157163, 0.3737002305189767, 0.3370307030471871, 0.3231890384371703, 0.28697532906197004, 0.30963162842517095, 0.31375079578616544, 0.2675256154344728, 0.28220413030332164, 0.2474839583494597, 0.21457207189510683, 0.24304520287292283, 0.17484492481453343, 0.19091375424759457, 0.21023171151108622, 0.1738417167100124, 0.17200470346000254, 0.15032101948538593, 0.10345972052089766, 0.13268872951635988, 0.14177983523799212, 0.11137948877430362, 0.08968179340571321, 0.082779405254405, 0.10915618257532415, 0.08322193574431974, 0.07310938822318952, 0.06260828678247182, 0.06226559023573322, 0.06569521510365625, 0.047142755819626875, 0.029653926692683144, 0.030264650502487923, 0.019917368708960975, 0.025892400817667503, 0.022000263106795804, 0.011977601266116834, 0.015245978306565022, 0.012787510372905262, 0.015206507783667703, 0.008016294502497958, 0.019626130519124367, 0.003535766038306368, 0.004089177530986489, 0.010003130809766139, 0.008648234487902503, 0.0038894160431259977, 0.005373676144711983, 0.0032913195643211822, 0.0041529440840369905, 0.007489866443275888, 0.0029822198416513865, 0.0016346148877993169, 0.004133974366510909, 0.002731007614654826, 0.0016704641132188655, 0.004439034543837704, 0.0022149915247751378, 0.0013726838983550101, 0.0022826886289921172, 0.003240057511906748, 0.00142169603047983, 0.0021763078125918082, 0.0013535563499155819, 0.0012668161368249763, 0.001872560598033791, 0.0012668647556751645, 0.001177513143104281, 0.005125905414606678, 0.0009914218098775664, 0.0009029321208880799, 0.00086302858565533, 0.0011683316954359828, 0.0009011813260763623, 0.0008902558823885759, 0.0013397028002509615, 0.0021222159653633645, 0.0007206115752261315, 0.0027352071949604175, 0.0032308018930941925, 0.0008033996557302696, 0.0007828009707413406, 0.0007380900653596554, 0.0007231944799423218, 0.0007297226070901769, 0.0007040210726134119, 0.000760460949831112]
BBSR:7.4
ABSR:7.06
max acc:72.74
