======================================
    IID: 1
    Dataset: cifar
    Model: resnet
    Model Init: None
    Aggregation Function: mr_abs
    Long attack: 5
    Wide attack: 5
    Threshold reject: 0.6
    Threshold down: 0.0
    Attack method: dba
    Fraction of malicious agents: 15.0%
    Poison Frac: 0.2
    Backdoor From 7 to 5
    Attack Begin: 0
    Trigger Shape: square
    Trigger Position X: 0
    Trigger Position Y: 0
    Number of agents: 100
    Fraction of agents each turn: 30(30.0%)
    Local batch size: 50
    Local epoch: 3
    Client_LR: 0.01
    Client_Momentum: 0.9
    Global Rounds: 100
======================================
main_task_accuracy=[0, 10.020000457763672, 22.299999237060547, 43.5, 44.09000015258789, 48.79999923706055, 53.47999954223633, 55.209999084472656, 55.97999954223633, 60.88999938964844, 61.45000076293945, 63.189998626708984, 62.45000076293945, 64.68000030517578, 64.36000061035156, 64.75, 65.41000366210938, 66.41999816894531, 66.7300033569336, 66.4800033569336, 68.12999725341797, 67.98999786376953, 68.43000030517578, 67.83999633789062, 69.06999969482422, 69.0, 70.55999755859375, 69.02999877929688, 70.9800033569336, 70.55000305175781, 71.3499984741211, 71.0999984741211, 70.66000366210938, 71.93000030517578, 71.48999786376953, 72.87000274658203, 71.83999633789062, 73.29000091552734, 73.25, 73.47000122070312, 73.56999969482422, 73.12999725341797, 73.43000030517578, 73.73999786376953, 73.7699966430664, 73.83000183105469, 73.44000244140625, 73.83000183105469, 73.56999969482422, 73.62999725341797, 73.98999786376953, 73.83999633789062, 73.80999755859375, 73.87000274658203, 73.79000091552734, 73.80999755859375, 73.88999938964844, 73.80000305175781, 73.80999755859375, 73.7699966430664, 73.7300033569336, 73.83999633789062, 73.7699966430664, 73.73999786376953, 73.80999755859375, 73.94999694824219, 73.66000366210938, 73.77999877929688, 73.69000244140625, 73.77999877929688, 73.7300033569336, 73.88999938964844, 73.75, 73.80000305175781, 73.70999908447266, 73.72000122070312, 73.79000091552734, 73.79000091552734, 73.63999938964844, 73.69999694824219, 73.66000366210938, 73.68000030517578, 73.75, 73.63999938964844, 73.62000274658203, 73.66000366210938, 73.55999755859375, 73.51000213623047, 73.58999633789062, 73.4800033569336, 73.54000091552734, 73.48999786376953, 73.5199966430664, 73.44000244140625, 73.5199966430664, 73.4800033569336, 73.55000305175781, 73.52999877929688, 73.37000274658203, 73.54000091552734, 73.5199966430664]
backdoor_accuracy=[0, 0.0, 10.8, 18.9, 18.4, 12.5, 18.1, 11.5, 15.5, 9.5, 11.5, 10.3, 10.0, 8.3, 7.4, 7.1, 5.3, 5.1, 6.8, 3.9, 5.0, 5.0, 5.2, 4.0, 5.4, 6.6, 6.7, 4.7, 5.0, 6.3, 4.6, 6.8, 4.5, 6.9, 6.0, 8.0, 6.0, 9.1, 6.3, 6.9, 7.0, 6.6, 6.0, 6.8, 5.7, 7.4, 7.7, 6.5, 9.1, 6.5, 7.9, 5.8, 8.7, 8.9, 7.2, 7.9, 8.5, 8.0, 7.0, 9.1, 7.7, 7.5, 7.9, 8.6, 8.5, 9.5, 7.4, 7.5, 6.3, 10.1, 8.2, 8.0, 8.5, 9.7, 8.8, 7.8, 8.4, 9.4, 8.3, 9.3, 9.1, 9.0, 8.0, 7.8, 7.8, 8.9, 8.6, 8.8, 9.5, 9.1, 8.8, 8.6, 9.2, 9.6, 9.3, 9.6, 9.2, 8.0, 9.5, 9.1, 9.1]
loss_list=[2.0418799834781223, 1.6559860871897802, 1.2430013635754589, 1.0378870854278406, 0.8482415595899027, 0.7340406039605537, 0.6421553545527988, 0.5829018358555105, 0.55459128546632, 0.5321165174494188, 0.45994573151485785, 0.44475530421568293, 0.39640697392531565, 0.39551161291284703, 0.3583755431024151, 0.3890372815210786, 0.35251243742389815, 0.3358223739214655, 0.2952148191149657, 0.30256829884938063, 0.26846423639527833, 0.2701908502996796, 0.27929091849105636, 0.22850729801071187, 0.27207738074267074, 0.21293761828448626, 0.20734163665781832, 0.167353116734626, 0.14842693619973338, 0.16283849486524962, 0.19495891074223134, 0.15568228304347334, 0.11948336910340003, 0.14603149095989973, 0.1132827815924409, 0.12949126211370132, 0.05643226870477923, 0.07411585450146556, 0.05487786864671053, 0.06359252126855103, 0.08972521130603534, 0.05584183421050611, 0.04584874379416256, 0.03340333626964517, 0.04529647823293797, 0.07082626216136205, 0.03597661218534793, 0.08291702845298765, 0.031996088751798706, 0.011973895887786056, 0.01638066143686754, 0.029744454676951537, 0.009846724050067781, 0.01908087771360038, 0.01481537596940244, 0.007465205415743792, 0.005785345142940059, 0.005543036637860093, 0.007141012975027682, 0.0062256773870386604, 0.004235941506356336, 0.006374460179310216, 0.00935265318825259, 0.007253553296419948, 0.004985007440005172, 0.002463260515376331, 0.005741996793432108, 0.018753205852020383, 0.0026086531517082938, 0.008007264767754048, 0.0032086362800328064, 0.0026127051266505285, 0.0028975241014106558, 0.0018379047329330608, 0.00338371920357329, 0.002016522675419562, 0.0014882859973537655, 0.002377359309886945, 0.003292918230993868, 0.0010717442227420784, 0.0012065072358624696, 0.0030599565805783245, 0.0023020340157624258, 0.0017100211193610446, 0.0009666602348038899, 0.0014518909695551778, 0.0011571329767967758, 0.0009977481164484441, 0.0009044549951310424, 0.001097481260763339, 0.0012149496316851585, 0.0008705889216475449, 0.0012858977899789655, 0.004610370379305094, 0.001404684072242364, 0.0007864628880795661, 0.0021648846675897306, 0.0010202067539729696, 0.0007527631984137567, 0.0007875455657550547]
BBSR:9.6
ABSR:9.12
max acc:73.55
