======================================
    IID: 1
    Dataset: cifar
    Model: resnet
    Model Init: None
    Aggregation Function: mr_abs
    Long attack: 5
    Wide attack: 5
    Threshold reject: 0.8
    Threshold down: 0.0
    Attack method: dba
    Fraction of malicious agents: 15.0%
    Poison Frac: 0.2
    Backdoor From 7 to 5
    Attack Begin: 0
    Trigger Shape: square
    Trigger Position X: 0
    Trigger Position Y: 0
    Number of agents: 100
    Fraction of agents each turn: 30(30.0%)
    Local batch size: 50
    Local epoch: 3
    Client_LR: 0.01
    Client_Momentum: 0.9
    Global Rounds: 100
======================================
main_task_accuracy=[0, 11.449999809265137, 28.309999465942383, 46.369998931884766, 45.4900016784668, 51.130001068115234, 52.439998626708984, 56.720001220703125, 59.20000076293945, 59.08000183105469, 63.08000183105469, 62.630001068115234, 65.05000305175781, 65.76000213623047, 66.01000213623047, 66.69000244140625, 66.33999633789062, 67.56999969482422, 65.4000015258789, 66.62000274658203, 68.7699966430664, 67.41000366210938, 68.47000122070312, 68.61000061035156, 67.94999694824219, 70.05000305175781, 69.63999938964844, 70.0199966430664, 70.58000183105469, 70.58000183105469, 71.27999877929688, 71.9000015258789, 71.80999755859375, 71.93000030517578, 72.1500015258789, 72.75, 72.7300033569336, 72.5999984741211, 73.08000183105469, 73.44000244140625, 73.38999938964844, 73.45999908447266, 73.75, 73.52999877929688, 73.6500015258789, 73.43000030517578, 73.80999755859375, 73.72000122070312, 73.7300033569336, 73.91000366210938, 73.63999938964844, 73.44000244140625, 73.94000244140625, 73.83000183105469, 73.7300033569336, 73.73999786376953, 73.80000305175781, 73.80999755859375, 73.69999694824219, 73.6500015258789, 73.5, 73.66999816894531, 73.56999969482422, 73.43000030517578, 73.27999877929688, 73.38999938964844, 73.41999816894531, 73.38999938964844, 73.52999877929688, 73.58000183105469, 73.4000015258789, 73.33999633789062, 73.48999786376953, 73.41000366210938, 73.31999969482422, 73.33999633789062, 73.47000122070312, 73.43000030517578, 73.33000183105469, 73.22000122070312, 73.3499984741211, 73.30000305175781, 73.20999908447266, 73.3499984741211, 73.23999786376953, 73.30999755859375, 73.37000274658203, 73.33000183105469, 73.58999633789062, 73.4000015258789, 73.30000305175781, 73.27999877929688, 73.3499984741211, 73.25, 73.37000274658203, 73.20999908447266, 73.2300033569336, 73.16000366210938, 73.27999877929688, 73.33000183105469, 73.23999786376953]
backdoor_accuracy=[0, 0.0, 8.6, 20.9, 16.0, 10.6, 15.8, 10.7, 10.8, 14.6, 8.6, 11.5, 8.4, 4.8, 7.5, 9.5, 10.4, 7.4, 11.8, 10.9, 5.8, 6.1, 9.2, 7.6, 6.1, 6.9, 10.6, 8.4, 10.3, 7.9, 9.4, 8.6, 6.3, 9.8, 7.4, 8.7, 8.2, 9.6, 10.6, 8.8, 11.7, 11.1, 10.4, 9.5, 8.8, 11.4, 10.3, 10.2, 11.3, 12.7, 13.5, 12.6, 13.2, 12.7, 12.3, 14.6, 11.3, 12.7, 10.8, 14.3, 13.0, 12.3, 13.6, 12.7, 13.3, 14.2, 13.4, 13.7, 14.6, 12.7, 12.5, 14.3, 13.6, 11.5, 13.7, 13.9, 12.2, 12.8, 14.0, 14.3, 13.4, 14.2, 13.8, 15.4, 14.9, 14.9, 14.7, 15.0, 13.3, 13.8, 14.4, 14.4, 14.1, 15.1, 14.3, 14.8, 14.6, 15.3, 15.2, 14.0, 14.6]
loss_list=[1.9888007019625766, 1.5322878558105892, 1.1028970549172825, 0.9537878543469642, 0.7328088925323553, 0.6864078612501422, 0.5875426121511392, 0.520653360904091, 0.5503571497276425, 0.4541857727844682, 0.4425888430637617, 0.40582036431671853, 0.3999328465107829, 0.380855412594974, 0.3299344264922871, 0.3337667129820006, 0.28680131206495896, 0.3389552894358834, 0.2831531334389002, 0.2773036202012251, 0.26322123422727195, 0.2299636117053322, 0.2365578174911853, 0.2518451160792676, 0.20327965356099106, 0.20073751619396113, 0.19539188830725224, 0.19060892710746785, 0.17465647699505402, 0.1427400647352139, 0.12624670440188815, 0.13006700673024169, 0.12543101519747224, 0.08636536267799481, 0.09701331705656942, 0.07469079752627295, 0.08724879525575992, 0.08936200171094646, 0.06692891583661548, 0.05610652359273647, 0.07071360337838996, 0.06207196917443068, 0.05890476251493156, 0.037732538644211465, 0.07468272483141238, 0.033705259216755316, 0.02995546132668905, 0.02282809431713152, 0.01583109887371797, 0.01983901427053044, 0.02874460619670572, 0.015658563027455885, 0.010905226983563299, 0.021434601320813984, 0.006257772129740461, 0.02008162031333389, 0.006880400534234165, 0.009400589077817538, 0.005426322604002457, 0.006854273817007196, 0.0065180935387131, 0.004155899213413553, 0.0039887614996567, 0.005652013797096312, 0.0023128573610220983, 0.007092439752612133, 0.0028821927622225806, 0.0019493092084303496, 0.0023655488196042524, 0.0027088729968656683, 0.0027512603641662277, 0.004534938548604259, 0.0021153011216988996, 0.0025966028452967293, 0.0018725146346130518, 0.0037327875500260325, 0.0020391971091319448, 0.00166505294197931, 0.0013541857445024009, 0.0013102395962293182, 0.0029745360620937493, 0.0018754048622617529, 0.0022418400855046144, 0.0011090696979226776, 0.0023224155131093636, 0.0008905807481399582, 0.0009793181963808216, 0.002351497541458229, 0.001466824122107937, 0.0008126284638355071, 0.0007822862396197807, 0.0008818218482014747, 0.0008312022577835404, 0.0007282850637986688, 0.000846962948797025, 0.0006915675284754899, 0.001084409450219634, 0.0007001759427576971, 0.0006829774116259715, 0.0010762398171856248]
BBSR:15.3
ABSR:14.64
max acc:73.37
