======================================
    IID: 0
    Dataset: mnist
    Model: Mnist_CNN
    Model Init: None
    Aggregation Function: our
    Long attack: 5
    Wide attack: 5
    Attack method: badnet
    Fraction of malicious agents: 15.0%
    Poison Frac: 0.2
    Backdoor From 7 to 5
    Attack Begin: 0
    Trigger Shape: square
    Trigger Position X: 0
    Trigger Position Y: 0
    Number of agents: 100
    Fraction of agents each turn: 30(30.0%)
    Local batch size: 50
    Local epoch: 3
    Client_LR: 0.01
    Client_Momentum: 0.9
    Global Rounds: 100
======================================
main_task_accuracy=[0, 9.850000381469727, 18.860000610351562, 25.75, 22.0, 49.20000076293945, 34.34000015258789, 52.06999969482422, 36.650001525878906, 58.68000030517578, 57.65999984741211, 50.65999984741211, 63.209999084472656, 60.63999938964844, 64.51000213623047, 60.7400016784668, 57.16999816894531, 58.150001525878906, 53.25, 63.15999984741211, 58.959999084472656, 61.08000183105469, 59.20000076293945, 56.33000183105469, 56.400001525878906, 60.63999938964844, 61.97999954223633, 62.400001525878906, 61.4900016784668, 63.15999984741211, 61.9900016784668, 58.72999954223633, 65.73999786376953, 65.45999908447266, 64.72000122070312, 62.72999954223633, 63.40999984741211, 62.16999816894531, 67.5999984741211, 66.30000305175781, 65.33000183105469, 68.19999694824219, 66.45999908447266, 65.7300033569336, 65.23999786376953, 66.25, 67.91000366210938, 66.52999877929688, 66.29000091552734, 65.37999725341797, 67.38999938964844, 65.58999633789062, 66.45999908447266, 67.63999938964844, 67.0999984741211, 67.58000183105469, 67.38999938964844, 66.83999633789062, 64.19999694824219, 62.72999954223633, 67.97000122070312, 67.0999984741211, 68.41000366210938, 67.87000274658203, 68.72000122070312, 67.31999969482422, 67.93000030517578, 65.36000061035156, 65.94999694824219, 67.13999938964844, 69.0, 66.5, 65.06999969482422, 63.939998626708984, 67.55000305175781, 66.83000183105469, 66.86000061035156, 64.80000305175781, 66.66000366210938, 65.05999755859375, 68.27999877929688, 67.2300033569336, 66.69999694824219, 67.94000244140625, 67.47000122070312, 64.2300033569336, 69.01000213623047, 68.05999755859375, 69.54000091552734, 69.38999938964844, 68.62000274658203, 68.05999755859375, 67.63999938964844, 68.51000213623047, 67.55000305175781, 68.0199966430664, 67.63999938964844, 67.69000244140625, 66.94000244140625, 66.41000366210938, 66.4000015258789]
backdoor_accuracy=[0, 0.0, 0.0, 0.0, 0.0, 0.0, 0.0, 0.0, 0.0, 0.0, 0.0, 0.0, 0.0, 0.0, 0.0, 0.0, 0.0, 0.0, 0.0, 0.0, 0.0, 0.0, 0.0, 0.0, 0.0, 0.0, 0.0, 0.0, 0.0, 0.0, 0.0, 0.0, 0.0, 0.0, 0.0, 0.0, 0.0, 0.0, 0.0, 0.0, 0.0, 0.0, 0.0, 0.0, 0.0, 0.0, 0.0, 0.0, 0.0, 0.0, 0.0, 0.0, 0.0, 0.0, 0.0, 0.0, 0.0, 0.48638132295719844, 0.7782101167315175, 1.9455252918287937, 4.571984435797665, 0.5836575875486382, 0.6809338521400778, 0.48638132295719844, 7.684824902723736, 2.7237354085603114, 2.6264591439688716, 8.754863813229573, 2.140077821011673, 1.7509727626459144, 3.404669260700389, 2.3346303501945527, 2.821011673151751, 1.7509727626459144, 4.182879377431907, 6.614785992217898, 5.447470817120623, 6.22568093385214, 3.9883268482490273, 2.529182879377432, 22.56809338521401, 12.937743190661479, 2.6264591439688716, 5.642023346303502, 2.6264591439688716, 15.077821011673151, 3.9883268482490273, 2.140077821011673, 3.7937743190661477, 0.8754863813229572, 0.7782101167315175, 0.8754863813229572, 0.8754863813229572, 1.264591439688716, 4.571984435797665, 4.085603112840467, 37.64591439688716, 85.50583657587549, 77.72373540856032, 49.02723735408561, 69.45525291828794]
loss_list=[0.4470924509800121, 0.5426155976207058, 0.624347122572693, 0.5535208398586139, 0.6790081229223955, 0.4800107589993916, 0.6170176612510854, 0.34433651252354547, 0.46721911225880675, 0.3474567262995934, 0.28983503616720196, 0.4586302592578966, 0.3675540354733822, 0.36103982084149616, 0.2980908745007741, 0.29468165325707324, 0.37128703863815443, 0.4028621622590245, 0.458852033909003, 0.39063054299905237, 0.38222673058837836, 0.35503624823047886, 0.35639252122154425, 0.2791785290869225, 0.42121109163033393, 0.29059716261663154, 0.3433159965839439, 0.324980566805166, 0.3666988417358496, 0.40489214021916664, 0.3914418872803671, 0.335035867065824, 0.27758395326352187, 0.2983671317310687, 0.3478614829716705, 0.3041668156913181, 0.37612369080646235, 0.4195405254883248, 0.2966791064088858, 0.35099334178206465, 0.3879206089981897, 0.3737257384910408, 0.3596129523283176, 0.3870287764507074, 0.3521541335732188, 0.39235500296078574, 0.4559488654515341, 0.17706673771306025, 0.2836693340023102, 0.4366581897006429, 0.32179485954612413, 0.326865755484377, 0.3580649716072267, 0.3748617611203811, 0.3867461082912049, 0.3394361984449095, 0.3297418303405178, 0.31581736346170614, 0.2669270208769096, 0.3759854884352732, 0.2584425650416061, 0.4034053081707691, 0.25756156546708614, 0.30409825826994724, 0.22359582417567106, 0.4120840158813477, 0.371655752168445, 0.28049387458719366, 0.3396907328751622, 0.4033679525535786, 0.39207559224831434, 0.20508485188214273, 0.258547457024913, 0.32358942727294304, 0.29485228000429237, 0.33876466538176253, 0.31036310900362774, 0.25787269347654296, 0.2279665044263185, 0.40489111223146923, 0.22856528821812147, 0.3307072212265799, 0.3947092209134275, 0.2769345822547377, 0.3867338663325459, 0.355243964652727, 0.34725330623219436, 0.35702458878238136, 0.3435695173147532, 0.31722605109734164, 0.24400829087215575, 0.20932386012368143, 0.39455646833745794, 0.44716420031237897, 0.3387733266062392, 0.3392228176331872, 0.4210427673031789, 0.2863672308892786, 0.3239806564747392, 0.37976855396912396]
BBSR:85.51
ABSR:33.1
max acc:68.51