======================================
    IID: 1
    Dataset: cifar
    Model: resnet
    Model Init: None
    Aggregation Function: mr_duc
    Long attack: 4
    Wide attack: 4
    Threshold reject: 0.5
    Threshold down: 0.2
    Attack method: dba
    Fraction of malicious agents: 15.0%
    Poison Frac: 0.2
    Backdoor From 7 to 5
    Attack Begin: 0
    Trigger Shape: square
    Trigger Position X: 0
    Trigger Position Y: 0
    Number of agents: 100
    Fraction of agents each turn: 30(30.0%)
    Local batch size: 50
    Local epoch: 3
    Client_LR: 0.01
    Client_Momentum: 0.9
    Global Rounds: 100
======================================
main_task_accuracy=[0, 10.420000076293945, 29.0, 43.349998474121094, 47.790000915527344, 51.93000030517578, 55.400001525878906, 56.209999084472656, 59.11000061035156, 60.77000045776367, 61.720001220703125, 63.56999969482422, 63.470001220703125, 64.94999694824219, 65.56999969482422, 65.9000015258789, 65.73999786376953, 67.83000183105469, 65.41000366210938, 68.1500015258789, 68.13999938964844, 68.5199966430664, 69.02999877929688, 69.0999984741211, 69.31999969482422, 70.72000122070312, 70.12000274658203, 70.76000213623047, 71.54000091552734, 71.58000183105469, 70.69000244140625, 71.44000244140625, 72.37000274658203, 72.29000091552734, 72.5, 72.27999877929688, 72.51000213623047, 73.08999633789062, 72.81999969482422, 73.16000366210938, 72.80000305175781, 73.02999877929688, 73.58999633789062, 73.31999969482422, 73.38999938964844, 73.16000366210938, 73.3499984741211, 73.48999786376953, 73.5199966430664, 73.51000213623047, 73.4800033569336, 73.61000061035156, 73.54000091552734, 73.75, 73.63999938964844, 73.4000015258789, 73.69999694824219, 73.69999694824219, 73.47000122070312, 73.6500015258789, 73.56999969482422, 73.36000061035156, 73.52999877929688, 73.41999816894531, 73.55000305175781, 73.48999786376953, 73.22000122070312, 73.27999877929688, 73.37999725341797, 73.30000305175781, 73.16000366210938, 73.31999969482422, 73.16999816894531, 73.0, 73.11000061035156, 73.1500015258789, 73.12000274658203, 73.0, 72.95999908447266, 72.98999786376953, 72.94000244140625, 73.18000030517578, 73.02999877929688, 72.88999938964844, 72.94999694824219, 72.98999786376953, 72.9800033569336, 73.08000183105469, 72.94000244140625, 72.94000244140625, 72.8499984741211, 73.06999969482422, 72.98999786376953, 72.86000061035156, 72.86000061035156, 72.88999938964844, 72.8499984741211, 72.94000244140625, 72.88999938964844, 72.94999694824219, 72.77999877929688]
backdoor_accuracy=[0, 0.0, 9.0, 19.2, 14.3, 12.0, 11.6, 8.5, 5.6, 5.4, 7.3, 5.4, 5.4, 10.8, 9.4, 7.7, 4.3, 7.2, 6.6, 5.8, 5.3, 7.0, 6.5, 5.4, 6.0, 4.5, 7.8, 7.5, 7.7, 5.4, 5.9, 3.6, 9.3, 7.8, 7.4, 6.7, 7.2, 8.3, 6.7, 9.8, 7.0, 9.1, 9.3, 8.7, 9.8, 9.9, 8.3, 8.1, 8.9, 11.2, 11.4, 10.8, 12.4, 10.2, 7.9, 9.4, 11.0, 10.7, 10.0, 10.4, 12.6, 10.2, 11.2, 9.0, 9.8, 9.4, 12.0, 11.6, 11.0, 10.8, 10.8, 12.0, 10.9, 11.7, 12.3, 11.7, 10.7, 10.9, 11.7, 11.5, 11.9, 12.5, 12.3, 11.3, 12.4, 11.1, 12.0, 11.9, 11.4, 12.3, 11.7, 11.9, 12.2, 12.6, 12.1, 12.2, 11.9, 11.7, 12.3, 12.2, 13.1]
loss_list=[1.997413746251, 1.5218356664313208, 1.1422033089068198, 0.9633070673710769, 0.7998159544666608, 0.6671325265409218, 0.636717012160354, 0.5651814781667458, 0.5156348754010268, 0.48320878964952296, 0.42890875913202764, 0.4117743390012119, 0.41987104580841134, 0.363545611579385, 0.39303285964661167, 0.3476072148316437, 0.33007411130083103, 0.3134074351005257, 0.29003760360181335, 0.2763933443469513, 0.2724866728795072, 0.267294360612933, 0.23434616184069051, 0.24745131655492716, 0.18327703189932637, 0.19810614886771263, 0.1839597537849719, 0.1791060283333839, 0.14339124997987204, 0.1921616487787105, 0.18938292383966554, 0.11134157671399104, 0.11402206741803739, 0.11044300296757784, 0.13568572326421016, 0.08227577197856993, 0.11532190926288927, 0.0757668440151287, 0.06530359320433086, 0.1110252979847913, 0.05357583276584694, 0.031804950163803164, 0.03807413457679408, 0.04576315566590186, 0.04443943143214305, 0.06395454964034596, 0.024998022421948717, 0.027811256589937126, 0.008423188392803743, 0.011525768085622171, 0.02172927158212082, 0.015476176169823802, 0.014999264846717576, 0.016118400089261638, 0.018022043155732616, 0.014412989196781483, 0.0040473812780530555, 0.013073183429902806, 0.003606861829191782, 0.0035337984743495725, 0.004587985199581857, 0.0075869240502005495, 0.01147088737948151, 0.005516269800072121, 0.0032488074387300816, 0.010293665583433016, 0.0036097606966925214, 0.0035364260721123886, 0.004960574078205456, 0.0018192184065669106, 0.002993416197455694, 0.004052437950401024, 0.002137936530958137, 0.0014810282336515637, 0.001321675355284242, 0.0024807434843549135, 0.0014588233027542526, 0.0012382123601694022, 0.0022093214492552864, 0.00113366789093157, 0.0023171254322611884, 0.0010921016286334231, 0.0011002034089243452, 0.0009618234601738447, 0.0014519082140112814, 0.0008952203449573263, 0.0012078904988528745, 0.0011255084560899478, 0.0009107296045193732, 0.0008171395146038977, 0.002355969902006716, 0.0017378399775205059, 0.000820455820018348, 0.0007231407692678558, 0.0006795702729626404, 0.0013687763974141692, 0.001789128263440539, 0.0006262325433474164, 0.0007033201988815562, 0.0007106292407600751]
BBSR:13.1
ABSR:12.22
max acc:73.07
