======================================
    IID: 1
    Dataset: cifar
    Model: resnet
    Model Init: None
    Aggregation Function: mr_duc
    Long attack: 3
    Wide attack: 3
    Threshold reject: 0.5
    Threshold down: 0.2
    Attack method: badnet
    Fraction of malicious agents: 15.0%
    Poison Frac: 0.2
    Backdoor From 7 to 5
    Attack Begin: 0
    Trigger Shape: square
    Trigger Position X: 0
    Trigger Position Y: 0
    Number of agents: 100
    Fraction of agents each turn: 30(30.0%)
    Local batch size: 50
    Local epoch: 3
    Client_LR: 0.01
    Client_Momentum: 0.9
    Global Rounds: 100
======================================
main_task_accuracy=[0, 10.109999656677246, 29.65999984741211, 43.2400016784668, 46.540000915527344, 51.52000045776367, 52.849998474121094, 55.849998474121094, 56.59000015258789, 61.18000030517578, 60.810001373291016, 63.540000915527344, 63.45000076293945, 64.29000091552734, 64.83000183105469, 66.12000274658203, 66.06999969482422, 66.81999969482422, 68.80000305175781, 68.12000274658203, 68.37000274658203, 68.41000366210938, 67.62999725341797, 69.16999816894531, 69.58999633789062, 69.6500015258789, 69.6500015258789, 69.01000213623047, 71.72000122070312, 71.55000305175781, 71.19000244140625, 72.3499984741211, 72.29000091552734, 72.31999969482422, 72.80999755859375, 72.83999633789062, 72.62999725341797, 72.73999786376953, 73.06999969482422, 73.62000274658203, 73.73999786376953, 73.2300033569336, 74.01000213623047, 74.0, 73.91000366210938, 73.8499984741211, 74.05000305175781, 73.98999786376953, 73.87999725341797, 73.58000183105469, 73.66000366210938, 73.55999755859375, 73.61000061035156, 73.63999938964844, 73.51000213623047, 73.4000015258789, 73.56999969482422, 73.33000183105469, 73.51000213623047, 73.37000274658203, 73.45999908447266, 73.37999725341797, 73.16999816894531, 73.4800033569336, 73.33000183105469, 73.29000091552734, 73.43000030517578, 73.19999694824219, 73.54000091552734, 73.2699966430664, 73.31999969482422, 73.26000213623047, 73.25, 73.19000244140625, 73.13999938964844, 73.20999908447266, 73.22000122070312, 73.16999816894531, 73.13999938964844, 73.18000030517578, 73.04000091552734, 73.04000091552734, 73.19000244140625, 73.12999725341797, 73.06999969482422, 73.16999816894531, 72.94999694824219, 73.0999984741211, 73.0199966430664, 72.9800033569336, 73.06999969482422, 72.9000015258789, 72.97000122070312, 72.98999786376953, 73.02999877929688, 73.06999969482422, 72.9800033569336, 73.08000183105469, 73.12999725341797, 73.11000061035156, 73.11000061035156]
backdoor_accuracy=[0, 0.0, 6.6, 14.3, 9.0, 7.3, 13.0, 9.2, 10.9, 11.2, 8.9, 8.7, 10.5, 5.5, 8.1, 3.1, 4.5, 8.4, 6.3, 5.8, 9.1, 6.6, 5.5, 3.9, 6.5, 3.3, 5.0, 4.4, 5.3, 4.3, 4.1, 5.5, 7.1, 4.5, 4.8, 4.3, 6.1, 7.2, 10.8, 6.3, 4.7, 7.9, 7.0, 6.0, 6.1, 5.1, 7.7, 8.4, 6.6, 5.8, 6.6, 7.9, 7.0, 6.8, 5.9, 6.3, 7.9, 6.5, 6.5, 6.4, 6.1, 6.5, 6.2, 7.0, 6.7, 6.5, 5.8, 6.3, 6.9, 6.2, 6.2, 7.2, 7.2, 6.9, 8.7, 6.6, 6.9, 6.2, 6.4, 7.6, 7.1, 6.7, 7.1, 6.5, 6.8, 6.5, 6.7, 7.0, 7.1, 7.0, 6.8, 6.9, 7.1, 6.9, 6.9, 7.0, 6.9, 7.4, 7.3, 7.2, 7.1]
loss_list=[1.9867856285307144, 1.5396963852643968, 1.1157391062213315, 0.9543934130006365, 0.7662724749412801, 0.6955446318288645, 0.6011339756349724, 0.5897795378168423, 0.4893419716362323, 0.5133395581195752, 0.41934733768304183, 0.43646634365949366, 0.40050368729564867, 0.35413835306755365, 0.3358978524783419, 0.34510687674913143, 0.3880095973238349, 0.2739772423305031, 0.2965209640396966, 0.2746177580973341, 0.27691159318149505, 0.2309459417835913, 0.22166782653217923, 0.21070746469104457, 0.20225668805444413, 0.22346449062383422, 0.22838502905486768, 0.1539043356527367, 0.17225002113522755, 0.17583164511235536, 0.12029914506542909, 0.127452801026973, 0.1177761606512488, 0.09267556296363992, 0.09453046193074746, 0.11011255353184725, 0.09690336226239905, 0.09144988949016097, 0.07160697265618685, 0.058208554986114096, 0.08165802206578922, 0.04272014714298874, 0.03519104993145447, 0.040397663317594874, 0.05536154093249933, 0.042784303914943124, 0.014873401819915871, 0.018769150269314805, 0.013451421568493566, 0.012948483799829975, 0.016305082196195145, 0.015799117554205527, 0.007064411707801307, 0.019501001866932103, 0.004474220764726244, 0.0033030941173233753, 0.0038911159488230216, 0.005155920805086174, 0.0032534375533254606, 0.004374787105488293, 0.006019677176906652, 0.002743620248285071, 0.0035626877254819403, 0.0028666677327419164, 0.0035273884741440667, 0.0037043818684388604, 0.004332367237220749, 0.006271172972402483, 0.0017642044119161762, 0.0021739838043059634, 0.0015382621826251532, 0.0013460800104561103, 0.001668987019947963, 0.0036585987434308567, 0.0014101256414141975, 0.0010823065591426307, 0.0021510665530270977, 0.0012848608967194904, 0.0012143869903553017, 0.0011714280091675593, 0.002228074322661591, 0.001355283855518792, 0.0012234323426916186, 0.000884953339328705, 0.0011220280202057136, 0.0018505774697243598, 0.002124609125457937, 0.0008505923767774624, 0.0008439305933603061, 0.0043430295761208975, 0.0009147519257142751, 0.0007759402845517292, 0.0007425874077226683, 0.0007821010169653972, 0.000715550665433208, 0.0012774379512443881, 0.0007020686693512187, 0.0006042220958301589, 0.0006598248985068898, 0.0006301187131531251]
BBSR:7.4
ABSR:7.07
max acc:73.13
