======================================
    IID: 0
    Dataset: mnist
    Model: Mnist_CNN
    Model Init: None
    Aggregation Function: mr_duc
    Long attack: 5
    Wide attack: 5
    Threshold reject: 0.5
    Attack method: badnet
    Fraction of malicious agents: 15.0%
    Poison Frac: 0.2
    Backdoor From 7 to 5
    Attack Begin: 0
    Trigger Shape: square
    Trigger Position X: 0
    Trigger Position Y: 0
    Number of agents: 100
    Fraction of agents each turn: 30(30.0%)
    Local batch size: 50
    Local epoch: 3
    Client_LR: 0.01
    Client_Momentum: 0.9
    Global Rounds: 100
======================================
main_task_accuracy=[0, 26.459999084472656, 25.049999237060547, 33.880001068115234, 28.1299991607666, 30.0, 48.68000030517578, 47.15999984741211, 52.0099983215332, 56.119998931884766, 67.61000061035156, 44.369998931884766, 72.0999984741211, 76.08999633789062, 62.33000183105469, 72.94999694824219, 69.61000061035156, 83.30999755859375, 71.5199966430664, 74.94999694824219, 76.69999694824219, 74.94000244140625, 84.22000122070312, 89.23999786376953, 80.72000122070312, 80.25, 90.30000305175781, 84.95999908447266, 91.38999938964844, 88.69999694824219, 90.81999969482422, 88.91000366210938, 93.3499984741211, 92.62000274658203, 94.63999938964844, 95.1500015258789, 94.43000030517578, 94.7300033569336, 93.5999984741211, 91.36000061035156, 94.69000244140625, 94.63999938964844, 95.3499984741211, 89.55999755859375, 91.75, 94.19000244140625, 95.66000366210938, 96.12000274658203, 96.68000030517578, 93.8499984741211, 96.0999984741211, 96.87999725341797, 95.83000183105469, 96.16999816894531, 95.52999877929688, 96.41000366210938, 95.87000274658203, 94.58999633789062, 96.69000244140625, 95.75, 97.13999938964844, 96.66999816894531, 96.6500015258789, 95.36000061035156, 92.01000213623047, 93.9000015258789, 96.87999725341797, 95.87999725341797, 96.01000213623047, 96.70999908447266, 96.93000030517578, 97.47000122070312, 97.45999908447266, 96.33999633789062, 97.1500015258789, 97.02999877929688, 97.2300033569336, 96.9800033569336, 97.47000122070312, 97.30000305175781, 97.37000274658203, 97.0, 97.5, 97.38999938964844, 97.08999633789062, 97.47000122070312, 97.76000213623047, 97.98999786376953, 97.41000366210938, 97.30000305175781, 97.66999816894531, 96.95999908447266, 97.9000015258789, 97.2699966430664, 97.33000183105469, 97.9800033569336, 97.91000366210938, 97.70999908447266, 98.16999816894531, 97.6500015258789, 97.87000274658203]
backdoor_accuracy=[0, 0.0, 92.99610894941634, 0.0, 0.0, 0.0, 0.6809338521400778, 0.0, 0.0, 6.22568093385214, 0.0, 34.143968871595334, 0.0, 1.264591439688716, 0.0, 0.09727626459143969, 15.46692607003891, 0.09727626459143969, 1.3618677042801557, 0.48638132295719844, 0.38910505836575876, 3.6964980544747084, 0.48638132295719844, 1.6536964980544746, 0.09727626459143969, 1.4591439688715953, 0.48638132295719844, 0.19455252918287938, 0.8754863813229572, 0.38910505836575876, 0.2918287937743191, 1.7509727626459144, 0.19455252918287938, 0.38910505836575876, 0.7782101167315175, 0.19455252918287938, 0.48638132295719844, 0.2918287937743191, 0.48638132295719844, 0.38910505836575876, 0.48638132295719844, 0.5836575875486382, 0.19455252918287938, 0.38910505836575876, 0.48638132295719844, 0.2918287937743191, 0.5836575875486382, 0.2918287937743191, 0.48638132295719844, 0.19455252918287938, 0.48638132295719844, 0.2918287937743191, 0.2918287937743191, 0.6809338521400778, 0.0, 0.2918287937743191, 0.19455252918287938, 0.38910505836575876, 0.19455252918287938, 0.2918287937743191, 0.2918287937743191, 0.19455252918287938, 0.19455252918287938, 0.5836575875486382, 0.19455252918287938, 0.19455252918287938, 1.264591439688716, 0.19455252918287938, 0.48638132295719844, 0.0, 0.2918287937743191, 0.19455252918287938, 0.2918287937743191, 0.09727626459143969, 0.2918287937743191, 0.19455252918287938, 0.09727626459143969, 0.09727626459143969, 0.2918287937743191, 0.09727626459143969, 0.2918287937743191, 0.09727626459143969, 0.2918287937743191, 0.2918287937743191, 0.09727626459143969, 0.19455252918287938, 0.19455252918287938, 0.09727626459143969, 0.19455252918287938, 0.09727626459143969, 0.38910505836575876, 0.09727626459143969, 0.19455252918287938, 0.09727626459143969, 0.38910505836575876, 0.09727626459143969, 0.09727626459143969, 0.19455252918287938, 0.19455252918287938, 0.09727626459143969, 0.09727626459143969]
loss_list=[0.45534045743666945, 0.40353758336355, 0.3755161854777775, 0.2805555839171752, 0.35222352914383204, 0.2850897034721517, 0.2925015465207575, 0.21194933772031851, 0.1792002143162044, 0.18527353780589956, 0.20826518158612062, 0.2585605816717395, 0.18097857593222585, 0.12541077795022332, 0.12551416466485396, 0.17369765302703105, 0.17279273064485062, 0.15657054361822664, 0.13141342165214331, 0.13956871114534974, 0.13347727624786163, 0.15875910911774507, 0.10383079665681562, 0.09503164548499822, 0.10163075096720868, 0.08839059134151976, 0.10205823846630456, 0.08680211872134286, 0.09097774025867986, 0.08780413449349504, 0.09072156486820994, 0.0726223105135755, 0.06970407961693967, 0.061959296034993214, 0.06487937199345753, 0.059716497707027145, 0.06646484785428636, 0.06489067670714946, 0.061992028675368155, 0.05644716960212429, 0.053386558796624475, 0.058050560268858416, 0.05473553144232186, 0.060742563990071746, 0.05354758124229033, 0.06614332938388165, 0.05414014462907963, 0.05510700052915564, 0.05538352119204116, 0.056643307383649345, 0.044879120332882404, 0.05518594083041738, 0.04367424693881916, 0.044175997143858975, 0.04280902405189747, 0.04694702262448216, 0.04605178304480056, 0.049596895895580966, 0.040400736590098164, 0.04386276918047657, 0.0426048345027795, 0.0398969622159083, 0.04478398222867015, 0.049865011510648004, 0.05328025002101455, 0.042986619013932484, 0.03990143605508081, 0.04730187183029676, 0.044694732621209494, 0.03577905745423693, 0.034640800977251994, 0.03764221177452372, 0.041735932490129087, 0.037117835505012665, 0.034560401408934564, 0.038294679636268945, 0.03458273205856664, 0.035120463064711456, 0.033787079852173316, 0.03660017052067521, 0.03358556211953564, 0.03358637009608835, 0.03605174289956663, 0.03562466281409752, 0.03302233998893316, 0.035108269976648475, 0.028355925186596357, 0.03423510508486082, 0.03231475605344173, 0.03707589539659957, 0.036170901812395774, 0.027431945725548287, 0.03289179144024993, 0.03591978823590026, 0.032522030655369835, 0.03179468533609182, 0.032057651381653104, 0.027725647855976587, 0.03222394713432648, 0.027074074662916302]
BBSR:0.39
ABSR:0.16
max acc:98.17
