======================================
    IID: 1
    Dataset: cifar
    Model: resnet
    Model Init: None
    Aggregation Function: mr_duc
    Long attack: 2
    Wide attack: 2
    Threshold reject: 0.6
    Threshold down: 0.1
    Attack method: badnet
    Fraction of malicious agents: 15.0%
    Poison Frac: 0.2
    Backdoor From 7 to 5
    Attack Begin: 0
    Trigger Shape: square
    Trigger Position X: 0
    Trigger Position Y: 0
    Number of agents: 100
    Fraction of agents each turn: 30(30.0%)
    Local batch size: 50
    Local epoch: 3
    Client_LR: 0.01
    Client_Momentum: 0.9
    Global Rounds: 100
======================================
main_task_accuracy=[0, 10.0, 31.549999237060547, 41.20000076293945, 42.959999084472656, 52.2599983215332, 54.86000061035156, 57.5, 59.880001068115234, 59.7400016784668, 62.59000015258789, 62.38999938964844, 63.150001525878906, 63.83000183105469, 64.1500015258789, 65.7699966430664, 66.19999694824219, 67.19000244140625, 65.18000030517578, 67.69999694824219, 67.7699966430664, 64.51000213623047, 67.4800033569336, 68.16000366210938, 67.5199966430664, 70.08000183105469, 68.30000305175781, 69.6500015258789, 69.36000061035156, 70.69999694824219, 69.66000366210938, 71.1500015258789, 70.93000030517578, 71.30999755859375, 71.41999816894531, 71.87999725341797, 72.13999938964844, 72.45999908447266, 72.41000366210938, 72.20999908447266, 72.04000091552734, 72.66000366210938, 73.1500015258789, 73.08000183105469, 72.7300033569336, 73.08000183105469, 73.44000244140625, 73.31999969482422, 73.16000366210938, 73.31999969482422, 73.33999633789062, 73.55000305175781, 73.44999694824219, 73.29000091552734, 73.45999908447266, 73.4800033569336, 73.30000305175781, 73.48999786376953, 73.29000091552734, 73.25, 73.31999969482422, 73.13999938964844, 73.13999938964844, 73.0, 73.27999877929688, 73.30999755859375, 73.19999694824219, 73.02999877929688, 73.16999816894531, 73.16000366210938, 73.05000305175781, 72.94999694824219, 73.0999984741211, 73.12999725341797, 73.08000183105469, 73.05999755859375, 73.19000244140625, 73.08999633789062, 73.02999877929688, 73.0199966430664, 73.16999816894531, 73.16999816894531, 73.2699966430664, 73.0999984741211, 73.08000183105469, 73.12999725341797, 73.02999877929688, 73.08000183105469, 73.02999877929688, 73.0, 73.0999984741211, 73.0999984741211, 73.05999755859375, 72.9800033569336, 72.87000274658203, 72.88999938964844, 72.94999694824219, 72.94999694824219, 72.97000122070312, 72.95999908447266, 72.91999816894531]
backdoor_accuracy=[0, 0.0, 7.9, 4.9, 5.5, 11.7, 7.8, 13.2, 11.6, 13.2, 11.9, 10.1, 11.2, 6.7, 12.2, 8.9, 7.9, 6.8, 5.6, 5.7, 6.6, 7.5, 6.8, 5.9, 8.1, 6.1, 6.8, 8.0, 6.9, 8.9, 5.0, 7.1, 6.8, 8.6, 8.1, 8.0, 7.4, 7.6, 7.8, 8.4, 5.8, 7.0, 8.1, 9.7, 6.9, 9.8, 8.0, 5.8, 8.4, 6.4, 7.4, 8.5, 9.3, 5.8, 6.6, 7.1, 7.8, 6.6, 9.2, 8.4, 7.8, 7.4, 7.8, 8.5, 6.9, 7.2, 7.7, 7.4, 7.9, 7.0, 7.1, 7.4, 7.5, 7.5, 7.3, 7.4, 7.5, 7.2, 7.5, 6.8, 8.0, 8.3, 7.9, 8.2, 8.1, 8.1, 7.9, 7.3, 7.7, 7.4, 8.0, 7.8, 7.6, 7.7, 8.4, 8.3, 8.0, 7.9, 8.0, 7.9, 7.5]
loss_list=[1.9665141461955173, 1.5049687555763456, 1.0556682593623798, 0.9276896149913472, 0.7501599633528128, 0.6352823273092507, 0.5885625456977223, 0.5420976983507474, 0.48464188662254143, 0.4468514035352402, 0.4192050751195185, 0.4348819083803229, 0.3779244992167999, 0.39288395411852334, 0.3736163950773577, 0.33723208095464446, 0.32648867601425274, 0.27054997032663475, 0.25152019685341254, 0.2666423964991959, 0.2628717372462981, 0.2534585456074112, 0.20511921855543433, 0.21002558447161898, 0.21199992573923535, 0.19882512331629798, 0.18892259065217024, 0.17622923614353772, 0.15526981491375613, 0.15495780464688622, 0.15557124785813764, 0.1343673428722347, 0.17101786820392592, 0.12223815648105099, 0.08642613553403256, 0.08518665981511328, 0.07227449464721657, 0.06055483665550128, 0.06871834720750081, 0.06344638904349673, 0.08491392570056229, 0.058116950269904925, 0.05001955720919391, 0.054446195769835164, 0.05049651332328923, 0.033666459692370455, 0.018286864258051438, 0.021738521919760386, 0.015707887287426274, 0.03352096112836282, 0.00863433090526895, 0.0060146607860709364, 0.013084265595065921, 0.008868251248689679, 0.0073540092893785575, 0.010967256459456017, 0.005912631160608725, 0.018638382471156855, 0.004818615076219431, 0.004269123315979313, 0.0032077121444065897, 0.003658938902566055, 0.017229002109379506, 0.0028637578795314765, 0.002619671710207411, 0.0017604195641211442, 0.0024813100838380502, 0.0015883176210950802, 0.005343292162296065, 0.0019237335196844974, 0.0013964114200886492, 0.0024762275639740334, 0.0017017519944541465, 0.005634117355625171, 0.001958320742980706, 0.0016119821339088962, 0.0028388618566451535, 0.0018697125846423056, 0.005399451131880698, 0.00133685663783884, 0.0021318163126771753, 0.0010486141805045516, 0.001891740339754809, 0.000950450476731122, 0.0011309222140132788, 0.0008555151550374123, 0.0008519914934004193, 0.0007865462008097286, 0.001815625887263902, 0.0008671879165760601, 0.0008340609946672987, 0.0007831380561239915, 0.0008123241796743563, 0.002819389196204914, 0.001900354724380627, 0.0007790527703764383, 0.0006736927923177267, 0.0007123339073021069, 0.0008862161673540771, 0.0010450094371966165]
BBSR:8.4
ABSR:7.91
max acc:73.1
