======================================
    IID: 1
    Dataset: cifar
    Model: resnet
    Model Init: None
    Aggregation Function: mr_duc
    Long attack: 3
    Wide attack: 3
    Threshold reject: 0.7
    Attack method: badnet
    Fraction of malicious agents: 15.0%
    Poison Frac: 0.2
    Backdoor From 7 to 5
    Attack Begin: 0
    Trigger Shape: square
    Trigger Position X: 0
    Trigger Position Y: 0
    Number of agents: 100
    Fraction of agents each turn: 30(30.0%)
    Local batch size: 50
    Local epoch: 3
    Client_LR: 0.01
    Client_Momentum: 0.9
    Global Rounds: 100
======================================
main_task_accuracy=[0, 10.020000457763672, 31.809999465942383, 45.7400016784668, 46.52000045776367, 52.70000076293945, 54.77000045776367, 57.13999938964844, 60.2599983215332, 62.5099983215332, 62.43000030517578, 63.869998931884766, 65.16000366210938, 65.62000274658203, 65.94999694824219, 66.69999694824219, 67.58999633789062, 67.68000030517578, 68.2699966430664, 68.19000244140625, 68.19000244140625, 69.41999816894531, 69.2300033569336, 69.55000305175781, 69.02999877929688, 71.25, 70.48999786376953, 70.47000122070312, 71.13999938964844, 72.08000183105469, 72.19999694824219, 72.19000244140625, 71.91000366210938, 72.12999725341797, 72.80000305175781, 72.47000122070312, 72.55000305175781, 72.91999816894531, 72.77999877929688, 72.97000122070312, 73.11000061035156, 73.12000274658203, 73.87000274658203, 72.87000274658203, 73.33999633789062, 73.62000274658203, 73.94999694824219, 73.9800033569336, 73.69000244140625, 73.58999633789062, 73.76000213623047, 73.61000061035156, 73.41000366210938, 73.5199966430664, 73.7699966430664, 73.62999725341797, 73.62999725341797, 73.58000183105469, 73.5199966430664, 73.38999938964844, 73.36000061035156, 73.41000366210938, 73.19999694824219, 73.22000122070312, 73.0, 73.36000061035156, 73.41999816894531, 73.19000244140625, 73.16000366210938, 73.22000122070312, 73.12999725341797, 73.26000213623047, 72.94999694824219, 72.9000015258789, 72.97000122070312, 72.9000015258789, 72.97000122070312, 73.01000213623047, 72.94999694824219, 73.02999877929688, 73.05000305175781, 73.04000091552734, 72.94999694824219, 72.9000015258789, 72.83000183105469, 73.02999877929688, 72.94999694824219, 72.98999786376953, 72.93000030517578, 73.02999877929688, 72.88999938964844, 72.9000015258789, 72.86000061035156, 72.88999938964844, 72.9800033569336, 72.88999938964844, 72.81999969482422, 72.88999938964844, 72.80000305175781, 72.93000030517578, 72.94000244140625]
backdoor_accuracy=[0, 0.0, 5.5, 20.4, 21.6, 13.2, 15.7, 9.4, 9.3, 6.4, 5.5, 8.2, 6.9, 10.2, 7.3, 5.6, 8.0, 7.8, 6.0, 4.4, 6.0, 4.0, 5.9, 4.4, 7.7, 4.1, 6.7, 7.1, 3.7, 5.7, 6.3, 4.3, 6.8, 4.8, 7.5, 5.3, 5.8, 5.9, 3.2, 4.9, 7.4, 4.2, 6.9, 6.0, 7.9, 4.8, 6.8, 5.6, 6.9, 5.1, 5.7, 7.9, 4.7, 6.3, 6.8, 7.3, 6.0, 5.6, 7.3, 6.2, 7.2, 7.3, 6.2, 5.9, 6.4, 6.4, 5.5, 6.2, 6.0, 5.7, 6.0, 5.8, 6.2, 6.1, 6.2, 6.5, 5.9, 6.0, 5.2, 6.1, 6.8, 6.2, 7.1, 6.3, 6.4, 6.7, 6.4, 6.1, 6.7, 6.9, 6.5, 5.8, 6.8, 6.3, 6.3, 5.7, 6.1, 6.7, 6.9, 6.1, 6.3]
loss_list=[2.0147696854008563, 1.5327731240457958, 1.1560983823074233, 0.9653334310816392, 0.7841190178278418, 0.6997517652685444, 0.6180318434950379, 0.5526979481553038, 0.5253468481120135, 0.46179938599881204, 0.4767543520799114, 0.43587277341530556, 0.3805087732316719, 0.38530488229046267, 0.3549261881990566, 0.3548351778348701, 0.34744360333722496, 0.2879913703652306, 0.25563183744334506, 0.3238726491149929, 0.25486386281438167, 0.2467977193704186, 0.2040814071937671, 0.25282595119775375, 0.18538499928260638, 0.21300119919715352, 0.1600272174557257, 0.17827321182263806, 0.16321151608226098, 0.14630070780106408, 0.09509840143094254, 0.12913551655979566, 0.13270145036564726, 0.08561323205034974, 0.09434245701342457, 0.08964704148684785, 0.12593154902796314, 0.10790755752674563, 0.08214074751517425, 0.058460158347475547, 0.06882297211559489, 0.0620089881508223, 0.057625677237778686, 0.06095219967657208, 0.05268598048714921, 0.030874789715097807, 0.026822955087797407, 0.012452727747117427, 0.02152059446189216, 0.011882289956362606, 0.01152171444571448, 0.01926805303658411, 0.02909642710531544, 0.006479120261954249, 0.009539638143226812, 0.00827419338707437, 0.017036008892852502, 0.010807644807775635, 0.004138852164226895, 0.0043198876623743365, 0.006154708294537461, 0.01315016035042289, 0.003459504986110712, 0.007518606572800005, 0.003174329222820234, 0.002676905203487775, 0.002695495296745018, 0.002277540347519487, 0.0019966918132235554, 0.002339382232748904, 0.0014243923994783677, 0.001730241176297164, 0.0026377132051857185, 0.0016705666824741964, 0.006081180046975431, 0.0019914170623653465, 0.0011863665433419456, 0.0015589035502085204, 0.0024102901405583703, 0.0010893108649502714, 0.001259723001704616, 0.0022103617063678237, 0.0009190212839651696, 0.0009270584293295138, 0.0009235129933949793, 0.0008957656350361905, 0.002166297394020755, 0.0012349087506946586, 0.003421941634894918, 0.0013708477025971254, 0.0008589796686202237, 0.0008616441354550058, 0.0007709679413852027, 0.0007924634077062364, 0.0011879200154119942, 0.0016184429593219351, 0.0007266744286041811, 0.0007356501514651527, 0.0007009242120774514, 0.001955483997969875]
BBSR:6.9
ABSR:6.3
max acc:72.98
