======================================
    IID: 0
    Dataset: mnist
    Model: Mnist_CNN
    Model Init: None
    Aggregation Function: mr_abs
    Long attack: 3
    Wide attack: 3
    Threshold reject: 0.3
    Threshold down: 0.0
    Attack method: badnet
    Fraction of malicious agents: 15.0%
    Poison Frac: 0.2
    Backdoor From 7 to 5
    Attack Begin: 0
    Trigger Shape: square
    Trigger Position X: 0
    Trigger Position Y: 0
    Number of agents: 100
    Fraction of agents each turn: 30(30.0%)
    Local batch size: 50
    Local epoch: 3
    Client_LR: 0.01
    Client_Momentum: 0.9
    Global Rounds: 100
======================================
main_task_accuracy=[0, 37.38999938964844, 42.540000915527344, 57.7599983215332, 46.36000061035156, 62.95000076293945, 50.369998931884766, 57.959999084472656, 78.5199966430664, 68.7699966430664, 77.04000091552734, 83.91999816894531, 84.30999755859375, 83.41999816894531, 81.62999725341797, 90.08000183105469, 91.44999694824219, 89.7300033569336, 91.0199966430664, 91.66000366210938, 85.06999969482422, 92.26000213623047, 93.19999694824219, 91.44999694824219, 84.80000305175781, 90.16000366210938, 95.08000183105469, 94.0999984741211, 90.0, 95.66000366210938, 95.58999633789062, 95.88999938964844, 95.31999969482422, 94.58000183105469, 95.76000213623047, 96.77999877929688, 95.04000091552734, 94.06999969482422, 94.97000122070312, 96.08000183105469, 95.91999816894531, 96.58000183105469, 96.2699966430664, 95.62999725341797, 96.69000244140625, 93.9800033569336, 96.62999725341797, 88.56999969482422, 91.5199966430664, 96.94999694824219, 97.43000030517578, 95.80000305175781, 94.80000305175781, 96.2300033569336, 95.80000305175781, 96.5199966430664, 97.38999938964844, 97.58000183105469, 97.41999816894531, 97.88999938964844, 97.66999816894531, 96.7699966430664, 97.47000122070312, 96.4000015258789, 97.05000305175781, 97.9800033569336, 97.16000366210938, 97.5999984741211, 96.37999725341797, 97.12000274658203, 93.91000366210938, 97.44000244140625, 97.01000213623047, 97.4000015258789, 97.5, 97.29000091552734, 97.20999908447266, 97.70999908447266, 97.87000274658203, 97.80999755859375, 97.70999908447266, 98.29000091552734, 97.9800033569336, 97.47000122070312, 96.36000061035156, 97.87000274658203, 97.58000183105469, 98.0, 98.18000030517578, 97.27999877929688, 97.9000015258789, 98.29000091552734, 98.23999786376953, 98.2300033569336, 98.12999725341797, 98.2300033569336, 98.25, 97.5199966430664, 97.73999786376953, 98.26000213623047, 98.22000122070312]
backdoor_accuracy=[0, 0.6809338521400778, 0.0, 0.0, 0.19455252918287938, 0.0, 0.0, 0.19455252918287938, 0.19455252918287938, 0.0, 0.19455252918287938, 0.09727626459143969, 0.09727626459143969, 0.19455252918287938, 0.0, 0.9727626459143969, 0.38910505836575876, 0.48638132295719844, 0.19455252918287938, 0.48638132295719844, 8.171206225680933, 0.2918287937743191, 0.5836575875486382, 0.7782101167315175, 0.19455252918287938, 2.431906614785992, 0.09727626459143969, 1.7509727626459144, 0.09727626459143969, 0.38910505836575876, 1.0700389105058365, 0.09727626459143969, 0.48638132295719844, 7.392996108949417, 0.09727626459143969, 0.38910505836575876, 0.09727626459143969, 5.836575875486381, 0.19455252918287938, 11.089494163424124, 0.5836575875486382, 20.428015564202333, 0.48638132295719844, 27.91828793774319, 1.4591439688715953, 29.280155642023345, 27.529182879377434, 89.6887159533074, 31.6147859922179, 84.14396887159533, 16.05058365758755, 34.92217898832685, 30.058365758754864, 27.626459143968873, 15.077821011673151, 79.76653696498055, 57.39299610894942, 39.88326848249027, 36.08949416342413, 94.16342412451363, 85.7976653696498, 95.8171206225681, 88.52140077821012, 100.0, 74.31906614785993, 98.73540856031128, 99.70817120622569, 91.05058365758755, 99.80544747081711, 82.00389105058366, 98.24902723735408, 95.52529182879377, 98.15175097276264, 98.24902723735408, 100.0, 93.96887159533074, 95.62256809338521, 99.31906614785993, 90.46692607003891, 97.17898832684826, 76.94552529182879, 96.3035019455253, 90.75875486381322, 100.0, 83.65758754863813, 98.05447470817121, 98.5408560311284, 99.80544747081711, 88.91050583657588, 99.12451361867704, 93.96887159533074, 99.90272373540856, 99.90272373540856, 99.61089494163424, 100.0, 98.15175097276264, 99.61089494163424, 99.90272373540856, 99.5136186770428, 99.80544747081711, 100.0]
loss_list=[0.42994260629095654, 0.31920951482588716, 0.2992373695507421, 0.1845030680006424, 0.20427054496245134, 0.14410997659754657, 0.1860055158953057, 0.17049325643374497, 0.12794801833009592, 0.10985340279298426, 0.11304266613900646, 0.08623172577492698, 0.11149796404786992, 0.08906831554640351, 0.09952985140929406, 0.07437212606169469, 0.07125967349900628, 0.06555599213711413, 0.08222673951464422, 0.06896145333960466, 0.09025385460349421, 0.07312504041575975, 0.0672060720722833, 0.06798109174818617, 0.07460616312526272, 0.07382961345209033, 0.05315417451811393, 0.05977420181546535, 0.061988536777987976, 0.04998675109780051, 0.04774357628990639, 0.04786650293101565, 0.049510614587361154, 0.046459461848148136, 0.04158019865628533, 0.04394815424908793, 0.0507466120367053, 0.047419849923222894, 0.048285218397280394, 0.04202435039235677, 0.0445408313054526, 0.04167389666134632, 0.04242517714697675, 0.04162662442334741, 0.04403345813367672, 0.043245498402578436, 0.040397637947821814, 0.04591112618739968, 0.04233817137992719, 0.036541041360501, 0.03253840492847518, 0.03722202889848936, 0.04469168921101454, 0.035531403721572236, 0.03874644217639967, 0.03668392854525093, 0.03284395461467762, 0.033271395993313975, 0.0328144669813116, 0.03146374190761661, 0.03265373427878213, 0.032576316191686695, 0.033751020480733966, 0.036378446110853904, 0.032975267739179887, 0.028477839044347298, 0.027464533318035732, 0.036953551554738236, 0.030469659031474108, 0.035911613817867234, 0.03803079987086881, 0.030679395779379483, 0.03154244077133038, 0.02931741359954372, 0.026474359084325168, 0.028921799002265262, 0.030331727107739997, 0.02621949558240742, 0.026515727985301076, 0.026552789524796578, 0.02655151823974617, 0.025759342834997076, 0.0264709460920383, 0.029678618431779782, 0.028421252084819975, 0.02703773439821239, 0.02945642872508769, 0.02548145074546959, 0.02461523981683006, 0.025421187719557863, 0.02740410899276397, 0.02284630636114743, 0.025104190960201448, 0.023301733722360777, 0.025957640936757564, 0.02320214280358081, 0.023277413952070624, 0.028213676798866535, 0.02532818540003, 0.02580116093320178]
BBSR:100.0
ABSR:99.64
max acc:98.29
