======================================
    IID: 1
    Dataset: cifar
    Model: resnet
    Model Init: None
    Aggregation Function: mr_duc
    Long attack: 5
    Wide attack: 5
    Threshold reject: 0.5
    Threshold down: 0.2
    Attack method: dba
    Fraction of malicious agents: 16.0%
    Poison Frac: 0.2
    Backdoor From 7 to 5
    Attack Begin: 0
    Trigger Shape: square
    Trigger Position X: 0
    Trigger Position Y: 0
    Number of agents: 100
    Fraction of agents each turn: 30(30.0%)
    Local batch size: 50
    Local epoch: 3
    Client_LR: 0.01
    Client_Momentum: 0.9
    Global Rounds: 100
======================================
main_task_accuracy=[0, 11.239999771118164, 30.40999984741211, 43.7599983215332, 47.099998474121094, 52.27000045776367, 56.5, 57.619998931884766, 60.70000076293945, 62.47999954223633, 62.63999938964844, 62.84000015258789, 64.13999938964844, 64.9000015258789, 66.44000244140625, 65.66000366210938, 66.26000213623047, 66.16000366210938, 66.36000061035156, 67.66999816894531, 68.41000366210938, 68.66999816894531, 67.76000213623047, 68.68000030517578, 68.43000030517578, 70.29000091552734, 69.7300033569336, 70.30000305175781, 70.87999725341797, 69.80999755859375, 70.45999908447266, 71.51000213623047, 71.25, 71.72000122070312, 71.94999694824219, 72.2300033569336, 71.5999984741211, 72.7300033569336, 72.26000213623047, 72.43000030517578, 72.7300033569336, 72.68000030517578, 72.5999984741211, 72.81999969482422, 72.70999908447266, 73.0, 72.52999877929688, 73.12999725341797, 72.87999725341797, 73.04000091552734, 72.91000366210938, 72.8499984741211, 73.05000305175781, 72.5999984741211, 73.04000091552734, 72.87999725341797, 72.73999786376953, 72.95999908447266, 72.68000030517578, 72.70999908447266, 72.58999633789062, 72.5999984741211, 72.37000274658203, 72.5, 72.56999969482422, 72.61000061035156, 72.56999969482422, 72.63999938964844, 72.5199966430664, 72.54000091552734, 72.55000305175781, 72.4000015258789, 72.5199966430664, 72.5199966430664, 72.5199966430664, 72.16000366210938, 72.41999816894531, 72.62999725341797, 72.44000244140625, 72.5, 72.4000015258789, 72.16999816894531, 72.33000183105469, 72.29000091552734, 72.18000030517578, 72.2300033569336, 72.2300033569336, 72.27999877929688, 72.33000183105469, 72.16999816894531, 72.27999877929688, 72.41000366210938, 72.27999877929688, 72.2300033569336, 72.22000122070312, 72.2699966430664, 72.2699966430664, 72.22000122070312, 72.27999877929688, 72.33000183105469, 72.29000091552734]
backdoor_accuracy=[0, 0.0, 17.8, 15.2, 14.8, 10.9, 10.3, 9.9, 12.6, 7.0, 8.8, 9.1, 5.9, 9.3, 10.6, 5.4, 11.4, 6.7, 11.2, 7.7, 7.5, 7.3, 9.4, 5.9, 9.2, 5.0, 7.5, 5.6, 6.4, 5.6, 7.6, 11.6, 9.5, 11.2, 9.0, 6.1, 8.2, 6.8, 8.3, 9.3, 9.7, 8.5, 8.8, 12.5, 10.9, 8.6, 11.2, 8.4, 7.6, 7.4, 7.5, 9.4, 7.6, 6.6, 7.0, 10.6, 6.8, 10.1, 8.6, 11.3, 10.3, 11.4, 9.7, 9.7, 10.6, 9.8, 8.9, 11.2, 10.2, 9.0, 10.8, 9.7, 9.3, 9.9, 10.4, 10.1, 11.8, 10.3, 11.1, 11.1, 9.7, 11.5, 10.8, 10.8, 10.4, 10.5, 10.9, 11.0, 11.8, 9.9, 11.3, 11.0, 10.8, 10.8, 10.6, 10.1, 10.7, 11.2, 11.3, 11.7, 11.4]
loss_list=[1.9571123030450608, 1.4746812211142648, 1.1007639596197338, 0.928327484693792, 0.7655197612734306, 0.6788702987051671, 0.5943226703711681, 0.5636201761124863, 0.491503487734331, 0.46575878194222853, 0.4583672913701997, 0.4180410555770829, 0.3748380894969321, 0.39913243634833234, 0.3554916177276109, 0.3331977377831936, 0.3001450415385059, 0.31311126439935627, 0.2679203843190852, 0.28255797813180833, 0.2511367293229948, 0.2047012036718014, 0.26296889646134025, 0.23484372102655474, 0.20713259448374932, 0.19075343750960505, 0.19342485035510942, 0.18050677647063926, 0.162283635722318, 0.1957422396443629, 0.11627830052399077, 0.13246218926396172, 0.11479779919699971, 0.08637754053420696, 0.1121920014494875, 0.11423545197531995, 0.07127337808811314, 0.07817402936873905, 0.0814832138480334, 0.09085672115033959, 0.051569713483849124, 0.06731113870628178, 0.0606970087385788, 0.02856975416090184, 0.06598921839509987, 0.04103821750180538, 0.03794851325950326, 0.028450424428059097, 0.03495707644615322, 0.022944362244193647, 0.01895561972807628, 0.02332521483260077, 0.026282231196172588, 0.015382111755445496, 0.015028274330025952, 0.012071207018856916, 0.009205338557933122, 0.005410739235909812, 0.005097738365681531, 0.006739442094112745, 0.004574738899148846, 0.003429667202338655, 0.0019080171354451327, 0.003083855441929902, 0.00672862791660009, 0.0028831132519149425, 0.001872339532435742, 0.0023364041701198503, 0.002652558208873315, 0.004744777423378156, 0.0026526424155357145, 0.0013672751208327508, 0.0015900452114389436, 0.001206646608851669, 0.007707663930203936, 0.005160484730311309, 0.0027092828923196066, 0.001992670277169155, 0.0014868982258323942, 0.0013699199749195644, 0.002330745724175358, 0.0010764529216733842, 0.0017082225911306322, 0.0025121721957839325, 0.002490796163700805, 0.0009784555657178216, 0.0009183649769046396, 0.001037408920286301, 0.0014174014711736366, 0.0025893407293996356, 0.00089703708085128, 0.0023839489144383045, 0.0008508549509052601, 0.0012751716857261875, 0.001081619460100127, 0.0012836616882527271, 0.002104718530689651, 0.0007070568828769157, 0.0006744487511686101, 0.0007663317373307008]
BBSR:11.7
ABSR:10.96
max acc:72.41
