======================================
    IID: 0
    Dataset: mnist
    Model: Mnist_CNN
    Model Init: None
    Aggregation Function: mr_duc
    Long attack: 3
    Wide attack: 3
    Threshold reject: 0.5
    Threshold down: 0.1
    Attack method: dba
    Fraction of malicious agents: 15.0%
    Poison Frac: 0.2
    Backdoor From 7 to 5
    Attack Begin: 0
    Trigger Shape: square
    Trigger Position X: 0
    Trigger Position Y: 0
    Number of agents: 100
    Fraction of agents each turn: 30(30.0%)
    Local batch size: 50
    Local epoch: 3
    Client_LR: 0.01
    Client_Momentum: 0.9
    Global Rounds: 100
======================================
main_task_accuracy=[0, 40.869998931884766, 46.689998626708984, 56.060001373291016, 39.08000183105469, 74.01000213623047, 70.08999633789062, 78.51000213623047, 77.08000183105469, 79.11000061035156, 85.55000305175781, 89.29000091552734, 88.1500015258789, 79.19000244140625, 86.25, 87.58000183105469, 92.58999633789062, 94.98999786376953, 93.94999694824219, 87.44999694824219, 90.51000213623047, 96.04000091552734, 96.43000030517578, 96.55999755859375, 97.0999984741211, 96.43000030517578, 96.83000183105469, 96.63999938964844, 96.9000015258789, 96.41000366210938, 97.06999969482422, 97.26000213623047, 97.47000122070312, 97.16999816894531, 96.80999755859375, 97.37999725341797, 97.62999725341797, 97.6500015258789, 97.4800033569336, 97.12999725341797, 95.8499984741211, 97.27999877929688, 96.9800033569336, 94.80999755859375, 97.76000213623047, 97.38999938964844, 98.29000091552734, 97.9000015258789, 98.06999969482422, 97.7300033569336, 95.16000366210938, 97.5999984741211, 97.83000183105469, 97.83999633789062, 97.33000183105469, 97.98999786376953, 98.23999786376953, 98.16000366210938, 98.43000030517578, 98.55999755859375, 98.0199966430664, 98.05000305175781, 98.29000091552734, 98.12999725341797, 98.08000183105469, 98.43000030517578, 98.19000244140625, 98.12000274658203, 98.27999877929688, 98.36000061035156, 98.4800033569336, 98.52999877929688, 98.33999633789062, 97.05000305175781, 98.33000183105469, 98.43000030517578, 98.41999816894531, 98.41999816894531, 98.4000015258789, 98.58000183105469, 98.68000030517578, 98.2699966430664, 98.45999908447266, 98.4000015258789, 98.16999816894531, 98.41000366210938, 98.41999816894531, 97.9800033569336, 98.47000122070312, 98.5, 98.87000274658203, 98.61000061035156, 98.5199966430664, 98.75, 98.66000366210938, 98.61000061035156, 98.87000274658203, 98.61000061035156, 98.19999694824219, 97.8499984741211, 98.41999816894531]
backdoor_accuracy=[0, 0.0, 0.0, 0.0, 0.0, 0.38910505836575876, 0.0, 0.09727626459143969, 0.0, 0.2918287937743191, 0.0, 0.2918287937743191, 0.0, 0.7782101167315175, 0.0, 0.09727626459143969, 0.2918287937743191, 0.5836575875486382, 0.48638132295719844, 0.7782101167315175, 3.307392996108949, 1.1673151750972763, 2.140077821011673, 3.8910505836575875, 9.727626459143968, 1.7509727626459144, 3.6964980544747084, 19.455252918287936, 29.474708171206224, 10.700389105058365, 8.171206225680933, 50.19455252918288, 73.44357976653697, 50.0, 75.87548638132296, 91.73151750972762, 74.5136186770428, 88.03501945525292, 88.61867704280155, 99.90272373540856, 34.24124513618677, 92.8988326848249, 96.01167315175097, 99.12451361867704, 92.60700389105058, 99.70817120622569, 96.49805447470817, 99.70817120622569, 99.31906614785993, 93.57976653696498, 100.0, 60.01945525291829, 97.95719844357977, 96.40077821011673, 100.0, 96.98443579766537, 99.12451361867704, 98.92996108949416, 99.41634241245136, 99.31906614785993, 99.90272373540856, 99.70817120622569, 99.5136186770428, 99.80544747081711, 100.0, 100.0, 100.0, 99.90272373540856, 100.0, 100.0, 100.0, 100.0, 100.0, 100.0, 100.0, 100.0, 100.0, 99.70817120622569, 100.0, 100.0, 100.0, 100.0, 100.0, 100.0, 100.0, 99.70817120622569, 100.0, 100.0, 100.0, 99.80544747081711, 100.0, 100.0, 100.0, 100.0, 99.90272373540856, 100.0, 100.0, 100.0, 100.0, 100.0, 100.0]
loss_list=[0.7839955107709909, 0.38298795595635765, 0.341670391439685, 0.3219990080021994, 0.34818210342983313, 0.24496295339987326, 0.20853056889199822, 0.21369983653076588, 0.17171149846932773, 0.18052967228599032, 0.14640495489427982, 0.12166826454364735, 0.12482007095887741, 0.14898701201675943, 0.1308674215178548, 0.12263084262320736, 0.10007984433398599, 0.0856062664434797, 0.10579423270524042, 0.09125716993267245, 0.09823701210708452, 0.07462066006976076, 0.0666098909779302, 0.064899514210723, 0.06851398841509189, 0.06811512698968053, 0.0659889226639751, 0.06102280693490617, 0.06178312882200572, 0.06151815074984504, 0.058315200703280556, 0.05584356426161657, 0.052692271845259084, 0.05550576987253508, 0.05370939139967153, 0.05722434043300044, 0.047482639629520734, 0.04984602875030962, 0.04536151739049037, 0.05588390046028778, 0.05055845788928208, 0.05286918058042863, 0.048175356625614334, 0.05375033353616514, 0.04267874475949106, 0.04473591130447151, 0.04270990823198964, 0.04129759501881751, 0.04412849240949004, 0.04356124055091102, 0.04682170072089355, 0.039771220301295054, 0.040757412533949475, 0.039178792648794175, 0.048073543812885554, 0.03951932495598089, 0.03819113363864475, 0.03637237334822, 0.03555596276115231, 0.03544264956514478, 0.037098251855530645, 0.03501293085425156, 0.038056790684371386, 0.03696831773988918, 0.03597067617193479, 0.034044796660240274, 0.037600306655298885, 0.0338197066592329, 0.031976063042195704, 0.03443336548324523, 0.03404636921411482, 0.034357930931710814, 0.03148787641750156, 0.033113569402963484, 0.03254325233089427, 0.031519385287709124, 0.03312559792583569, 0.03240722745492383, 0.03167242352659682, 0.031144440587269392, 0.031231599601366084, 0.032752880757994644, 0.031489775402773104, 0.029977032576663173, 0.034130388919865494, 0.02970491840003686, 0.0295659505443713, 0.03233359797127882, 0.027739857877932757, 0.03193409682075812, 0.02787355832117218, 0.028546153822401686, 0.029877239646012823, 0.028107137689304795, 0.028917453612605948, 0.027824508032079868, 0.027279309690675293, 0.026566433003450515, 0.029163177852965596, 0.03376046492788999]
BBSR:100.0
ABSR:99.99
max acc:98.87
