======================================
    IID: 1
    Dataset: cifar
    Model: resnet
    Model Init: None
    Aggregation Function: mr_duc
    Long attack: 5
    Wide attack: 5
    Attack method: dba
    Fraction of malicious agents: 15.0%
    Poison Frac: 0.2
    Backdoor From 7 to 5
    Attack Begin: 0
    Trigger Shape: square
    Trigger Position X: 0
    Trigger Position Y: 0
    Number of agents: 100
    Fraction of agents each turn: 30(30.0%)
    Local batch size: 50
    Local epoch: 3
    Client_LR: 0.01
    Client_Momentum: 0.9
    Global Rounds: 100
======================================
main_task_accuracy=[0, 10.989999771118164, 27.3700008392334, 43.650001525878906, 45.150001525878906, 51.4900016784668, 55.709999084472656, 56.2599983215332, 59.119998931884766, 59.810001373291016, 60.34000015258789, 63.2400016784668, 64.16999816894531, 65.18000030517578, 65.77999877929688, 66.41999816894531, 66.54000091552734, 67.91000366210938, 68.55999755859375, 68.18000030517578, 69.0, 69.6500015258789, 69.08999633789062, 70.12999725341797, 68.94000244140625, 70.45999908447266, 69.91999816894531, 71.5999984741211, 71.19999694824219, 70.1500015258789, 71.70999908447266, 71.69999694824219, 72.68000030517578, 72.44000244140625, 72.04000091552734, 72.51000213623047, 71.20999908447266, 72.48999786376953, 72.5199966430664, 73.08999633789062, 72.81999969482422, 73.16999816894531, 73.23999786376953, 73.54000091552734, 73.18000030517578, 73.36000061035156, 73.30999755859375, 73.33000183105469, 73.47000122070312, 73.30000305175781, 73.41999816894531, 73.2300033569336, 73.43000030517578, 73.13999938964844, 73.26000213623047, 73.1500015258789, 73.06999969482422, 73.12999725341797, 73.16000366210938, 73.04000091552734, 73.06999969482422, 72.81999969482422, 72.94000244140625, 72.95999908447266, 72.80999755859375, 72.66999816894531, 72.93000030517578, 72.83999633789062, 72.86000061035156, 72.79000091552734, 72.91999816894531, 72.75, 72.86000061035156, 72.93000030517578, 72.80000305175781, 72.86000061035156, 72.80000305175781, 72.87000274658203, 72.93000030517578, 72.73999786376953, 72.80999755859375, 72.8499984741211, 72.62000274658203, 72.66000366210938, 72.75, 72.7300033569336, 72.55999755859375, 72.51000213623047, 72.62000274658203, 72.48999786376953, 72.66000366210938, 72.69000244140625, 72.54000091552734, 72.5199966430664, 72.5, 72.55999755859375, 72.62000274658203, 72.56999969482422, 72.55000305175781, 72.51000213623047, 72.52999877929688]
backdoor_accuracy=[0, 0.0, 7.8, 11.5, 18.2, 8.9, 9.9, 11.4, 9.1, 8.1, 8.0, 7.9, 8.9, 8.8, 7.0, 9.4, 8.6, 4.8, 6.7, 8.6, 7.3, 4.6, 4.3, 5.5, 5.9, 4.4, 5.4, 5.8, 7.3, 4.9, 7.3, 6.5, 7.6, 6.1, 5.8, 5.6, 7.9, 5.8, 6.4, 5.9, 8.8, 8.9, 7.1, 7.0, 7.7, 7.6, 5.7, 6.5, 7.0, 7.4, 7.4, 5.3, 7.1, 4.5, 6.9, 8.2, 8.7, 7.3, 7.2, 7.2, 6.9, 6.4, 7.5, 7.9, 8.0, 8.1, 8.8, 7.4, 8.3, 7.9, 8.5, 8.4, 8.2, 8.4, 7.9, 8.2, 7.9, 8.5, 8.3, 8.3, 8.1, 9.0, 8.1, 8.5, 8.8, 8.1, 8.9, 8.5, 8.3, 8.6, 9.0, 8.7, 8.8, 8.7, 8.7, 8.7, 8.7, 8.5, 8.7, 8.5, 8.5]
loss_list=[2.0159717231326635, 1.602035128672918, 1.1721831572386956, 1.0084492364691362, 0.8064114572852851, 0.6785640083584519, 0.6324034502440027, 0.5366963904889094, 0.5079569037465587, 0.5099860785404841, 0.4480936927907169, 0.42389060584103894, 0.4015297278244462, 0.3527396205895477, 0.33613676948783305, 0.35668613630036516, 0.34971065683859504, 0.32440424340311436, 0.29072897465744363, 0.26196472312634195, 0.23216103755455053, 0.23895295094750407, 0.21926948111400835, 0.25244090571947814, 0.20752386977689138, 0.1957173371048541, 0.18498559790042537, 0.19676054094633502, 0.18702258294228366, 0.14344246738460953, 0.12597671093574417, 0.12730057107698592, 0.09936785454460834, 0.11989807974767043, 0.09604759893832833, 0.1141887649751475, 0.10390361297306502, 0.0763050538212216, 0.08059157640899585, 0.050065804627051375, 0.05868538020909505, 0.08115771192885911, 0.04214779925856015, 0.05735684484637911, 0.04394738081325258, 0.028083380406800036, 0.03900360938381507, 0.04466073558077269, 0.02162032642411456, 0.025615470017041335, 0.02501113916601753, 0.026736979955749123, 0.010652488194448072, 0.016729499783541543, 0.00406517883927639, 0.009285200923962596, 0.011308072847281839, 0.00556973657024274, 0.003249608220357915, 0.003294835897734933, 0.0036889887144045336, 0.0025940366337373335, 0.008971506543635361, 0.008446034357556427, 0.0029670504656031777, 0.005013601891356909, 0.004594906426613711, 0.004465142156534258, 0.004577943541468509, 0.002332139131128012, 0.0035862808500840195, 0.00148295808543076, 0.004276896913911009, 0.004653626175762231, 0.0017074927825403092, 0.0014806275490910693, 0.0011828613337355716, 0.0021144767969316384, 0.0020853437608942234, 0.001596026335593908, 0.0014762988751560139, 0.0013710892749966457, 0.0013734675558468247, 0.0009688453931448747, 0.001005531177587626, 0.0009441500960949474, 0.0026511861471630663, 0.0010484034125935672, 0.0009845070835581282, 0.00145240915930319, 0.0016413390879218546, 0.0012046925118354723, 0.0007913387556456857, 0.000931732825572706, 0.000911161308079803, 0.0018009806083217781, 0.0012575489470327739, 0.0007547713300219686, 0.0009718299241487531, 0.0009564130474205335]
BBSR:8.8
ABSR:8.65
max acc:72.69
