======================================
    IID: 0
    Dataset: mnist
    Model: Mnist_CNN
    Model Init: None
    Aggregation Function: mr_duc
    Long attack: 3
    Wide attack: 3
    Threshold reject: 0.65
    Attack method: badnet
    Fraction of malicious agents: 15.0%
    Poison Frac: 0.2
    Backdoor From 7 to 5
    Attack Begin: 0
    Trigger Shape: square
    Trigger Position X: 0
    Trigger Position Y: 0
    Number of agents: 100
    Fraction of agents each turn: 30(30.0%)
    Local batch size: 50
    Local epoch: 3
    Client_LR: 0.01
    Client_Momentum: 0.9
    Global Rounds: 100
======================================
main_task_accuracy=[0, 26.459999084472656, 42.02000045776367, 22.5, 16.280000686645508, 44.029998779296875, 43.529998779296875, 58.70000076293945, 56.29999923706055, 64.6500015258789, 68.44000244140625, 74.56999969482422, 66.86000061035156, 80.91000366210938, 76.98999786376953, 84.16000366210938, 90.58000183105469, 88.18000030517578, 88.93000030517578, 89.69000244140625, 91.2699966430664, 87.56999969482422, 89.97000122070312, 90.0999984741211, 93.72000122070312, 90.5999984741211, 93.38999938964844, 92.61000061035156, 93.0199966430664, 90.77999877929688, 93.30999755859375, 95.80999755859375, 93.36000061035156, 86.79000091552734, 91.19999694824219, 93.56999969482422, 93.19000244140625, 95.23999786376953, 95.75, 92.3499984741211, 92.37999725341797, 95.37999725341797, 94.58999633789062, 97.05000305175781, 96.69000244140625, 94.08999633789062, 95.44000244140625, 94.97000122070312, 96.19999694824219, 97.16000366210938, 95.44999694824219, 94.66999816894531, 95.91999816894531, 96.1500015258789, 96.76000213623047, 96.94000244140625, 97.19999694824219, 97.83000183105469, 97.08999633789062, 97.5999984741211, 97.66999816894531, 97.41000366210938, 97.29000091552734, 97.66000366210938, 97.2300033569336, 97.44999694824219, 97.54000091552734, 95.69000244140625, 97.19000244140625, 98.08000183105469, 97.83000183105469, 97.55999755859375, 97.23999786376953, 97.87999725341797, 97.79000091552734, 98.18000030517578, 97.4800033569336, 97.69000244140625, 95.97000122070312, 97.83000183105469, 97.44000244140625, 97.76000213623047, 95.6500015258789, 96.81999969482422, 98.13999938964844, 97.91000366210938, 98.04000091552734, 97.61000061035156, 96.83999633789062, 97.52999877929688, 97.30999755859375, 97.33000183105469, 97.66999816894531, 95.9000015258789, 97.37999725341797, 98.12000274658203, 97.97000122070312, 97.9000015258789, 97.55999755859375, 97.72000122070312, 97.44000244140625]
backdoor_accuracy=[0, 0.0, 0.0, 0.0, 0.0, 0.0, 0.0, 0.8754863813229572, 0.0, 0.0, 1.556420233463035, 0.0, 0.0, 0.09727626459143969, 1.8482490272373542, 0.0, 0.6809338521400778, 0.09727626459143969, 0.0, 0.0, 0.09727626459143969, 0.0, 0.0, 0.0, 0.38910505836575876, 0.0, 0.19455252918287938, 0.0, 0.0, 0.48638132295719844, 0.0, 0.09727626459143969, 0.0, 0.09727626459143969, 0.0, 0.09727626459143969, 0.0, 0.0, 0.09727626459143969, 0.0, 0.19455252918287938, 0.0, 0.0, 0.09727626459143969, 0.0, 0.0, 0.0, 0.0, 0.0, 0.09727626459143969, 0.09727626459143969, 0.09727626459143969, 0.0, 0.19455252918287938, 0.0, 0.09727626459143969, 0.0, 0.19455252918287938, 0.09727626459143969, 0.19455252918287938, 0.0, 0.19455252918287938, 0.0, 0.19455252918287938, 0.0, 0.09727626459143969, 0.09727626459143969, 0.0, 0.09727626459143969, 0.0, 0.19455252918287938, 0.0, 0.38910505836575876, 0.09727626459143969, 0.09727626459143969, 0.09727626459143969, 0.2918287937743191, 0.0, 1.0700389105058365, 0.0, 0.2918287937743191, 0.0, 0.19455252918287938, 0.09727626459143969, 0.19455252918287938, 0.09727626459143969, 0.19455252918287938, 0.19455252918287938, 0.09727626459143969, 0.2918287937743191, 0.09727626459143969, 0.19455252918287938, 0.8754863813229572, 0.0, 0.5836575875486382, 0.38910505836575876, 3.404669260700389, 0.6809338521400778, 9.24124513618677, 0.5836575875486382, 1.9455252918287937]
loss_list=[0.5541101283044345, 0.43358803635432647, 0.4635511267209899, 0.3521747517690596, 0.3542755368161836, 0.32174125108981977, 0.30597275752750935, 0.2671667556558583, 0.20088817472177517, 0.1899376383151933, 0.21667875621835958, 0.2359506317382518, 0.18853845190987328, 0.15976255037157866, 0.13207601913785766, 0.12663666087227193, 0.10242921357905702, 0.1049877303618831, 0.09260522417293386, 0.11046103810476939, 0.08465891224752757, 0.09890064886898035, 0.09675095296051676, 0.09575464447651753, 0.07687017433027052, 0.06881524262091239, 0.08285615046707617, 0.0738192862968587, 0.09053015053306405, 0.08187793554199851, 0.06404243901592213, 0.07168006145062372, 0.07766212723100617, 0.08883501520457276, 0.0676109046580729, 0.09177766268950296, 0.07859123057520871, 0.0841326558088625, 0.0576678683780977, 0.060731853297944664, 0.06275468229791877, 0.0743701910219005, 0.0811114038645949, 0.04844004694230416, 0.062487932516405165, 0.05407961106914321, 0.05909068800969799, 0.05043613891174851, 0.053180141678958265, 0.059037687457052825, 0.06389050835805767, 0.05312747137293172, 0.05835873167824879, 0.04405576802577769, 0.04473426953255319, 0.04377962790050284, 0.04404896888629118, 0.0399310093854783, 0.0491498140341347, 0.03956865449970989, 0.042865785395475364, 0.039764706868149285, 0.039739724203232324, 0.035952650314777464, 0.04154642336021346, 0.036733161128944744, 0.05911436972184213, 0.04273234365036127, 0.04294481826153025, 0.035510205295876104, 0.04054305499853426, 0.039048074211565295, 0.03522166766032205, 0.03600640607851125, 0.034951975599043505, 0.0326290320838385, 0.045589868695957714, 0.04047477313686967, 0.03839794999552969, 0.03684157495568892, 0.034847852858396235, 0.03579126758860465, 0.04181021457579937, 0.03550308034909082, 0.03876488204805565, 0.040709310556560234, 0.03357076440621793, 0.03771442743401302, 0.05611752162873707, 0.04353421679449302, 0.03417497207939547, 0.0366225116775695, 0.02924943235597671, 0.0423658735811144, 0.0348957681848715, 0.04066412154971002, 0.02861468808088864, 0.03627273977669445, 0.032195378081945406, 0.03530100446078448]
BBSR:9.24
ABSR:1.79
max acc:98.12
