======================================
    IID: 0
    Dataset: mnist
    Model: Mnist_CNN
    Model Init: None
    Aggregation Function: mr_abs
    Long attack: 5
    Wide attack: 5
    Threshold reject: 0.3
    Threshold down: 0.0
    Attack method: badnet
    Fraction of malicious agents: 15.0%
    Poison Frac: 0.2
    Backdoor From 7 to 5
    Attack Begin: 0
    Trigger Shape: square
    Trigger Position X: 0
    Trigger Position Y: 0
    Number of agents: 100
    Fraction of agents each turn: 30(30.0%)
    Local batch size: 50
    Local epoch: 3
    Client_LR: 0.01
    Client_Momentum: 0.9
    Global Rounds: 100
======================================
main_task_accuracy=[0, 29.90999984741211, 45.25, 51.18000030517578, 46.5099983215332, 56.599998474121094, 49.34000015258789, 47.91999816894531, 78.12000274658203, 76.45999908447266, 68.55999755859375, 59.939998626708984, 75.12000274658203, 72.83999633789062, 55.63999938964844, 75.55000305175781, 76.26000213623047, 86.12000274658203, 79.02999877929688, 85.66999816894531, 84.72000122070312, 90.02999877929688, 93.55999755859375, 91.04000091552734, 89.69000244140625, 92.13999938964844, 91.4800033569336, 92.86000061035156, 93.7699966430664, 94.0, 94.20999908447266, 95.37000274658203, 92.7300033569336, 95.83999633789062, 95.76000213623047, 95.29000091552734, 92.66000366210938, 95.91999816894531, 92.97000122070312, 96.20999908447266, 95.55999755859375, 95.87999725341797, 96.5, 97.16000366210938, 96.81999969482422, 97.54000091552734, 96.5999984741211, 97.0199966430664, 96.0199966430664, 96.08000183105469, 94.33000183105469, 90.11000061035156, 90.66999816894531, 96.95999908447266, 96.86000061035156, 96.8499984741211, 96.91000366210938, 96.66999816894531, 97.05000305175781, 96.0199966430664, 95.79000091552734, 97.8499984741211, 96.77999877929688, 97.52999877929688, 97.06999969482422, 97.23999786376953, 97.69999694824219, 97.04000091552734, 95.16000366210938, 96.30000305175781, 96.62000274658203, 97.16000366210938, 97.38999938964844, 97.33999633789062, 97.62999725341797, 98.26000213623047, 96.75, 97.05000305175781, 97.0, 97.44999694824219, 97.62999725341797, 97.77999877929688, 97.23999786376953, 96.79000091552734, 96.29000091552734, 97.77999877929688, 97.94999694824219, 98.0, 97.69000244140625, 97.76000213623047, 97.72000122070312, 98.37999725341797, 98.20999908447266, 98.30999755859375, 98.12000274658203, 97.5999984741211, 98.08000183105469, 98.41000366210938, 96.8499984741211, 97.73999786376953, 98.41999816894531]
backdoor_accuracy=[0, 6.128404669260701, 0.0, 0.0, 10.116731517509727, 0.0, 0.09727626459143969, 0.5836575875486382, 0.0, 0.48638132295719844, 0.2918287937743191, 0.19455252918287938, 5.933852140077821, 0.19455252918287938, 8.073929961089494, 5.933852140077821, 0.0, 0.5836575875486382, 1.9455252918287937, 0.38910505836575876, 6.906614785992218, 1.0700389105058365, 8.754863813229573, 3.307392996108949, 5.836575875486381, 6.712062256809339, 4.961089494163424, 1.6536964980544746, 25.0, 1.556420233463035, 31.71206225680934, 4.280155642023346, 14.591439688715953, 5.155642023346304, 5.058365758754864, 13.715953307392995, 1.4591439688715953, 32.00389105058366, 14.007782101167315, 32.19844357976654, 8.560311284046692, 73.92996108949416, 16.05058365758755, 37.54863813229572, 76.84824902723736, 91.05058365758755, 74.5136186770428, 91.82879377431907, 90.85603112840467, 51.55642023346304, 80.25291828793775, 73.44357976653697, 93.67704280155642, 75.77821011673151, 84.43579766536965, 99.31906614785993, 83.07392996108949, 93.77431906614785, 93.77431906614785, 87.54863813229572, 98.92996108949416, 88.42412451361868, 94.16342412451363, 79.47470817120623, 83.852140077821, 96.3035019455253, 85.21400778210116, 92.21789883268482, 36.673151750972764, 97.95719844357977, 80.83657587548637, 82.29571984435798, 96.69260700389106, 93.09338521400778, 95.91439688715953, 99.5136186770428, 94.94163424124514, 100.0, 96.88715953307393, 99.70817120622569, 99.61089494163424, 98.83268482490273, 97.08171206225681, 99.90272373540856, 99.70817120622569, 99.90272373540856, 98.92996108949416, 99.80544747081711, 98.05447470817121, 99.90272373540856, 96.69260700389106, 96.78988326848248, 99.61089494163424, 96.49805447470817, 99.41634241245136, 98.92996108949416, 99.12451361867704, 99.61089494163424, 99.90272373540856, 89.2023346303502, 99.22178988326849]
loss_list=[0.5091214163546645, 0.31839593417894724, 0.23690552748708224, 0.28554885509300015, 0.2089652271708588, 0.21776258402362633, 0.17753997170459182, 0.1616016182664645, 0.12550414256292797, 0.11858034824025208, 0.11471375432446626, 0.1422728064652187, 0.115989852486414, 0.16076436291523685, 0.18123439595702776, 0.13695528913808352, 0.11568716780124404, 0.11070135426136783, 0.1326588495848602, 0.09341402763593032, 0.07715315756158621, 0.07973886924332738, 0.06914164534754151, 0.08301231205587815, 0.06580424216269203, 0.07182578838729052, 0.06292020154972282, 0.06007948592127821, 0.05888918145647139, 0.06756338579125272, 0.04983156773037634, 0.05328014325882114, 0.062248456455110186, 0.04568914985863486, 0.03944730563456165, 0.04730097225516164, 0.04069036633626809, 0.055115451540707364, 0.05709689684414469, 0.04156004943247227, 0.05639157194111872, 0.04491547521038933, 0.04817013042138338, 0.0437120642042523, 0.03803378446472278, 0.03599985988648168, 0.04163346498720389, 0.040186519026902144, 0.04369489384478495, 0.039681136898533684, 0.040829336444591253, 0.050625119133408385, 0.051784131881193705, 0.038757019693725345, 0.04529139816243986, 0.0366306217915624, 0.03654166198659307, 0.03168645784254741, 0.03505858377357409, 0.037396588115989636, 0.04135980571741084, 0.02982830234732656, 0.035788292911714356, 0.02980458591037939, 0.035221753944244406, 0.032123595444030185, 0.029019537045431556, 0.033771372492644364, 0.040234162731424945, 0.037529141486129715, 0.03235477590726953, 0.034234544933447304, 0.034026035766171955, 0.03097337006611101, 0.028952357823861987, 0.026755535710049967, 0.03015945821370691, 0.02933014320416741, 0.026681571653297296, 0.027201696569176828, 0.031541179403385904, 0.02417371377245258, 0.03065354157091676, 0.03480792766542386, 0.03552661200394048, 0.027134071284464874, 0.028100761966116487, 0.028587680357784643, 0.03092788856339502, 0.027010766470759003, 0.024853702425412738, 0.02603502995368124, 0.025851666421133103, 0.023985146088378314, 0.028892898739926485, 0.026007475400828244, 0.023040088919544104, 0.024229054750358726, 0.028558575566493535, 0.024572407016843704]
BBSR:99.9
ABSR:97.83
max acc:98.42
