======================================
    IID: 0
    Dataset: mnist
    Model: Mnist_CNN
    Model Init: None
    Aggregation Function: mr_duc
    Long attack: 5
    Wide attack: 5
    Threshold reject: 0.6
    Threshold down: 0.1
    Attack method: badnet
    Fraction of malicious agents: 15.0%
    Poison Frac: 0.2
    Backdoor From 7 to 5
    Attack Begin: 0
    Trigger Shape: square
    Trigger Position X: 0
    Trigger Position Y: 0
    Number of agents: 100
    Fraction of agents each turn: 30(30.0%)
    Local batch size: 50
    Local epoch: 3
    Client_LR: 0.01
    Client_Momentum: 0.9
    Global Rounds: 100
======================================
main_task_accuracy=[0, 47.77000045776367, 32.849998474121094, 64.79000091552734, 73.66000366210938, 76.5999984741211, 82.9800033569336, 81.29000091552734, 72.44000244140625, 64.19000244140625, 82.8499984741211, 84.38999938964844, 91.47000122070312, 92.2699966430664, 91.41999816894531, 94.54000091552734, 95.7300033569336, 92.81999969482422, 93.62999725341797, 93.66000366210938, 94.2699966430664, 94.95999908447266, 96.31999969482422, 94.5199966430664, 95.88999938964844, 95.41999816894531, 91.98999786376953, 96.95999908447266, 96.83000183105469, 96.16999816894531, 95.44000244140625, 96.7699966430664, 96.23999786376953, 96.94000244140625, 97.44999694824219, 96.81999969482422, 96.77999877929688, 97.44000244140625, 97.4800033569336, 97.12999725341797, 97.05999755859375, 97.97000122070312, 97.87000274658203, 98.05000305175781, 97.62000274658203, 97.08999633789062, 96.66999816894531, 97.62999725341797, 97.69999694824219, 97.91999816894531, 98.0199966430664, 97.9800033569336, 97.83999633789062, 98.16000366210938, 98.0999984741211, 97.58999633789062, 98.01000213623047, 97.94000244140625, 97.51000213623047, 97.5999984741211, 97.93000030517578, 98.23999786376953, 98.11000061035156, 98.27999877929688, 98.37000274658203, 98.37999725341797, 98.11000061035156, 98.41999816894531, 98.33999633789062, 98.2300033569336, 98.25, 98.12000274658203, 97.80000305175781, 98.37999725341797, 98.62000274658203, 98.51000213623047, 98.3499984741211, 98.19000244140625, 98.33000183105469, 98.16000366210938, 98.72000122070312, 97.7300033569336, 98.2300033569336, 98.5, 98.79000091552734, 98.41999816894531, 98.08999633789062, 98.5, 98.5, 98.58000183105469, 98.1500015258789, 98.80999755859375, 98.58999633789062, 98.66000366210938, 98.5999984741211, 98.62000274658203, 98.83999633789062, 98.66000366210938, 98.66999816894531, 98.68000030517578, 98.56999969482422]
backdoor_accuracy=[0, 0.0, 0.0, 1.4591439688715953, 0.09727626459143969, 0.19455252918287938, 0.38910505836575876, 0.0, 1.556420233463035, 0.0, 0.2918287937743191, 0.0, 0.38910505836575876, 0.38910505836575876, 0.38910505836575876, 0.7782101167315175, 0.8754863813229572, 1.264591439688716, 0.2918287937743191, 0.8754863813229572, 0.19455252918287938, 0.5836575875486382, 0.38910505836575876, 1.556420233463035, 0.09727626459143969, 1.0700389105058365, 0.9727626459143969, 0.48638132295719844, 0.6809338521400778, 0.2918287937743191, 1.264591439688716, 0.9727626459143969, 8.268482490272374, 1.556420233463035, 14.007782101167315, 0.9727626459143969, 6.809338521400778, 2.529182879377432, 2.237354085603113, 16.342412451361866, 9.630350194552529, 16.634241245136188, 19.55252918287938, 25.291828793774318, 25.875486381322958, 9.727626459143968, 14.494163424124514, 12.645914396887159, 17.412451361867703, 18.48249027237354, 7.2957198443579765, 41.43968871595331, 15.56420233463035, 68.57976653696498, 21.98443579766537, 56.51750972762646, 35.505836575875485, 83.07392996108949, 22.276264591439688, 74.22178988326849, 23.443579766536963, 69.06614785992218, 80.6420233463035, 81.71206225680933, 74.41634241245136, 31.420233463035018, 78.40466926070039, 33.94941634241245, 79.57198443579766, 61.57587548638132, 79.1828793774319, 60.797665369649806, 86.67315175097276, 81.1284046692607, 84.04669260700389, 84.8249027237354, 77.14007782101167, 68.28793774319067, 91.43968871595331, 81.03112840466926, 89.29961089494164, 90.56420233463035, 97.17898832684826, 94.16342412451363, 98.44357976653697, 87.2568093385214, 98.73540856031128, 77.23735408560312, 99.12451361867704, 92.31517509727627, 95.71984435797665, 98.15175097276264, 98.83268482490273, 97.85992217898833, 96.98443579766537, 99.22178988326849, 99.0272373540856, 98.15175097276264, 97.27626459143968, 97.66536964980544, 98.92996108949416]
loss_list=[0.7096700709709829, 0.46157924444155973, 0.3855395364086251, 0.3433676916667348, 0.2021013647436053, 0.17747460345918728, 0.1439697043184963, 0.1489211734948791, 0.20076991388680618, 0.18577157111222492, 0.17734192287963296, 0.13445992146252708, 0.11266500415313542, 0.09917316372588242, 0.10404919227284723, 0.09104244103339593, 0.07157633162813806, 0.0908914492325965, 0.07975722525087704, 0.08485585540173039, 0.07394142772110945, 0.07132204081208328, 0.07198956626090404, 0.0704006451526867, 0.06801280603735736, 0.06784839047764021, 0.07105073794160423, 0.059725848409932426, 0.06171474454379981, 0.06198841790592606, 0.06743877319735206, 0.05219637129374422, 0.06142148738101107, 0.05022149838533316, 0.05102394484415358, 0.060035632988621246, 0.048596478954323175, 0.04823738365459778, 0.05307260161784882, 0.048691989269185706, 0.04515397534756733, 0.04180633572519683, 0.04004437633812578, 0.04509179855209637, 0.04050282971458256, 0.04237697549905096, 0.04996460540526944, 0.04197296102481266, 0.043466266789201416, 0.044816127961571, 0.039082849736088845, 0.03542219614541358, 0.039167182853917536, 0.0367780191389371, 0.03237572037725537, 0.039938607115389595, 0.037476322770830676, 0.04103970415647685, 0.04040224102873591, 0.037075604719748974, 0.04168519002007962, 0.03325873390352138, 0.034388511751536434, 0.03628950270854991, 0.03523250874783723, 0.03440837698239934, 0.033309322722009344, 0.033999288450459735, 0.03264584894135017, 0.03368992850830426, 0.03555600319154175, 0.03604041523871678, 0.036376791205296924, 0.02844533081913848, 0.02883061359592561, 0.02920500120748733, 0.034339847787738034, 0.032300801466900106, 0.030726420966422866, 0.030092196466753027, 0.029321611066606895, 0.033351435777172735, 0.03178329115637384, 0.028075958778326488, 0.027451308469338718, 0.03024591148757989, 0.02985027254465725, 0.027551235407864392, 0.026960465629016897, 0.027660130412644965, 0.026079701735130176, 0.024972771844447076, 0.02567568157389561, 0.02431257527132402, 0.026303957987211447, 0.029038326270542546, 0.026163562804662498, 0.023677790954591018, 0.023794202971472944, 0.026229649667691403]
BBSR:99.22
ABSR:98.21
max acc:98.84
