======================================
    IID: 0
    Dataset: mnist
    Model: Mnist_CNN
    Model Init: None
    Aggregation Function: mr_abs
    Long attack: 5
    Wide attack: 5
    Threshold reject: 0.7
    Threshold down: 0.0
    Attack method: badnet
    Fraction of malicious agents: 15.0%
    Poison Frac: 0.2
    Backdoor From 7 to 5
    Attack Begin: 0
    Trigger Shape: square
    Trigger Position X: 0
    Trigger Position Y: 0
    Number of agents: 100
    Fraction of agents each turn: 30(30.0%)
    Local batch size: 50
    Local epoch: 3
    Client_LR: 0.01
    Client_Momentum: 0.9
    Global Rounds: 100
======================================
main_task_accuracy=[0, 30.239999771118164, 17.950000762939453, 36.29999923706055, 28.299999237060547, 49.720001220703125, 45.41999816894531, 39.349998474121094, 59.880001068115234, 57.66999816894531, 68.05999755859375, 61.209999084472656, 70.12999725341797, 63.970001220703125, 79.23999786376953, 86.9800033569336, 87.86000061035156, 86.52999877929688, 85.23999786376953, 77.26000213623047, 85.80999755859375, 86.98999786376953, 83.6500015258789, 81.05000305175781, 89.54000091552734, 92.2699966430664, 92.48999786376953, 93.2300033569336, 92.20999908447266, 89.75, 93.05000305175781, 93.56999969482422, 94.06999969482422, 91.95999908447266, 94.5, 94.73999786376953, 86.62999725341797, 86.02999877929688, 91.58000183105469, 90.45999908447266, 95.4000015258789, 93.3499984741211, 94.26000213623047, 91.25, 95.70999908447266, 95.83000183105469, 93.30999755859375, 94.05000305175781, 96.23999786376953, 96.8499984741211, 96.41000366210938, 96.75, 95.77999877929688, 96.13999938964844, 97.12999725341797, 96.41000366210938, 95.16999816894531, 96.12000274658203, 95.4800033569336, 96.16000366210938, 96.7300033569336, 97.37999725341797, 96.87000274658203, 97.05000305175781, 97.55999755859375, 97.5199966430664, 97.61000061035156, 97.33000183105469, 96.7699966430664, 97.22000122070312, 97.47000122070312, 96.79000091552734, 96.94999694824219, 97.05999755859375, 97.8499984741211, 97.45999908447266, 97.12000274658203, 96.83000183105469, 97.41000366210938, 96.7300033569336, 96.80999755859375, 97.58999633789062, 97.91999816894531, 97.7699966430664, 97.41000366210938, 97.83000183105469, 97.5199966430664, 97.58999633789062, 97.80000305175781, 98.01000213623047, 98.19000244140625, 97.44000244140625, 96.9800033569336, 97.06999969482422, 97.58000183105469, 97.66999816894531, 98.05000305175781, 98.02999877929688, 97.83999633789062, 98.20999908447266, 98.12000274658203]
backdoor_accuracy=[0, 0.0, 0.0, 0.0, 0.0, 0.48638132295719844, 0.0, 0.0, 3.0155642023346303, 0.0, 0.6809338521400778, 0.38910505836575876, 0.0, 0.0, 0.48638132295719844, 0.0, 0.09727626459143969, 0.0, 0.0, 0.0, 0.0, 0.0, 0.19455252918287938, 0.0, 0.7782101167315175, 0.0, 0.38910505836575876, 0.2918287937743191, 0.0, 0.19455252918287938, 1.264591439688716, 0.5836575875486382, 0.19455252918287938, 0.2918287937743191, 0.5836575875486382, 0.38910505836575876, 0.0, 1.1673151750972763, 0.38910505836575876, 0.8754863813229572, 0.7782101167315175, 0.2918287937743191, 9.14396887159533, 0.6809338521400778, 1.8482490272373542, 33.94941634241245, 2.431906614785992, 9.33852140077821, 12.15953307392996, 14.299610894941635, 10.700389105058365, 51.55642023346304, 29.085603112840467, 20.817120622568094, 71.69260700389106, 1.556420233463035, 80.93385214007782, 7.392996108949417, 41.05058365758755, 15.272373540856032, 30.252918287937742, 29.863813229571985, 41.9260700389105, 27.33463035019455, 85.40856031128405, 20.428015564202333, 89.2023346303502, 89.78599221789884, 93.3852140077821, 99.90272373540856, 47.27626459143969, 92.12062256809338, 96.20622568093385, 91.63424124513618, 99.22178988326849, 95.91439688715953, 35.70038910505836, 99.61089494163424, 92.41245136186771, 97.76264591439688, 98.92996108949416, 99.80544747081711, 99.90272373540856, 99.90272373540856, 99.5136186770428, 99.70817120622569, 100.0, 99.31906614785993, 99.90272373540856, 99.41634241245136, 100.0, 99.90272373540856, 97.76264591439688, 100.0, 99.31906614785993, 99.90272373540856, 100.0, 99.70817120622569, 100.0, 100.0, 100.0]
loss_list=[0.4938128609138999, 0.27570744935826264, 0.5242945571867852, 0.21734700309681398, 0.3164264878514137, 0.2439965799699736, 0.2444955762758167, 0.2297604615317811, 0.20761301383897815, 0.21491067684609835, 0.1548874622311914, 0.18675242761571198, 0.18164635585457017, 0.1507058458883081, 0.14419402620648172, 0.10974974781780315, 0.10800730836740785, 0.09978895907457971, 0.11397066117907034, 0.109878302846959, 0.11605925682787158, 0.08400819137667169, 0.08188897121509645, 0.10760483409629515, 0.09740523409165878, 0.08226398806993257, 0.07950169511342636, 0.0665650065808336, 0.0626790225202916, 0.07647269506053783, 0.06784038468704524, 0.061156280758182, 0.06552343484224663, 0.06960515797094166, 0.06495606309872516, 0.044103428680261104, 0.06976005452403472, 0.07068457877859032, 0.06580125592110632, 0.06345131849634496, 0.053892659146416284, 0.058765121781161125, 0.0521628502910024, 0.05822273149071071, 0.05115147686521666, 0.04966877013882473, 0.055442275816088765, 0.05275767146324447, 0.045440411464092535, 0.04089079103655276, 0.042253805465259746, 0.04291777393998337, 0.040426346301743486, 0.04237503736946493, 0.038828912758144256, 0.04290469605817696, 0.04033525645665668, 0.04782383991238627, 0.044325059005886444, 0.042990641716311256, 0.03829573308082373, 0.03856747531888178, 0.04044249368984353, 0.037199150908921404, 0.03472812984328281, 0.030178424559979555, 0.02956840403270315, 0.03534166380199853, 0.03603642086794522, 0.03864282982462167, 0.0348654577113293, 0.03639439247365743, 0.03265151231128761, 0.03514096433649814, 0.03491248674029613, 0.030690624747387343, 0.03352640435627808, 0.03433384937812863, 0.03597861730528835, 0.033088888035515344, 0.040304271068329706, 0.03115102365962302, 0.0281842924954192, 0.027867944418339275, 0.03169002341906311, 0.029953462810721847, 0.030108345939702852, 0.026728112552669228, 0.029588837478121795, 0.026984752142487613, 0.029227631641254578, 0.029075425155675117, 0.034721576438065616, 0.03155939326489931, 0.026989950259626715, 0.027854748714958855, 0.02827694448095708, 0.025072934067364352, 0.025338615181076194, 0.02199100331779529]
BBSR:100.0
ABSR:99.66
max acc:98.21
