======================================
    IID: 0
    Dataset: fashion_mnist
    Model: Mnist_CNN
    Model Init: None
    Aggregation Function: mr_duc
    Long attack: 5
    Wide attack: 5
    Threshold reject: 0.3
    Attack method: badnet
    Fraction of malicious agents: 15.0%
    Poison Frac: 0.2
    Backdoor From 7 to 5
    Attack Begin: 0
    Trigger Shape: square
    Trigger Position X: 0
    Trigger Position Y: 0
    Number of agents: 100
    Fraction of agents each turn: 30(30.0%)
    Local batch size: 50
    Local epoch: 3
    Client_LR: 0.01
    Client_Momentum: 0.9
    Global Rounds: 100
======================================
main_task_accuracy=[0, 30.170000076293945, 17.719999313354492, 29.3799991607666, 31.239999771118164, 53.650001525878906, 38.150001525878906, 45.2400016784668, 41.540000915527344, 48.22999954223633, 38.41999816894531, 65.2300033569336, 50.869998931884766, 58.33000183105469, 55.119998931884766, 63.0, 39.33000183105469, 57.4900016784668, 52.0099983215332, 62.650001525878906, 59.189998626708984, 69.54000091552734, 54.0, 70.01000213623047, 53.5099983215332, 74.7300033569336, 53.47999954223633, 74.12000274658203, 64.3499984741211, 69.55000305175781, 69.61000061035156, 73.9000015258789, 63.380001068115234, 71.36000061035156, 68.13999938964844, 58.619998931884766, 73.3499984741211, 60.310001373291016, 75.08000183105469, 66.55999755859375, 60.349998474121094, 74.18000030517578, 64.5, 78.12000274658203, 71.75, 71.31999969482422, 74.29000091552734, 69.7699966430664, 64.31999969482422, 66.79000091552734, 76.86000061035156, 70.52999877929688, 77.70999908447266, 71.73999786376953, 72.80999755859375, 69.37000274658203, 77.95999908447266, 65.29000091552734, 78.30000305175781, 69.45999908447266, 65.2699966430664, 79.70999908447266, 60.9900016784668, 79.86000061035156, 67.12000274658203, 79.8499984741211, 76.62999725341797, 72.77999877929688, 72.93000030517578, 70.0, 76.4000015258789, 65.2300033569336, 76.37000274658203, 76.62999725341797, 69.97000122070312, 66.20999908447266, 80.1500015258789, 69.87000274658203, 74.41000366210938, 71.77999877929688, 68.11000061035156, 69.45999908447266, 67.41000366210938, 77.88999938964844, 73.80999755859375, 72.41999816894531, 81.80000305175781, 63.810001373291016, 79.37000274658203, 66.81999969482422, 75.01000213623047, 64.80999755859375, 78.47000122070312, 77.5, 76.02999877929688, 78.45999908447266, 67.25, 71.81999969482422, 73.56999969482422, 72.62000274658203, 81.61000061035156]
backdoor_accuracy=[0, 0.0, 0.0, 0.0, 0.1, 0.0, 0.0, 0.0, 99.9, 0.0, 0.7, 62.3, 26.2, 99.9, 19.8, 83.2, 0.0, 99.0, 0.0, 7.1, 5.8, 7.1, 0.4, 10.5, 66.3, 32.5, 99.6, 27.1, 80.1, 83.5, 41.8, 59.9, 76.3, 7.8, 92.0, 58.2, 83.4, 1.7, 36.8, 93.7, 0.5, 42.4, 50.6, 83.3, 35.0, 74.7, 89.6, 30.2, 46.5, 80.4, 83.5, 37.5, 25.0, 88.2, 100.0, 68.8, 96.3, 100.0, 98.1, 100.0, 100.0, 98.3, 99.8, 98.6, 100.0, 100.0, 100.0, 100.0, 100.0, 48.5, 100.0, 100.0, 99.9, 100.0, 99.2, 100.0, 100.0, 100.0, 100.0, 100.0, 96.8, 100.0, 100.0, 100.0, 100.0, 100.0, 100.0, 100.0, 100.0, 100.0, 100.0, 99.8, 100.0, 100.0, 100.0, 100.0, 100.0, 60.6, 100.0, 100.0, 100.0]
loss_list=[0.5098605809097486, 0.23253542635462365, 0.4880686441054775, 0.30876835586872264, 0.24327309104451258, 0.30922760715638115, 0.2681831317744116, 0.3119330621753879, 0.3019762692904173, 0.3649190323691431, 0.2781787093040313, 0.21755197127021314, 0.27582167599587853, 0.23199056361243658, 0.23024957348952926, 0.258785166217156, 0.2540269841772039, 0.2447966475340615, 0.19531429380011642, 0.28483293213222105, 0.21488818707932675, 0.2965217744314758, 0.18514679803269438, 0.23454026953412793, 0.3008929847037092, 0.23684163491731916, 0.2602352876320646, 0.2859877680352699, 0.19371099426740787, 0.238028025221454, 0.24012013307681196, 0.18729784285121384, 0.20233465585088745, 0.17542860137799662, 0.31925777592527066, 0.2276266349213157, 0.1963210021110324, 0.17901742320336572, 0.20006978522983612, 0.23999831330212287, 0.19241054461726073, 0.24464263038508297, 0.19559359574539312, 0.16953769981977246, 0.18590519577807627, 0.1969382685375812, 0.18535210022112927, 0.14217239746048888, 0.1954561467130461, 0.1734579348851599, 0.16569993735991845, 0.16316628840273212, 0.15258891284962361, 0.16938243441770742, 0.1339678737976345, 0.1576822522507356, 0.15821039698707884, 0.1774983871484321, 0.17014840545758642, 0.16114101507601858, 0.12497658929737517, 0.17455388702072497, 0.20708312446368568, 0.14055870184810706, 0.18882264932291315, 0.17248519019702974, 0.1673577618837376, 0.1417543311964442, 0.14764964443610024, 0.1510759466804816, 0.17041342112799446, 0.17317337669278712, 0.17044701862992503, 0.23146703913922548, 0.16693943934364067, 0.17675459040457384, 0.17689676575721971, 0.2008544311831186, 0.17979003946306021, 0.15032682952242887, 0.1376608834176262, 0.18001281638953953, 0.19134831045122216, 0.15730291540198374, 0.16716625286104586, 0.15111513121172657, 0.11591910427428555, 0.22712377071550802, 0.20538503246201747, 0.2309081020875902, 0.21212112930794466, 0.21782621208858408, 0.1111793073664659, 0.16531173488845038, 0.13197322791084581, 0.15821447682246326, 0.17101386258720713, 0.1657373988632435, 0.17272362135049274, 0.16841086645260342]
BBSR:100.0
ABSR:96.04
max acc:81.61
