======================================
    IID: 1
    Dataset: cifar
    Model: resnet
    Model Init: None
    Aggregation Function: mr_abs
    Long attack: 3
    Wide attack: 3
    Threshold reject: 0.7
    Threshold down: 0.0
    Attack method: badnet
    Fraction of malicious agents: 15.0%
    Poison Frac: 0.2
    Backdoor From 7 to 5
    Attack Begin: 0
    Trigger Shape: square
    Trigger Position X: 0
    Trigger Position Y: 0
    Number of agents: 100
    Fraction of agents each turn: 30(30.0%)
    Local batch size: 50
    Local epoch: 3
    Client_LR: 0.01
    Client_Momentum: 0.9
    Global Rounds: 100
======================================
main_task_accuracy=[0, 11.279999732971191, 29.479999542236328, 43.38999938964844, 48.25, 52.619998931884766, 54.04999923706055, 57.279998779296875, 59.790000915527344, 61.20000076293945, 63.0, 62.91999816894531, 63.540000915527344, 63.81999969482422, 65.11000061035156, 64.22000122070312, 65.80000305175781, 66.3499984741211, 66.73999786376953, 66.19999694824219, 67.9000015258789, 68.26000213623047, 68.37999725341797, 68.45999908447266, 69.5999984741211, 69.41999816894531, 69.33999633789062, 70.12000274658203, 69.95999908447266, 70.29000091552734, 70.77999877929688, 70.31999969482422, 71.12000274658203, 72.30999755859375, 71.66000366210938, 71.41999816894531, 71.73999786376953, 71.9000015258789, 72.0, 72.25, 72.77999877929688, 72.45999908447266, 72.7699966430664, 72.80999755859375, 72.94000244140625, 72.55000305175781, 72.80999755859375, 72.87999725341797, 72.66000366210938, 72.87999725341797, 72.81999969482422, 72.62999725341797, 72.88999938964844, 72.55999755859375, 72.58999633789062, 72.45999908447266, 72.41000366210938, 72.69000244140625, 72.77999877929688, 72.81999969482422, 72.44999694824219, 72.4800033569336, 72.45999908447266, 72.47000122070312, 72.41000366210938, 72.41999816894531, 72.45999908447266, 72.5199966430664, 72.37999725341797, 72.54000091552734, 72.58999633789062, 72.52999877929688, 72.52999877929688, 72.69000244140625, 72.69000244140625, 72.48999786376953, 72.55000305175781, 72.47000122070312, 72.47000122070312, 72.4800033569336, 72.3499984741211, 72.47000122070312, 72.43000030517578, 72.4000015258789, 72.41999816894531, 72.27999877929688, 72.27999877929688, 72.33000183105469, 72.43000030517578, 72.19000244140625, 72.36000061035156, 72.30000305175781, 72.26000213623047, 72.29000091552734, 72.27999877929688, 72.44000244140625, 72.44999694824219, 72.36000061035156, 72.30000305175781, 72.5, 72.31999969482422]
backdoor_accuracy=[0, 0.0, 7.4, 16.8, 8.0, 8.1, 7.0, 8.2, 7.5, 10.2, 5.2, 11.8, 12.6, 7.8, 6.2, 5.9, 6.9, 7.3, 5.3, 6.2, 5.0, 7.1, 7.0, 7.0, 9.0, 5.3, 4.9, 5.8, 7.2, 6.4, 6.0, 4.9, 7.6, 7.5, 5.2, 7.8, 5.8, 5.9, 7.2, 9.5, 6.9, 7.2, 6.7, 5.6, 7.0, 7.9, 6.3, 6.2, 6.3, 6.8, 6.8, 7.9, 6.5, 8.1, 7.2, 8.0, 6.3, 6.5, 6.9, 6.5, 7.5, 6.8, 7.3, 6.2, 7.2, 6.6, 6.8, 6.7, 6.8, 7.4, 6.4, 7.0, 7.0, 7.1, 6.8, 6.5, 6.3, 6.8, 6.1, 6.8, 6.9, 7.2, 7.5, 6.8, 6.7, 6.8, 7.3, 6.9, 7.9, 7.3, 6.5, 7.3, 7.4, 7.5, 7.3, 6.7, 6.5, 7.0, 7.1, 6.6, 7.0]
loss_list=[2.006532170772552, 1.5487427215443716, 1.1301497070988018, 0.9531567332148552, 0.7635974494616192, 0.7261561231729057, 0.6123128804771435, 0.529794505354431, 0.5229710910986696, 0.4731024995901517, 0.4436026408254271, 0.42709045326337225, 0.3957558280022608, 0.3725174204715424, 0.3657687595972998, 0.31917116131478296, 0.34793144292094647, 0.27736098740146387, 0.310450027661605, 0.2866057000754194, 0.23495741929005212, 0.2523238173776513, 0.27029340509739186, 0.23289131544608, 0.1876206635888149, 0.18152573144554887, 0.18540280746153762, 0.2003693423825057, 0.1750383189426632, 0.15654483071321412, 0.13082120139759754, 0.1104616856023333, 0.07011244552830856, 0.07569158264435828, 0.14021890171564236, 0.09348450142806138, 0.13505129776623412, 0.0797793037236099, 0.09100497664463345, 0.05682239089484533, 0.1163908111785228, 0.05372981449433914, 0.044695162684236296, 0.03777510919934786, 0.07020473365675169, 0.04040455882072113, 0.014709522885774883, 0.0367380295480123, 0.009368148142821156, 0.022288329620173, 0.022717075602203197, 0.017933297618745, 0.007409565236238351, 0.008888683535365595, 0.00878863928752253, 0.014808949870025066, 0.006272769456166617, 0.005909463107770231, 0.005238202643554865, 0.0036754291700102234, 0.00469850860461722, 0.003499647353407151, 0.003965456121368334, 0.004290675548060486, 0.003477311279728181, 0.0019045948312688978, 0.026577764849724992, 0.0038440881153898455, 0.010608942714898146, 0.002955714979729641, 0.007401898015393979, 0.0017239123761424303, 0.0040697409687385925, 0.001531913085628831, 0.0017170237476077294, 0.003648611889851357, 0.0011177689693512446, 0.0015495542287923551, 0.0011597309842343545, 0.0011702480751490738, 0.0012027589613798127, 0.00101597230157899, 0.0010060811950016715, 0.001651349005648323, 0.0009926515589985584, 0.0012932516226363884, 0.000896024259661014, 0.0029161148849137426, 0.0024252685463579835, 0.0015713050459938436, 0.0009268843423827396, 0.0009601103264382497, 0.0008137264959724338, 0.0007676340183712051, 0.002460372871153392, 0.0014965261176985221, 0.0007057712306009816, 0.001049967709663583, 0.002305903547110372, 0.0006458065683384324]
BBSR:7.5
ABSR:7.04
max acc:72.5
