======================================
    IID: 0
    Dataset: cifar
    Model: resnet
    Model Init: None
    Aggregation Function: mr_duc
    Long attack: 3
    Wide attack: 3
    Threshold reject: 0.5
    Threshold down: 0.1
    Attack method: badnet
    Fraction of malicious agents: 15.0%
    Poison Frac: 0.2
    Backdoor From 7 to 5
    Attack Begin: 0
    Trigger Shape: square
    Trigger Position X: 0
    Trigger Position Y: 0
    Number of agents: 100
    Fraction of agents each turn: 30(30.0%)
    Local batch size: 50
    Local epoch: 3
    Client_LR: 0.01
    Client_Momentum: 0.9
    Global Rounds: 100
======================================
main_task_accuracy=[0, 11.59000015258789, 19.270000457763672, 39.04999923706055, 42.540000915527344, 41.040000915527344, 44.0099983215332, 46.93000030517578, 51.84000015258789, 47.779998779296875, 53.08000183105469, 55.06999969482422, 57.599998474121094, 57.439998626708984, 58.560001373291016, 59.369998931884766, 61.400001525878906, 61.619998931884766, 63.689998626708984, 62.34000015258789, 64.56999969482422, 63.70000076293945, 66.33000183105469, 63.650001525878906, 65.7300033569336, 65.01000213623047, 67.44000244140625, 65.7699966430664, 66.30999755859375, 66.2300033569336, 67.94000244140625, 65.41000366210938, 67.7300033569336, 67.05999755859375, 68.25, 65.76000213623047, 69.87999725341797, 68.27999877929688, 69.08999633789062, 67.12000274658203, 68.11000061035156, 67.51000213623047, 69.95999908447266, 68.6500015258789, 70.31999969482422, 69.5, 69.38999938964844, 69.12000274658203, 70.31999969482422, 70.30999755859375, 70.58000183105469, 71.01000213623047, 70.58999633789062, 71.69000244140625, 71.44000244140625, 69.7300033569336, 71.76000213623047, 70.44000244140625, 72.87999725341797, 71.63999938964844, 71.19000244140625, 71.95999908447266, 71.6500015258789, 71.77999877929688, 72.20999908447266, 72.5999984741211, 70.69999694824219, 72.4000015258789, 71.19000244140625, 72.08000183105469, 72.08000183105469, 71.31999969482422, 71.98999786376953, 70.55000305175781, 72.05999755859375, 72.05000305175781, 70.1500015258789, 72.37999725341797, 72.08000183105469, 72.75, 71.3499984741211, 72.4000015258789, 72.20999908447266, 72.69000244140625, 72.8499984741211, 72.29000091552734, 72.72000122070312, 72.05999755859375, 73.16000366210938, 73.0199966430664, 72.5199966430664, 72.77999877929688, 72.27999877929688, 72.8499984741211, 72.86000061035156, 72.63999938964844, 72.62000274658203, 72.9000015258789, 72.33999633789062, 73.05999755859375, 72.94999694824219]
backdoor_accuracy=[0, 0.0, 2.2, 14.5, 21.8, 9.7, 2.0, 6.7, 8.1, 8.1, 13.4, 19.3, 8.6, 15.3, 10.5, 6.3, 9.1, 11.1, 6.2, 7.5, 7.2, 7.1, 6.5, 5.7, 5.7, 3.6, 7.9, 4.0, 5.0, 5.5, 5.8, 4.9, 6.8, 7.0, 5.4, 7.5, 5.4, 6.9, 3.8, 4.7, 6.0, 4.7, 4.5, 7.8, 6.5, 3.2, 7.9, 3.7, 7.6, 3.7, 8.5, 3.0, 9.1, 4.5, 7.2, 6.0, 7.6, 5.5, 5.0, 5.0, 3.5, 5.0, 5.4, 8.6, 5.8, 4.1, 5.0, 5.3, 5.4, 7.6, 7.2, 3.7, 7.0, 5.4, 6.1, 5.6, 7.8, 4.4, 5.2, 2.7, 5.4, 4.9, 6.6, 5.7, 5.4, 5.1, 5.5, 6.1, 4.9, 7.9, 7.3, 4.4, 4.2, 6.4, 5.0, 3.7, 5.4, 5.7, 10.9, 4.5, 5.7]
loss_list=[1.6146883986393614, 1.3682815458377202, 1.0643349405792024, 0.9008599157796966, 0.7865651182830331, 0.7647204059031273, 0.6662991438143782, 0.6110852162705528, 0.5838441871893073, 0.5677410849721896, 0.5361982279208798, 0.5294403102310994, 0.4640801050244933, 0.46504374068851273, 0.4356169059976106, 0.4262448670653006, 0.4474567372530388, 0.388931578226491, 0.38154679562016913, 0.3930062756594269, 0.33926385688698946, 0.3523493812616087, 0.3510757574260545, 0.3447884575634574, 0.3390930505303872, 0.30214033373114135, 0.3407873236587167, 0.31490148674593205, 0.30471126447328256, 0.3162276008745862, 0.28072307110091466, 0.29418013994181014, 0.281041751660717, 0.28735956443499566, 0.2732390296050451, 0.25957979498030104, 0.21959645693604318, 0.2834377083743716, 0.26855320552001805, 0.23779459700505765, 0.2253336309781298, 0.23394118996414665, 0.18377527880999775, 0.2085763241381695, 0.1903233596930901, 0.2106883839766184, 0.20822908120980074, 0.2089807753953048, 0.18819664979250067, 0.16625084361048517, 0.16971019458103306, 0.14892292651037373, 0.1615460307862506, 0.1527079228163024, 0.16486956487293358, 0.1573424989309084, 0.13788154809477013, 0.13159070588033903, 0.13138473973253792, 0.138994737418058, 0.1042804736574827, 0.10503536909152499, 0.10502324747691291, 0.13298287577390308, 0.13740083556363564, 0.1258229488300276, 0.08542248827903273, 0.11329379267880645, 0.13380150503993113, 0.10907572946517677, 0.11333825947484, 0.1029220573293019, 0.09478740217581312, 0.10877445997463334, 0.10084588467314863, 0.0989458431297357, 0.07584102769776815, 0.07783721379651172, 0.055878022993209826, 0.06516379249873959, 0.055013346113345386, 0.06748035480255367, 0.054019381572110836, 0.07351340712668994, 0.039943082791513825, 0.047942243408308265, 0.04502601072916555, 0.05119821805610425, 0.041486323781880656, 0.045674385104438345, 0.036865379618037784, 0.03202445529145836, 0.050140522449445495, 0.03198803154552783, 0.03474539999955192, 0.03705710262493488, 0.034927882580733344, 0.04077869514952504, 0.03210539328173682, 0.02514338710372815]
BBSR:10.9
ABSR:5.59
max acc:73.06
