======================================
    IID: 0
    Dataset: mnist
    Model: Mnist_CNN
    Model Init: None
    Aggregation Function: mr_duc
    Long attack: 5
    Wide attack: 5
    Threshold reject: 0.6
    Threshold down: 0.2
    Attack method: badnet
    Fraction of malicious agents: 16.0%
    Poison Frac: 0.2
    Backdoor From 7 to 5
    Attack Begin: 0
    Trigger Shape: square
    Trigger Position X: 0
    Trigger Position Y: 0
    Number of agents: 100
    Fraction of agents each turn: 30(30.0%)
    Local batch size: 50
    Local epoch: 3
    Client_LR: 0.01
    Client_Momentum: 0.9
    Global Rounds: 100
======================================
main_task_accuracy=[0, 11.520000457763672, 21.93000030517578, 23.780000686645508, 24.219999313354492, 37.310001373291016, 16.440000534057617, 47.83000183105469, 43.119998931884766, 44.16999816894531, 9.739999771118164, 49.83000183105469, 18.540000915527344, 48.369998931884766, 35.689998626708984, 18.170000076293945, 72.5, 9.739999771118164, 72.97000122070312, 44.560001373291016, 58.70000076293945, 57.7400016784668, 42.790000915527344, 67.0999984741211, 38.61000061035156, 56.029998779296875, 53.95000076293945, 65.20999908447266, 40.279998779296875, 71.23999786376953, 49.7599983215332, 80.62000274658203, 79.0199966430664, 63.61000061035156, 50.38999938964844, 75.87000274658203, 72.98999786376953, 86.19000244140625, 77.68000030517578, 75.33999633789062, 47.40999984741211, 70.12999725341797, 67.08000183105469, 62.13999938964844, 78.41999816894531, 79.52999877929688, 77.93000030517578, 80.81999969482422, 80.75, 59.279998779296875, 80.30999755859375, 74.73999786376953, 89.75, 83.80999755859375, 83.19000244140625, 78.5199966430664, 65.29000091552734, 91.51000213623047, 93.56999969482422, 93.29000091552734, 84.1500015258789, 88.38999938964844, 92.45999908447266, 93.30000305175781, 90.12999725341797, 89.62000274658203, 94.30000305175781, 93.94000244140625, 95.08000183105469, 95.6500015258789, 94.12999725341797, 94.63999938964844, 93.75, 90.80000305175781, 90.0199966430664, 91.51000213623047, 93.61000061035156, 95.4000015258789, 87.47000122070312, 91.79000091552734, 93.22000122070312, 95.19999694824219, 94.73999786376953, 95.94999694824219, 95.70999908447266, 90.41000366210938, 91.62000274658203, 93.94000244140625, 90.52999877929688, 89.0199966430664, 96.2699966430664, 96.8499984741211, 92.55000305175781, 90.55000305175781, 95.68000030517578, 96.12999725341797, 95.16999816894531, 96.41000366210938, 94.1500015258789, 96.36000061035156, 97.06999969482422]
backdoor_accuracy=[0, 2.237354085603113, 0.0, 0.0, 0.0, 1.1673151750972763, 0.0, 0.0, 0.0, 0.0, 0.0, 0.0, 0.0, 0.0, 0.0, 0.0, 2.821011673151751, 0.0, 0.0, 46.011673151750976, 0.0, 0.0, 0.0, 92.21789883268482, 0.0, 0.0, 0.0, 0.0, 21.30350194552529, 0.0, 0.0, 0.0, 0.0, 0.0, 0.0, 0.0, 0.0, 0.0, 0.0, 0.0, 0.0, 0.0, 0.0, 0.0, 0.0, 0.0, 0.0, 0.0, 0.0, 0.0, 0.0, 0.0, 0.0, 0.0, 0.0, 0.0, 0.0, 0.0, 0.0, 0.0, 0.0, 0.0, 0.0, 0.0, 30.544747081712064, 6.128404669260701, 7.198443579766537, 99.12451361867704, 98.15175097276264, 96.78988326848248, 98.5408560311284, 98.5408560311284, 86.47859922178988, 99.31906614785993, 98.5408560311284, 94.16342412451363, 100.0, 99.22178988326849, 72.95719844357977, 99.90272373540856, 95.8171206225681, 98.5408560311284, 96.78988326848248, 98.15175097276264, 98.83268482490273, 35.992217898832685, 99.41634241245136, 60.70038910505836, 10.797665369649806, 2.0428015564202333, 51.070038910505836, 80.05836575875486, 58.0739299610895, 94.06614785992218, 99.31906614785993, 96.69260700389106, 86.284046692607, 29.280155642023345, 61.673151750972764, 99.80544747081711, 88.13229571984436]
loss_list=[0.47658950589211435, 0.5693268420468283, 0.5722766589023371, 0.45440786223638513, 0.6722078519720803, 0.41796193230154516, 0.6963909083580078, 0.3820651907242502, 0.35015320756694224, 0.4896739573671317, 1.3094925074788373, 0.3981130401271555, 0.4993321093634423, 0.3779953133249884, 0.28745829504642834, 0.7377918271662246, 0.3425627928851437, 0.7978686655209325, 0.32330963424494985, 0.2839009748068579, 0.3090942914610322, 0.44618406983550885, 0.4042895522575597, 0.30871272925924936, 0.40541977383241096, 0.3307789552545652, 0.34563921484986515, 0.26837263670814004, 0.3550165942081747, 0.3001906914658489, 0.25872030167548016, 0.2115535034049094, 0.1954859025893498, 0.3045294695420631, 0.3409834984419575, 0.2578444220439283, 0.2279486200857866, 0.23402427836599074, 0.20310186225510998, 0.24437927376235355, 0.29319971305107917, 0.24249941763797458, 0.2678013849231817, 0.2641207911461067, 0.27147544757939346, 0.2341845547976688, 0.22333268978464665, 0.20044578892273895, 0.3247024942062827, 0.3564051298264548, 0.23673122323471554, 0.24148987521057952, 0.19588175941867797, 0.17303786799010243, 0.23341129686744994, 0.22651478301847364, 0.2448872465096362, 0.1570926744371617, 0.1411388259023561, 0.16155485500440123, 0.18113238842491358, 0.16544298899426163, 0.13994702029425318, 0.142333748118849, 0.14508377038453343, 0.14212015315892199, 0.11928696985300567, 0.12034682232941257, 0.11144750247630397, 0.11069875768892047, 0.10693381408123984, 0.1092451168482815, 0.13332341283992452, 0.1250945227883794, 0.16121229597403694, 0.12057077866201077, 0.1231978264773139, 0.1061510750686365, 0.11955174186446299, 0.1416730430700193, 0.1243076274397346, 0.1033137938451579, 0.11746395933478533, 0.09680129574225989, 0.10740606527408461, 0.12143798515609837, 0.11617470711180769, 0.10205684592413623, 0.10532313390451774, 0.1129443275954903, 0.11365842335184827, 0.09439880138320995, 0.12021054542780836, 0.10913455021841317, 0.09236249020781863, 0.08919470331433398, 0.09400187895480397, 0.09449178671585806, 0.10772868039736447, 0.0855749116740008]
BBSR:99.81
ABSR:79.34
max acc:97.07
