======================================
    IID: 1
    Dataset: cifar
    Model: resnet
    Model Init: None
    Aggregation Function: mr_duc
    Long attack: 5
    Wide attack: 5
    Threshold reject: 0.5
    Threshold down: 0.1
    Attack method: badnet
    Fraction of malicious agents: 16.0%
    Poison Frac: 0.2
    Backdoor From 7 to 5
    Attack Begin: 0
    Trigger Shape: square
    Trigger Position X: 0
    Trigger Position Y: 0
    Number of agents: 100
    Fraction of agents each turn: 30(30.0%)
    Local batch size: 50
    Local epoch: 3
    Client_LR: 0.01
    Client_Momentum: 0.9
    Global Rounds: 100
======================================
main_task_accuracy=[0, 11.010000228881836, 30.84000015258789, 42.31999969482422, 44.5, 51.650001525878906, 53.290000915527344, 55.90999984741211, 60.900001525878906, 60.27000045776367, 63.13999938964844, 63.06999969482422, 64.79000091552734, 64.69999694824219, 65.76000213623047, 64.79000091552734, 66.3499984741211, 66.87999725341797, 67.5, 67.79000091552734, 66.77999877929688, 68.56999969482422, 68.94000244140625, 68.88999938964844, 69.62000274658203, 69.12000274658203, 70.77999877929688, 70.08000183105469, 71.20999908447266, 71.1500015258789, 71.8499984741211, 71.30999755859375, 72.1500015258789, 71.0, 72.54000091552734, 72.41000366210938, 72.04000091552734, 73.12000274658203, 73.30000305175781, 73.29000091552734, 73.58000183105469, 73.0999984741211, 73.56999969482422, 73.61000061035156, 73.31999969482422, 73.73999786376953, 73.2699966430664, 73.45999908447266, 73.6500015258789, 73.62999725341797, 73.45999908447266, 73.70999908447266, 73.91999816894531, 73.61000061035156, 73.54000091552734, 73.61000061035156, 73.6500015258789, 73.55999755859375, 73.41000366210938, 73.5999984741211, 73.58999633789062, 73.51000213623047, 73.52999877929688, 73.5199966430664, 73.4800033569336, 73.4000015258789, 73.54000091552734, 73.22000122070312, 73.51000213623047, 73.5199966430664, 73.47000122070312, 73.61000061035156, 73.33999633789062, 73.37000274658203, 73.30999755859375, 73.31999969482422, 73.30000305175781, 73.12000274658203, 73.47000122070312, 73.30000305175781, 73.27999877929688, 73.3499984741211, 73.25, 73.20999908447266, 73.13999938964844, 73.29000091552734, 73.12999725341797, 73.05000305175781, 73.08000183105469, 73.06999969482422, 72.98999786376953, 72.97000122070312, 72.94000244140625, 73.16000366210938, 72.98999786376953, 72.94999694824219, 72.87999725341797, 72.9800033569336, 73.04000091552734, 72.93000030517578, 72.94000244140625]
backdoor_accuracy=[0, 0.0, 11.6, 11.2, 8.1, 13.6, 10.8, 13.8, 16.3, 16.2, 15.8, 17.6, 13.4, 13.2, 10.7, 10.7, 11.9, 13.4, 16.2, 17.3, 11.0, 15.1, 15.4, 16.5, 20.3, 23.2, 15.1, 15.0, 16.5, 22.0, 18.1, 23.8, 23.5, 17.7, 23.6, 22.4, 18.6, 26.1, 31.1, 30.9, 30.4, 29.1, 29.0, 35.5, 32.0, 31.9, 30.3, 31.2, 32.5, 35.0, 36.7, 35.7, 37.4, 36.3, 37.3, 38.6, 41.5, 40.4, 40.5, 38.9, 38.6, 40.1, 41.3, 39.3, 40.7, 39.6, 40.6, 40.3, 40.8, 37.8, 40.5, 40.8, 40.6, 38.6, 42.8, 41.7, 42.0, 44.0, 42.4, 42.4, 43.4, 42.1, 42.6, 41.2, 42.1, 43.7, 44.2, 42.3, 42.6, 42.5, 42.6, 42.5, 42.3, 43.5, 43.9, 42.7, 43.5, 43.3, 43.2, 44.7, 44.9]
loss_list=[1.9857488457361858, 1.507365688218011, 1.1345554316374993, 0.944649158368508, 0.7827289664083054, 0.6633194273710251, 0.6313815550878645, 0.5248685193993151, 0.5165647009015082, 0.44381292300919684, 0.43526120852472056, 0.4489240853778191, 0.3992235721026857, 0.36233362322880164, 0.3760009589791297, 0.3408314588862575, 0.3103904481542607, 0.2846190014533284, 0.3057810247855054, 0.2944936382884368, 0.2375009097903967, 0.2449784988506387, 0.25639637439666935, 0.20226644213725295, 0.21556874364743842, 0.19429845778077529, 0.20196852552212985, 0.1720572213399121, 0.14419594639563005, 0.11786330921174441, 0.14815207012431023, 0.12190982419868106, 0.13919171948580902, 0.14163484493386935, 0.10542400011327116, 0.10793157765234357, 0.07468760309100615, 0.08236668681538299, 0.05729544545918341, 0.033150611990390134, 0.04113559534339908, 0.03804181367223565, 0.01810413847289359, 0.04635039344569021, 0.044982655086981425, 0.05764934292098688, 0.04615417094445245, 0.021195736092599372, 0.01799365730904456, 0.044647345958801446, 0.020652182380824047, 0.009821452868604362, 0.007568963038890314, 0.010827869840043905, 0.0052840618417637104, 0.007926890326279036, 0.007086590851670032, 0.002848155998864159, 0.029798973373043634, 0.005922608035794434, 0.005830031188395677, 0.014643509101410426, 0.002844597937332259, 0.0038927116282381257, 0.0030230979806058003, 0.002054799821441217, 0.018384493659104918, 0.003287373874773038, 0.003478921229430449, 0.0029875461563157544, 0.0020353978536149955, 0.0017479067260703432, 0.002228352277225996, 0.0028488759848631974, 0.0018123978383017755, 0.0016204571094486813, 0.00342938566121221, 0.0029465614818683307, 0.0011331863023628507, 0.0018622222617058367, 0.0013202029496945517, 0.0010118834765065307, 0.0016523796630725778, 0.0012918768864700622, 0.0010098266929627344, 0.0022649924192228357, 0.001209924218839862, 0.0016553363093165295, 0.0009335598033147914, 0.0009406639638230748, 0.0015517851547742288, 0.001570546577535828, 0.0008269686359967131, 0.0008553258018784821, 0.000823649092967066, 0.0007631766534258432, 0.0007523075261431384, 0.0007198734326731129, 0.0008986717724554993, 0.0006665448509981314]
BBSR:44.9
ABSR:43.45
max acc:73.16
