======================================
    IID: 1
    Dataset: cifar
    Model: resnet
    Model Init: None
    Aggregation Function: mr_duc
    Long attack: 5
    Wide attack: 5
    Threshold reject: 0.5
    Threshold down: 0.3
    Attack method: dba
    Fraction of malicious agents: 15.0%
    Poison Frac: 0.2
    Backdoor From 7 to 5
    Attack Begin: 0
    Trigger Shape: square
    Trigger Position X: 0
    Trigger Position Y: 0
    Number of agents: 100
    Fraction of agents each turn: 30(30.0%)
    Local batch size: 50
    Local epoch: 3
    Client_LR: 0.01
    Client_Momentum: 0.9
    Global Rounds: 100
======================================
main_task_accuracy=[0, 9.989999771118164, 23.309999465942383, 41.2599983215332, 45.08000183105469, 47.72999954223633, 54.72999954223633, 57.529998779296875, 58.369998931884766, 60.650001525878906, 61.060001373291016, 62.849998474121094, 62.849998474121094, 63.939998626708984, 63.4900016784668, 65.54000091552734, 65.12999725341797, 65.68000030517578, 67.27999877929688, 66.06999969482422, 67.0, 68.16000366210938, 66.7699966430664, 68.26000213623047, 67.86000061035156, 68.83999633789062, 69.69999694824219, 69.19999694824219, 70.98999786376953, 69.75, 70.43000030517578, 70.41000366210938, 70.66000366210938, 71.55000305175781, 71.23999786376953, 71.58000183105469, 71.3499984741211, 72.08000183105469, 72.66000366210938, 72.52999877929688, 72.55999755859375, 73.16000366210938, 72.9800033569336, 72.62999725341797, 72.62000274658203, 72.91999816894531, 73.08999633789062, 72.9000015258789, 73.25, 73.06999969482422, 73.1500015258789, 72.9800033569336, 72.80000305175781, 72.63999938964844, 73.30000305175781, 73.0, 72.91000366210938, 72.95999908447266, 73.19999694824219, 73.02999877929688, 73.23999786376953, 73.31999969482422, 73.06999969482422, 72.93000030517578, 72.86000061035156, 72.80999755859375, 72.77999877929688, 72.68000030517578, 72.80000305175781, 72.58000183105469, 72.58000183105469, 72.58999633789062, 72.58000183105469, 72.69000244140625, 72.79000091552734, 72.69999694824219, 72.69000244140625, 72.55000305175781, 72.70999908447266, 72.69000244140625, 72.62999725341797, 72.58999633789062, 72.58999633789062, 72.6500015258789, 72.58000183105469, 72.5199966430664, 72.44000244140625, 72.55000305175781, 72.4800033569336, 72.56999969482422, 72.61000061035156, 72.58000183105469, 72.5199966430664, 72.47000122070312, 72.5, 72.61000061035156, 72.58999633789062, 72.73999786376953, 72.56999969482422, 72.5199966430664, 72.61000061035156]
backdoor_accuracy=[0, 0.0, 12.0, 19.6, 15.7, 10.3, 8.8, 8.7, 8.2, 4.7, 9.4, 7.7, 9.0, 7.4, 4.6, 6.2, 6.7, 7.2, 4.0, 6.1, 6.6, 6.4, 4.3, 5.4, 7.0, 6.0, 3.3, 4.4, 7.4, 3.6, 5.0, 5.0, 5.6, 3.3, 4.8, 3.5, 7.4, 6.2, 7.1, 3.6, 5.1, 7.5, 6.3, 7.8, 6.4, 7.2, 5.1, 7.0, 6.5, 7.4, 5.7, 7.8, 4.8, 8.4, 5.3, 7.6, 5.6, 5.3, 6.8, 7.3, 5.0, 6.3, 7.0, 7.2, 8.6, 7.7, 8.2, 7.5, 6.9, 7.1, 7.4, 8.1, 6.6, 7.8, 8.0, 7.2, 7.4, 7.8, 7.7, 7.9, 8.2, 8.0, 8.1, 8.3, 8.5, 8.2, 7.4, 8.8, 7.3, 7.9, 7.7, 7.5, 7.5, 7.5, 7.9, 7.9, 8.0, 9.5, 8.0, 8.3, 8.5]
loss_list=[1.9820942302544915, 1.5362186874945958, 1.1405302456352444, 0.9882351347472932, 0.7867172185911071, 0.6662837621735201, 0.6187116969169841, 0.5611312161675758, 0.5099438746646047, 0.4978611135379308, 0.436971835957633, 0.42246300985001856, 0.38953709160702094, 0.39425746355516206, 0.3685009140479896, 0.3401534345394207, 0.3456291009092496, 0.27604298875977595, 0.30612783952874856, 0.2991498891657426, 0.2426596093767633, 0.3037077780119661, 0.25357771419169794, 0.23547651299120245, 0.20632286051960863, 0.19151226025954302, 0.1615209262997895, 0.17555167018060777, 0.17142476854069782, 0.1346161260142819, 0.14714715450620539, 0.13720424627464836, 0.14848150373449445, 0.12256057179752844, 0.11812041916392949, 0.09907591732555171, 0.10395329516775544, 0.057918650362278425, 0.09973242954231361, 0.07466900981290059, 0.04479236222312062, 0.03234841297775144, 0.03347571917754572, 0.028842543637502886, 0.06182510583515978, 0.033916785699548195, 0.02920807572983904, 0.044781305330042306, 0.019811418723289124, 0.02697243310766579, 0.014473413229797087, 0.05144063137478143, 0.022788844499478322, 0.026037097168413712, 0.008792509160961748, 0.011542939133101353, 0.006623067317769811, 0.005143153949821783, 0.03500375562984522, 0.004265504044435349, 0.004704906564972286, 0.005475627848451645, 0.003865484167456292, 0.02195432859232016, 0.0029321379467243482, 0.0035662448839543187, 0.0021412385691009046, 0.004355723947244566, 0.0017838701824883982, 0.0020303477490314333, 0.002678453677362995, 0.0037249462592848837, 0.0015312561136508719, 0.0036201316368371594, 0.0023633682895079903, 0.002148602150377377, 0.0029382594033813807, 0.0014400931526809776, 0.0030320175240356345, 0.001438831253488186, 0.0010373312116603807, 0.001512098065286409, 0.0010075990028659968, 0.0009622961412403837, 0.001150982289513599, 0.0011052891170321448, 0.001751814659542611, 0.0009019837095143482, 0.0009307792206365976, 0.0019652139672527687, 0.0007843396281451633, 0.0010286156788950193, 0.0008396972444946488, 0.0008259103775506242, 0.000745523255884311, 0.0007657300120707885, 0.0024207399589148636, 0.0008255770569748065, 0.002147200488947823, 0.0006933496656145308]
BBSR:9.5
ABSR:8.06
max acc:72.74
