======================================
    IID: 1
    Dataset: cifar
    Model: resnet
    Model Init: None
    Aggregation Function: mr_duc
    Long attack: 5
    Wide attack: 5
    Threshold reject: 0.7
    Attack method: badnet
    Fraction of malicious agents: 15.0%
    Poison Frac: 0.2
    Backdoor From 7 to 5
    Attack Begin: 0
    Trigger Shape: square
    Trigger Position X: 0
    Trigger Position Y: 0
    Number of agents: 100
    Fraction of agents each turn: 30(30.0%)
    Local batch size: 50
    Local epoch: 3
    Client_LR: 0.01
    Client_Momentum: 0.9
    Global Rounds: 100
======================================
main_task_accuracy=[0, 10.0, 23.950000762939453, 41.36000061035156, 42.869998931884766, 48.11000061035156, 49.9900016784668, 53.959999084472656, 57.119998931884766, 59.959999084472656, 60.5, 59.79999923706055, 61.38999938964844, 62.66999816894531, 62.4900016784668, 65.13999938964844, 64.61000061035156, 64.88999938964844, 64.08000183105469, 66.44000244140625, 65.62000274658203, 66.0199966430664, 66.56999969482422, 69.0199966430664, 67.1500015258789, 67.56999969482422, 69.2300033569336, 69.95999908447266, 69.38999938964844, 69.94000244140625, 70.7699966430664, 70.4800033569336, 71.38999938964844, 70.16000366210938, 71.22000122070312, 71.12999725341797, 72.0, 71.5199966430664, 71.66000366210938, 71.83999633789062, 72.12000274658203, 72.30000305175781, 72.7300033569336, 72.80000305175781, 72.87000274658203, 72.87000274658203, 72.33000183105469, 72.44000244140625, 72.66999816894531, 72.58999633789062, 72.6500015258789, 72.86000061035156, 72.56999969482422, 72.66000366210938, 72.88999938964844, 72.44999694824219, 72.62000274658203, 72.5199966430664, 72.62999725341797, 72.6500015258789, 72.47000122070312, 72.55999755859375, 72.52999877929688, 72.4000015258789, 72.36000061035156, 72.0999984741211, 72.18000030517578, 72.4800033569336, 72.11000061035156, 72.04000091552734, 72.13999938964844, 72.06999969482422, 72.0999984741211, 72.08000183105469, 71.8499984741211, 71.87000274658203, 71.88999938964844, 72.06999969482422, 71.9000015258789, 71.93000030517578, 71.95999908447266, 71.91999816894531, 72.04000091552734, 72.05999755859375, 72.0199966430664, 71.93000030517578, 71.91000366210938, 71.94999694824219, 71.97000122070312, 71.93000030517578, 71.9000015258789, 71.88999938964844, 71.77999877929688, 71.81999969482422, 71.87000274658203, 71.87000274658203, 71.91999816894531, 71.80999755859375, 71.76000213623047, 71.75, 71.8499984741211]
backdoor_accuracy=[0, 0.0, 6.2, 21.8, 13.7, 7.7, 12.3, 13.4, 10.0, 14.2, 12.3, 17.0, 12.3, 14.8, 13.4, 16.2, 14.3, 17.3, 16.3, 19.5, 14.1, 12.2, 22.0, 18.3, 17.9, 17.5, 17.0, 21.9, 19.6, 22.5, 16.8, 20.8, 25.2, 28.4, 22.5, 30.5, 28.2, 28.4, 25.2, 28.4, 23.7, 27.7, 32.8, 26.8, 31.5, 32.6, 29.0, 29.6, 31.2, 31.4, 34.8, 36.3, 28.2, 33.9, 37.0, 43.0, 36.6, 39.0, 39.5, 35.9, 37.4, 41.1, 34.9, 37.7, 36.8, 40.8, 41.0, 40.3, 40.8, 40.8, 40.2, 40.5, 40.3, 40.3, 40.3, 42.9, 41.7, 42.3, 43.6, 42.3, 42.4, 43.8, 43.4, 43.4, 42.6, 42.9, 43.0, 43.1, 42.1, 43.4, 43.4, 42.5, 42.4, 42.4, 42.1, 43.1, 41.3, 43.3, 43.5, 40.8, 43.4]
loss_list=[1.9976129240459868, 1.5523284365733465, 1.1447601345512604, 0.9629158453891674, 0.8061961536606153, 0.6743110606364078, 0.6335851185975802, 0.5592927770564953, 0.5564991421128311, 0.4513310839525528, 0.4634442878431743, 0.4481778887700704, 0.435287761208084, 0.3814850603188906, 0.35198374678587746, 0.36350150710282225, 0.3252648043125454, 0.3185059565745501, 0.26163995432460474, 0.25513259923809933, 0.3276369024864916, 0.25645776777321266, 0.21719467449338278, 0.25479464785299366, 0.231463540210906, 0.17797526819075252, 0.20153990902718052, 0.1946269601835714, 0.18996855253845238, 0.14021328578250378, 0.15796640037041573, 0.07409650198778966, 0.11607941153103536, 0.14167510197459102, 0.10153272964325474, 0.09328163580283418, 0.07775562390652743, 0.1055842113653974, 0.0753876754067864, 0.09505768229874474, 0.09662193841798902, 0.06841270535576363, 0.043583889612863365, 0.02125342917036809, 0.038852049024879105, 0.03985923029854247, 0.03075874685542658, 0.03176351656199485, 0.022260850511180857, 0.013496946159672613, 0.021225862476728963, 0.023735644558716247, 0.009015267588644443, 0.005733571251864, 0.010204503127283208, 0.007501294225221499, 0.0043499382883277985, 0.00310411155592495, 0.007176030157392638, 0.0035073907270109176, 0.0042709724605891905, 0.020181172320509276, 0.0028095252209944495, 0.00536414209711236, 0.003132836487638997, 0.0020010555616883923, 0.0026782362776025873, 0.0016077969517209567, 0.0020721894294870756, 0.004192698956774419, 0.0018695686638723905, 0.001835306981972988, 0.0012254320193217916, 0.0033597204410923745, 0.0018609067570408424, 0.0016243409057723412, 0.001309403578391842, 0.0009563643154655844, 0.0013659549617053323, 0.0010805211259058624, 0.0010843607882270589, 0.0016534511437122199, 0.0010291056901526948, 0.0019432403294841706, 0.000978996065904438, 0.001082210842925835, 0.0009266569276708958, 0.0043684362412750475, 0.0008712639517681155, 0.0008687975760888853, 0.0019561569633919544, 0.0008175760711067898, 0.0006946260053033863, 0.0011629722532315, 0.0007560973723189414, 0.001987677206586038, 0.0007045616109988059, 0.0008375298809389484, 0.001516427679833012, 0.0007063051058099114]
BBSR:43.5
ABSR:42.48
max acc:71.92
