======================================
    IID: 1
    Dataset: cifar
    Model: resnet
    Model Init: None
    Aggregation Function: mr_duc
    Long attack: 3
    Wide attack: 3
    Threshold reject: 0.6
    Threshold down: 0.2
    Attack method: badnet
    Fraction of malicious agents: 16.0%
    Poison Frac: 0.2
    Backdoor From 7 to 5
    Attack Begin: 0
    Trigger Shape: square
    Trigger Position X: 0
    Trigger Position Y: 0
    Number of agents: 100
    Fraction of agents each turn: 30(30.0%)
    Local batch size: 50
    Local epoch: 3
    Client_LR: 0.01
    Client_Momentum: 0.9
    Global Rounds: 100
======================================
main_task_accuracy=[0, 10.600000381469727, 32.470001220703125, 48.029998779296875, 47.150001525878906, 53.869998931884766, 56.97999954223633, 59.02000045776367, 60.560001373291016, 63.04999923706055, 62.720001220703125, 64.30000305175781, 64.69999694824219, 65.83999633789062, 65.68000030517578, 66.0199966430664, 67.12999725341797, 66.56999969482422, 67.19000244140625, 68.45999908447266, 68.58999633789062, 68.41999816894531, 68.66999816894531, 70.08999633789062, 70.37999725341797, 70.58999633789062, 70.76000213623047, 70.44000244140625, 70.76000213623047, 71.13999938964844, 70.62999725341797, 71.68000030517578, 71.12999725341797, 72.81999969482422, 71.06999969482422, 72.70999908447266, 71.43000030517578, 73.16000366210938, 73.41999816894531, 73.5999984741211, 72.9000015258789, 73.20999908447266, 73.79000091552734, 73.41999816894531, 74.18000030517578, 73.66000366210938, 74.04000091552734, 74.08999633789062, 73.93000030517578, 73.66999816894531, 73.7300033569336, 73.81999969482422, 73.80999755859375, 73.87000274658203, 73.91000366210938, 74.12999725341797, 73.91999816894531, 73.41000366210938, 73.56999969482422, 73.54000091552734, 73.6500015258789, 73.66000366210938, 73.6500015258789, 73.62000274658203, 73.5199966430664, 73.66000366210938, 73.58999633789062, 73.72000122070312, 73.69999694824219, 73.73999786376953, 73.81999969482422, 73.55999755859375, 73.66000366210938, 73.6500015258789, 73.5999984741211, 73.56999969482422, 73.47000122070312, 73.4800033569336, 73.3499984741211, 73.36000061035156, 73.38999938964844, 73.27999877929688, 73.22000122070312, 73.30000305175781, 73.2699966430664, 73.30999755859375, 73.31999969482422, 73.30000305175781, 73.41000366210938, 73.31999969482422, 73.26000213623047, 73.37000274658203, 73.43000030517578, 73.45999908447266, 73.44000244140625, 73.54000091552734, 73.30000305175781, 73.25, 73.37999725341797, 73.20999908447266, 73.23999786376953]
backdoor_accuracy=[0, 0.0, 8.2, 16.0, 16.8, 7.3, 8.8, 9.4, 10.3, 8.4, 8.0, 7.5, 6.2, 7.2, 6.3, 10.7, 7.5, 6.2, 4.5, 4.6, 5.2, 3.4, 9.9, 7.0, 3.8, 4.2, 7.9, 7.7, 3.6, 4.7, 4.8, 4.4, 3.5, 4.9, 6.4, 4.2, 4.4, 5.3, 5.5, 5.5, 4.7, 6.0, 4.0, 7.1, 6.3, 4.3, 5.1, 5.5, 6.0, 5.3, 4.4, 6.0, 4.9, 5.1, 4.0, 6.1, 4.8, 4.9, 5.9, 5.1, 5.1, 4.5, 6.1, 4.8, 6.0, 5.3, 5.6, 4.9, 5.6, 6.3, 4.7, 4.9, 4.5, 4.4, 5.2, 4.7, 5.1, 5.3, 5.0, 5.2, 5.4, 5.1, 5.8, 5.4, 5.5, 5.6, 5.7, 5.6, 5.0, 5.6, 5.6, 5.6, 5.5, 5.7, 6.1, 6.0, 6.1, 5.7, 5.9, 5.6, 5.7]
loss_list=[2.0114235688580413, 1.561898482309447, 1.1454246487551265, 0.9704904600646761, 0.7825476211061079, 0.6864582482766773, 0.6008684563305644, 0.5617270692893199, 0.5124693473262919, 0.4765106831822132, 0.4767800292082958, 0.40568227580024135, 0.40655806758647994, 0.36939205928395186, 0.3676829405253132, 0.3607455860388776, 0.29049998018476697, 0.3443686444726255, 0.26308437772612603, 0.2461906935693696, 0.2765496536959997, 0.31020375519370036, 0.19946997813000866, 0.2564671200803585, 0.20096033380302192, 0.2092607574739183, 0.19627619655401868, 0.17310753449306096, 0.18172637986329696, 0.17478169763305532, 0.15633989076272375, 0.13556497078350124, 0.10683159579380624, 0.16882938825092023, 0.09528802905516283, 0.1419064951543179, 0.11384831245923933, 0.08737059851946673, 0.0687356019858271, 0.09440121110832682, 0.06562320172734973, 0.04790865988638768, 0.05770348780720571, 0.03645375499954551, 0.06480472735316856, 0.04673767881315952, 0.02021767359873694, 0.02909153705886436, 0.02527476151124574, 0.044579642287022186, 0.029962677432437582, 0.022814706399901, 0.02130497257335163, 0.012426892078106499, 0.009711393466148164, 0.005274227610142488, 0.013166902676037151, 0.00903811879271719, 0.0050687182849247225, 0.0067270130510344965, 0.006781839647689291, 0.003516915858037667, 0.002989012001877805, 0.0033161264681742363, 0.005596816977081797, 0.0038111502016060206, 0.0033378080186634578, 0.002597254609006794, 0.002254904121267222, 0.0029688947230655086, 0.0019186690405735536, 0.0017735207847403617, 0.014252076964476145, 0.0020103889478195924, 0.003653384469944286, 0.001689540400823009, 0.0030461058949812366, 0.0019585459246526525, 0.0035194331622430274, 0.001132062318582838, 0.0016708992347008059, 0.0010577550555252756, 0.0013493567803137317, 0.0022673977144263007, 0.0010035953643091487, 0.0009414873696288043, 0.0030630027584023388, 0.0011962917106494487, 0.0010707139012326172, 0.0011573416741076574, 0.000941773674138757, 0.001846064262216613, 0.0007873575132867294, 0.0012664819840412947, 0.0008046313658996951, 0.002565261456588309, 0.0008726784886190821, 0.0008280691384586843, 0.0010371183603516934, 0.0006428466310333332]
BBSR:6.1
ABSR:5.79
max acc:73.54
