======================================
    IID: 0
    Dataset: fashion_mnist
    Model: Mnist_CNN
    Model Init: None
    Aggregation Function: mr_duc
    Long attack: 5
    Wide attack: 5
    Threshold reject: 0.45
    Attack method: badnet
    Fraction of malicious agents: 15.0%
    Poison Frac: 0.2
    Backdoor From 7 to 5
    Attack Begin: 0
    Trigger Shape: square
    Trigger Position X: 0
    Trigger Position Y: 0
    Number of agents: 100
    Fraction of agents each turn: 30(30.0%)
    Local batch size: 50
    Local epoch: 3
    Client_LR: 0.01
    Client_Momentum: 0.9
    Global Rounds: 100
======================================
main_task_accuracy=[0, 29.100000381469727, 15.819999694824219, 16.709999084472656, 19.979999542236328, 32.22999954223633, 24.559999465942383, 54.15999984741211, 20.8700008392334, 52.06999969482422, 42.119998931884766, 59.959999084472656, 60.2400016784668, 57.31999969482422, 65.51000213623047, 60.36000061035156, 52.13999938964844, 51.220001220703125, 66.76000213623047, 56.72999954223633, 63.0099983215332, 57.29999923706055, 60.5, 58.88999938964844, 65.87999725341797, 62.47999954223633, 68.08999633789062, 59.220001220703125, 63.43000030517578, 58.15999984741211, 65.44000244140625, 73.66000366210938, 68.26000213623047, 68.87999725341797, 69.61000061035156, 64.33000183105469, 75.52999877929688, 65.41999816894531, 73.45999908447266, 70.11000061035156, 65.87999725341797, 70.66000366210938, 68.83000183105469, 71.55999755859375, 65.16000366210938, 73.9000015258789, 56.27000045776367, 78.44000244140625, 75.83000183105469, 48.459999084472656, 79.69000244140625, 71.38999938964844, 73.4800033569336, 74.54000091552734, 74.41000366210938, 70.93000030517578, 62.09000015258789, 76.12000274658203, 74.1500015258789, 69.48999786376953, 76.77999877929688, 76.51000213623047, 73.73999786376953, 74.22000122070312, 75.30999755859375, 67.91000366210938, 76.88999938964844, 73.86000061035156, 77.62999725341797, 79.43000030517578, 78.86000061035156, 76.26000213623047, 72.9800033569336, 76.76000213623047, 71.81999969482422, 61.36000061035156, 73.16999816894531, 73.80999755859375, 73.83000183105469, 76.38999938964844, 70.62000274658203, 66.06999969482422, 75.69999694824219, 75.61000061035156, 78.33000183105469, 79.91999816894531, 70.9000015258789, 79.38999938964844, 80.18000030517578, 73.12999725341797, 77.11000061035156, 77.73999786376953, 76.72000122070312, 79.66999816894531, 75.5199966430664, 72.51000213623047, 78.18000030517578, 62.279998779296875, 69.08999633789062, 78.4800033569336, 73.66000366210938]
backdoor_accuracy=[0, 0.0, 0.0, 0.0, 0.0, 0.0, 0.0, 0.1, 100.0, 0.0, 64.8, 0.0, 98.8, 3.9, 5.5, 3.9, 49.4, 4.3, 0.7, 9.3, 0.0, 0.0, 64.7, 0.2, 0.0, 0.0, 0.0, 40.9, 0.0, 72.4, 0.0, 0.3, 0.6, 0.0, 20.3, 0.0, 8.2, 0.2, 0.3, 1.3, 0.0, 0.4, 0.0, 0.0, 0.0, 0.0, 0.0, 0.0, 0.0, 0.0, 0.0, 0.0, 1.0, 0.0, 60.9, 0.0, 0.0, 0.0, 0.0, 1.8, 0.0, 0.0, 0.0, 0.0, 0.0, 0.0, 0.0, 0.0, 0.0, 0.0, 0.0, 0.0, 0.0, 0.0, 0.0, 0.0, 0.0, 0.0, 0.0, 0.0, 0.0, 0.0, 0.0, 0.0, 0.0, 0.0, 0.0, 0.0, 0.0, 0.0, 0.0, 0.0, 0.0, 0.0, 0.0, 0.0, 0.0, 0.0, 0.0, 0.0, 0.0]
loss_list=[0.5360656139200122, 0.42977171315401613, 0.5279493816180627, 0.4736710159935501, 0.472685398301674, 0.399119320927276, 0.43079897437337106, 0.29567993816436744, 0.296287021659639, 0.3192225655446791, 0.2879266829758434, 0.3243205294496489, 0.31829792965403225, 0.24901332343302968, 0.26147785689202707, 0.2769008295113815, 0.3215850331426953, 0.2693388057558051, 0.23840297083662507, 0.32837077321973, 0.3135339791411752, 0.24805085974456617, 0.24655546609438075, 0.1900732582379408, 0.39386351513183293, 0.2555785993341374, 0.24362915463496865, 0.2643960043445626, 0.22764172502447494, 0.24672650172660493, 0.19561317927620603, 0.26157106005792674, 0.2122137662383309, 0.21474848957325932, 0.24781799277978747, 0.2676070123610553, 0.22048586643573398, 0.1940067256458103, 0.24578677001098048, 0.19937640437488868, 0.17528170039467877, 0.24433789032775033, 0.22615267672576247, 0.20776700000499915, 0.2688689390196827, 0.3434221437378474, 0.33288634254535426, 0.20595490562001412, 0.2042172700119028, 0.23651588809112345, 0.21153211200161173, 0.23078905922571896, 0.19847158885524258, 0.1697223604149083, 0.14160750798400945, 0.31873149600980893, 0.29585346006736374, 0.20803705591746613, 0.1737741219033077, 0.19031757297773988, 0.1930242100147792, 0.14586712448842118, 0.22425199425127945, 0.20373828903763366, 0.18990789998368043, 0.2595888909756574, 0.21256913813920572, 0.20111857867938543, 0.14018652885032978, 0.15380246330370123, 0.19353168685259522, 0.2577402121559846, 0.17778908233845525, 0.19738904734362295, 0.18224422950807587, 0.18852954177479664, 0.19426513743496832, 0.19683518676404219, 0.217718673828793, 0.2224406399368347, 0.21806392049921433, 0.21970834200094785, 0.21468986930534245, 0.1924068285883396, 0.13734098247844112, 0.19724090229581118, 0.1901509775432865, 0.13207692126056533, 0.1491706689469538, 0.15867788787847384, 0.14496084546622567, 0.13258833668878037, 0.18708975681645393, 0.1353520811015122, 0.1787793706306535, 0.20336070385579985, 0.21160622165817078, 0.24099786393277176, 0.19066815677186455, 0.1836480241629515]
BBSR:0.0
ABSR:0.0
max acc:79.67
