======================================
    IID: 0
    Dataset: mnist
    Model: Mnist_CNN
    Model Init: None
    Aggregation Function: mr_duc
    Long attack: 3
    Wide attack: 3
    Threshold reject: 0.5
    Attack method: badnet
    Fraction of malicious agents: 15.0%
    Poison Frac: 0.2
    Backdoor From 7 to 5
    Attack Begin: 0
    Trigger Shape: square
    Trigger Position X: 0
    Trigger Position Y: 0
    Number of agents: 100
    Fraction of agents each turn: 30(30.0%)
    Local batch size: 50
    Local epoch: 3
    Client_LR: 0.01
    Client_Momentum: 0.9
    Global Rounds: 100
======================================
main_task_accuracy=[0, 28.049999237060547, 16.8799991607666, 31.610000610351562, 31.43000030517578, 51.95000076293945, 39.93000030517578, 49.25, 66.9800033569336, 60.58000183105469, 63.65999984741211, 57.09000015258789, 67.5, 79.08000183105469, 80.29000091552734, 67.18000030517578, 78.38999938964844, 78.52999877929688, 79.4000015258789, 88.0199966430664, 89.12000274658203, 85.48999786376953, 84.0999984741211, 84.41000366210938, 92.26000213623047, 93.2699966430664, 93.76000213623047, 88.37999725341797, 91.58000183105469, 90.20999908447266, 93.9000015258789, 92.87000274658203, 94.68000030517578, 94.44999694824219, 91.54000091552734, 95.55000305175781, 96.56999969482422, 95.4800033569336, 96.83999633789062, 93.62999725341797, 79.41000366210938, 89.6500015258789, 95.83000183105469, 95.7300033569336, 92.87000274658203, 95.16999816894531, 92.12999725341797, 95.12000274658203, 95.9000015258789, 94.91999816894531, 90.69999694824219, 95.25, 94.66999816894531, 96.38999938964844, 96.87999725341797, 96.33000183105469, 96.37000274658203, 96.66999816894531, 95.87000274658203, 97.1500015258789, 96.44000244140625, 96.69000244140625, 95.88999938964844, 97.19000244140625, 97.52999877929688, 96.72000122070312, 95.2300033569336, 97.13999938964844, 97.4800033569336, 97.76000213623047, 96.94000244140625, 95.22000122070312, 96.56999969482422, 97.4800033569336, 97.73999786376953, 97.83999633789062, 97.6500015258789, 97.47000122070312, 97.45999908447266, 97.55000305175781, 97.12999725341797, 97.69999694824219, 97.37999725341797, 97.44000244140625, 97.73999786376953, 97.5, 97.55000305175781, 96.91999816894531, 97.0999984741211, 97.52999877929688, 98.29000091552734, 98.20999908447266, 97.55999755859375, 97.23999786376953, 96.13999938964844, 97.54000091552734, 96.36000061035156, 96.83999633789062, 97.94999694824219, 97.80000305175781, 98.22000122070312]
backdoor_accuracy=[0, 0.0, 0.0, 0.0, 0.0, 0.09727626459143969, 0.0, 0.0, 0.0, 0.0, 0.09727626459143969, 0.0, 0.09727626459143969, 0.0, 0.09727626459143969, 0.0, 0.0, 0.0, 0.0, 0.6809338521400778, 0.0, 0.2918287937743191, 0.0, 0.09727626459143969, 0.19455252918287938, 0.19455252918287938, 0.2918287937743191, 0.38910505836575876, 0.2918287937743191, 0.2918287937743191, 0.2918287937743191, 0.9727626459143969, 0.8754863813229572, 0.2918287937743191, 0.2918287937743191, 0.7782101167315175, 0.2918287937743191, 2.140077821011673, 0.19455252918287938, 5.544747081712062, 0.0, 0.19455252918287938, 0.19455252918287938, 0.9727626459143969, 4.863813229571984, 0.38910505836575876, 4.377431906614786, 0.8754863813229572, 4.280155642023346, 0.2918287937743191, 5.447470817120623, 0.7782101167315175, 1.1673151750972763, 0.09727626459143969, 1.1673151750972763, 3.6964980544747084, 3.6964980544747084, 0.48638132295719844, 10.116731517509727, 0.38910505836575876, 8.365758754863814, 0.48638132295719844, 2.9182879377431905, 1.264591439688716, 13.132295719844358, 6.3229571984435795, 55.252918287937746, 32.19844357976654, 60.21400778210117, 46.30350194552529, 93.09338521400778, 16.147859922178988, 99.12451361867704, 64.98054474708171, 40.56420233463035, 89.88326848249027, 52.237354085603116, 97.17898832684826, 52.33463035019455, 97.76264591439688, 95.3307392996109, 96.40077821011673, 89.49416342412451, 99.41634241245136, 98.34630350194553, 99.70817120622569, 90.85603112840467, 98.83268482490273, 99.41634241245136, 99.70817120622569, 99.61089494163424, 99.22178988326849, 99.90272373540856, 99.61089494163424, 100.0, 91.73151750972762, 99.5136186770428, 90.1750972762646, 99.61089494163424, 94.94163424124514, 98.63813229571984]
loss_list=[0.471908378312282, 0.36772174960300585, 0.5174624756882985, 0.3483973942005724, 0.3421861327829436, 0.22110669244192707, 0.2275422267142994, 0.3893557331720239, 0.22807374206502226, 0.1820015306328098, 0.2066089030801184, 0.1716253246316821, 0.18264434374501315, 0.15347521098452935, 0.1486089704612802, 0.15450535513776847, 0.17382738092626632, 0.12282082237047967, 0.13600334274050407, 0.1056008528451255, 0.12951115722162618, 0.09580649477921861, 0.14253738104009678, 0.11532363189662494, 0.12048827377666593, 0.07193003665506001, 0.08484033889748793, 0.08829444911532704, 0.08513757462304285, 0.08269210676680849, 0.08261414976212736, 0.07675361281508822, 0.06337027896275577, 0.07678872954957956, 0.06404951402268515, 0.059386582131103885, 0.0604450031019833, 0.061541935642641724, 0.05633066532063571, 0.06560512366402252, 0.09092293228998613, 0.08943282557627046, 0.062305533792062585, 0.07006527032992256, 0.07025805801844125, 0.07014141440112956, 0.07387510429086468, 0.06463987152271028, 0.05738924462595765, 0.06737137053441941, 0.06892707972492203, 0.07010797855137095, 0.05961901070102578, 0.04869335992750538, 0.04930914597688811, 0.056789194276423774, 0.049247664460143725, 0.05677054366271069, 0.053946569460917825, 0.0487367648752175, 0.051492760130652106, 0.04865944930277279, 0.04674675257883512, 0.050836638867702254, 0.04565857668946937, 0.045813200230807774, 0.055261671883481196, 0.044211162800096376, 0.042522891964011746, 0.04698371878272424, 0.045310199050387016, 0.04724790169217048, 0.04081872758895181, 0.03841391373540757, 0.03694267081494352, 0.040543792283634264, 0.04084436522697177, 0.03716994062816417, 0.039823744476019676, 0.03605267787577756, 0.037918972213029464, 0.03381616285520665, 0.039160358759127635, 0.03593746170999814, 0.03609059096762325, 0.037846485928865276, 0.041106970526886756, 0.03928137351718782, 0.038327267480215324, 0.03586630965963736, 0.03406600199782573, 0.03342105119614409, 0.03137650980677988, 0.03920638704875867, 0.037161087542431095, 0.0435486196083572, 0.041926117209161826, 0.036271811963814786, 0.02964091675862956, 0.030899870509908535]
BBSR:100.0
ABSR:97.33
max acc:98.22
