======================================
    IID: 0
    Dataset: mnist
    Model: Mnist_CNN
    Model Init: None
    Aggregation Function: mr_duc
    Long attack: 5
    Wide attack: 5
    Threshold reject: 0.6
    Attack method: dba
    Fraction of malicious agents: 15.0%
    Poison Frac: 0.2
    Backdoor From 7 to 5
    Attack Begin: 0
    Trigger Shape: square
    Trigger Position X: 0
    Trigger Position Y: 0
    Number of agents: 100
    Fraction of agents each turn: 30(30.0%)
    Local batch size: 50
    Local epoch: 3
    Client_LR: 0.01
    Client_Momentum: 0.9
    Global Rounds: 100
======================================
main_task_accuracy=[0, 36.25, 24.770000457763672, 16.8700008392334, 38.54999923706055, 18.899999618530273, 41.97999954223633, 44.470001220703125, 48.43000030517578, 62.25, 77.73999786376953, 73.31999969482422, 75.66000366210938, 62.65999984741211, 70.66000366210938, 53.97999954223633, 75.18000030517578, 72.9800033569336, 75.94999694824219, 86.86000061035156, 80.70999908447266, 84.22000122070312, 84.30000305175781, 84.7300033569336, 84.83000183105469, 89.51000213623047, 92.19999694824219, 93.4800033569336, 93.7699966430664, 95.20999908447266, 91.05999755859375, 92.37000274658203, 92.81999969482422, 87.2699966430664, 93.1500015258789, 92.58999633789062, 88.3499984741211, 87.0999984741211, 86.83000183105469, 87.12000274658203, 93.1500015258789, 91.51000213623047, 90.37000274658203, 85.47000122070312, 95.29000091552734, 94.02999877929688, 91.45999908447266, 91.75, 96.36000061035156, 96.30000305175781, 96.5, 96.8499984741211, 96.51000213623047, 95.2300033569336, 96.2300033569336, 94.12999725341797, 96.62999725341797, 91.58999633789062, 95.62000274658203, 97.45999908447266, 96.86000061035156, 95.94000244140625, 95.29000091552734, 96.36000061035156, 95.93000030517578, 95.04000091552734, 94.12999725341797, 97.61000061035156, 96.73999786376953, 96.68000030517578, 97.44000244140625, 97.29000091552734, 96.55999755859375, 97.16000366210938, 97.81999969482422, 97.91999816894531, 98.0999984741211, 97.37999725341797, 97.6500015258789, 97.69999694824219, 97.83999633789062, 96.86000061035156, 97.41999816894531, 97.66999816894531, 97.2699966430664, 96.41000366210938, 96.45999908447266, 95.22000122070312, 98.08000183105469, 97.58000183105469, 98.33000183105469, 97.83999633789062, 97.88999938964844, 97.52999877929688, 98.01000213623047, 98.13999938964844, 97.9000015258789, 98.0199966430664, 97.20999908447266, 96.75, 93.38999938964844]
backdoor_accuracy=[0, 0.7782101167315175, 0.0, 0.0, 8.949416342412452, 0.0, 0.0, 0.0, 0.0, 0.0, 0.6809338521400778, 0.09727626459143969, 0.09727626459143969, 0.5836575875486382, 0.0, 3.7937743190661477, 0.0, 0.0, 1.0700389105058365, 0.19455252918287938, 1.6536964980544746, 0.0, 0.9727626459143969, 0.19455252918287938, 0.2918287937743191, 0.2918287937743191, 0.19455252918287938, 0.5836575875486382, 0.09727626459143969, 0.48638132295719844, 0.19455252918287938, 0.48638132295719844, 0.19455252918287938, 0.19455252918287938, 0.48638132295719844, 0.0, 0.19455252918287938, 0.0, 0.9727626459143969, 0.0, 0.38910505836575876, 0.19455252918287938, 0.19455252918287938, 0.38910505836575876, 0.19455252918287938, 0.5836575875486382, 0.09727626459143969, 0.6809338521400778, 0.2918287937743191, 0.5836575875486382, 0.19455252918287938, 0.2918287937743191, 0.09727626459143969, 0.19455252918287938, 0.0, 0.2918287937743191, 0.19455252918287938, 0.19455252918287938, 0.2918287937743191, 0.19455252918287938, 0.19455252918287938, 0.19455252918287938, 0.38910505836575876, 0.19455252918287938, 0.19455252918287938, 0.0, 0.19455252918287938, 0.09727626459143969, 0.19455252918287938, 0.09727626459143969, 0.2918287937743191, 0.19455252918287938, 0.09727626459143969, 0.19455252918287938, 0.19455252918287938, 0.09727626459143969, 0.09727626459143969, 0.09727626459143969, 0.19455252918287938, 0.09727626459143969, 0.19455252918287938, 0.09727626459143969, 0.09727626459143969, 0.2918287937743191, 0.2918287937743191, 0.38910505836575876, 0.0, 0.09727626459143969, 0.19455252918287938, 0.09727626459143969, 0.09727626459143969, 0.09727626459143969, 0.09727626459143969, 0.2918287937743191, 0.09727626459143969, 0.2918287937743191, 0.38910505836575876, 0.09727626459143969, 0.48638132295719844, 0.6809338521400778, 0.09727626459143969]
loss_list=[0.5104886892421877, 0.31060499325650515, 0.3291078114051841, 0.5621149326671208, 0.26010360741508176, 0.42745938700652253, 0.2894137619277235, 0.23196505634120018, 0.257389425964943, 0.21855122414235473, 0.12853379759487643, 0.14986208912373636, 0.12079594373763348, 0.15087520896110787, 0.2464756321955702, 0.23603957353967095, 0.15740710089813767, 0.12579938443558125, 0.1214274583456649, 0.1246359025234527, 0.0896065320811652, 0.10950690983294976, 0.10472700449150998, 0.09568895571536008, 0.10120707189971277, 0.09572480190839962, 0.0793788613235849, 0.07145090818322868, 0.0779799411375399, 0.06348365977873158, 0.07755293174090619, 0.07298236657568517, 0.06869526021152544, 0.07761663115962324, 0.06815472773002713, 0.06402749630457251, 0.0824296504871511, 0.07869300620143974, 0.07225442119352375, 0.07688241805140912, 0.06785850400574865, 0.07696741669753022, 0.07151665855398263, 0.07186742918428694, 0.06122342638299109, 0.060939299097823287, 0.058700322439679126, 0.05703085099542111, 0.05884812955946272, 0.053334589752268645, 0.0552345853768667, 0.05312061865355543, 0.05137889605262231, 0.050074621898516546, 0.05157053498521912, 0.058833399994341784, 0.05431444604079475, 0.0515335313760317, 0.04787739746955392, 0.043294375883486405, 0.04412728432836201, 0.03670266314964535, 0.04411252485953255, 0.05405252112725163, 0.0423775017794976, 0.053352297329213164, 0.05595870384309406, 0.038663792566031016, 0.03822062043051544, 0.04211878816859856, 0.044056029041384864, 0.04931566079355982, 0.04067411232202042, 0.034477313272457184, 0.04340142642733714, 0.03543297613947204, 0.03445377340532373, 0.03652688360355003, 0.041558481000603074, 0.036688559783949706, 0.03292206294260609, 0.04147500953160279, 0.03198377298038349, 0.031712347377919586, 0.03221772433399803, 0.03827952820066644, 0.03950775326721665, 0.03637012700496244, 0.036338335923256436, 0.035766222428460066, 0.03266989625184527, 0.031534343552357104, 0.03342990238642398, 0.03873478884954451, 0.03239361106925328, 0.02885984057170287, 0.03513033713847933, 0.03253520950593685, 0.030796624889134837, 0.04028375389153934]
BBSR:0.68
ABSR:0.26
max acc:98.14
