======================================
    IID: 0
    Dataset: mnist
    Model: Mnist_CNN
    Model Init: None
    Aggregation Function: mr_duc
    Long attack: 5
    Wide attack: 5
    Threshold reject: 0.65
    Attack method: badnet
    Fraction of malicious agents: 15.0%
    Poison Frac: 0.2
    Backdoor From 7 to 5
    Attack Begin: 0
    Trigger Shape: square
    Trigger Position X: 0
    Trigger Position Y: 0
    Number of agents: 100
    Fraction of agents each turn: 30(30.0%)
    Local batch size: 50
    Local epoch: 3
    Client_LR: 0.01
    Client_Momentum: 0.9
    Global Rounds: 100
======================================
main_task_accuracy=[0, 17.850000381469727, 36.7599983215332, 45.209999084472656, 33.5099983215332, 58.150001525878906, 31.989999771118164, 52.439998626708984, 68.9000015258789, 64.16000366210938, 67.02999877929688, 78.02999877929688, 77.91000366210938, 80.33999633789062, 65.16000366210938, 86.81999969482422, 85.9000015258789, 85.22000122070312, 86.9000015258789, 87.4800033569336, 86.2699966430664, 93.91999816894531, 94.41000366210938, 95.37999725341797, 95.16000366210938, 95.44999694824219, 94.87999725341797, 95.76000213623047, 96.1500015258789, 94.63999938964844, 96.06999969482422, 96.02999877929688, 96.44000244140625, 94.20999908447266, 92.27999877929688, 94.88999938964844, 93.86000061035156, 96.18000030517578, 94.29000091552734, 94.83999633789062, 93.80000305175781, 96.51000213623047, 96.58999633789062, 96.98999786376953, 97.5999984741211, 97.2699966430664, 96.12000274658203, 95.54000091552734, 96.91000366210938, 97.6500015258789, 95.44999694824219, 96.08000183105469, 97.76000213623047, 96.7699966430664, 97.37000274658203, 97.48999786376953, 97.56999969482422, 96.98999786376953, 97.11000061035156, 96.72000122070312, 96.8499984741211, 95.5, 96.4800033569336, 97.58000183105469, 97.91999816894531, 97.72000122070312, 97.08999633789062, 98.11000061035156, 98.22000122070312, 98.16999816894531, 98.33000183105469, 97.83999633789062, 97.43000030517578, 98.31999969482422, 97.83999633789062, 97.87999725341797, 98.4000015258789, 98.41000366210938, 98.05000305175781, 98.3499984741211, 97.91000366210938, 98.06999969482422, 97.83999633789062, 97.66000366210938, 97.95999908447266, 98.08999633789062, 97.76000213623047, 98.2699966430664, 97.79000091552734, 97.86000061035156, 98.11000061035156, 98.16000366210938, 97.41000366210938, 97.51000213623047, 97.41999816894531, 97.66000366210938, 97.87999725341797, 98.36000061035156, 98.36000061035156, 98.66000366210938, 98.33000183105469]
backdoor_accuracy=[0, 0.0, 29.377431906614785, 0.0, 46.011673151750976, 0.0, 0.09727626459143969, 0.0, 0.09727626459143969, 2.529182879377432, 0.0, 2.431906614785992, 0.48638132295719844, 3.21011673151751, 0.0, 10.505836575875486, 0.6809338521400778, 1.4591439688715953, 1.1673151750972763, 1.1673151750972763, 0.09727626459143969, 3.11284046692607, 0.38910505836575876, 0.5836575875486382, 0.7782101167315175, 1.264591439688716, 0.8754863813229572, 0.7782101167315175, 1.264591439688716, 9.33852140077821, 0.7782101167315175, 5.058365758754864, 0.9727626459143969, 0.7782101167315175, 25.486381322957197, 0.5836575875486382, 10.505836575875486, 2.9182879377431905, 5.739299610894942, 34.04669260700389, 2.529182879377432, 15.272373540856032, 18.48249027237354, 3.6964980544747084, 12.256809338521402, 22.762645914396888, 10.505836575875486, 23.735408560311285, 7.003891050583658, 20.817120622568094, 28.11284046692607, 8.754863813229573, 45.525291828793776, 7.003891050583658, 37.54863813229572, 15.077821011673151, 31.51750972762646, 34.63035019455253, 12.256809338521402, 52.14007782101167, 11.478599221789883, 75.29182879377431, 4.766536964980545, 89.78599221789884, 21.69260700389105, 72.66536964980544, 21.40077821011673, 88.2295719844358, 97.47081712062257, 96.3035019455253, 93.28793774319067, 93.67704280155642, 39.10505836575876, 97.85992217898833, 97.76264591439688, 99.61089494163424, 99.12451361867704, 99.5136186770428, 99.5136186770428, 99.5136186770428, 99.61089494163424, 98.5408560311284, 99.41634241245136, 97.47081712062257, 99.61089494163424, 99.90272373540856, 99.80544747081711, 100.0, 98.63813229571984, 100.0, 100.0, 98.73540856031128, 98.5408560311284, 96.98443579766537, 99.90272373540856, 98.24902723735408, 100.0, 97.56809338521401, 99.90272373540856, 99.90272373540856, 100.0]
loss_list=[0.5411037786189064, 0.4355147290716296, 0.3956951873269393, 0.36713433295758324, 0.28882110955579976, 0.22400846229601137, 0.25174187717160607, 0.2513816320684958, 0.25582287163842593, 0.1769573314994647, 0.16162274276043403, 0.1685803785546061, 0.16029893227323053, 0.11726780183420764, 0.14517159954149164, 0.10070369862527498, 0.09667236792331338, 0.10019043992645177, 0.09957983344964776, 0.10650683326033107, 0.10553081977564162, 0.07656086807690926, 0.0725748737753303, 0.06740284248985348, 0.06650984231416295, 0.06585399834682196, 0.06261969621701037, 0.05973348302140597, 0.06515859891527405, 0.061215001810892296, 0.05788344360315553, 0.05567561927258188, 0.05980683992811295, 0.06257905946359743, 0.0635334626862038, 0.060211991027841215, 0.060897788936308976, 0.06105590547956832, 0.06066988760701851, 0.05452496192967459, 0.047083222769098314, 0.04549306844193644, 0.04002001148432674, 0.05046338990888269, 0.044874784141135, 0.03952433677028911, 0.0477968450299866, 0.05006793513300215, 0.04848542146609217, 0.0422072981401974, 0.04512185406064653, 0.04409043260988407, 0.04260011447361615, 0.043966682435228034, 0.038068433450991875, 0.04414603496807019, 0.03757606912254152, 0.03685550417922061, 0.04651212510959543, 0.03652807532374836, 0.046162914194156544, 0.038607323418796115, 0.04864465978201234, 0.03868400900010463, 0.03466029998373901, 0.03358601135901239, 0.03826571671134065, 0.030525160307652437, 0.03130729806612032, 0.03126823354418059, 0.03672041367268605, 0.03501816854611157, 0.03592729862276139, 0.03234212774362522, 0.03615157494988848, 0.03508700831837779, 0.029505939743863657, 0.030196913076088128, 0.03390836343380164, 0.030380808829943998, 0.03428595612034549, 0.028233703889762478, 0.03086756889300959, 0.02862305973782846, 0.02709127437977225, 0.027299972484975236, 0.03165161256103383, 0.0272974064093745, 0.032013125074054315, 0.030630869519026868, 0.024254488980704054, 0.03374490776439593, 0.03452425141167455, 0.03691562370094483, 0.03129299360588768, 0.02875313062217073, 0.029863790198015955, 0.023293850429701234, 0.030033600189269316, 0.025536806767738614]
BBSR:100.0
ABSR:98.98
max acc:98.66
