======================================
    IID: 1
    Dataset: cifar
    Model: resnet
    Model Init: None
    Aggregation Function: mr_duc
    Long attack: 5
    Wide attack: 5
    Threshold reject: 0.6
    Threshold down: 0.2
    Attack method: dba
    Fraction of malicious agents: 16.0%
    Poison Frac: 0.2
    Backdoor From 7 to 5
    Attack Begin: 0
    Trigger Shape: square
    Trigger Position X: 0
    Trigger Position Y: 0
    Number of agents: 100
    Fraction of agents each turn: 30(30.0%)
    Local batch size: 50
    Local epoch: 3
    Client_LR: 0.01
    Client_Momentum: 0.9
    Global Rounds: 100
======================================
main_task_accuracy=[0, 10.0, 26.940000534057617, 43.22999954223633, 44.7400016784668, 51.130001068115234, 53.150001525878906, 56.13999938964844, 57.880001068115234, 59.310001373291016, 62.5099983215332, 62.25, 62.959999084472656, 63.349998474121094, 62.869998931884766, 65.94000244140625, 66.19000244140625, 66.2699966430664, 65.26000213623047, 68.44000244140625, 68.1500015258789, 68.61000061035156, 67.91999816894531, 69.62999725341797, 69.33999633789062, 70.41000366210938, 70.08999633789062, 70.08000183105469, 69.80999755859375, 71.06999969482422, 71.05999755859375, 71.48999786376953, 71.4800033569336, 71.8499984741211, 72.9800033569336, 72.5999984741211, 72.62000274658203, 72.16999816894531, 72.79000091552734, 72.23999786376953, 72.81999969482422, 72.81999969482422, 73.36000061035156, 72.52999877929688, 73.0999984741211, 73.25, 73.23999786376953, 73.44000244140625, 73.18000030517578, 72.95999908447266, 73.18000030517578, 73.0199966430664, 73.08999633789062, 73.16000366210938, 73.41000366210938, 72.91999816894531, 72.6500015258789, 72.81999969482422, 72.62000274658203, 72.91999816894531, 72.70999908447266, 72.5999984741211, 72.62999725341797, 72.41999816894531, 72.69000244140625, 72.5199966430664, 72.47000122070312, 72.52999877929688, 72.45999908447266, 72.58999633789062, 72.44000244140625, 72.30999755859375, 72.36000061035156, 72.27999877929688, 72.30999755859375, 72.20999908447266, 72.30999755859375, 72.23999786376953, 72.22000122070312, 72.36000061035156, 72.45999908447266, 72.44999694824219, 72.30000305175781, 72.5, 72.30999755859375, 72.22000122070312, 72.44000244140625, 72.41000366210938, 72.41000366210938, 72.37999725341797, 72.33000183105469, 72.25, 72.30000305175781, 72.23999786376953, 72.33999633789062, 72.23999786376953, 72.2300033569336, 72.30000305175781, 72.16999816894531, 72.13999938964844, 72.25]
backdoor_accuracy=[0, 0.0, 6.3, 16.5, 8.5, 6.7, 8.6, 6.4, 10.0, 7.7, 9.9, 7.1, 9.3, 5.6, 6.5, 9.2, 9.4, 6.5, 5.5, 6.3, 5.4, 7.2, 6.4, 5.5, 4.9, 5.6, 5.8, 4.6, 6.3, 7.8, 5.9, 4.8, 5.7, 4.6, 6.7, 6.3, 6.7, 6.9, 7.9, 6.1, 7.8, 6.4, 7.9, 5.2, 5.3, 8.2, 9.3, 7.5, 8.2, 6.7, 6.4, 7.2, 8.2, 7.4, 7.9, 6.9, 6.5, 7.0, 9.5, 7.7, 6.8, 7.6, 7.4, 8.1, 7.3, 7.1, 8.1, 8.1, 7.8, 7.4, 8.5, 7.5, 6.9, 7.6, 7.4, 7.2, 7.0, 7.7, 7.3, 7.8, 8.1, 7.1, 7.9, 7.8, 8.5, 7.3, 8.2, 8.2, 7.6, 8.3, 8.1, 8.0, 8.6, 8.4, 8.3, 8.0, 7.9, 8.4, 8.2, 7.7, 7.5]
loss_list=[1.9759086835384367, 1.530841170218256, 1.2026974778374038, 0.9830698478884169, 0.8142158119463259, 0.7161288649588823, 0.6218599999944369, 0.563660847677125, 0.5377500181645156, 0.4690177822278606, 0.4336703616587652, 0.4492774434180723, 0.3846758506343597, 0.402247465390505, 0.3778442314060197, 0.31339453005956275, 0.3344746432701747, 0.3342463214933458, 0.2807197331906193, 0.27853093066770174, 0.26579222272615877, 0.2144603074254054, 0.2295496435513875, 0.22937229987466706, 0.18698821094585583, 0.18308223275183177, 0.17671582281692985, 0.20382140298723248, 0.22659654455544015, 0.1489175381847761, 0.1475974237539857, 0.1459015601983346, 0.13494404640850716, 0.09926415665877157, 0.09136048545090793, 0.08361141153145578, 0.1113551018497027, 0.08461906300003953, 0.10462895594912373, 0.07836145185102292, 0.04720339198855476, 0.043780076014744644, 0.07594533755479563, 0.04445434980269056, 0.03952989999955106, 0.045309064312572846, 0.023635589034012004, 0.015911984756239686, 0.02201342578084829, 0.044718323105221815, 0.010040657576496918, 0.010834330940722593, 0.011100128882745698, 0.009806476706516047, 0.010199759777347531, 0.022742563230260412, 0.017740565606460826, 0.011101222167813425, 0.005401685988148931, 0.005917761558877018, 0.0053528550642173885, 0.00569465650572157, 0.0029491144756159174, 0.006616336888691877, 0.0071521441501681705, 0.0018748217136534445, 0.003313738812010141, 0.0016220728369403835, 0.007676513843519693, 0.0022606868724202897, 0.002358860055440648, 0.0022614871398319446, 0.002322033436341574, 0.0014949248633476804, 0.0015151641076469485, 0.003532746784686525, 0.002593346569257039, 0.0012446185260099204, 0.0019356327340372243, 0.0037198698017164135, 0.0019102985041697849, 0.0011739707069015515, 0.002012445487166082, 0.0009646825883586036, 0.0029513803064926633, 0.0010396747516319413, 0.001610569584437245, 0.0012110977865975453, 0.0031517761550639975, 0.0013941952746730144, 0.0008035532028912308, 0.0009447100910700909, 0.003364522253032191, 0.0009407131172176582, 0.000838372733786754, 0.002347964953644099, 0.0011453432788807226, 0.0007287483084574989, 0.0006561155615135148, 0.0008148804298576174]
BBSR:8.6
ABSR:8.1
max acc:72.34
