======================================
    IID: 0
    Dataset: mnist
    Model: Mnist_CNN
    Model Init: None
    Aggregation Function: mr_duc
    Long attack: 3
    Wide attack: 3
    Threshold reject: 0.6
    Threshold down: 0.2
    Attack method: dba
    Fraction of malicious agents: 15.0%
    Poison Frac: 0.2
    Backdoor From 7 to 5
    Attack Begin: 0
    Trigger Shape: square
    Trigger Position X: 0
    Trigger Position Y: 0
    Number of agents: 100
    Fraction of agents each turn: 30(30.0%)
    Local batch size: 50
    Local epoch: 3
    Client_LR: 0.01
    Client_Momentum: 0.9
    Global Rounds: 100
======================================
main_task_accuracy=[0, 49.939998626708984, 58.529998779296875, 57.65999984741211, 59.470001220703125, 71.91000366210938, 80.5199966430664, 81.33000183105469, 84.04000091552734, 76.11000061035156, 83.70999908447266, 63.86000061035156, 85.54000091552734, 81.2699966430664, 86.58999633789062, 93.52999877929688, 94.58000183105469, 95.12999725341797, 92.9800033569336, 94.63999938964844, 94.37000274658203, 94.87000274658203, 95.23999786376953, 95.43000030517578, 95.61000061035156, 95.7699966430664, 93.54000091552734, 97.0, 95.87000274658203, 96.91999816894531, 96.66999816894531, 97.55000305175781, 96.8499984741211, 97.45999908447266, 96.01000213623047, 96.94999694824219, 96.4800033569336, 97.16999816894531, 97.05999755859375, 97.80000305175781, 97.3499984741211, 96.04000091552734, 97.80999755859375, 97.95999908447266, 97.2699966430664, 98.0, 97.4000015258789, 98.0, 97.13999938964844, 98.12999725341797, 97.98999786376953, 98.2699966430664, 98.12999725341797, 97.91000366210938, 98.12000274658203, 98.26000213623047, 98.12999725341797, 98.26000213623047, 98.16999816894531, 98.1500015258789, 98.12999725341797, 98.33999633789062, 97.73999786376953, 98.30000305175781, 98.19000244140625, 98.30000305175781, 98.26000213623047, 98.2300033569336, 98.37999725341797, 96.73999786376953, 95.44000244140625, 94.97000122070312, 98.16000366210938, 98.33999633789062, 98.0999984741211, 97.94999694824219, 98.38999938964844, 98.36000061035156, 98.31999969482422, 98.4000015258789, 98.4000015258789, 98.0999984741211, 98.44000244140625, 98.08999633789062, 98.44999694824219, 98.36000061035156, 98.72000122070312, 98.1500015258789, 98.55000305175781, 98.44000244140625, 98.58000183105469, 98.37999725341797, 98.47000122070312, 98.7300033569336, 98.76000213623047, 98.6500015258789, 98.83000183105469, 98.62000274658203, 98.61000061035156, 98.63999938964844, 98.43000030517578]
backdoor_accuracy=[0, 0.0, 0.09727626459143969, 0.0, 9.24124513618677, 0.0, 0.7782101167315175, 0.2918287937743191, 0.38910505836575876, 0.0, 0.48638132295719844, 0.0, 0.6809338521400778, 0.5836575875486382, 1.8482490272373542, 0.2918287937743191, 3.11284046692607, 1.8482490272373542, 2.237354085603113, 1.1673151750972763, 3.8910505836575875, 15.95330739299611, 4.669260700389105, 9.82490272373541, 33.85214007782101, 30.44747081712062, 29.474708171206224, 44.3579766536965, 97.37354085603113, 62.159533073929964, 73.63813229571984, 98.73540856031128, 95.3307392996109, 94.94163424124514, 86.38132295719845, 96.69260700389106, 91.53696498054475, 88.03501945525292, 98.63813229571984, 93.48249027237354, 98.63813229571984, 99.0272373540856, 98.73540856031128, 98.34630350194553, 95.3307392996109, 96.69260700389106, 99.31906614785993, 99.90272373540856, 97.08171206225681, 99.61089494163424, 99.22178988326849, 99.5136186770428, 99.0272373540856, 96.78988326848248, 99.5136186770428, 99.70817120622569, 99.90272373540856, 99.41634241245136, 100.0, 100.0, 99.90272373540856, 99.90272373540856, 99.80544747081711, 99.80544747081711, 99.90272373540856, 99.90272373540856, 100.0, 100.0, 100.0, 99.31906614785993, 100.0, 100.0, 100.0, 99.90272373540856, 100.0, 99.70817120622569, 100.0, 100.0, 100.0, 99.90272373540856, 99.90272373540856, 100.0, 100.0, 100.0, 99.70817120622569, 100.0, 100.0, 100.0, 99.70817120622569, 100.0, 100.0, 100.0, 100.0, 100.0, 99.90272373540856, 100.0, 100.0, 100.0, 99.70817120622569, 100.0, 100.0]
loss_list=[0.7929473647580446, 0.44642480953631014, 0.36833982160702977, 0.3717745547777869, 0.3426194248544225, 0.2595097869916773, 0.2308867727550697, 0.1835121885059413, 0.1692541820665577, 0.18655295111238962, 0.19855195857631364, 0.23636286080609015, 0.18249833828621947, 0.15468016229456732, 0.1483829499325549, 0.1104144985374727, 0.10027986859119362, 0.09022500741095293, 0.10417878121966, 0.08963212683744064, 0.09443335752037253, 0.08004035922233554, 0.09483849182207547, 0.08381639356053644, 0.08395362746607675, 0.07421965127610847, 0.07492644775278072, 0.0680611678701098, 0.07026992321838645, 0.06788224096246133, 0.06448946739830246, 0.061620268485002176, 0.060900773374682866, 0.060092487244805336, 0.06511361570740486, 0.06123853303507968, 0.05581609117600439, 0.060389126867435326, 0.0533199197434425, 0.05209979561012813, 0.04988654854639916, 0.055931684326737424, 0.047406556631179035, 0.05002664423133225, 0.04979696137634164, 0.046369932284627186, 0.04861603756340898, 0.049155611642832074, 0.05033860757040976, 0.0488904617021119, 0.04562398248843372, 0.04316910288276564, 0.04326478333399185, 0.04226214507987573, 0.04047601750198738, 0.04278386537993759, 0.04123825342816148, 0.04344604683681407, 0.04231971456163727, 0.039438938600094973, 0.03958438323990979, 0.03609440233568522, 0.04019570803941153, 0.03775563329603318, 0.04238181851357727, 0.035411598018847, 0.033580772147612424, 0.03868108168925935, 0.03523040828498552, 0.043327149283316053, 0.052203557091282465, 0.04787614047722686, 0.03824053201569769, 0.03791005405432264, 0.03830572568398969, 0.03822216792267244, 0.0325145054341192, 0.03456574075128931, 0.032207928439344904, 0.03118389451883559, 0.03576931357416738, 0.036097441425940985, 0.03421828536529911, 0.033683887393864874, 0.031671611367501434, 0.03333243728542989, 0.029775131906003307, 0.032499030510512554, 0.03164385409457585, 0.031707944018786224, 0.03161389822474761, 0.03336939130096854, 0.027991203959337085, 0.027532346681133878, 0.027325197205573203, 0.028450335858778323, 0.02768287389112124, 0.0312817042189821, 0.027726143981568314, 0.029525076317562092]
BBSR:100.0
ABSR:99.96
max acc:98.83
