======================================
    IID: 0
    Dataset: mnist
    Model: Mnist_CNN
    Model Init: None
    Aggregation Function: mr_duc
    Long attack: 3
    Wide attack: 3
    Threshold reject: 0.5
    Threshold down: 0.2
    Attack method: badnet
    Fraction of malicious agents: 16.0%
    Poison Frac: 0.2
    Backdoor From 7 to 5
    Attack Begin: 0
    Trigger Shape: square
    Trigger Position X: 0
    Trigger Position Y: 0
    Number of agents: 100
    Fraction of agents each turn: 30(30.0%)
    Local batch size: 50
    Local epoch: 3
    Client_LR: 0.01
    Client_Momentum: 0.9
    Global Rounds: 100
======================================
main_task_accuracy=[0, 11.920000076293945, 12.699999809265137, 38.810001373291016, 21.600000381469727, 44.95000076293945, 16.229999542236328, 36.470001220703125, 30.709999084472656, 51.72999954223633, 14.970000267028809, 30.559999465942383, 40.939998626708984, 41.119998931884766, 27.329999923706055, 65.23999786376953, 63.93000030517578, 47.02000045776367, 44.33000183105469, 69.38999938964844, 52.22999954223633, 64.5, 62.099998474121094, 42.52000045776367, 62.290000915527344, 66.43000030517578, 63.27000045776367, 81.23999786376953, 66.66000366210938, 73.62000274658203, 65.16000366210938, 70.30999755859375, 46.68000030517578, 84.05000305175781, 64.72000122070312, 60.0099983215332, 85.8499984741211, 76.81999969482422, 82.9800033569336, 73.73999786376953, 88.44999694824219, 85.83000183105469, 83.83999633789062, 82.5999984741211, 83.70999908447266, 78.5999984741211, 55.2599983215332, 91.3499984741211, 89.02999877929688, 80.68000030517578, 71.52999877929688, 89.01000213623047, 93.0199966430664, 90.8499984741211, 80.88999938964844, 94.05999755859375, 80.94999694824219, 94.66999816894531, 80.43000030517578, 95.52999877929688, 94.1500015258789, 93.73999786376953, 92.87999725341797, 94.36000061035156, 84.62000274658203, 83.4000015258789, 83.1500015258789, 94.69999694824219, 93.23999786376953, 91.51000213623047, 87.66999816894531, 84.2699966430664, 93.62999725341797, 95.37000274658203, 94.68000030517578, 92.87999725341797, 93.58999633789062, 95.19999694824219, 95.79000091552734, 96.2699966430664, 95.08000183105469, 85.87999725341797, 93.56999969482422, 96.0199966430664, 92.62000274658203, 94.41000366210938, 95.18000030517578, 96.20999908447266, 94.44999694824219, 87.18000030517578, 89.70999908447266, 93.36000061035156, 94.0999984741211, 90.66000366210938, 86.80999755859375, 81.4000015258789, 96.73999786376953, 94.9000015258789, 93.26000213623047, 92.5999984741211, 97.30000305175781]
backdoor_accuracy=[0, 0.0, 0.0, 0.0, 0.0, 0.0, 0.0, 0.0, 0.0, 0.19455252918287938, 0.0, 0.0, 0.09727626459143969, 0.0, 0.0, 0.0, 0.9727626459143969, 0.0, 0.0, 6.3229571984435795, 0.0, 9.727626459143968, 0.0, 0.0, 0.9727626459143969, 0.0, 11.575875486381323, 0.0, 0.0, 0.6809338521400778, 0.0, 0.0, 0.0, 1.3618677042801557, 0.0, 0.0, 0.0, 0.0, 0.5836575875486382, 0.0, 0.09727626459143969, 0.0, 0.19455252918287938, 0.0, 0.0, 0.0, 0.0, 0.0, 0.0, 0.0, 0.0, 0.0, 0.0, 0.0, 0.0, 0.0, 0.0, 0.0, 0.0, 0.0, 0.0, 0.0, 0.0, 0.0, 0.0, 0.0, 0.0, 0.0, 0.0, 0.0, 0.0, 0.0, 0.0, 0.0, 0.0, 0.0, 0.38910505836575876, 0.0, 0.0, 39.59143968871595, 82.97665369649805, 99.80544747081711, 1.556420233463035, 13.229571984435797, 8.657587548638132, 67.8988326848249, 11.089494163424124, 47.27626459143969, 5.836575875486381, 87.54863813229572, 3.7937743190661477, 3.21011673151751, 12.354085603112841, 1.264591439688716, 89.98054474708171, 0.2918287937743191, 70.52529182879377, 48.249027237354085, 54.961089494163424, 23.735408560311285, 72.47081712062257]
loss_list=[0.42838948856850967, 0.5170398929010359, 0.653391580369988, 0.4043977201369068, 0.47126382838354147, 0.34281541605228666, 0.8629165199102747, 0.351081631879581, 0.6101740104697988, 0.42785372655554227, 0.823957191513171, 0.42183341178422845, 0.3373174005276211, 0.31832471096268755, 0.4107662114835675, 0.34918006372495225, 0.2372831671204841, 0.29347982513012544, 0.6846980554393937, 0.32523773411103096, 0.29231131825995593, 0.23864380213053524, 0.23945630949024757, 0.2648131622232202, 0.29802737951820857, 0.25207282872891673, 0.26401739049618084, 0.174389553082387, 0.19332687059833614, 0.2799030818688548, 0.2138122134499218, 0.2739694801106358, 0.35583222387281593, 0.21089474582555515, 0.23017677946325724, 0.35374912564897787, 0.17709447667102748, 0.22385658469530526, 0.17450135621759355, 0.17569424858025, 0.14744549689382197, 0.12954139344401305, 0.13098247215619066, 0.15043478268619045, 0.16587061887460702, 0.1860115667598115, 0.23837758843596532, 0.13457830245329708, 0.12099772591643362, 0.13659756055582994, 0.21688160958308597, 0.10944329323300635, 0.09640382972541285, 0.1299224190609729, 0.14785727280791433, 0.11195848456262597, 0.13784882426661743, 0.1041229699783511, 0.1464643412018707, 0.08845061267342048, 0.08947464915017661, 0.09472570784900097, 0.09879646856201427, 0.09124230997717353, 0.10405261574455835, 0.1261733151167391, 0.12524588634902206, 0.10677825836591416, 0.10594198484718229, 0.09543575066692372, 0.12463246243199774, 0.1255930894038074, 0.09982332908367866, 0.0933175567588596, 0.08753082905425308, 0.08724522114148878, 0.07929181480059654, 0.09226206421910438, 0.07680990590981009, 0.07818850414035042, 0.0731686200485077, 0.08635260224264422, 0.07584330629822911, 0.07837364653548691, 0.08447210815894465, 0.06751446988326584, 0.06723492875026935, 0.061644638029291994, 0.07310919468091971, 0.08618114490390225, 0.0750127062820394, 0.08165223889465306, 0.07824280835437403, 0.08644172108179862, 0.11458201243606, 0.13600452346274527, 0.07616669605267479, 0.07680105833081004, 0.08476659563810261, 0.07664183017173071]
BBSR:89.98
ABSR:37.7
max acc:97.3
