======================================
    IID: 0
    Dataset: mnist
    Model: Mnist_CNN
    Model Init: None
    Aggregation Function: mr_duc
    Long attack: 5
    Wide attack: 5
    Attack method: dba
    Fraction of malicious agents: 15.0%
    Poison Frac: 0.2
    Backdoor From 7 to 5
    Attack Begin: 0
    Trigger Shape: square
    Trigger Position X: 0
    Trigger Position Y: 0
    Number of agents: 100
    Fraction of agents each turn: 30(30.0%)
    Local batch size: 50
    Local epoch: 3
    Client_LR: 0.01
    Client_Momentum: 0.9
    Global Rounds: 100
======================================
main_task_accuracy=[0, 26.709999084472656, 24.010000228881836, 44.5099983215332, 44.060001373291016, 52.13999938964844, 57.130001068115234, 35.88999938964844, 64.95999908447266, 50.91999816894531, 73.41000366210938, 72.06999969482422, 73.66000366210938, 82.72000122070312, 83.37999725341797, 68.66999816894531, 81.9800033569336, 82.91999816894531, 84.05999755859375, 72.08000183105469, 85.58999633789062, 81.79000091552734, 83.55000305175781, 93.22000122070312, 81.29000091552734, 88.79000091552734, 82.38999938964844, 85.66999816894531, 65.12999725341797, 94.36000061035156, 89.4800033569336, 94.44000244140625, 94.41999816894531, 94.08999633789062, 95.54000091552734, 88.29000091552734, 95.02999877929688, 94.77999877929688, 95.45999908447266, 92.63999938964844, 96.06999969482422, 93.63999938964844, 95.25, 95.33999633789062, 97.29000091552734, 85.86000061035156, 95.05000305175781, 96.27999877929688, 96.87000274658203, 94.20999908447266, 94.73999786376953, 94.0999984741211, 96.18000030517578, 96.33999633789062, 97.27999877929688, 95.75, 93.81999969482422, 95.93000030517578, 95.12999725341797, 95.97000122070312, 97.37999725341797, 96.63999938964844, 97.12000274658203, 95.04000091552734, 97.08999633789062, 95.5199966430664, 97.9000015258789, 96.79000091552734, 97.95999908447266, 96.54000091552734, 95.23999786376953, 97.19999694824219, 97.30000305175781, 97.23999786376953, 94.7699966430664, 96.62999725341797, 97.25, 96.54000091552734, 98.20999908447266, 95.75, 98.0999984741211, 97.04000091552734, 98.11000061035156, 97.7300033569336, 93.01000213623047, 97.36000061035156, 96.62999725341797, 97.70999908447266, 97.75, 97.9000015258789, 97.23999786376953, 98.0999984741211, 97.33000183105469, 97.9000015258789, 98.43000030517578, 93.81999969482422, 98.05000305175781, 97.0999984741211, 98.05000305175781, 97.43000030517578, 97.80000305175781]
backdoor_accuracy=[0, 0.0, 0.0, 0.0, 0.0, 0.2918287937743191, 0.0, 0.09727626459143969, 0.0, 0.0, 0.19455252918287938, 0.9727626459143969, 0.0, 0.09727626459143969, 0.19455252918287938, 0.0, 0.19455252918287938, 0.0, 0.38910505836575876, 0.0, 0.0, 0.38910505836575876, 0.0, 0.09727626459143969, 0.0, 0.09727626459143969, 0.0, 0.19455252918287938, 0.0, 0.6809338521400778, 0.0, 0.19455252918287938, 0.09727626459143969, 0.19455252918287938, 0.2918287937743191, 0.0, 0.2918287937743191, 1.556420233463035, 0.0, 2.237354085603113, 0.38910505836575876, 1.4591439688715953, 0.9727626459143969, 3.0155642023346303, 0.7782101167315175, 13.132295719844358, 2.140077821011673, 0.9727626459143969, 2.140077821011673, 1.4591439688715953, 75.0, 1.6536964980544746, 18.579766536964982, 1.556420233463035, 18.19066147859922, 2.237354085603113, 53.69649805447471, 0.09727626459143969, 0.7782101167315175, 1.0700389105058365, 2.431906614785992, 7.879377431906615, 1.556420233463035, 24.80544747081712, 5.447470817120623, 53.988326848249024, 15.56420233463035, 24.90272373540856, 30.252918287937742, 7.587548638132295, 48.34630350194553, 42.8988326848249, 79.1828793774319, 24.513618677042803, 4.766536964980545, 95.71984435797665, 18.19066147859922, 94.16342412451363, 73.73540856031128, 94.64980544747081, 96.01167315175097, 95.23346303501945, 99.22178988326849, 66.92607003891051, 44.16342412451362, 70.13618677042801, 96.78988326848248, 22.762645914396888, 93.96887159533074, 31.90661478599222, 95.71984435797665, 29.377431906614785, 95.3307392996109, 83.852140077821, 96.3035019455253, 97.66536964980544, 72.85992217898833, 99.80544747081711, 52.431906614785994, 96.88715953307393, 98.24902723735408]
loss_list=[0.45781058826300997, 0.29975856968112186, 0.3416486284928278, 0.31075701734903455, 0.2015450998022743, 0.21193366949982714, 0.23886141009347842, 0.2306771296380016, 0.18345268619399221, 0.22481246980322292, 0.1854552445403396, 0.1472866070412655, 0.1305023956678178, 0.12495795320037524, 0.11899563578763266, 0.1319986893836726, 0.1114922049367584, 0.11261876314068472, 0.12580680917532286, 0.11792237800502534, 0.07919721966842047, 0.11456379181312541, 0.10096213220574805, 0.08125484099529481, 0.09712685397224857, 0.10156426172566614, 0.09369895976830726, 0.11581192000244359, 0.15777647975068482, 0.09362655369307614, 0.08411091220434104, 0.07284455087931765, 0.07478716111551571, 0.06942966019408114, 0.06199433443555251, 0.0714060266465106, 0.07813777270077936, 0.05982465639121562, 0.06340196050835267, 0.06054655913769072, 0.060850671260670786, 0.057028561385690124, 0.06166943605886473, 0.05629244013687059, 0.05418068070250599, 0.0767205878602399, 0.0600551325630005, 0.048116666538132964, 0.052026435143094824, 0.059993906577951575, 0.04644247502407897, 0.06144704487556839, 0.04283546812542637, 0.046897899547222455, 0.043843539954761784, 0.051199746272574044, 0.04809190900347134, 0.04260619166600108, 0.04529019158844239, 0.040871067158630266, 0.03593007932102584, 0.041252505529970486, 0.041449338766933914, 0.04939387499214179, 0.04359535108483635, 0.041943309008176076, 0.03711577720132935, 0.03994315724364159, 0.03016479856702017, 0.04103456813468488, 0.04947257517376504, 0.035781910460074555, 0.03258469277022364, 0.03681600771401969, 0.04289742994365031, 0.03912555112993156, 0.036876799180593514, 0.04245259670897381, 0.03357563070471222, 0.04052294156152032, 0.030079112666222763, 0.038643601311461585, 0.033254525392802894, 0.03298853568356805, 0.04139091570142455, 0.03283881718200581, 0.03622560418051452, 0.038601137563012526, 0.02994198622237029, 0.030037476321337683, 0.030586181907370648, 0.030163078917172254, 0.03234331908453248, 0.03077655766244965, 0.02846724438512775, 0.03977558128889444, 0.028510023343609272, 0.033625916257442, 0.028256564097329125, 0.02993292965587207]
BBSR:99.81
ABSR:82.28
max acc:98.43
