======================================
    IID: 0
    Dataset: mnist
    Model: Mnist_CNN
    Model Init: None
    Aggregation Function: mr_duc
    Long attack: 2
    Wide attack: 2
    Threshold reject: 0.6
    Threshold down: 0.2
    Attack method: dba
    Fraction of malicious agents: 15.0%
    Poison Frac: 0.2
    Backdoor From 7 to 5
    Attack Begin: 0
    Trigger Shape: square
    Trigger Position X: 0
    Trigger Position Y: 0
    Number of agents: 100
    Fraction of agents each turn: 30(30.0%)
    Local batch size: 50
    Local epoch: 3
    Client_LR: 0.01
    Client_Momentum: 0.9
    Global Rounds: 100
======================================
main_task_accuracy=[0, 43.06999969482422, 12.729999542236328, 30.729999542236328, 32.16999816894531, 41.220001220703125, 36.72999954223633, 66.80999755859375, 39.369998931884766, 66.3499984741211, 61.099998474121094, 75.37999725341797, 64.23999786376953, 76.62000274658203, 71.58000183105469, 77.11000061035156, 80.88999938964844, 77.9800033569336, 80.18000030517578, 77.38999938964844, 81.23999786376953, 88.8499984741211, 88.87000274658203, 85.86000061035156, 91.61000061035156, 87.0199966430664, 89.0999984741211, 93.4800033569336, 93.22000122070312, 94.26000213623047, 93.7699966430664, 94.43000030517578, 94.41999816894531, 95.48999786376953, 96.18000030517578, 96.08999633789062, 96.62999725341797, 95.51000213623047, 94.19000244140625, 95.83999633789062, 95.87000274658203, 92.44000244140625, 95.12000274658203, 94.1500015258789, 93.55000305175781, 95.16000366210938, 96.30000305175781, 95.38999938964844, 95.5, 95.88999938964844, 96.5, 96.4000015258789, 97.18000030517578, 95.77999877929688, 96.58000183105469, 97.19000244140625, 96.12999725341797, 96.44000244140625, 95.63999938964844, 94.5999984741211, 95.69999694824219, 96.81999969482422, 97.98999786376953, 97.94999694824219, 97.55999755859375, 96.63999938964844, 96.05000305175781, 95.5199966430664, 97.3499984741211, 97.58000183105469, 97.23999786376953, 97.94999694824219, 97.8499984741211, 97.4000015258789, 96.66999816894531, 97.43000030517578, 97.83999633789062, 97.56999969482422, 97.94000244140625, 97.91000366210938, 97.7300033569336, 97.8499984741211, 98.13999938964844, 95.98999786376953, 96.51000213623047, 97.54000091552734, 97.31999969482422, 98.44999694824219, 97.9800033569336, 98.19999694824219, 98.04000091552734, 97.93000030517578, 97.16000366210938, 97.70999908447266, 95.58000183105469, 97.87999725341797, 97.08000183105469, 97.69000244140625, 98.36000061035156, 97.76000213623047, 98.45999908447266]
backdoor_accuracy=[0, 56.22568093385214, 0.0, 94.45525291828794, 0.0, 0.0, 0.0, 2.140077821011673, 0.0, 0.0, 7.2957198443579765, 0.0, 3.307392996108949, 0.0, 0.5836575875486382, 0.19455252918287938, 0.0, 0.0, 0.48638132295719844, 0.19455252918287938, 0.0, 0.48638132295719844, 0.0, 0.0, 0.19455252918287938, 0.0, 0.38910505836575876, 0.2918287937743191, 0.09727626459143969, 0.5836575875486382, 0.0, 1.1673151750972763, 0.09727626459143969, 0.48638132295719844, 0.19455252918287938, 1.0700389105058365, 0.09727626459143969, 0.2918287937743191, 0.09727626459143969, 0.19455252918287938, 0.19455252918287938, 0.19455252918287938, 0.48638132295719844, 0.2918287937743191, 0.5836575875486382, 0.38910505836575876, 1.264591439688716, 0.09727626459143969, 1.3618677042801557, 0.09727626459143969, 0.5836575875486382, 0.19455252918287938, 1.4591439688715953, 0.0, 0.48638132295719844, 1.264591439688716, 0.19455252918287938, 1.7509727626459144, 0.2918287937743191, 14.007782101167315, 0.09727626459143969, 14.785992217898833, 1.7509727626459144, 3.501945525291829, 7.879377431906615, 2.3346303501945527, 33.463035019455255, 3.0155642023346303, 19.06614785992218, 2.0428015564202333, 1.1673151750972763, 7.101167315175097, 6.22568093385214, 21.011673151750973, 12.54863813229572, 12.84046692607004, 7.879377431906615, 16.342412451361866, 30.058365758754864, 34.33852140077821, 39.688715953307394, 6.809338521400778, 39.10505836575876, 80.6420233463035, 19.747081712062258, 93.96887159533074, 4.280155642023346, 78.98832684824903, 24.027237354085603, 56.71206225680934, 53.21011673151751, 92.31517509727627, 76.75097276264592, 86.96498054474708, 86.38132295719845, 35.505836575875485, 93.28793774319067, 43.57976653696498, 91.147859922179, 32.00389105058366, 99.41634241245136]
loss_list=[0.44337442941196586, 0.31464045573372296, 0.47979025355386085, 0.29566469530992784, 0.3422337360798674, 0.29959374404159356, 0.27475497021584516, 0.23024195233166883, 0.2181728037902677, 0.22365103026466954, 0.16487156550789786, 0.17052084764289496, 0.13745884432897232, 0.13931801784551673, 0.12442354041394263, 0.17604352243582327, 0.09965775963847229, 0.12078313928643326, 0.13564256244106207, 0.11305576738360232, 0.11245838785463, 0.08521359921354403, 0.11026029953871126, 0.09210333617167918, 0.0874891451706979, 0.08453926444860556, 0.09152840726376242, 0.07445007544928225, 0.06750717465689647, 0.061231342954197854, 0.07154765641681751, 0.06506486616907864, 0.05523434553798565, 0.04760117008698978, 0.0628997262622363, 0.04819300570966544, 0.04972954107092826, 0.05767557866273189, 0.056601339299169225, 0.05008247201017868, 0.05520334392584422, 0.055323290984004965, 0.06584146887143763, 0.04558157869001473, 0.05374831784243053, 0.054882458880042936, 0.0460290537764395, 0.048666570231215275, 0.04806688979147848, 0.04881616769931034, 0.04646507206348361, 0.04039842949206793, 0.03864066002741414, 0.04830600735564487, 0.04344429648929298, 0.038687126459123214, 0.04286142532007431, 0.04088552823550447, 0.04572484964082899, 0.03908227574659091, 0.0499258173437555, 0.03724711696314442, 0.03301886689363595, 0.03509151354725264, 0.042033287962750715, 0.0369975842202359, 0.03514034203929926, 0.03777273110210736, 0.03673497955240181, 0.03574251533238907, 0.03326373539150162, 0.03810737417100898, 0.0346205124281237, 0.03887385304518897, 0.03401478876605067, 0.030773466270952368, 0.03334846897483927, 0.03340956140231228, 0.02653181556612901, 0.032639462424445854, 0.02973447827178264, 0.026902113221808206, 0.028459893653696024, 0.035581372902249525, 0.03106786325444456, 0.029035767622228075, 0.029425627326305832, 0.02498770364126973, 0.033223734875932845, 0.024915692914472994, 0.02541092284076206, 0.03060184732953647, 0.03208463203974505, 0.031216251531729557, 0.033550662656832264, 0.02979758432980791, 0.025308028828992503, 0.026405154163459055, 0.02950585150295755, 0.026721638442246266]
BBSR:99.42
ABSR:73.74
max acc:98.46
