======================================
    IID: 1
    Dataset: cifar
    Model: resnet
    Model Init: None
    Aggregation Function: our
    Long attack: 5
    Wide attack: 5
    Attack method: badnet
    Fraction of malicious agents: 15.0%
    Poison Frac: 0.2
    Backdoor From 7 to 5
    Attack Begin: 0
    Trigger Shape: square
    Trigger Position X: 0
    Trigger Position Y: 0
    Number of agents: 100
    Fraction of agents each turn: 30(30.0%)
    Local batch size: 50
    Local epoch: 3
    Client_LR: 0.01
    Client_Momentum: 0.9
    Global Rounds: 100
======================================
main_task_accuracy=[0, 10.739999771118164, 27.610000610351562, 37.65999984741211, 41.66999816894531, 49.130001068115234, 50.34000015258789, 53.09000015258789, 54.79999923706055, 52.619998931884766, 55.310001373291016, 56.900001525878906, 58.22999954223633, 55.189998626708984, 59.15999984741211, 57.529998779296875, 59.84000015258789, 60.08000183105469, 55.290000915527344, 60.95000076293945, 60.619998931884766, 60.709999084472656, 61.45000076293945, 59.13999938964844, 59.650001525878906, 62.880001068115234, 60.689998626708984, 61.619998931884766, 60.439998626708984, 61.4900016784668, 60.95000076293945, 59.93000030517578, 61.61000061035156, 60.81999969482422, 63.16999816894531, 60.040000915527344, 62.720001220703125, 63.7400016784668, 62.47999954223633, 62.63999938964844, 62.34000015258789, 62.93000030517578, 62.880001068115234, 63.060001373291016, 61.349998474121094, 62.619998931884766, 62.81999969482422, 64.7699966430664, 64.16000366210938, 62.33000183105469, 63.369998931884766, 62.43000030517578, 63.33000183105469, 63.119998931884766, 63.619998931884766, 64.37000274658203, 64.16999816894531, 64.55000305175781, 64.62999725341797, 65.52999877929688, 64.80999755859375, 63.7599983215332, 65.01000213623047, 64.91000366210938, 64.95999908447266, 65.2699966430664, 63.810001373291016, 65.77999877929688, 65.83000183105469, 62.0099983215332, 65.12000274658203, 64.16000366210938, 63.959999084472656, 65.0199966430664, 64.27999877929688, 64.22000122070312, 64.9800033569336, 65.58999633789062, 62.95000076293945, 63.47999954223633, 63.02000045776367, 65.56999969482422, 65.48999786376953, 65.38999938964844, 64.95999908447266, 64.12999725341797, 64.69999694824219, 65.83999633789062, 66.29000091552734, 65.16999816894531, 64.2699966430664, 65.30999755859375, 65.16999816894531, 65.0999984741211, 65.02999877929688, 63.959999084472656, 64.66999816894531, 64.12000274658203, 63.65999984741211, 65.11000061035156, 63.7400016784668]
backdoor_accuracy=[0, 0.0, 20.9, 30.9, 18.1, 4.3, 15.6, 8.4, 13.1, 8.9, 8.3, 22.6, 10.4, 15.7, 10.0, 5.6, 11.8, 15.6, 10.3, 10.8, 3.4, 13.6, 13.3, 25.0, 12.6, 14.3, 11.7, 9.5, 10.7, 10.2, 7.1, 5.3, 9.4, 19.3, 9.9, 31.6, 10.8, 12.3, 18.1, 29.4, 18.5, 18.0, 15.3, 14.5, 18.9, 12.8, 13.3, 14.4, 8.8, 7.3, 4.6, 8.2, 5.8, 11.5, 16.5, 17.9, 17.3, 10.6, 15.5, 21.9, 8.9, 19.8, 19.1, 13.8, 12.3, 11.1, 14.4, 22.4, 16.3, 19.8, 14.3, 7.1, 25.4, 18.6, 19.9, 9.4, 13.7, 16.8, 17.6, 13.9, 27.5, 17.6, 11.8, 14.9, 23.1, 11.1, 12.1, 20.4, 19.9, 22.4, 11.0, 14.4, 18.7, 14.5, 21.9, 9.8, 15.6, 13.0, 13.7, 16.6, 16.2]
loss_list=[2.002334555784861, 1.5411403242084711, 1.1904376242889294, 1.0279887398249572, 0.8434431014127203, 0.7923310504108668, 0.6871204112552934, 0.6260243807940018, 0.6497750757634638, 0.612569147311151, 0.557481719356858, 0.5545687124226242, 0.537788789595167, 0.5472846837000299, 0.5136189881422454, 0.5361498422744787, 0.5252300920492659, 0.5648660054740806, 0.5035253492804865, 0.48304097146623654, 0.42507500236440027, 0.47518476169090723, 0.44648103449183213, 0.46170997839705596, 0.5037332486480268, 0.4859364072564575, 0.47389792138607134, 0.4830389509210364, 0.4566771778226312, 0.4585377906345659, 0.47064489054855785, 0.4966223576701143, 0.43056484139627876, 0.4473969609236034, 0.47636172692550155, 0.4108370973723423, 0.42753016948130806, 0.4307556659986989, 0.46313730172450757, 0.39931002351921047, 0.46436732220308236, 0.47825834092063224, 0.45855624823468843, 0.5117269219954809, 0.40256990361907, 0.4933630733342014, 0.4122032988337903, 0.4137951092323702, 0.3996671379471405, 0.37774626135800243, 0.41006026962901354, 0.4250424238920419, 0.542661443640892, 0.439653144352552, 0.34628185020785573, 0.4486732174846758, 0.4337383580135387, 0.4002269879040411, 0.46813706456838805, 0.37160363459778534, 0.4620491473640625, 0.42899328795856706, 0.41276430597632285, 0.41582238586257314, 0.4182171002816824, 0.5035546205260066, 0.3823620113751126, 0.4072500099531479, 0.4377462675857047, 0.36936278519401744, 0.4459872746850468, 0.4687276031630528, 0.4270940801558187, 0.4532767030956328, 0.5492363364508168, 0.3962647141821475, 0.38696656575167765, 0.3948257619696152, 0.4972582693537698, 0.42719230208132003, 0.44916661724396467, 0.43831323327289684, 0.3571432768338774, 0.4068055823892873, 0.4570295772435039, 0.4047142559072624, 0.45739122902974494, 0.44668926017876304, 0.3986856698094764, 0.4513770215720353, 0.4516872040880843, 0.4488684704633326, 0.381290322475187, 0.45683595714780184, 0.3926897197472862, 0.3590630818334305, 0.47821373039494375, 0.41006648380024774, 0.4303500385039175, 0.44101933533377535]
BBSR:21.9
ABSR:15.44
max acc:65.31
