======================================
    IID: 0
    Dataset: mnist
    Model: Mnist_CNN
    Model Init: None
    Aggregation Function: mr_duc
    Long attack: 5
    Wide attack: 5
    Threshold reject: 0.45
    Attack method: badnet
    Fraction of malicious agents: 15.0%
    Poison Frac: 0.2
    Backdoor From 7 to 5
    Attack Begin: 0
    Trigger Shape: square
    Trigger Position X: 0
    Trigger Position Y: 0
    Number of agents: 100
    Fraction of agents each turn: 30(30.0%)
    Local batch size: 50
    Local epoch: 3
    Client_LR: 0.01
    Client_Momentum: 0.9
    Global Rounds: 100
======================================
main_task_accuracy=[0, 21.190000534057617, 26.0, 45.150001525878906, 57.900001525878906, 57.689998626708984, 54.470001220703125, 69.73999786376953, 56.459999084472656, 62.43000030517578, 60.61000061035156, 60.52000045776367, 73.2699966430664, 68.1500015258789, 65.11000061035156, 80.66000366210938, 82.33999633789062, 85.02999877929688, 88.43000030517578, 90.37000274658203, 85.76000213623047, 88.30000305175781, 89.80999755859375, 84.18000030517578, 85.05999755859375, 82.16000366210938, 88.23999786376953, 84.11000061035156, 83.5199966430664, 91.04000091552734, 92.94999694824219, 91.69999694824219, 86.2300033569336, 88.41999816894531, 87.43000030517578, 94.79000091552734, 91.37000274658203, 92.9800033569336, 95.0199966430664, 95.30000305175781, 93.7699966430664, 95.1500015258789, 96.62000274658203, 94.73999786376953, 95.19999694824219, 96.06999969482422, 96.69000244140625, 95.80999755859375, 94.87000274658203, 95.26000213623047, 95.80000305175781, 96.30000305175781, 96.5, 96.5199966430664, 97.01000213623047, 97.52999877929688, 97.06999969482422, 95.6500015258789, 97.70999908447266, 97.88999938964844, 97.7699966430664, 94.77999877929688, 97.5199966430664, 96.83000183105469, 96.5199966430664, 97.45999908447266, 96.5, 95.80000305175781, 97.66999816894531, 97.05000305175781, 97.6500015258789, 97.98999786376953, 97.4000015258789, 97.66999816894531, 97.38999938964844, 97.7300033569336, 97.58000183105469, 97.98999786376953, 97.18000030517578, 97.9800033569336, 96.80999755859375, 92.80999755859375, 96.58000183105469, 96.76000213623047, 97.47000122070312, 97.41999816894531, 96.56999969482422, 97.91000366210938, 98.38999938964844, 98.05999755859375, 98.12000274658203, 97.87000274658203, 98.25, 97.83000183105469, 97.87000274658203, 98.0, 97.41999816894531, 98.26000213623047, 98.4000015258789, 98.19999694824219, 98.63999938964844]
backdoor_accuracy=[0, 0.0, 34.824902723735406, 0.0, 0.0, 0.0, 0.0, 0.09727626459143969, 0.0, 0.09727626459143969, 0.0, 0.0, 0.38910505836575876, 0.0, 0.0, 0.0, 0.0, 0.0, 0.48638132295719844, 0.0, 0.19455252918287938, 0.0, 0.19455252918287938, 0.0, 0.2918287937743191, 0.0, 0.0, 0.5836575875486382, 0.0, 0.38910505836575876, 0.09727626459143969, 0.09727626459143969, 0.09727626459143969, 0.09727626459143969, 0.09727626459143969, 0.09727626459143969, 0.09727626459143969, 0.0, 0.19455252918287938, 0.09727626459143969, 0.09727626459143969, 0.09727626459143969, 0.09727626459143969, 0.19455252918287938, 0.09727626459143969, 0.09727626459143969, 0.2918287937743191, 0.09727626459143969, 0.09727626459143969, 0.19455252918287938, 0.19455252918287938, 0.09727626459143969, 0.09727626459143969, 0.19455252918287938, 0.38910505836575876, 0.09727626459143969, 0.09727626459143969, 0.09727626459143969, 0.09727626459143969, 0.09727626459143969, 0.19455252918287938, 0.09727626459143969, 0.9727626459143969, 0.09727626459143969, 1.1673151750972763, 1.6536964980544746, 8.560311284046692, 3.5992217898832686, 5.739299610894942, 3.9883268482490273, 24.22178988326848, 24.31906614785992, 1.4591439688715953, 8.949416342412452, 2.237354085603113, 3.21011673151751, 3.0155642023346303, 2.0428015564202333, 4.863813229571984, 45.62256809338521, 2.6264591439688716, 93.09338521400778, 0.48638132295719844, 28.69649805447471, 3.404669260700389, 18.28793774319066, 23.443579766536963, 7.782101167315175, 19.55252918287938, 47.568093385214006, 13.132295719844358, 39.39688715953307, 19.06614785992218, 93.48249027237354, 12.84046692607004, 69.64980544747081, 27.626459143968873, 74.90272373540856, 40.56420233463035, 65.36964980544747, 77.14007782101167]
loss_list=[0.534487898204315, 0.3582018162514858, 0.3739759424458525, 0.29143298992996786, 0.19135629512990543, 0.1719725244573061, 0.2191270385208681, 0.1601895914442247, 0.14355719154035604, 0.20365961967277188, 0.20108883664595673, 0.13773272292569433, 0.18282014093852902, 0.13967290058004528, 0.16322566411402303, 0.12926289587725273, 0.08520624739837691, 0.11312812184766745, 0.09923173652509479, 0.09478427789346984, 0.08600906841889228, 0.07627949207318815, 0.08107897735463646, 0.07978205461657556, 0.12833171372703958, 0.09545526774599218, 0.07788850271210516, 0.08670242565313827, 0.09025539852897821, 0.07510869417571059, 0.0662619505305427, 0.06838137896484717, 0.0785721473855344, 0.09015283975358686, 0.0811714591573114, 0.07199693170271118, 0.058099789240655, 0.06497431889025464, 0.05907650922116479, 0.055812675942587056, 0.05819700716804202, 0.046765723091691046, 0.049012754571682936, 0.0502045385225749, 0.046468741536013804, 0.04986164953485531, 0.04968967389444731, 0.0477303839521911, 0.04162981471689889, 0.05203028464271247, 0.04668582304150657, 0.04181531056453467, 0.046805848191197916, 0.04957777344434615, 0.040611818868197154, 0.03341154742715897, 0.04274257164853709, 0.038070774223647554, 0.037296324261313574, 0.036996912200734026, 0.03644999698923146, 0.04494530864653704, 0.04064063194388197, 0.037457790128525154, 0.04001481677095798, 0.03225349709325562, 0.03617889317973704, 0.037420418513183416, 0.03201843949683802, 0.035656783795212865, 0.03386381223084181, 0.030942718922856813, 0.0333930146088227, 0.03426492355686403, 0.03099177907439624, 0.03151533867713177, 0.03264693590781418, 0.035360570068356696, 0.031394971162134216, 0.03123097335423015, 0.03979953017588842, 0.03176374746204143, 0.034351491551561295, 0.03373137969568063, 0.03215634361730448, 0.036262416291221004, 0.03024542340924246, 0.03025850214332833, 0.027474722262025856, 0.02893622729816627, 0.03058567512217069, 0.029481248474285873, 0.02817497605332957, 0.027784429209292385, 0.02717910351046757, 0.0300384846487975, 0.029381626369181128, 0.026371054968294276, 0.02488937947067588, 0.026121449698816777]
BBSR:93.48
ABSR:52.0
max acc:98.64
