======================================
    IID: 0
    Dataset: mnist
    Model: Mnist_CNN
    Model Init: None
    Aggregation Function: mr_duc
    Long attack: 3
    Wide attack: 3
    Threshold reject: 0.5
    Threshold down: 0.1
    Attack method: badnet
    Fraction of malicious agents: 16.0%
    Poison Frac: 0.2
    Backdoor From 7 to 5
    Attack Begin: 0
    Trigger Shape: square
    Trigger Position X: 0
    Trigger Position Y: 0
    Number of agents: 100
    Fraction of agents each turn: 30(30.0%)
    Local batch size: 50
    Local epoch: 3
    Client_LR: 0.01
    Client_Momentum: 0.9
    Global Rounds: 100
======================================
main_task_accuracy=[0, 32.4900016784668, 25.860000610351562, 43.27000045776367, 13.609999656677246, 43.130001068115234, 17.790000915527344, 50.70000076293945, 32.38999938964844, 60.83000183105469, 32.869998931884766, 73.08000183105469, 42.34000015258789, 78.30000305175781, 57.36000061035156, 63.209999084472656, 67.61000061035156, 77.30999755859375, 67.05999755859375, 56.68000030517578, 77.47000122070312, 71.70999908447266, 62.70000076293945, 77.5, 78.41000366210938, 82.4000015258789, 77.91000366210938, 83.08000183105469, 81.86000061035156, 89.73999786376953, 89.69999694824219, 83.37999725341797, 81.05000305175781, 81.41000366210938, 92.1500015258789, 88.16999816894531, 89.29000091552734, 88.63999938964844, 88.80999755859375, 86.83999633789062, 88.88999938964844, 91.08999633789062, 92.9000015258789, 94.0999984741211, 94.16999816894531, 94.25, 95.12999725341797, 94.16999816894531, 95.9800033569336, 93.87999725341797, 91.62999725341797, 92.94999694824219, 96.83000183105469, 94.6500015258789, 94.51000213623047, 95.55999755859375, 94.3499984741211, 94.83000183105469, 95.69999694824219, 95.37999725341797, 96.4000015258789, 94.86000061035156, 92.30000305175781, 91.83999633789062, 96.62999725341797, 96.33000183105469, 97.08000183105469, 96.88999938964844, 94.8499984741211, 97.06999969482422, 97.70999908447266, 97.55000305175781, 96.3499984741211, 97.13999938964844, 96.94999694824219, 94.91999816894531, 97.2300033569336, 97.44000244140625, 96.80999755859375, 96.29000091552734, 97.6500015258789, 97.9000015258789, 97.19999694824219, 96.05999755859375, 95.51000213623047, 97.45999908447266, 97.0199966430664, 96.87999725341797, 96.86000061035156, 96.6500015258789, 97.44999694824219, 97.20999908447266, 97.75, 98.05000305175781, 97.70999908447266, 97.37999725341797, 97.4000015258789, 97.87000274658203, 91.97000122070312, 95.5999984741211, 96.8499984741211]
backdoor_accuracy=[0, 0.0, 0.0, 0.6809338521400778, 0.0, 3.404669260700389, 0.0, 0.0, 0.0, 10.894941634241246, 0.0, 0.0, 0.0, 0.0, 0.7782101167315175, 0.0, 0.0, 0.48638132295719844, 0.0, 0.0, 0.0, 0.2918287937743191, 0.0, 0.48638132295719844, 0.0, 0.09727626459143969, 0.0, 0.0, 0.0, 0.0, 0.0, 0.0, 0.8754863813229572, 0.0, 2.3346303501945527, 0.0, 0.0, 0.2918287937743191, 0.0, 7.101167315175097, 0.0, 0.09727626459143969, 0.19455252918287938, 2.140077821011673, 0.48638132295719844, 0.2918287937743191, 0.6809338521400778, 0.0, 0.38910505836575876, 0.38910505836575876, 0.09727626459143969, 2.3346303501945527, 1.8482490272373542, 0.6809338521400778, 25.68093385214008, 0.5836575875486382, 14.105058365758754, 2.821011673151751, 50.29182879377432, 0.5836575875486382, 2.821011673151751, 42.99610894941634, 2.6264591439688716, 20.525291828793776, 12.256809338521402, 34.63035019455253, 59.33852140077821, 63.2295719844358, 9.82490272373541, 71.98443579766537, 1.4591439688715953, 44.747081712062254, 64.49416342412451, 85.21400778210116, 10.992217898832685, 68.57976653696498, 57.1011673151751, 82.39299610894942, 41.63424124513619, 53.793774319066145, 69.55252918287938, 45.233463035019454, 70.91439688715953, 1.9455252918287937, 81.1284046692607, 8.657587548638132, 19.941634241245136, 19.455252918287936, 85.40856031128405, 16.342412451361866, 55.83657587548638, 21.595330739299612, 45.62256809338521, 21.78988326848249, 54.961089494163424, 42.217898832684824, 16.439688715953306, 65.6614785992218, 17.607003891050585, 35.992217898832685, 56.42023346303502]
loss_list=[0.4347668085724769, 0.37252090216288963, 0.44364527868073783, 0.3299492693936912, 0.7243633139089379, 0.2641610760301121, 0.41528415802510765, 0.2552818153113578, 0.3095411351039263, 0.24926767817248024, 0.28960582616617814, 0.19702415821473582, 0.23711757254174223, 0.20195507873222013, 0.19969037141950205, 0.17684342907275136, 0.1629853196360856, 0.1658040628702772, 0.19691261207049857, 0.22265937840848601, 0.17431680897419283, 0.15591531532861616, 0.2701140711528991, 0.17737537938454695, 0.13439232709800197, 0.14620345261209577, 0.15149346759714583, 0.14770743916617363, 0.1527815864790076, 0.10837909666074319, 0.11913995495768916, 0.09430393792744689, 0.15793684681261894, 0.15541793469381246, 0.12222173923535225, 0.09562521794929285, 0.08954660301101348, 0.09654686548838706, 0.09847448320888513, 0.09311940907082815, 0.1068238088054556, 0.08458811015636068, 0.0714997430134893, 0.08671188912270329, 0.08132155932086824, 0.06867154217271608, 0.06717384120627094, 0.07838215796101329, 0.07010866941056007, 0.07194738262030095, 0.07278693659449602, 0.0783180703818609, 0.06511105630326237, 0.07702546328531866, 0.06452570196665544, 0.0835073700132202, 0.0700350083502001, 0.06339369077945733, 0.05863353223418791, 0.061287753606003054, 0.0639948975224953, 0.06337007665827733, 0.07207608125741385, 0.06739614882638569, 0.05293641287229531, 0.05501780564576668, 0.05159924764665904, 0.05844145216760092, 0.053310495045145276, 0.054416285858009686, 0.04996441455238043, 0.050152444785913027, 0.04628880846840204, 0.03932067114388345, 0.05228372914496806, 0.05148104438758531, 0.04280420548747383, 0.03956589890112097, 0.050102191010126605, 0.04884340489498603, 0.03815527546609902, 0.041084716732710705, 0.04227583129476108, 0.05672785832947302, 0.049302235431002615, 0.043634855547922305, 0.040046679694964275, 0.049170164784783095, 0.04374483187605963, 0.046351712307714434, 0.045831503702017405, 0.04674488241218429, 0.03948327770006407, 0.03607050846607917, 0.037808179349510834, 0.03447307261528639, 0.03834286343510822, 0.038661365860038946, 0.052725982999360224, 0.052958466431123785]
BBSR:65.66
ABSR:37.83
max acc:98.05
