======================================
    IID: 1
    Dataset: cifar
    Model: resnet
    Model Init: None
    Aggregation Function: our
    Long attack: 5
    Wide attack: 5
    Attack method: dba
    Fraction of malicious agents: 15.0%
    Poison Frac: 0.2
    Backdoor From 7 to 5
    Attack Begin: 0
    Trigger Shape: square
    Trigger Position X: 0
    Trigger Position Y: 0
    Number of agents: 100
    Fraction of agents each turn: 30(30.0%)
    Local batch size: 50
    Local epoch: 3
    Client_LR: 0.01
    Client_Momentum: 0.9
    Global Rounds: 100
======================================
main_task_accuracy=[0, 10.460000038146973, 37.75, 44.04999923706055, 46.34000015258789, 49.90999984741211, 48.709999084472656, 54.150001525878906, 53.220001220703125, 55.29999923706055, 54.2599983215332, 58.16999816894531, 57.08000183105469, 58.2400016784668, 58.72999954223633, 58.220001220703125, 58.81999969482422, 57.9900016784668, 58.95000076293945, 60.529998779296875, 59.209999084472656, 59.34000015258789, 58.220001220703125, 59.380001068115234, 60.38999938964844, 59.529998779296875, 61.61000061035156, 55.150001525878906, 60.040000915527344, 58.40999984741211, 59.540000915527344, 56.06999969482422, 58.4900016784668, 61.310001373291016, 59.90999984741211, 58.470001220703125, 60.04999923706055, 59.459999084472656, 60.029998779296875, 59.970001220703125, 61.13999938964844, 62.29999923706055, 61.65999984741211, 62.599998474121094, 63.220001220703125, 62.849998474121094, 62.33000183105469, 62.65999984741211, 61.130001068115234, 60.560001373291016, 59.83000183105469, 61.59000015258789, 60.959999084472656, 62.0, 61.560001373291016, 61.27000045776367, 62.52000045776367, 61.2400016784668, 62.08000183105469, 62.65999984741211, 63.36000061035156, 63.400001525878906, 62.54999923706055, 63.22999954223633, 62.5099983215332, 63.25, 63.119998931884766, 62.2599983215332, 63.529998779296875, 62.720001220703125, 64.27999877929688, 64.38999938964844, 63.130001068115234, 65.0999984741211, 63.75, 65.16000366210938, 64.29000091552734, 64.5999984741211, 63.52000045776367, 63.86000061035156, 64.08000183105469, 63.81999969482422, 65.0199966430664, 64.55000305175781, 62.9900016784668, 64.43000030517578, 63.61000061035156, 63.08000183105469, 62.11000061035156, 63.970001220703125, 64.5199966430664, 63.290000915527344, 63.459999084472656, 64.29000091552734, 64.23999786376953, 63.970001220703125, 65.55000305175781, 64.37999725341797, 64.98999786376953, 63.66999816894531, 64.62000274658203]
backdoor_accuracy=[0, 0.0, 10.2, 25.5, 13.9, 6.6, 3.4, 8.1, 10.2, 7.5, 9.6, 6.9, 4.2, 5.2, 5.1, 3.2, 4.5, 15.0, 6.5, 15.8, 8.5, 19.8, 5.2, 5.8, 3.5, 5.2, 9.7, 25.5, 9.2, 10.1, 4.6, 16.5, 11.5, 13.1, 11.1, 22.1, 14.6, 15.3, 3.7, 6.9, 11.1, 12.4, 4.9, 9.4, 11.4, 11.1, 6.5, 9.6, 11.4, 10.3, 2.2, 8.8, 17.0, 6.4, 4.0, 0.9, 13.9, 6.9, 5.2, 15.0, 10.6, 8.4, 6.9, 8.4, 7.7, 8.4, 14.8, 4.4, 10.7, 11.3, 9.0, 10.4, 13.1, 7.7, 4.7, 4.6, 5.8, 6.8, 10.3, 7.1, 3.1, 7.4, 6.4, 9.7, 18.5, 7.9, 4.7, 2.7, 7.4, 11.2, 4.3, 9.2, 3.6, 6.9, 10.9, 7.3, 10.9, 4.6, 7.7, 12.9, 3.5]
loss_list=[2.0026679293314618, 1.564905764195654, 1.1759757105840576, 1.0058688601520327, 0.8174458262738254, 0.7687400303863817, 0.6733734396017258, 0.6548418450748758, 0.661265365426532, 0.5880714068479007, 0.5998077246257001, 0.5389933664372397, 0.5665329295976295, 0.5056299986814458, 0.46182406527093717, 0.5812266020569951, 0.5379276170333226, 0.5370854021898576, 0.47166611773789757, 0.5066787730178072, 0.5051593547035007, 0.5197784330553581, 0.4752447683840162, 0.511252949175218, 0.47387021686002195, 0.5149367605170443, 0.47440519734596226, 0.4625513101689931, 0.49662127107381815, 0.48034068501140514, 0.5008279649727047, 0.5571321538339059, 0.452624989651247, 0.46322346600936726, 0.4744221923722782, 0.46518665818394056, 0.5307468754156595, 0.4858924784599286, 0.5052609316896026, 0.5521869164663883, 0.4818227306831008, 0.45004556782129745, 0.4795553336075197, 0.38966346550215447, 0.4189676233784605, 0.42121046448333394, 0.40278002548290215, 0.4061874112833499, 0.4923557707618198, 0.4742644222391149, 0.47041707436502395, 0.45981407934437607, 0.522167672895723, 0.43803335409094046, 0.4387712397793721, 0.45722492219285205, 0.3984611165215676, 0.5055513518839144, 0.40684868843760336, 0.5214900306022414, 0.4086159306247202, 0.5291100482937569, 0.4259559689513924, 0.4207910880182559, 0.4525304249296379, 0.4759208746254444, 0.44295027406730997, 0.3956162342154938, 0.46797272913054466, 0.3526573074329644, 0.42666068388045664, 0.45431580435846824, 0.45044450757378307, 0.35839824749932936, 0.4347772148233424, 0.33723517070369174, 0.44607931154262687, 0.4397438257172083, 0.4598845546837482, 0.4470247043063864, 0.48338477003388114, 0.4167354653667037, 0.4233971824209827, 0.46412549342494464, 0.3917718537788218, 0.4076737029684914, 0.43143985865870493, 0.4325080212122864, 0.42721116208238535, 0.5613274759098164, 0.42897707303261595, 0.38330758792917347, 0.4084519891355497, 0.47645630657362453, 0.48802930524986643, 0.43960331941721964, 0.4433105030878345, 0.3629064215962877, 0.4734776809017382, 0.433878783370989]
BBSR:12.9
ABSR:7.75
max acc:65.55
