======================================
    IID: 0
    Dataset: mnist
    Model: Mnist_CNN
    Model Init: None
    Aggregation Function: mr_duc
    Long attack: 5
    Wide attack: 5
    Threshold reject: 0.5
    Threshold down: 0.1
    Attack method: dba
    Fraction of malicious agents: 15.0%
    Poison Frac: 0.2
    Backdoor From 7 to 5
    Attack Begin: 0
    Trigger Shape: square
    Trigger Position X: 0
    Trigger Position Y: 0
    Number of agents: 100
    Fraction of agents each turn: 30(30.0%)
    Local batch size: 50
    Local epoch: 3
    Client_LR: 0.01
    Client_Momentum: 0.9
    Global Rounds: 100
======================================
main_task_accuracy=[0, 53.22999954223633, 50.959999084472656, 64.9000015258789, 68.37000274658203, 76.01000213623047, 88.06999969482422, 82.1500015258789, 88.33000183105469, 85.81999969482422, 78.87000274658203, 88.55999755859375, 95.05000305175781, 93.37000274658203, 94.77999877929688, 91.01000213623047, 94.62000274658203, 95.25, 95.58000183105469, 95.16999816894531, 96.55999755859375, 96.16999816894531, 93.33999633789062, 93.93000030517578, 95.80000305175781, 94.91999816894531, 96.63999938964844, 96.2300033569336, 96.72000122070312, 96.88999938964844, 91.13999938964844, 87.41000366210938, 95.06999969482422, 92.81999969482422, 92.30000305175781, 96.5, 96.47000122070312, 96.48999786376953, 96.4000015258789, 97.12999725341797, 97.37999725341797, 98.16999816894531, 97.37999725341797, 97.54000091552734, 97.76000213623047, 98.11000061035156, 97.69999694824219, 97.38999938964844, 97.56999969482422, 97.7300033569336, 98.08999633789062, 98.02999877929688, 98.44999694824219, 98.0199966430664, 98.22000122070312, 98.41999816894531, 98.11000061035156, 97.97000122070312, 97.55999755859375, 97.4800033569336, 98.08999633789062, 97.69000244140625, 97.95999908447266, 98.48999786376953, 98.3499984741211, 97.93000030517578, 97.45999908447266, 98.2300033569336, 98.58999633789062, 98.55000305175781, 98.31999969482422, 97.83999633789062, 98.01000213623047, 98.23999786376953, 98.61000061035156, 98.13999938964844, 98.33999633789062, 98.41000366210938, 98.5999984741211, 98.51000213623047, 98.33999633789062, 98.43000030517578, 98.5, 98.5199966430664, 98.69999694824219, 98.52999877929688, 98.70999908447266, 98.70999908447266, 98.41999816894531, 98.54000091552734, 98.58000183105469, 98.72000122070312, 98.63999938964844, 98.44000244140625, 97.26000213623047, 98.6500015258789, 98.8499984741211, 98.63999938964844, 98.55000305175781, 98.9000015258789, 98.76000213623047]
backdoor_accuracy=[0, 0.0, 12.354085603112841, 0.0, 0.48638132295719844, 0.48638132295719844, 0.6809338521400778, 0.5836575875486382, 0.6809338521400778, 0.2918287937743191, 1.4591439688715953, 0.19455252918287938, 0.38910505836575876, 0.48638132295719844, 2.140077821011673, 4.085603112840467, 4.474708171206226, 3.21011673151751, 27.529182879377434, 23.151750972762645, 55.1556420233463, 47.37354085603113, 56.90661478599222, 86.08949416342412, 30.93385214007782, 100.0, 44.06614785992218, 81.1284046692607, 73.15175097276264, 90.56420233463035, 96.01167315175097, 51.070038910505836, 99.61089494163424, 92.12062256809338, 88.2295719844358, 99.90272373540856, 88.03501945525292, 99.80544747081711, 97.27626459143968, 99.61089494163424, 97.17898832684826, 99.90272373540856, 99.90272373540856, 98.92996108949416, 99.22178988326849, 100.0, 99.90272373540856, 97.37354085603113, 99.70817120622569, 100.0, 99.90272373540856, 100.0, 100.0, 100.0, 100.0, 100.0, 100.0, 100.0, 99.90272373540856, 100.0, 100.0, 100.0, 100.0, 100.0, 100.0, 100.0, 100.0, 100.0, 100.0, 100.0, 100.0, 100.0, 100.0, 100.0, 100.0, 100.0, 100.0, 100.0, 100.0, 100.0, 100.0, 100.0, 100.0, 100.0, 100.0, 100.0, 100.0, 100.0, 100.0, 100.0, 100.0, 100.0, 100.0, 100.0, 100.0, 100.0, 100.0, 100.0, 100.0, 100.0, 100.0]
loss_list=[0.7554262412837018, 0.43376613396814917, 0.3742706612955468, 0.27138901903956675, 0.2286152164139173, 0.2168313846211984, 0.16359475967633275, 0.13978838772382676, 0.129134752337059, 0.14917724795016477, 0.15156856258186896, 0.12168455740344078, 0.08581606707348667, 0.10491437768106927, 0.09072534877597582, 0.08808656528886047, 0.07298493403336999, 0.08753148075416838, 0.06653156866247494, 0.06924384164266047, 0.065534278959883, 0.07106354745613958, 0.06975446800012866, 0.07385572873344819, 0.06423120163809573, 0.07378403882655592, 0.05475082517711842, 0.06344220947958766, 0.060611004109442645, 0.0547280893777413, 0.07119789824091306, 0.08931928057910328, 0.0700845780857738, 0.06905736725835106, 0.05750733814598384, 0.054894713675611016, 0.05264653922986326, 0.05680793557292216, 0.04991235674928989, 0.04485430769565802, 0.05130066502804395, 0.03931127180422891, 0.04786111237325612, 0.04001712914895237, 0.04410548298033905, 0.04087502077411333, 0.04680783363948178, 0.04447326663489717, 0.042454855181077375, 0.040040780604838934, 0.036921089824351855, 0.038390019851857256, 0.03532604549587564, 0.039367683411481065, 0.03707400336474232, 0.037420832630205375, 0.03886873512741978, 0.03801446281980101, 0.044130072516829245, 0.04079984495415922, 0.035808591439322135, 0.037970646945427684, 0.03239643084911626, 0.03508895641169703, 0.03712930785318433, 0.040733530394505515, 0.03858649781948233, 0.03318715678478333, 0.03250721688461823, 0.03366539967219238, 0.033458811941245926, 0.03440339167968212, 0.034600165312854696, 0.034021796980791635, 0.03243927905446914, 0.029000890258320974, 0.030729488073302492, 0.03212974330089251, 0.02914110120396269, 0.027026346857699675, 0.03257838075630591, 0.02908478924437582, 0.026702373743585296, 0.0294210796283416, 0.025758171729086354, 0.028983123584440464, 0.02789875553933059, 0.026464990320278884, 0.030442932601267278, 0.026970203913518797, 0.03109086357933309, 0.02625122117384577, 0.027612255769941772, 0.030312236849187844, 0.030499318410148413, 0.026966803038895808, 0.025895052002811603, 0.027577906282816558, 0.025580307013108358, 0.022488557672389744]
BBSR:100.0
ABSR:100.0
max acc:98.9
