======================================
    IID: 0
    Dataset: mnist
    Model: Mnist_CNN
    Model Init: None
    Aggregation Function: mr_abs
    Long attack: 5
    Wide attack: 5
    Threshold reject: 0.5
    Threshold down: 0.0
    Attack method: badnet
    Fraction of malicious agents: 15.0%
    Poison Frac: 0.2
    Backdoor From 7 to 5
    Attack Begin: 0
    Trigger Shape: square
    Trigger Position X: 0
    Trigger Position Y: 0
    Number of agents: 100
    Fraction of agents each turn: 30(30.0%)
    Local batch size: 50
    Local epoch: 3
    Client_LR: 0.01
    Client_Momentum: 0.9
    Global Rounds: 100
======================================
main_task_accuracy=[0, 20.360000610351562, 23.920000076293945, 39.56999969482422, 25.200000762939453, 42.27000045776367, 44.66999816894531, 55.15999984741211, 54.27000045776367, 73.27999877929688, 74.63999938964844, 62.599998474121094, 51.68000030517578, 63.81999969482422, 67.08000183105469, 73.72000122070312, 74.76000213623047, 85.95999908447266, 90.16000366210938, 79.97000122070312, 79.30000305175781, 81.27999877929688, 88.7699966430664, 93.0999984741211, 92.7699966430664, 86.02999877929688, 84.36000061035156, 93.16999816894531, 93.87000274658203, 91.25, 93.80999755859375, 94.12000274658203, 95.25, 92.94000244140625, 93.70999908447266, 91.37999725341797, 94.83000183105469, 94.91999816894531, 95.25, 95.61000061035156, 96.9000015258789, 97.30000305175781, 96.41000366210938, 96.05000305175781, 94.20999908447266, 95.79000091552734, 96.51000213623047, 95.88999938964844, 94.66000366210938, 96.79000091552734, 96.91999816894531, 97.5999984741211, 96.91999816894531, 97.61000061035156, 97.33999633789062, 97.2300033569336, 97.0, 97.61000061035156, 96.79000091552734, 93.55000305175781, 96.31999969482422, 97.22000122070312, 96.01000213623047, 97.04000091552734, 97.66000366210938, 97.41999816894531, 97.54000091552734, 97.11000061035156, 97.73999786376953, 97.98999786376953, 97.25, 97.47000122070312, 98.05999755859375, 97.79000091552734, 98.27999877929688, 98.0, 98.23999786376953, 98.27999877929688, 97.66000366210938, 98.01000213623047, 97.91000366210938, 98.11000061035156, 96.11000061035156, 97.19999694824219, 97.30999755859375, 97.26000213623047, 96.75, 97.36000061035156, 97.66999816894531, 98.2300033569336, 97.61000061035156, 97.94000244140625, 98.25, 97.69999694824219, 97.8499984741211, 97.56999969482422, 97.9000015258789, 97.30000305175781, 97.69000244140625, 97.70999908447266, 97.8499984741211]
backdoor_accuracy=[0, 0.0, 0.0, 0.0, 0.09727626459143969, 0.0, 0.0, 0.09727626459143969, 1.3618677042801557, 0.0, 0.2918287937743191, 0.0, 0.0, 0.48638132295719844, 0.0, 0.19455252918287938, 0.0, 0.38910505836575876, 0.19455252918287938, 0.0, 4.961089494163424, 0.0, 0.19455252918287938, 0.8754863813229572, 0.48638132295719844, 0.9727626459143969, 0.0, 3.8910505836575875, 0.7782101167315175, 4.863813229571984, 0.19455252918287938, 6.3229571984435795, 0.0, 1.9455252918287937, 0.19455252918287938, 0.48638132295719844, 1.6536964980544746, 0.5836575875486382, 4.474708171206226, 0.38910505836575876, 0.7782101167315175, 3.11284046692607, 0.5836575875486382, 6.031128404669261, 2.140077821011673, 2.6264591439688716, 2.821011673151751, 7.879377431906615, 5.544747081712062, 2.7237354085603114, 17.023346303501945, 3.7937743190661477, 31.1284046692607, 6.031128404669261, 13.715953307392995, 18.8715953307393, 13.424124513618677, 46.78988326848249, 9.24124513618677, 27.237354085603112, 17.412451361867703, 17.023346303501945, 70.42801556420234, 9.24124513618677, 89.39688715953308, 47.27626459143969, 83.65758754863813, 40.66147859922179, 67.02334630350195, 80.73929961089495, 73.15175097276264, 83.17120622568093, 68.67704280155642, 91.43968871595331, 89.59143968871595, 97.85992217898833, 94.06614785992218, 98.05447470817121, 97.47081712062257, 94.8443579766537, 93.67704280155642, 96.01167315175097, 91.63424124513618, 80.73929961089495, 97.08171206225681, 63.13229571984436, 92.21789883268482, 80.44747081712062, 88.42412451361868, 63.13229571984436, 87.93774319066148, 95.71984435797665, 97.37354085603113, 89.78599221789884, 97.95719844357977, 97.76264591439688, 93.28793774319067, 98.92996108949416, 92.41245136186771, 97.85992217898833, 86.67315175097276]
loss_list=[0.47995621207747957, 0.38453012800575215, 0.356739827250386, 0.4195053224779939, 0.2790361432192339, 0.2961926089233718, 0.25934179425833603, 0.17953532860045002, 0.21547331533828154, 0.15839006134987405, 0.14366906108295596, 0.18648100473826076, 0.18717362500828572, 0.27098469449304097, 0.17700297217407934, 0.16008840376345218, 0.1360644671835577, 0.13603748433842947, 0.08767669618485624, 0.13893980892711247, 0.12837228316983632, 0.11104097235858665, 0.09515296596946675, 0.0795054452453466, 0.08786566437099905, 0.10489944391887135, 0.10747522338050998, 0.08137049320597121, 0.08671901458749713, 0.07959397541889883, 0.08773412940646748, 0.07461777026384307, 0.07016249099695045, 0.08043532162307589, 0.06603745552552695, 0.057132560636728114, 0.06724562055479194, 0.06018003226122602, 0.0610501323616084, 0.05910259704200716, 0.04954404097841709, 0.04994195381247519, 0.05104631420871956, 0.05188409595760908, 0.05056134679407816, 0.05641779339280366, 0.05561841175624945, 0.052079161128697586, 0.041641206850383444, 0.04910288297363987, 0.043861018148879, 0.04907504606163327, 0.03590228262850946, 0.04102676828828, 0.040666395820472816, 0.04525550122424968, 0.04041562619669258, 0.04119880361406136, 0.04810818136107056, 0.052218886544382, 0.04274589124609629, 0.040432586465824566, 0.044302513030221556, 0.04617494894965268, 0.03805090424983808, 0.03670635611939925, 0.03654985611786337, 0.043641917288208744, 0.04164751028645074, 0.035232354753333285, 0.03726591947675349, 0.03477715655585238, 0.033511030682462674, 0.03413757443665115, 0.033661923048707736, 0.033407970072300945, 0.03239118000516096, 0.03182112932747432, 0.032559323995283815, 0.02614631734238637, 0.03228366916419868, 0.03177949235495092, 0.03351433499621724, 0.03648127873314876, 0.03282401160082706, 0.03377493521548467, 0.03253087333739185, 0.030339952332916798, 0.02520400327267148, 0.0302381846013336, 0.0330107154488744, 0.02985803393992312, 0.025579898644061436, 0.03183974268193795, 0.033394074990706964, 0.03237500568345547, 0.030046866332226568, 0.0311793795659166, 0.031800192409364075, 0.02703230039584318]
BBSR:98.93
ABSR:94.78
max acc:98.25
