======================================
    IID: 0
    Dataset: mnist
    Model: Mnist_CNN
    Model Init: None
    Aggregation Function: mr_duc
    Long attack: 5
    Wide attack: 5
    Threshold reject: 0.5
    Threshold down: 0.25
    Attack method: badnet
    Fraction of malicious agents: 15.0%
    Poison Frac: 0.2
    Backdoor From 7 to 5
    Attack Begin: 0
    Trigger Shape: square
    Trigger Position X: 0
    Trigger Position Y: 0
    Number of agents: 100
    Fraction of agents each turn: 30(30.0%)
    Local batch size: 50
    Local epoch: 3
    Client_LR: 0.01
    Client_Momentum: 0.9
    Global Rounds: 100
======================================
main_task_accuracy=[0, 26.329999923706055, 23.65999984741211, 37.72999954223633, 41.310001373291016, 46.7400016784668, 28.860000610351562, 52.880001068115234, 54.72999954223633, 54.29999923706055, 60.5099983215332, 65.11000061035156, 59.0099983215332, 80.22000122070312, 82.08000183105469, 65.91000366210938, 79.6500015258789, 87.5999984741211, 86.12999725341797, 89.81999969482422, 87.79000091552734, 79.41999816894531, 88.45999908447266, 82.51000213623047, 80.0, 88.0999984741211, 90.18000030517578, 70.18000030517578, 90.8499984741211, 90.06999969482422, 91.33000183105469, 92.83000183105469, 92.7699966430664, 94.6500015258789, 92.77999877929688, 94.4800033569336, 93.05999755859375, 77.9800033569336, 91.5, 94.97000122070312, 93.11000061035156, 92.98999786376953, 94.11000061035156, 92.79000091552734, 93.77999877929688, 95.68000030517578, 96.3499984741211, 96.11000061035156, 95.08000183105469, 94.33999633789062, 80.05999755859375, 87.55999755859375, 93.4000015258789, 94.44000244140625, 95.6500015258789, 94.58999633789062, 96.08999633789062, 96.77999877929688, 97.3499984741211, 97.20999908447266, 97.05999755859375, 95.3499984741211, 96.94000244140625, 95.30999755859375, 95.87000274658203, 95.70999908447266, 96.16000366210938, 95.4000015258789, 96.83000183105469, 96.2300033569336, 96.80999755859375, 96.61000061035156, 91.33999633789062, 94.72000122070312, 97.33999633789062, 97.7300033569336, 97.37999725341797, 97.9800033569336, 97.38999938964844, 97.87000274658203, 96.05999755859375, 97.2300033569336, 96.22000122070312, 97.72000122070312, 97.58000183105469, 97.94999694824219, 97.55000305175781, 98.04000091552734, 97.81999969482422, 98.20999908447266, 97.47000122070312, 98.16999816894531, 96.2300033569336, 98.1500015258789, 97.76000213623047, 98.16999816894531, 97.77999877929688, 98.18000030517578, 97.33000183105469, 97.68000030517578, 97.97000122070312]
backdoor_accuracy=[0, 0.0, 0.0, 0.0, 0.0, 10.214007782101167, 0.0, 7.782101167315175, 0.0, 6.517509727626459, 0.0, 0.09727626459143969, 0.0, 0.48638132295719844, 0.09727626459143969, 0.0, 0.2918287937743191, 0.0, 0.0, 0.5836575875486382, 0.0, 0.5836575875486382, 0.38910505836575876, 0.0, 0.09727626459143969, 5.058365758754864, 0.2918287937743191, 3.7937743190661477, 0.5836575875486382, 0.0, 0.48638132295719844, 0.8754863813229572, 0.0, 0.19455252918287938, 3.404669260700389, 0.09727626459143969, 0.7782101167315175, 0.0, 2.3346303501945527, 0.0, 5.642023346303502, 28.50194552529183, 0.19455252918287938, 3.307392996108949, 8.268482490272374, 0.2918287937743191, 6.906614785992218, 0.2918287937743191, 2.6264591439688716, 0.5836575875486382, 4.085603112840467, 1.8482490272373542, 16.53696498054475, 0.19455252918287938, 4.863813229571984, 0.19455252918287938, 4.474708171206226, 0.38910505836575876, 0.9727626459143969, 1.3618677042801557, 1.4591439688715953, 1.0700389105058365, 0.38910505836575876, 1.6536964980544746, 0.38910505836575876, 4.766536964980545, 0.48638132295719844, 19.357976653696497, 0.09727626459143969, 6.906614785992218, 0.09727626459143969, 9.24124513618677, 0.2918287937743191, 10.992217898832685, 2.6264591439688716, 4.280155642023346, 13.424124513618677, 65.85603112840467, 64.6887159533074, 90.36964980544747, 26.070038910505836, 50.29182879377432, 98.05447470817121, 18.19066147859922, 87.54863813229572, 69.45525291828794, 81.90661478599222, 38.2295719844358, 93.57976653696498, 55.93385214007782, 32.490272373540854, 73.92996108949416, 78.40466926070039, 30.058365758754864, 64.98054474708171, 28.21011673151751, 74.22178988326849, 72.95719844357977, 67.41245136186771, 62.2568093385214, 87.7431906614786]
loss_list=[0.4650380360185215, 0.3508413095212217, 0.45496709136770325, 0.36545571309816494, 0.2456873813308136, 0.2893124034234481, 0.2488055425963011, 0.24134226869710793, 0.23069254694732985, 0.20427374900372575, 0.2458213336271979, 0.18843589834820398, 0.23942999163232465, 0.16933366638654096, 0.11280494352325553, 0.13322630132990057, 0.1250221970902982, 0.11511571368132227, 0.10032216940323237, 0.09107272679963883, 0.10202646324335331, 0.10749882365721479, 0.09369840720964896, 0.10006167848419814, 0.11006743504193328, 0.08551136033345114, 0.09180484678582755, 0.10554517936047561, 0.08117407349527946, 0.08778378372461604, 0.0660562651412341, 0.06617564514825112, 0.059922117544773494, 0.0764019960240889, 0.054944776470028885, 0.056049172326388404, 0.059550307577693154, 0.0716755110932927, 0.06336899461630151, 0.06912786279929373, 0.05706191818143477, 0.05870902328385784, 0.06050672362950863, 0.06191399822641804, 0.05027848021553439, 0.04686693375751129, 0.04946687627964977, 0.046851107753565734, 0.05016361461099827, 0.06585451815093253, 0.08894063762227271, 0.10160965614024711, 0.05911755048126506, 0.05607378711845854, 0.056498112505905355, 0.0540466882368932, 0.04599352168439626, 0.04490742363728703, 0.038307249081985975, 0.04738086090661241, 0.04612004578650493, 0.04142821950651311, 0.040968100054992886, 0.04469772401708622, 0.04989325916798567, 0.04562741446963411, 0.05063551525615753, 0.04969713566727432, 0.04739957831106581, 0.03963501180710684, 0.03988566998802974, 0.04776370618815391, 0.053243977301390924, 0.048140312856307446, 0.043486525901748015, 0.04314462368460335, 0.036596961666483824, 0.03446170553467384, 0.03542334123980722, 0.03632623590463937, 0.03577307766015657, 0.03553728673604254, 0.03632838339500107, 0.03175092347933621, 0.03137983562925366, 0.029890553147000083, 0.032872212993093966, 0.03475788539642171, 0.029444577186403864, 0.028233408655328363, 0.031956610981813315, 0.02905574044432687, 0.03479665311796422, 0.029218673692845438, 0.029663676934459215, 0.030097446568341995, 0.029450494294275594, 0.02906973211447082, 0.02861784641653331, 0.03410196342965745]
BBSR:87.74
ABSR:64.02
max acc:98.18
