======================================
    IID: 0
    Dataset: cifar
    Model: resnet
    Model Init: None
    Aggregation Function: mr_duc
    Long attack: 3
    Wide attack: 3
    Threshold reject: 0.5
    Threshold down: 0.1
    Attack method: dba
    Fraction of malicious agents: 15.0%
    Poison Frac: 0.2
    Backdoor From 7 to 5
    Attack Begin: 0
    Trigger Shape: square
    Trigger Position X: 0
    Trigger Position Y: 0
    Number of agents: 100
    Fraction of agents each turn: 30(30.0%)
    Local batch size: 50
    Local epoch: 3
    Client_LR: 0.01
    Client_Momentum: 0.9
    Global Rounds: 100
======================================
main_task_accuracy=[0, 12.239999771118164, 16.020000457763672, 39.880001068115234, 43.18000030517578, 46.16999816894531, 46.189998626708984, 49.619998931884766, 53.36000061035156, 53.36000061035156, 56.70000076293945, 54.689998626708984, 56.970001220703125, 58.43000030517578, 60.099998474121094, 58.88999938964844, 61.130001068115234, 61.59000015258789, 62.41999816894531, 62.380001068115234, 63.189998626708984, 63.900001525878906, 65.29000091552734, 65.69999694824219, 64.69000244140625, 66.25, 64.48999786376953, 67.06999969482422, 65.47000122070312, 67.9800033569336, 66.3499984741211, 67.86000061035156, 65.93000030517578, 68.66999816894531, 66.58999633789062, 68.80999755859375, 69.25, 68.69000244140625, 68.73999786376953, 68.77999877929688, 67.75, 68.16000366210938, 69.41999816894531, 69.44000244140625, 69.55999755859375, 69.0199966430664, 70.87999725341797, 69.13999938964844, 69.4000015258789, 70.45999908447266, 69.95999908447266, 67.4000015258789, 69.9800033569336, 69.29000091552734, 69.20999908447266, 69.3499984741211, 69.2300033569336, 71.23999786376953, 71.2300033569336, 71.23999786376953, 68.31999969482422, 72.04000091552734, 71.25, 70.58999633789062, 71.25, 71.72000122070312, 68.5199966430664, 72.4800033569336, 70.58999633789062, 71.94999694824219, 71.68000030517578, 71.37999725341797, 72.41000366210938, 72.19999694824219, 72.44999694824219, 71.3499984741211, 72.05000305175781, 70.97000122070312, 71.44000244140625, 71.63999938964844, 72.30000305175781, 71.18000030517578, 72.25, 72.31999969482422, 72.79000091552734, 71.80000305175781, 72.75, 72.75, 73.30000305175781, 72.97000122070312, 71.91000366210938, 73.11000061035156, 72.70999908447266, 72.9800033569336, 72.06999969482422, 72.44000244140625, 73.33999633789062, 72.05000305175781, 72.66000366210938, 72.86000061035156, 72.43000030517578]
backdoor_accuracy=[0, 0.0, 1.9, 11.2, 18.3, 16.9, 13.9, 9.6, 7.9, 7.1, 7.9, 10.1, 13.3, 7.3, 8.3, 7.1, 6.1, 7.4, 16.1, 3.9, 15.2, 7.7, 9.1, 12.2, 13.1, 11.6, 5.9, 8.3, 7.8, 7.0, 10.2, 6.6, 6.5, 10.1, 7.3, 5.8, 9.3, 7.6, 10.2, 7.2, 8.6, 6.1, 7.3, 6.5, 3.9, 8.9, 6.5, 10.6, 3.4, 8.7, 5.0, 13.3, 10.9, 1.8, 11.5, 6.8, 9.5, 4.6, 6.1, 11.8, 5.3, 9.1, 6.3, 13.8, 5.1, 4.9, 10.9, 11.1, 6.0, 6.4, 12.5, 11.0, 6.7, 10.2, 9.4, 6.8, 8.0, 4.5, 16.8, 5.5, 8.6, 14.2, 7.7, 10.6, 4.1, 12.0, 7.3, 6.9, 8.0, 9.8, 10.8, 7.2, 6.0, 9.8, 6.6, 8.1, 9.2, 7.1, 6.5, 9.3, 12.1]
loss_list=[1.6648733037710195, 1.4041306483745575, 1.1473166109787094, 0.9640929947959052, 0.8266436029391157, 0.7592739407552613, 0.6756790134103761, 0.6230325701915554, 0.6233304912017453, 0.5491338838905924, 0.5540656428949701, 0.4978374859069784, 0.5221051368220813, 0.499726310469624, 0.44253451040738984, 0.45470029442571114, 0.42491675153892067, 0.43561146535082823, 0.4072492881921225, 0.41926966148014694, 0.36767249244989614, 0.3500387318556507, 0.3415510548180382, 0.3926113837843555, 0.3117838722762341, 0.3236489026398502, 0.3209514095137517, 0.28901893767424763, 0.3338939704083734, 0.2832543582929713, 0.29998327316043694, 0.3051190780920701, 0.3076277772088846, 0.2816081295943715, 0.3018780710620599, 0.26757106712165607, 0.2428498401601488, 0.2455372252279064, 0.24105900254980142, 0.24860823258343673, 0.23693521407381118, 0.22988079374733694, 0.2249822019894297, 0.23389247774068883, 0.20290999457265974, 0.18140476017427215, 0.20807210173225027, 0.18666311035346658, 0.18119048319472414, 0.19240213820775456, 0.20017362907244304, 0.20061436673160643, 0.16261797816693108, 0.1898124504849936, 0.16735076790054634, 0.17864073159826346, 0.14554520193099355, 0.1290977407187327, 0.1453056123242196, 0.15483217415933417, 0.12534656876478242, 0.11837152629870819, 0.1288151654551944, 0.1274567199235834, 0.13144362213193544, 0.11733349526158741, 0.12494402130923442, 0.11469162818678241, 0.12325588902419746, 0.10467665948517, 0.08677219539926027, 0.10403800386340463, 0.09227027675085185, 0.08582189147127792, 0.07338133495362449, 0.07144706888392748, 0.07280489872167689, 0.07502933915989062, 0.06268785646327564, 0.06512471166588106, 0.09659100158515183, 0.05784741898445646, 0.0719789129872192, 0.051050488394814436, 0.07728381626505222, 0.05265746078405451, 0.04551654642032291, 0.04180116870307959, 0.05754476292071761, 0.03945709251703292, 0.05136179119481109, 0.04282542510079414, 0.049663164665916054, 0.047246626922440346, 0.03784577515526002, 0.04316436668657439, 0.04034263579559694, 0.041955867931020394, 0.031172220860389642, 0.037618189347962884]
BBSR:12.1
ABSR:8.19
max acc:73.34
