======================================
    IID: 0
    Dataset: mnist
    Model: Mnist_CNN
    Model Init: None
    Aggregation Function: mr_duc
    Long attack: 2
    Wide attack: 2
    Threshold reject: 0.5
    Threshold down: 0.1
    Attack method: badnet
    Fraction of malicious agents: 15.0%
    Poison Frac: 0.2
    Backdoor From 7 to 5
    Attack Begin: 0
    Trigger Shape: square
    Trigger Position X: 0
    Trigger Position Y: 0
    Number of agents: 100
    Fraction of agents each turn: 30(30.0%)
    Local batch size: 50
    Local epoch: 3
    Client_LR: 0.01
    Client_Momentum: 0.9
    Global Rounds: 100
======================================
main_task_accuracy=[0, 48.119998931884766, 20.760000228881836, 26.8799991607666, 51.439998626708984, 56.099998474121094, 69.25, 74.62999725341797, 45.970001220703125, 71.75, 57.16999816894531, 72.76000213623047, 73.08999633789062, 73.62999725341797, 80.30999755859375, 68.91999816894531, 77.58000183105469, 86.08999633789062, 79.80999755859375, 80.79000091552734, 87.7300033569336, 82.04000091552734, 77.08999633789062, 77.77999877929688, 84.62000274658203, 91.08999633789062, 84.91000366210938, 85.55999755859375, 91.29000091552734, 92.55999755859375, 92.95999908447266, 93.31999969482422, 94.0999984741211, 94.0199966430664, 94.19999694824219, 91.97000122070312, 84.0199966430664, 91.9800033569336, 95.51000213623047, 91.88999938964844, 90.55000305175781, 89.16999816894531, 92.61000061035156, 93.51000213623047, 87.29000091552734, 90.91000366210938, 95.5, 94.76000213623047, 96.47000122070312, 96.48999786376953, 96.30999755859375, 96.58000183105469, 96.33000183105469, 96.86000061035156, 94.86000061035156, 96.22000122070312, 97.29000091552734, 96.55999755859375, 94.05999755859375, 92.41999816894531, 97.5199966430664, 97.52999877929688, 97.83999633789062, 97.1500015258789, 97.26000213623047, 96.16999816894531, 97.36000061035156, 97.94000244140625, 97.4800033569336, 97.33000183105469, 97.0, 97.0, 97.54000091552734, 97.41000366210938, 97.61000061035156, 95.94000244140625, 97.0199966430664, 96.9800033569336, 97.47000122070312, 97.9800033569336, 97.6500015258789, 96.44000244140625, 97.52999877929688, 98.19000244140625, 97.86000061035156, 96.83999633789062, 97.55999755859375, 98.05999755859375, 94.0, 93.80999755859375, 97.26000213623047, 96.88999938964844, 97.8499984741211, 96.44999694824219, 96.19999694824219, 97.9000015258789, 98.0999984741211, 98.12999725341797, 98.16999816894531, 98.37999725341797, 98.01000213623047]
backdoor_accuracy=[0, 0.0, 0.0, 20.038910505836576, 0.0, 0.0, 0.0, 0.09727626459143969, 2.140077821011673, 0.0, 0.09727626459143969, 0.2918287937743191, 2.9182879377431905, 0.19455252918287938, 2.237354085603113, 4.961089494163424, 0.0, 0.2918287937743191, 0.0, 0.0, 1.3618677042801557, 0.09727626459143969, 0.19455252918287938, 0.5836575875486382, 0.09727626459143969, 0.2918287937743191, 0.2918287937743191, 1.1673151750972763, 0.09727626459143969, 1.556420233463035, 0.0, 1.4591439688715953, 0.0, 0.19455252918287938, 0.8754863813229572, 0.0, 5.058365758754864, 0.0, 0.09727626459143969, 0.09727626459143969, 0.09727626459143969, 0.5836575875486382, 0.09727626459143969, 0.2918287937743191, 0.48638132295719844, 0.09727626459143969, 0.5836575875486382, 0.38910505836575876, 0.19455252918287938, 0.2918287937743191, 0.09727626459143969, 0.19455252918287938, 0.0, 0.0, 0.09727626459143969, 0.09727626459143969, 0.19455252918287938, 0.09727626459143969, 0.09727626459143969, 0.38910505836575876, 0.0, 0.09727626459143969, 0.0, 0.09727626459143969, 0.0, 0.09727626459143969, 0.09727626459143969, 0.19455252918287938, 0.48638132295719844, 0.0, 0.48638132295719844, 0.0, 0.7782101167315175, 0.0, 0.0, 0.38910505836575876, 0.09727626459143969, 0.8754863813229572, 0.0, 0.38910505836575876, 0.09727626459143969, 0.09727626459143969, 0.19455252918287938, 0.09727626459143969, 0.09727626459143969, 0.38910505836575876, 0.09727626459143969, 0.09727626459143969, 0.09727626459143969, 0.5836575875486382, 0.19455252918287938, 0.38910505836575876, 0.38910505836575876, 0.09727626459143969, 0.09727626459143969, 0.0, 0.2918287937743191, 0.2918287937743191, 0.0, 0.2918287937743191, 0.0]
loss_list=[0.4552358136073163, 0.2825802442923802, 0.25733318670825783, 0.3750901735313032, 0.19200319732484014, 0.1525735309610684, 0.1603990764518484, 0.13205467656335726, 0.17497713380756255, 0.21805811552886137, 0.17892112244978522, 0.1503923364032876, 0.12241428793792596, 0.15177586081489614, 0.11429141882427162, 0.1471512505103744, 0.1589058773734756, 0.10530566769631085, 0.08431200136485222, 0.12527975337947223, 0.08842178205196145, 0.12075880079556318, 0.12825697361899238, 0.10975331852123586, 0.10035511695330848, 0.08600796042192675, 0.09477766994051322, 0.09592933317286494, 0.0798327600390531, 0.06647899552917556, 0.08074818977785861, 0.06245088950338062, 0.07168951067107539, 0.06353110428317628, 0.047965686106917454, 0.06498601093008084, 0.08038738091764282, 0.07708439237820555, 0.049959217611262575, 0.062363983019753086, 0.06470062963347831, 0.06649137496679454, 0.05596262943890942, 0.06205134372121941, 0.0695015912653709, 0.06260139990651027, 0.05478129524219788, 0.053266548750729587, 0.05082961605578433, 0.04306920749416395, 0.057250444411048824, 0.0473489725683541, 0.04397291329244449, 0.04540859602040373, 0.051041545098818225, 0.04390676206000085, 0.04184277087147744, 0.04710585976014356, 0.04701239720037324, 0.050178440891885306, 0.03955310929252475, 0.048873703758177116, 0.035013382754978874, 0.044994187284762004, 0.047920358206059784, 0.05361892237043946, 0.03218894715555382, 0.038423057626221536, 0.03356842540255535, 0.04114030695626622, 0.03642349270913517, 0.035960048477076886, 0.03401556782694457, 0.03436603541449495, 0.03730344730067852, 0.04017720749465048, 0.03228493937397065, 0.04202537260132831, 0.02928700898778398, 0.03451687527778275, 0.0333515242786134, 0.03418531600660868, 0.03392333844685809, 0.02834745027788046, 0.03152057872056939, 0.03430884307597238, 0.03953298526711234, 0.03280262347767677, 0.041327609768989276, 0.04620586644749796, 0.03677713935847002, 0.03344403888638149, 0.03222556868685876, 0.035095545391494135, 0.0365398223360865, 0.02718965279893558, 0.03201081750773074, 0.03290115475976533, 0.028167082864587627, 0.033212656817734026]
BBSR:0.39
ABSR:0.18
max acc:98.38
