======================================
    IID: 0
    Dataset: mnist
    Model: Mnist_CNN
    Model Init: None
    Aggregation Function: mr_duc
    Long attack: 5
    Wide attack: 5
    Threshold reject: 0.6
    Threshold down: 0.1
    Attack method: badnet
    Fraction of malicious agents: 15.0%
    Poison Frac: 0.2
    Backdoor From 7 to 5
    Attack Begin: 0
    Trigger Shape: square
    Trigger Position X: 0
    Trigger Position Y: 0
    Number of agents: 100
    Fraction of agents each turn: 30(30.0%)
    Local batch size: 50
    Local epoch: 3
    Client_LR: 0.01
    Client_Momentum: 0.9
    Global Rounds: 100
======================================
main_task_accuracy=[0, 26.450000762939453, 26.190000534057617, 21.510000228881836, 14.670000076293945, 34.7400016784668, 46.849998474121094, 26.5, 43.22999954223633, 53.75, 53.849998474121094, 74.58999633789062, 69.4800033569336, 81.41000366210938, 68.88999938964844, 73.76000213623047, 75.23999786376953, 72.2300033569336, 83.04000091552734, 84.4800033569336, 85.5, 79.56999969482422, 82.69000244140625, 81.26000213623047, 84.44000244140625, 84.12999725341797, 89.01000213623047, 89.73999786376953, 87.41999816894531, 88.69999694824219, 91.98999786376953, 90.11000061035156, 95.4000015258789, 91.3499984741211, 90.12000274658203, 94.06999969482422, 93.61000061035156, 94.26000213623047, 95.94999694824219, 95.30999755859375, 94.5999984741211, 94.36000061035156, 92.0199966430664, 92.0999984741211, 96.05999755859375, 94.80999755859375, 96.30999755859375, 94.30000305175781, 95.0999984741211, 94.0199966430664, 94.93000030517578, 96.66000366210938, 96.81999969482422, 96.30000305175781, 95.19999694824219, 95.1500015258789, 95.3499984741211, 95.69999694824219, 95.83000183105469, 97.33999633789062, 96.91000366210938, 97.19999694824219, 97.63999938964844, 97.30000305175781, 97.54000091552734, 97.2300033569336, 97.33000183105469, 96.63999938964844, 96.72000122070312, 97.37999725341797, 97.6500015258789, 96.68000030517578, 98.05999755859375, 97.29000091552734, 97.55999755859375, 98.0, 97.83000183105469, 97.6500015258789, 98.30000305175781, 97.97000122070312, 98.02999877929688, 97.55000305175781, 97.87999725341797, 98.06999969482422, 97.88999938964844, 97.30999755859375, 97.97000122070312, 98.0999984741211, 97.48999786376953, 98.08000183105469, 97.66999816894531, 97.94999694824219, 97.97000122070312, 98.0199966430664, 97.72000122070312, 98.19000244140625, 97.9800033569336, 97.91999816894531, 96.87000274658203, 97.77999877929688, 97.6500015258789]
backdoor_accuracy=[0, 26.848249027237355, 0.0, 0.0, 0.0, 0.0, 1.556420233463035, 0.0, 0.2918287937743191, 0.19455252918287938, 0.0, 4.280155642023346, 0.38910505836575876, 0.19455252918287938, 0.09727626459143969, 4.571984435797665, 0.09727626459143969, 1.3618677042801557, 0.5836575875486382, 3.8910505836575875, 0.48638132295719844, 9.630350194552529, 19.163424124513618, 0.6809338521400778, 7.003891050583658, 14.494163424124514, 0.09727626459143969, 9.33852140077821, 1.3618677042801557, 1.7509727626459144, 2.0428015564202333, 1.556420233463035, 1.6536964980544746, 0.48638132295719844, 21.20622568093385, 0.2918287937743191, 5.058365758754864, 0.48638132295719844, 2.821011673151751, 0.48638132295719844, 7.490272373540856, 0.2918287937743191, 14.007782101167315, 0.2918287937743191, 5.836575875486381, 0.5836575875486382, 2.529182879377432, 0.38910505836575876, 1.3618677042801557, 1.4591439688715953, 0.19455252918287938, 5.447470817120623, 0.9727626459143969, 5.836575875486381, 0.5836575875486382, 7.490272373540856, 0.9727626459143969, 11.478599221789883, 0.48638132295719844, 5.447470817120623, 0.8754863813229572, 8.852140077821012, 2.140077821011673, 13.132295719844358, 3.7937743190661477, 16.926070038910506, 11.964980544747082, 13.132295719844358, 8.463035019455253, 5.642023346303502, 24.124513618677042, 3.501945525291829, 28.988326848249027, 3.11284046692607, 59.63035019455253, 6.3229571984435795, 71.98443579766537, 27.140077821011673, 23.735408560311285, 52.14007782101167, 49.80544747081712, 11.575875486381323, 11.867704280155642, 34.33852140077821, 15.75875486381323, 91.34241245136187, 52.82101167315175, 91.63424124513618, 52.431906614785994, 97.66536964980544, 58.268482490272376, 99.41634241245136, 86.38132295719845, 91.147859922179, 98.24902723735408, 97.47081712062257, 93.96887159533074, 97.76264591439688, 95.3307392996109, 99.5136186770428, 91.05058365758755]
loss_list=[0.450184997492222, 0.35674353246845414, 0.5153703104556426, 0.4336511665993751, 0.4338498770996978, 0.2911094634295789, 0.26270537038390146, 0.28648778771234595, 0.2619757596372866, 0.25620626686524944, 0.23855124550051746, 0.1578380190989912, 0.12556279687747138, 0.13429297289635372, 0.14491622714649863, 0.1587730745666898, 0.15995589060002352, 0.13606266564870512, 0.10595866275887643, 0.11064698250844258, 0.09484815019255416, 0.09935026578696207, 0.10430802178851724, 0.0950792385558721, 0.10714434781975465, 0.0910633389761544, 0.08406318499441418, 0.079332419905168, 0.07665802564855678, 0.07501905612748651, 0.06933515744737835, 0.05065954214274945, 0.0677189289573645, 0.07937859909929526, 0.06413945271180671, 0.05943779693449439, 0.06087668452594707, 0.05160726940534004, 0.056791762282647665, 0.04854782883387906, 0.0520764035211116, 0.05901671964938193, 0.054156051471815674, 0.055087057996389535, 0.051905910791543546, 0.053213169478060623, 0.05120187417770779, 0.05284157386506742, 0.048342953546307084, 0.048690719106484585, 0.04469564019219197, 0.04414704686303464, 0.04091352279864055, 0.04234284324643377, 0.045556519777773065, 0.04612813630745398, 0.052386233979743735, 0.042349772515409896, 0.041176211644639166, 0.04375072625090962, 0.04147008210730906, 0.0417238751231981, 0.039589504944077265, 0.03430934106166141, 0.034099932619961, 0.03384013931544327, 0.0408144063170696, 0.03268458747501391, 0.03445459572587459, 0.03292941201781143, 0.03460504854260804, 0.03719020358884877, 0.028797879157018633, 0.03553426135391246, 0.030894370640915745, 0.03159303110495809, 0.032973017079565486, 0.0277281583858414, 0.028757285638227114, 0.030590810733552957, 0.030250005292117, 0.027840926446010675, 0.027358350169522008, 0.02614887524963373, 0.03103598764695658, 0.03192230277665952, 0.029410792599939364, 0.02681978712524146, 0.02795234260489188, 0.024788635938485678, 0.03007053154462542, 0.02743249704920827, 0.02976468055411074, 0.02742557377625731, 0.02494030902763308, 0.025131382722579938, 0.02628597174011912, 0.024413114606319196, 0.026806820346367343, 0.02523736532055205]
BBSR:99.51
ABSR:95.03
max acc:98.19
