======================================
    IID: 0
    Dataset: cifar
    Model: resnet
    Model Init: None
    Aggregation Function: mr_duc
    Long attack: 3
    Wide attack: 3
    Threshold reject: 0.6
    Threshold down: 0.1
    Attack method: badnet
    Fraction of malicious agents: 15.0%
    Poison Frac: 0.2
    Backdoor From 7 to 5
    Attack Begin: 0
    Trigger Shape: square
    Trigger Position X: 0
    Trigger Position Y: 0
    Number of agents: 100
    Fraction of agents each turn: 30(30.0%)
    Local batch size: 50
    Local epoch: 3
    Client_LR: 0.01
    Client_Momentum: 0.9
    Global Rounds: 100
======================================
main_task_accuracy=[0, 10.0, 23.229999542236328, 40.20000076293945, 41.029998779296875, 43.7400016784668, 48.75, 48.5, 50.380001068115234, 52.5, 54.25, 58.38999938964844, 59.380001068115234, 56.810001373291016, 59.869998931884766, 61.880001068115234, 61.650001525878906, 60.84000015258789, 62.93000030517578, 62.150001525878906, 63.060001373291016, 65.55000305175781, 62.75, 64.30999755859375, 64.47000122070312, 65.6500015258789, 65.2300033569336, 64.66000366210938, 66.48999786376953, 67.62999725341797, 65.2300033569336, 68.62000274658203, 67.02999877929688, 67.66000366210938, 68.25, 67.22000122070312, 68.13999938964844, 68.62999725341797, 67.43000030517578, 69.97000122070312, 69.20999908447266, 69.61000061035156, 69.16000366210938, 68.7699966430664, 70.26000213623047, 68.27999877929688, 71.08999633789062, 69.0999984741211, 68.30999755859375, 71.45999908447266, 69.68000030517578, 70.44999694824219, 69.93000030517578, 71.66000366210938, 69.38999938964844, 69.9000015258789, 70.95999908447266, 69.51000213623047, 72.18000030517578, 70.81999969482422, 70.77999877929688, 70.02999877929688, 72.16000366210938, 70.48999786376953, 72.5199966430664, 71.62000274658203, 72.08999633789062, 72.1500015258789, 72.05000305175781, 71.56999969482422, 72.26000213623047, 72.44000244140625, 71.23999786376953, 72.12000274658203, 72.37000274658203, 72.3499984741211, 72.9000015258789, 72.87000274658203, 73.08000183105469, 73.4000015258789, 72.45999908447266, 72.29000091552734, 71.44999694824219, 72.62999725341797, 71.5199966430664, 72.2699966430664, 72.29000091552734, 72.45999908447266, 72.29000091552734, 71.83000183105469, 73.2699966430664, 73.1500015258789, 73.52999877929688, 73.44999694824219, 72.9800033569336, 73.62999725341797, 73.29000091552734, 73.36000061035156, 71.79000091552734, 73.54000091552734, 73.3499984741211]
backdoor_accuracy=[0, 0.0, 7.2, 11.2, 15.3, 13.6, 13.7, 20.4, 14.1, 15.3, 12.7, 16.1, 11.3, 17.6, 11.8, 10.1, 11.1, 7.8, 6.2, 10.8, 8.3, 12.0, 8.4, 8.2, 5.3, 11.2, 5.7, 9.3, 3.2, 7.3, 9.6, 10.1, 6.2, 7.7, 8.3, 9.1, 11.6, 4.9, 4.6, 7.9, 8.3, 6.8, 9.0, 4.7, 9.2, 5.7, 6.8, 7.8, 4.6, 9.7, 5.2, 6.7, 7.5, 6.4, 4.6, 7.4, 7.8, 5.4, 6.0, 9.7, 3.2, 10.6, 4.6, 7.4, 4.4, 6.5, 6.3, 8.9, 5.5, 5.8, 7.3, 3.8, 12.7, 7.0, 5.9, 6.9, 6.0, 9.3, 4.8, 7.0, 5.0, 6.7, 6.3, 2.5, 7.7, 8.3, 4.6, 5.1, 5.9, 2.6, 6.7, 5.6, 6.3, 6.3, 6.7, 4.7, 6.8, 7.0, 4.1, 4.7, 4.3]
loss_list=[1.6471571388509534, 1.3659194566806157, 1.1507713707950382, 0.9738351843920018, 0.8742184410740931, 0.7585887067599429, 0.6901929180365468, 0.6487880258220766, 0.5913618723841176, 0.5921633308049704, 0.5489309959237775, 0.48524229817195896, 0.49542400883924637, 0.49221371656490687, 0.47340552732348445, 0.43064343500830654, 0.4121578719301356, 0.41888980703945783, 0.402979203591951, 0.3909814171358529, 0.36657822766289533, 0.368613688409225, 0.34651519977384154, 0.39184625719570454, 0.3652941747485764, 0.3266772627251016, 0.3426335513741813, 0.33691371737410214, 0.2794894252029351, 0.3019718209315194, 0.29269908414584483, 0.2853870356734841, 0.2616938590739543, 0.28867512254367794, 0.2455501158693288, 0.27572716881055387, 0.26928815677917256, 0.2312888590313701, 0.23893864267635054, 0.21954658353882323, 0.24726383723823048, 0.20540448260519448, 0.209678707730232, 0.22810670072329228, 0.22422040592277576, 0.1913393099955283, 0.20771882320029872, 0.19480043782542147, 0.17264082988206716, 0.20209289101418104, 0.15906804394339105, 0.1783507378955579, 0.176500806126666, 0.17937594086927774, 0.16163288387858002, 0.143533313232086, 0.14673394406563603, 0.1496912296410301, 0.15816375090468987, 0.12822553755612012, 0.11466520560543156, 0.12118245226861392, 0.13616531272975005, 0.11082604113332407, 0.12201165210248696, 0.0977205522208371, 0.10903729091327276, 0.09519043761370187, 0.1022237387770373, 0.10027689423470292, 0.09798972668882924, 0.1037118281515884, 0.08544067887518193, 0.08975879423388201, 0.08038914587432777, 0.07560213077551452, 0.0743474631399537, 0.05728926262026006, 0.06517044239826242, 0.0751256431982943, 0.057585597126421306, 0.0674261455937489, 0.04645693352484766, 0.06291912760582313, 0.05936268277315927, 0.04587282539629894, 0.05170613713947305, 0.06283344656759354, 0.058827920512137796, 0.055859148639299534, 0.05028884420831068, 0.04469653826624077, 0.05886323317982412, 0.042952170459724985, 0.028594580418446435, 0.03216982215924266, 0.0313059985148963, 0.0311100808820629, 0.029641309547490283, 0.028795476073088744]
BBSR:7.0
ABSR:5.65
max acc:73.63
