======================================
    IID: 1
    Dataset: cifar
    Model: resnet
    Model Init: None
    Aggregation Function: mr_duc
    Long attack: 5
    Wide attack: 5
    Threshold reject: 0.7
    Attack method: dba
    Fraction of malicious agents: 15.0%
    Poison Frac: 0.2
    Backdoor From 7 to 5
    Attack Begin: 0
    Trigger Shape: square
    Trigger Position X: 0
    Trigger Position Y: 0
    Number of agents: 100
    Fraction of agents each turn: 30(30.0%)
    Local batch size: 50
    Local epoch: 3
    Client_LR: 0.01
    Client_Momentum: 0.9
    Global Rounds: 100
======================================
main_task_accuracy=[0, 10.34000015258789, 26.1200008392334, 43.56999969482422, 40.27000045776367, 48.79999923706055, 53.90999984741211, 52.86000061035156, 57.5, 58.79999923706055, 59.61000061035156, 61.9900016784668, 62.5099983215332, 64.54000091552734, 65.0, 64.94999694824219, 65.33000183105469, 66.12000274658203, 66.58999633789062, 67.94999694824219, 68.0999984741211, 67.87999725341797, 69.3499984741211, 68.05999755859375, 69.4800033569336, 68.87000274658203, 70.16000366210938, 69.86000061035156, 70.75, 70.51000213623047, 71.19999694824219, 71.33999633789062, 71.30999755859375, 71.76000213623047, 71.91999816894531, 72.08000183105469, 72.30999755859375, 72.25, 72.11000061035156, 72.0199966430664, 72.2699966430664, 71.81999969482422, 72.0199966430664, 72.6500015258789, 72.55000305175781, 72.91000366210938, 72.5199966430664, 72.83000183105469, 72.69999694824219, 72.80999755859375, 72.87999725341797, 73.04000091552734, 73.2699966430664, 73.13999938964844, 72.87999725341797, 72.80000305175781, 72.69000244140625, 72.38999938964844, 73.0199966430664, 73.05000305175781, 72.91999816894531, 72.80999755859375, 72.83999633789062, 72.77999877929688, 72.6500015258789, 72.75, 72.61000061035156, 72.7300033569336, 72.56999969482422, 72.62999725341797, 72.30000305175781, 72.45999908447266, 72.5, 72.5199966430664, 72.45999908447266, 72.52999877929688, 72.58999633789062, 72.56999969482422, 72.5999984741211, 72.56999969482422, 72.37999725341797, 72.31999969482422, 72.37000274658203, 72.22000122070312, 72.30000305175781, 72.37000274658203, 72.41000366210938, 72.41999816894531, 72.30999755859375, 72.37999725341797, 72.36000061035156, 72.36000061035156, 72.44000244140625, 72.4000015258789, 72.56999969482422, 72.4000015258789, 72.41000366210938, 72.5199966430664, 72.47000122070312, 72.45999908447266, 72.41000366210938]
backdoor_accuracy=[0, 0.0, 9.3, 14.8, 17.4, 13.2, 13.0, 13.2, 6.9, 7.8, 13.5, 7.3, 14.1, 10.6, 12.0, 12.8, 10.4, 11.5, 11.4, 10.8, 13.0, 6.8, 7.3, 8.2, 8.9, 8.5, 8.7, 6.2, 8.4, 10.6, 9.7, 8.4, 9.3, 7.2, 8.7, 8.6, 13.2, 9.4, 7.8, 9.8, 9.9, 9.2, 10.5, 11.2, 12.2, 8.9, 7.2, 10.9, 10.6, 9.2, 9.0, 10.1, 10.2, 9.9, 7.6, 10.3, 10.7, 9.5, 10.5, 9.5, 10.6, 9.3, 8.5, 9.5, 10.2, 9.3, 9.8, 9.2, 9.2, 9.5, 10.3, 10.5, 10.0, 10.1, 9.9, 10.1, 9.6, 9.6, 10.5, 10.4, 9.7, 10.2, 10.4, 10.1, 10.5, 10.5, 10.4, 10.0, 9.1, 10.2, 10.3, 10.3, 10.7, 10.1, 10.2, 10.2, 10.3, 10.7, 10.5, 10.3, 10.2]
loss_list=[1.98134819984436, 1.493964366118113, 1.0730367019772529, 0.9528976676861444, 0.7662494122899243, 0.6812408137818178, 0.580763511877093, 0.5568083437035481, 0.5002741111773583, 0.4669510857967867, 0.42164506350126535, 0.4353219205989607, 0.4029749197761217, 0.3578551327323335, 0.34869442378481236, 0.3254120991772247, 0.3099202616626604, 0.33378585052055615, 0.2901999700452304, 0.27412658488714237, 0.22825471054814342, 0.21224058995799472, 0.20027719971723856, 0.23395395630323848, 0.22064483048213235, 0.1509572388914724, 0.20483484939762595, 0.17829273833065395, 0.1577037403542393, 0.10980112278174299, 0.11280026803245873, 0.13051524149499732, 0.12136614337330684, 0.06677244663109175, 0.1387848893725055, 0.10355457659261041, 0.0977803621419783, 0.08457296958050896, 0.07762823963078617, 0.05110332439058564, 0.058054045450731374, 0.06674479510764487, 0.0495644630649541, 0.047100581559449586, 0.02804605771780997, 0.04159609300711761, 0.018316193751783838, 0.04314188581577683, 0.02230466370571068, 0.019680368409285116, 0.04363939155449366, 0.018272926821955478, 0.008689750903835778, 0.024947104087316093, 0.009072396529857845, 0.04079611448790981, 0.04606132481971549, 0.011340441282857987, 0.007773879746107721, 0.005443291903615724, 0.0039104011904499995, 0.005225780033959179, 0.004516668160811402, 0.020263491838494598, 0.004132601691558697, 0.00455579058671396, 0.003910166565458187, 0.002623777267031579, 0.004611198640971754, 0.004982346519261935, 0.002224351619063074, 0.0016715608207838765, 0.003798130407117746, 0.003405457769784132, 0.0011771913170135425, 0.0026118634222722092, 0.0029548238994094493, 0.0019126024513954894, 0.0011871222640911583, 0.002210816362332682, 0.0015992766302628703, 0.0010398343763113695, 0.0009946060678501254, 0.0009457261516298683, 0.0016720699774224255, 0.0010244173169485294, 0.00200338043893377, 0.0020007209948137944, 0.0013345263048702488, 0.0008028630774141572, 0.0013169881142029126, 0.0013672442752593065, 0.0008615350486393759, 0.0007674596671293127, 0.0013066988134798725, 0.000882490190714533, 0.001278181046743864, 0.0007556813340488589, 0.0012191426643969156, 0.000796513150311916]
BBSR:10.7
ABSR:10.35
max acc:72.57
