======================================
    IID: 1
    Dataset: cifar
    Model: resnet
    Model Init: None
    Aggregation Function: mr_duc
    Long attack: 3
    Wide attack: 3
    Threshold reject: 0.5
    Threshold down: 0.1
    Attack method: badnet
    Fraction of malicious agents: 15.0%
    Poison Frac: 0.2
    Backdoor From 7 to 5
    Attack Begin: 0
    Trigger Shape: square
    Trigger Position X: 0
    Trigger Position Y: 0
    Number of agents: 100
    Fraction of agents each turn: 30(30.0%)
    Local batch size: 50
    Local epoch: 3
    Client_LR: 0.01
    Client_Momentum: 0.9
    Global Rounds: 100
======================================
main_task_accuracy=[0, 10.119999885559082, 28.520000457763672, 42.06999969482422, 44.130001068115234, 49.11000061035156, 51.16999816894531, 54.47999954223633, 58.060001373291016, 60.16999816894531, 61.029998779296875, 62.709999084472656, 64.51000213623047, 65.38999938964844, 64.81999969482422, 65.91000366210938, 66.25, 67.16999816894531, 67.44000244140625, 68.63999938964844, 68.81999969482422, 67.80999755859375, 69.83999633789062, 69.26000213623047, 70.2699966430664, 68.16999816894531, 71.16999816894531, 71.06999969482422, 70.6500015258789, 69.94000244140625, 71.19000244140625, 71.69999694824219, 71.75, 72.13999938964844, 72.52999877929688, 72.16000366210938, 70.7699966430664, 72.12999725341797, 72.91999816894531, 72.87999725341797, 73.0999984741211, 72.44999694824219, 73.33999633789062, 73.16999816894531, 73.27999877929688, 73.44000244140625, 73.4000015258789, 73.30999755859375, 72.91000366210938, 73.37000274658203, 73.22000122070312, 73.0999984741211, 73.47000122070312, 73.41000366210938, 73.20999908447266, 73.27999877929688, 73.16000366210938, 73.0999984741211, 73.04000091552734, 73.1500015258789, 73.11000061035156, 73.19999694824219, 73.0999984741211, 73.23999786376953, 73.11000061035156, 73.08000183105469, 73.0199966430664, 73.1500015258789, 73.11000061035156, 73.05999755859375, 73.05999755859375, 73.08999633789062, 73.06999969482422, 73.0199966430664, 73.1500015258789, 73.04000091552734, 73.04000091552734, 73.01000213623047, 72.88999938964844, 73.12999725341797, 73.05999755859375, 72.86000061035156, 73.02999877929688, 72.98999786376953, 72.91999816894531, 72.9000015258789, 73.02999877929688, 72.95999908447266, 72.86000061035156, 72.94000244140625, 72.87999725341797, 73.01000213623047, 72.80999755859375, 72.87999725341797, 72.94000244140625, 72.98999786376953, 72.81999969482422, 72.77999877929688, 72.76000213623047, 72.72000122070312, 72.80999755859375]
backdoor_accuracy=[0, 0.0, 7.0, 16.2, 8.2, 8.5, 13.0, 5.4, 10.4, 10.7, 12.7, 12.3, 7.5, 10.0, 8.3, 10.9, 9.9, 7.7, 9.2, 6.1, 6.6, 9.1, 6.0, 6.6, 6.0, 5.0, 6.8, 6.7, 5.0, 6.0, 5.4, 7.4, 6.2, 4.8, 5.7, 6.9, 7.7, 5.5, 7.5, 4.4, 6.8, 5.5, 7.6, 7.2, 8.0, 6.0, 5.9, 7.1, 7.9, 5.2, 4.5, 5.8, 6.3, 5.4, 6.2, 6.6, 4.8, 6.8, 6.2, 6.2, 5.7, 6.4, 6.4, 6.3, 6.4, 6.3, 5.6, 6.1, 6.3, 6.4, 6.1, 6.4, 6.5, 6.4, 5.8, 5.3, 6.2, 6.0, 6.3, 6.2, 5.8, 6.2, 5.8, 6.3, 6.2, 6.0, 5.6, 5.5, 5.8, 5.8, 6.2, 5.9, 6.3, 5.9, 5.4, 5.4, 5.6, 5.5, 5.6, 5.8, 5.6]
loss_list=[1.9674707453780702, 1.5410842505428524, 1.1452674473656548, 0.9665750412311821, 0.7732698259833787, 0.6703321073866554, 0.6074266492244269, 0.566831014468852, 0.4979335320658154, 0.46729244437482614, 0.4631430172268302, 0.4096237374448942, 0.411345828866793, 0.36274320006887945, 0.37328319619099287, 0.35739247184557216, 0.3233433410804718, 0.28780935043365596, 0.28140733902860027, 0.2625593348631325, 0.29886321839566027, 0.20583349588120145, 0.20491577049769052, 0.22527242415377663, 0.22529571184707384, 0.15761015474459983, 0.1680704180743649, 0.20385455250998746, 0.20319889842894756, 0.15112853876418536, 0.16909753961656757, 0.1332477855624812, 0.09753999174061594, 0.09615851177420051, 0.11587047530085934, 0.12609244632974473, 0.13077899789929182, 0.08293727059622244, 0.07401192514710904, 0.036654215309212715, 0.07042096204780844, 0.07443587234153205, 0.04375916490541487, 0.04068004346565836, 0.0384332868899542, 0.036438845553881646, 0.029484028703882358, 0.029750040678449705, 0.02400455839779979, 0.031646123952620356, 0.023335104362437662, 0.00973962330699174, 0.014962616058538618, 0.008216343815018061, 0.00630518533900613, 0.010162165909973233, 0.006018471719887908, 0.005455484612207835, 0.003987662846791661, 0.004586539273910199, 0.003965786551610411, 0.006448239127963057, 0.004021508136195028, 0.0030897333056782374, 0.0020792441225138546, 0.0031656398737201622, 0.002545398119287307, 0.004833482843257823, 0.0055721554011688565, 0.00180485325603513, 0.0030927309833108053, 0.002665955813459328, 0.002475626542840878, 0.003455316323444195, 0.0016958644179168108, 0.0016340453425234757, 0.0020487928818410084, 0.0010771304803266605, 0.0013217124764358032, 0.0011481060665391853, 0.0013601590394682716, 0.001905358013399463, 0.0010606066907752796, 0.0038531428813682097, 0.0012865463995209818, 0.00100662442331668, 0.0012898341170027076, 0.0008277030425233535, 0.0010938942350993683, 0.0014172118322150905, 0.0008816157879159115, 0.001366789432827823, 0.0009953384458802044, 0.001120517353079372, 0.0017864612541355503, 0.0006706701659519846, 0.0012307892893618881, 0.0006706308561600354, 0.0008036856050360558, 0.0011282692785365117]
BBSR:6.3
ABSR:5.7
max acc:73.01
