======================================
    IID: 0
    Dataset: mnist
    Model: Mnist_CNN
    Model Init: None
    Aggregation Function: mr_duc
    Long attack: 3
    Wide attack: 3
    Threshold reject: 0.6
    Threshold down: 0.1
    Attack method: dba
    Fraction of malicious agents: 15.0%
    Poison Frac: 0.2
    Backdoor From 7 to 5
    Attack Begin: 0
    Trigger Shape: square
    Trigger Position X: 0
    Trigger Position Y: 0
    Number of agents: 100
    Fraction of agents each turn: 30(30.0%)
    Local batch size: 50
    Local epoch: 3
    Client_LR: 0.01
    Client_Momentum: 0.9
    Global Rounds: 100
======================================
main_task_accuracy=[0, 50.27000045776367, 39.52000045776367, 62.97999954223633, 72.61000061035156, 64.0, 62.84000015258789, 76.25, 79.30999755859375, 83.19999694824219, 84.58000183105469, 79.7300033569336, 86.0999984741211, 89.75, 90.68000030517578, 93.48999786376953, 95.01000213623047, 95.75, 95.16000366210938, 89.37000274658203, 93.63999938964844, 94.87999725341797, 94.76000213623047, 94.44999694824219, 96.37000274658203, 96.45999908447266, 96.91999816894531, 94.91000366210938, 96.44000244140625, 97.2300033569336, 96.87999725341797, 96.6500015258789, 97.06999969482422, 97.30999755859375, 97.33000183105469, 96.81999969482422, 97.4800033569336, 97.3499984741211, 96.8499984741211, 96.62999725341797, 96.26000213623047, 97.80000305175781, 97.25, 97.0, 95.5199966430664, 95.51000213623047, 97.7300033569336, 97.58999633789062, 97.38999938964844, 97.91999816894531, 97.70999908447266, 97.58999633789062, 98.44000244140625, 98.1500015258789, 98.19999694824219, 97.87999725341797, 97.87000274658203, 97.22000122070312, 97.5199966430664, 98.12999725341797, 98.37000274658203, 98.13999938964844, 98.26000213623047, 98.31999969482422, 98.33999633789062, 98.54000091552734, 98.33999633789062, 98.54000091552734, 98.12999725341797, 98.0, 98.30000305175781, 98.37000274658203, 98.04000091552734, 98.33000183105469, 98.44999694824219, 98.55999755859375, 98.41999816894531, 98.38999938964844, 98.0199966430664, 98.73999786376953, 98.26000213623047, 98.56999969482422, 98.31999969482422, 98.61000061035156, 98.51000213623047, 98.5, 98.66999816894531, 98.44000244140625, 98.5999984741211, 98.38999938964844, 98.5199966430664, 98.68000030517578, 98.48999786376953, 98.62999725341797, 98.66999816894531, 98.87000274658203, 98.6500015258789, 98.81999969482422, 98.69999694824219, 98.69999694824219, 98.80000305175781]
backdoor_accuracy=[0, 0.9727626459143969, 0.0, 0.0, 0.0, 0.0, 0.0, 0.09727626459143969, 0.0, 0.0, 2.431906614785992, 0.0, 0.2918287937743191, 0.09727626459143969, 7.976653696498055, 0.9727626459143969, 5.642023346303502, 11.186770428015564, 13.910505836575876, 14.494163424124514, 13.813229571984436, 58.56031128404669, 48.540856031128406, 21.595330739299612, 73.73540856031128, 92.80155642023347, 89.59143968871595, 71.20622568093385, 98.63813229571984, 90.56420233463035, 97.56809338521401, 97.85992217898833, 98.34630350194553, 99.31906614785993, 98.5408560311284, 97.56809338521401, 99.61089494163424, 99.5136186770428, 98.05447470817121, 99.5136186770428, 100.0, 97.66536964980544, 99.80544747081711, 100.0, 100.0, 99.41634241245136, 100.0, 99.90272373540856, 100.0, 99.61089494163424, 100.0, 100.0, 100.0, 100.0, 100.0, 100.0, 100.0, 100.0, 100.0, 100.0, 100.0, 100.0, 100.0, 100.0, 100.0, 100.0, 100.0, 100.0, 100.0, 100.0, 100.0, 100.0, 100.0, 100.0, 100.0, 100.0, 100.0, 100.0, 100.0, 100.0, 100.0, 100.0, 100.0, 100.0, 100.0, 100.0, 100.0, 100.0, 100.0, 100.0, 100.0, 100.0, 100.0, 100.0, 100.0, 100.0, 100.0, 100.0, 100.0, 100.0, 100.0]
loss_list=[0.779778900069478, 0.38942523442091853, 0.34134523081593215, 0.31319153421731993, 0.25952659831332975, 0.3090488507589153, 0.20821199314194488, 0.20565483037164625, 0.15831518228855945, 0.14764038274782554, 0.15220443402054282, 0.14748972412403588, 0.1314173011560654, 0.12798564102087295, 0.10863476041145201, 0.10352203814798958, 0.09189955970392408, 0.077934272246158, 0.0827191559052153, 0.09549513115807377, 0.0845057931887553, 0.0817279340011737, 0.07917966391421488, 0.0772029257908596, 0.06418364547707488, 0.05704889916427487, 0.06540778622873875, 0.06931700814818248, 0.05903499896457678, 0.059164622629018775, 0.0628196461875632, 0.06388652140089511, 0.050768353341448316, 0.05634567066887637, 0.05087220923801565, 0.05614759022700362, 0.05031927635353457, 0.05115302790450354, 0.05478963663209908, 0.052280824827423404, 0.05209705912239535, 0.049042100116026575, 0.05507503843166181, 0.04670958642981937, 0.0580790446478878, 0.05497146697239427, 0.04669861542952951, 0.04536897832389919, 0.05179642687014199, 0.04351651458873003, 0.04324880496252363, 0.04601595279829644, 0.04160160912381091, 0.037852232737777235, 0.040555642548551325, 0.03980183343419411, 0.04258056452400288, 0.044420190337233274, 0.041978242545297285, 0.03812305798482098, 0.04120985357753347, 0.035523676350666625, 0.03527518246349381, 0.0349293200794549, 0.037598842429071265, 0.034042794593333564, 0.03683096055192436, 0.03197469923410803, 0.03532375524056853, 0.03386362936163533, 0.03471709540760828, 0.036673261818941684, 0.033169708837040505, 0.033997676598732214, 0.034065456597100925, 0.03205199592950387, 0.03453892566228113, 0.03417196531443349, 0.03432017631364404, 0.034239253465899254, 0.032013283274661124, 0.030221849529041524, 0.03390296421413142, 0.031068897164065374, 0.032469784137971074, 0.03235537066650943, 0.028930396925894733, 0.02788131959204528, 0.02688751107141258, 0.027137801956811283, 0.028935249597238737, 0.029541536284912382, 0.03041895338843056, 0.02915458112509744, 0.03034854699234933, 0.029080082115190937, 0.02927206254353897, 0.02634915382363606, 0.0309344433041874, 0.029445824473724423]
BBSR:100.0
ABSR:100.0
max acc:98.87
