======================================
    IID: 1
    Dataset: cifar
    Model: resnet
    Model Init: None
    Aggregation Function: mr_abs
    Long attack: 5
    Wide attack: 5
    Threshold reject: 0.7
    Threshold down: 0.0
    Attack method: dba
    Fraction of malicious agents: 15.0%
    Poison Frac: 0.2
    Backdoor From 7 to 5
    Attack Begin: 0
    Trigger Shape: square
    Trigger Position X: 0
    Trigger Position Y: 0
    Number of agents: 100
    Fraction of agents each turn: 30(30.0%)
    Local batch size: 50
    Local epoch: 3
    Client_LR: 0.01
    Client_Momentum: 0.9
    Global Rounds: 100
======================================
main_task_accuracy=[0, 10.0, 29.899999618530273, 44.709999084472656, 46.81999969482422, 51.27000045776367, 55.959999084472656, 57.20000076293945, 60.380001068115234, 63.209999084472656, 61.720001220703125, 65.52999877929688, 65.37999725341797, 65.91999816894531, 66.29000091552734, 66.18000030517578, 67.2300033569336, 67.7699966430664, 69.18000030517578, 67.16999816894531, 69.05000305175781, 68.02999877929688, 70.0999984741211, 68.9000015258789, 70.70999908447266, 70.33000183105469, 69.87999725341797, 71.88999938964844, 70.79000091552734, 71.97000122070312, 71.01000213623047, 72.33999633789062, 72.76000213623047, 72.4800033569336, 72.62000274658203, 73.19999694824219, 73.1500015258789, 72.9000015258789, 73.58999633789062, 73.58999633789062, 73.58999633789062, 74.12999725341797, 73.76000213623047, 74.0, 74.33000183105469, 74.0199966430664, 73.94999694824219, 73.87999725341797, 74.0199966430664, 73.38999938964844, 74.08000183105469, 74.08000183105469, 73.81999969482422, 73.93000030517578, 74.13999938964844, 74.1500015258789, 73.66999816894531, 73.91000366210938, 73.88999938964844, 73.87000274658203, 73.83999633789062, 73.80999755859375, 73.7300033569336, 73.72000122070312, 73.63999938964844, 73.58999633789062, 73.48999786376953, 73.58000183105469, 73.70999908447266, 73.7699966430664, 73.66000366210938, 73.66000366210938, 73.55999755859375, 73.66999816894531, 73.62999725341797, 73.56999969482422, 73.5, 73.5199966430664, 73.4800033569336, 73.5999984741211, 73.38999938964844, 73.37999725341797, 73.37000274658203, 73.31999969482422, 73.47000122070312, 73.44999694824219, 73.48999786376953, 73.37000274658203, 73.37000274658203, 73.30000305175781, 73.33999633789062, 73.4000015258789, 73.33999633789062, 73.41999816894531, 73.4000015258789, 73.3499984741211, 73.45999908447266, 73.33000183105469, 73.3499984741211, 73.31999969482422, 73.33000183105469]
backdoor_accuracy=[0, 0.0, 5.2, 10.7, 9.6, 11.3, 14.9, 12.7, 9.5, 9.9, 12.1, 11.8, 9.5, 9.4, 6.6, 6.0, 7.2, 12.4, 8.9, 6.9, 7.3, 9.9, 8.0, 7.8, 7.7, 11.5, 8.8, 7.3, 6.0, 9.6, 9.4, 7.4, 7.3, 7.3, 9.4, 9.8, 5.7, 9.3, 5.9, 9.8, 7.2, 8.5, 9.9, 8.0, 10.3, 10.7, 10.0, 8.2, 9.3, 12.3, 9.7, 12.3, 10.4, 10.3, 9.7, 10.2, 9.1, 12.3, 10.8, 10.6, 10.1, 11.6, 11.1, 11.4, 10.5, 10.3, 9.7, 10.5, 9.9, 11.4, 12.3, 12.3, 11.4, 11.1, 11.5, 11.0, 11.9, 11.4, 12.8, 11.5, 11.7, 12.0, 10.4, 10.9, 11.6, 12.3, 11.4, 11.0, 11.3, 11.0, 12.1, 11.5, 11.3, 11.8, 11.9, 12.3, 11.2, 11.7, 11.9, 10.9, 11.7]
loss_list=[1.9956514023409957, 1.5223039516475465, 1.115600509709782, 0.9209252427518368, 0.7811797901160188, 0.6726003001878659, 0.5962606267175742, 0.5590276016253564, 0.4787263562985592, 0.508206231523719, 0.4306426913705138, 0.40335975424490034, 0.39361102158824596, 0.4126552973397904, 0.37551500764158036, 0.3050214451603177, 0.3681354215616981, 0.27203141099876826, 0.2777543558759821, 0.2646541277531328, 0.27745686382934864, 0.23060656777091532, 0.22235309770304917, 0.2171378087762019, 0.21421779626747595, 0.20230339403665212, 0.17893426491258044, 0.19078474104663148, 0.15134897813511392, 0.19069274248296603, 0.12647079167331363, 0.1244270381216322, 0.10413376229621159, 0.10908983937846241, 0.11203362612124897, 0.0904865146015072, 0.0795372468755684, 0.08989629389653495, 0.08957729188511925, 0.08177369343336774, 0.04628655136879793, 0.0641748039295069, 0.057080908732863866, 0.05562577326025349, 0.03458603598439368, 0.0264756337730796, 0.02727792634838908, 0.03078593224814136, 0.042751602137222004, 0.020699121706937954, 0.011822149069501192, 0.010830021631587037, 0.0206636178138433, 0.008102722270123196, 0.005034385517275143, 0.0127668876729634, 0.014261453284367842, 0.01781424632435018, 0.00406345487984557, 0.010590071602782698, 0.005531238732348557, 0.0042097267457251696, 0.005711002961729213, 0.0042545758146217035, 0.004848263959752837, 0.0058004639596846465, 0.0030278961058906534, 0.007884462130492063, 0.0034343643413093454, 0.0052279232722584204, 0.00299961814734464, 0.0036079974779729836, 0.0017310229392023754, 0.003668277023413491, 0.0015555087004920807, 0.002075994588877721, 0.0012196045593494394, 0.0015306787027980638, 0.002456576815570265, 0.0013593135133689632, 0.0013412967452556281, 0.0022979169195605203, 0.0009764042621665997, 0.0008689969108591971, 0.0011675480598609689, 0.0011925130633527361, 0.003199929871552741, 0.0009688607070792286, 0.0019016938426001512, 0.0010050184857229602, 0.0011511230818966093, 0.0009988589103239872, 0.002188223303827626, 0.0007660570012699787, 0.0007734916210756637, 0.001272693129495666, 0.0010792651168190378, 0.0010605434360655235, 0.0018488957414148097, 0.0006493443135695997]
BBSR:12.3
ABSR:11.62
max acc:73.46
