======================================
    IID: 1
    Dataset: cifar
    Model: resnet
    Model Init: None
    Aggregation Function: mr_abs
    Long attack: 5
    Wide attack: 5
    Threshold reject: 0.4
    Threshold down: 0.0
    Attack method: dba
    Fraction of malicious agents: 15.0%
    Poison Frac: 0.2
    Backdoor From 7 to 5
    Attack Begin: 0
    Trigger Shape: square
    Trigger Position X: 0
    Trigger Position Y: 0
    Number of agents: 100
    Fraction of agents each turn: 30(30.0%)
    Local batch size: 50
    Local epoch: 3
    Client_LR: 0.01
    Client_Momentum: 0.9
    Global Rounds: 100
======================================
main_task_accuracy=[0, 10.369999885559082, 24.25, 40.38999938964844, 45.13999938964844, 50.220001220703125, 55.33000183105469, 55.900001525878906, 58.529998779296875, 60.709999084472656, 62.470001220703125, 62.279998779296875, 64.22000122070312, 64.01000213623047, 64.30000305175781, 66.38999938964844, 65.58999633789062, 66.58000183105469, 68.04000091552734, 66.41999816894531, 68.2699966430664, 66.91000366210938, 68.48999786376953, 69.05000305175781, 68.16999816894531, 68.94999694824219, 69.5199966430664, 71.0, 70.63999938964844, 70.81999969482422, 70.62999725341797, 70.97000122070312, 70.9000015258789, 70.98999786376953, 70.83000183105469, 71.47000122070312, 72.12999725341797, 72.33999633789062, 71.2300033569336, 72.41000366210938, 72.23999786376953, 72.91000366210938, 73.0199966430664, 72.69999694824219, 72.47000122070312, 72.58000183105469, 72.73999786376953, 72.75, 73.1500015258789, 72.7699966430664, 72.9000015258789, 73.1500015258789, 72.93000030517578, 72.76000213623047, 72.91999816894531, 72.69999694824219, 72.77999877929688, 73.0, 72.62000274658203, 72.72000122070312, 72.81999969482422, 72.7300033569336, 72.66000366210938, 72.62000274658203, 72.45999908447266, 72.44999694824219, 72.4000015258789, 72.33999633789062, 72.4800033569336, 72.2300033569336, 72.27999877929688, 72.31999969482422, 72.38999938964844, 72.56999969482422, 72.38999938964844, 72.47000122070312, 72.44000244140625, 72.41999816894531, 72.4000015258789, 72.37999725341797, 72.4800033569336, 72.41000366210938, 72.3499984741211, 72.30999755859375, 72.31999969482422, 72.41000366210938, 72.43000030517578, 72.43000030517578, 72.38999938964844, 72.43000030517578, 72.43000030517578, 72.38999938964844, 72.45999908447266, 72.48999786376953, 72.48999786376953, 72.36000061035156, 72.4000015258789, 72.37999725341797, 72.38999938964844, 72.37999725341797, 72.31999969482422]
backdoor_accuracy=[0, 0.0, 11.4, 14.6, 17.9, 9.2, 9.8, 13.4, 10.4, 8.7, 7.3, 10.0, 9.1, 6.4, 9.9, 9.9, 8.9, 9.0, 11.9, 10.0, 4.7, 9.4, 5.3, 8.2, 7.4, 7.6, 5.4, 8.6, 7.0, 10.7, 5.5, 7.2, 7.6, 12.9, 12.3, 7.1, 8.1, 9.5, 5.8, 10.0, 9.8, 10.0, 10.2, 9.0, 10.3, 10.2, 9.0, 9.2, 8.6, 9.1, 9.3, 7.7, 7.7, 9.3, 9.0, 8.3, 9.4, 7.1, 8.7, 8.7, 8.5, 9.1, 8.4, 9.7, 9.3, 8.6, 9.2, 8.7, 8.5, 9.1, 8.4, 8.7, 7.9, 8.6, 8.3, 8.3, 8.9, 8.8, 9.5, 9.3, 9.1, 8.5, 9.2, 8.3, 7.9, 8.6, 9.3, 9.1, 8.9, 9.1, 8.5, 8.9, 9.3, 9.3, 9.5, 9.5, 9.1, 9.4, 9.9, 10.0, 9.4]
loss_list=[1.9771096691820353, 1.5563432346449957, 1.1315602560010218, 0.9728219446871016, 0.7809677985641693, 0.6815209856794939, 0.61985764041543, 0.5635944071908792, 0.5244761981773708, 0.465386869435509, 0.45270798878123364, 0.39125509548932313, 0.3916397005381684, 0.3793142629363056, 0.3641085881336282, 0.3390903979865834, 0.3133118044460813, 0.33234002283049957, 0.28655215631342595, 0.23918472629661364, 0.23453968554631702, 0.2738500791366419, 0.17878218230442142, 0.25602261671447196, 0.2040624238460117, 0.16424099518619997, 0.1611455250624567, 0.17525963465191632, 0.13443963534716105, 0.17887036257384653, 0.13163313188978162, 0.10325018429844124, 0.19072224329089899, 0.14316908537384326, 0.0777762879180308, 0.08428466715319599, 0.07957532862511772, 0.14090994336707, 0.0642742126233255, 0.08951325489486206, 0.08895221129861763, 0.045902080582778164, 0.04668108165057168, 0.07229680354467645, 0.033189196010029655, 0.03398146240632438, 0.04945630948159508, 0.03769375349812132, 0.03162954613660177, 0.04902383088412332, 0.01959714965943325, 0.011958806980789329, 0.034076561597240575, 0.009820919014455283, 0.017552851189522902, 0.01304829740279173, 0.004967544682602037, 0.005939888063488371, 0.0055854662580693696, 0.0067364542810860765, 0.010840608856524341, 0.005631453361420426, 0.005796173302110725, 0.00289718923382073, 0.002679476727013631, 0.0027297703143914177, 0.0020529866545338235, 0.003136815110758309, 0.0033976936300556797, 0.0040475456525584565, 0.004176356269454118, 0.005238975127091786, 0.0019294626651875056, 0.004377346641211058, 0.0018552321384292245, 0.0020873775587177887, 0.0013568052849344285, 0.0030500431150075097, 0.00137923922781839, 0.0021620375159464955, 0.0016876151354032727, 0.0012144379393107055, 0.0012779817448204593, 0.00188454943239372, 0.0008939156491154183, 0.0009763223130883289, 0.0009177182582546569, 0.0008237395164582672, 0.0007919074391247705, 0.0014431340490086261, 0.0011781185258344826, 0.0008076997011570106, 0.0007890356576616694, 0.0007484342819225276, 0.0007639750793815536, 0.0020653222389147327, 0.0006882175290795406, 0.0007296812631264199, 0.0007451529515350962, 0.0008065003641321608]
BBSR:10.0
ABSR:9.43
max acc:72.49
