======================================
    IID: 0
    Dataset: mnist
    Model: Mnist_CNN
    Model Init: None
    Aggregation Function: fltrust
    Long attack: 5
    Wide attack: 5
    Attack method: dba
    Fraction of malicious agents: 15.0%
    Poison Frac: 0.2
    Backdoor From 7 to 5
    Attack Begin: 0
    Trigger Shape: square
    Trigger Position X: 0
    Trigger Position Y: 0
    Number of agents: 100
    Fraction of agents each turn: 30(30.0%)
    Local batch size: 50
    Local epoch: 3
    Client_LR: 0.01
    Client_Momentum: 0.9
    Global Rounds: 100
    Dataset In Server: 200
======================================
main_task_accuracy=[0, 26.309999465942383, 58.279998779296875, 50.22999954223633, 57.099998474121094, 68.02999877929688, 78.30999755859375, 62.2400016784668, 70.37999725341797, 72.7699966430664, 83.43000030517578, 83.44000244140625, 86.97000122070312, 78.25, 82.52999877929688, 81.52999877929688, 85.0, 88.08999633789062, 88.91999816894531, 85.94999694824219, 91.79000091552734, 91.02999877929688, 88.5199966430664, 87.2300033569336, 91.37999725341797, 92.56999969482422, 92.5199966430664, 93.51000213623047, 93.76000213623047, 92.0199966430664, 94.77999877929688, 93.56999969482422, 93.0999984741211, 92.72000122070312, 93.52999877929688, 93.44000244140625, 93.69999694824219, 93.38999938964844, 95.69000244140625, 94.2300033569336, 95.55999755859375, 94.18000030517578, 94.95999908447266, 93.91999816894531, 95.29000091552734, 93.25, 95.08999633789062, 95.16999816894531, 95.5199966430664, 95.20999908447266, 95.27999877929688, 96.6500015258789, 95.94000244140625, 95.41000366210938, 96.69999694824219, 95.38999938964844, 96.61000061035156, 95.6500015258789, 95.95999908447266, 96.41000366210938, 96.08999633789062, 97.02999877929688, 96.19999694824219, 96.97000122070312, 96.55999755859375, 97.0199966430664, 96.76000213623047, 97.01000213623047, 96.94000244140625, 96.29000091552734, 96.26000213623047, 97.12000274658203, 93.47000122070312, 96.98999786376953, 97.41000366210938, 96.9000015258789, 96.58000183105469, 95.94999694824219, 97.19999694824219, 95.80000305175781, 97.33000183105469, 97.13999938964844, 95.68000030517578, 97.12999725341797, 96.7699966430664, 96.77999877929688, 97.12000274658203, 97.58000183105469, 97.4000015258789, 97.2699966430664, 97.62999725341797, 96.55999755859375, 97.7300033569336, 92.31999969482422, 97.5, 97.47000122070312, 97.31999969482422, 96.73999786376953, 97.87999725341797, 97.62999725341797, 97.45999908447266]
backdoor_accuracy=[0, 0.0, 0.0, 2.9182879377431905, 0.0, 0.0, 0.0, 0.0, 0.0, 0.0, 0.0, 0.0, 0.0, 0.0, 0.0, 0.0, 0.2918287937743191, 0.0, 0.0, 0.0, 0.0, 0.0, 0.0, 0.0, 0.2918287937743191, 0.0, 0.0, 0.0, 0.0, 0.0, 0.19455252918287938, 0.0, 0.0, 0.09727626459143969, 0.0, 0.0, 0.0, 0.38910505836575876, 0.0, 0.0, 0.0, 0.0, 0.0, 0.19455252918287938, 0.0, 0.2918287937743191, 0.0, 0.0, 0.19455252918287938, 0.0, 0.19455252918287938, 0.0, 0.09727626459143969, 0.0, 0.09727626459143969, 0.0, 0.09727626459143969, 0.09727626459143969, 0.09727626459143969, 0.09727626459143969, 0.7782101167315175, 0.09727626459143969, 0.09727626459143969, 0.09727626459143969, 0.48638132295719844, 0.09727626459143969, 0.09727626459143969, 0.09727626459143969, 0.2918287937743191, 0.19455252918287938, 0.09727626459143969, 0.2918287937743191, 0.09727626459143969, 0.38910505836575876, 0.09727626459143969, 0.09727626459143969, 0.5836575875486382, 0.09727626459143969, 0.5836575875486382, 0.2918287937743191, 0.5836575875486382, 0.19455252918287938, 1.6536964980544746, 0.19455252918287938, 0.38910505836575876, 0.6809338521400778, 0.2918287937743191, 1.8482490272373542, 0.6809338521400778, 0.48638132295719844, 1.0700389105058365, 2.431906614785992, 0.6809338521400778, 8.949416342412452, 0.19455252918287938, 0.7782101167315175, 0.19455252918287938, 2.821011673151751, 0.48638132295719844, 0.8754863813229572, 0.6809338521400778]
loss_list=[0.4566460708021672, 0.430153588807597, 0.3110839538667279, 0.23854660257208626, 0.2183488687968669, 0.1993712489448735, 0.15279221334919987, 0.1397701066406907, 0.13782304254737382, 0.12645731007131583, 0.1082101266078768, 0.10763234317461372, 0.09304640182454524, 0.1097884174037101, 0.08290355972176817, 0.11912232624573453, 0.09743014560544452, 0.09082934927278093, 0.07572167473558165, 0.08095509231385363, 0.07586299105109469, 0.07324444081079842, 0.06749676806063108, 0.0810218305558898, 0.07821108916488335, 0.06729368976623959, 0.06694615379275645, 0.06430879492650007, 0.06950365796102069, 0.07329203870229187, 0.05976220917807484, 0.060451352254665115, 0.0627622585662152, 0.06069091854968949, 0.06151328666175047, 0.062224317768419087, 0.06196920647477909, 0.056143841998804886, 0.045029678350595875, 0.059940268690860284, 0.038640911376759596, 0.06077852962751858, 0.04727370365671969, 0.06705661086053365, 0.04926678867588874, 0.050259764807305034, 0.04702959891982784, 0.05620446509486566, 0.04977905500362524, 0.04566016496295824, 0.048233865220060304, 0.04965435485683172, 0.04177476255936149, 0.04111359420357248, 0.039773907996905264, 0.039384543204603606, 0.045806671320210664, 0.03506623898559513, 0.051524638487421025, 0.040518660523020486, 0.04083248253894656, 0.038199121838798374, 0.03979868526060153, 0.038862587194562016, 0.0391001195518982, 0.03815099637273948, 0.04108514021091762, 0.04197512491641096, 0.03704335218429577, 0.03657233986030872, 0.03585926468660564, 0.0383006530834352, 0.043818871539375, 0.04592028687424191, 0.03868444615524916, 0.039151673052416985, 0.03671622946095919, 0.037017990690185486, 0.03156889947923076, 0.03953767175449417, 0.03714374823115938, 0.032938605124725885, 0.03880042422259202, 0.030705250778444555, 0.031182907843704755, 0.03513413218356894, 0.036619032649854534, 0.03005145433538443, 0.04041395387466638, 0.03378890323671121, 0.030938948886537792, 0.03295478464199404, 0.03319296258856649, 0.03999545728523135, 0.02703252276023601, 0.03582619430620901, 0.029283419131718936, 0.036847735074149665, 0.030004603324700403, 0.032277710730452706]
BBSR:8.95
ABSR:1.81
max acc:97.88
