======================================
    IID: 0
    Dataset: mnist
    Model: Mnist_CNN
    Model Init: None
    Aggregation Function: mr_duc
    Long attack: 5
    Wide attack: 5
    Threshold reject: 0.5
    Threshold down: 0.2
    Attack method: dba
    Fraction of malicious agents: 15.0%
    Poison Frac: 0.2
    Backdoor From 7 to 5
    Attack Begin: 0
    Trigger Shape: square
    Trigger Position X: 0
    Trigger Position Y: 0
    Number of agents: 100
    Fraction of agents each turn: 30(30.0%)
    Local batch size: 50
    Local epoch: 3
    Client_LR: 0.01
    Client_Momentum: 0.9
    Global Rounds: 100
======================================
main_task_accuracy=[0, 34.0, 27.65999984741211, 21.3799991607666, 44.61000061035156, 44.31999969482422, 62.060001373291016, 52.47999954223633, 59.06999969482422, 66.12000274658203, 67.66999816894531, 56.72999954223633, 76.5999984741211, 86.73999786376953, 78.8499984741211, 82.75, 82.26000213623047, 87.33000183105469, 80.5, 79.19999694824219, 86.05000305175781, 86.3499984741211, 82.2699966430664, 83.1500015258789, 89.97000122070312, 91.9800033569336, 93.12999725341797, 93.77999877929688, 91.01000213623047, 94.11000061035156, 93.83000183105469, 93.26000213623047, 95.19999694824219, 94.98999786376953, 94.7300033569336, 91.97000122070312, 94.31999969482422, 95.91999816894531, 94.80000305175781, 95.37000274658203, 95.3499984741211, 96.23999786376953, 93.72000122070312, 96.7300033569336, 95.2300033569336, 91.16999816894531, 88.75, 95.29000091552734, 97.44000244140625, 96.4000015258789, 96.79000091552734, 96.87999725341797, 96.38999938964844, 95.22000122070312, 97.12999725341797, 96.1500015258789, 96.1500015258789, 94.7699966430664, 96.72000122070312, 97.0, 97.19999694824219, 98.19999694824219, 97.23999786376953, 97.94999694824219, 97.73999786376953, 97.9000015258789, 96.7300033569336, 96.5199966430664, 97.38999938964844, 97.4800033569336, 97.80999755859375, 98.13999938964844, 96.68000030517578, 96.33000183105469, 97.52999877929688, 97.5999984741211, 98.0, 96.66000366210938, 97.77999877929688, 96.70999908447266, 97.06999969482422, 96.80000305175781, 97.66999816894531, 96.9000015258789, 97.93000030517578, 96.55999755859375, 96.62000274658203, 98.2300033569336, 98.02999877929688, 98.12999725341797, 97.97000122070312, 97.19000244140625, 97.80000305175781, 97.9000015258789, 98.0, 98.0, 97.70999908447266, 98.36000061035156, 98.33000183105469, 98.37000274658203, 98.41000366210938]
backdoor_accuracy=[0, 98.92996108949416, 0.0, 0.0, 0.0, 3.9883268482490273, 0.19455252918287938, 0.0, 2.529182879377432, 4.085603112840467, 25.389105058365757, 0.0, 7.782101167315175, 0.5836575875486382, 0.2918287937743191, 8.657587548638132, 0.19455252918287938, 11.089494163424124, 0.0, 2.140077821011673, 0.9727626459143969, 10.311284046692608, 0.0, 1.0700389105058365, 0.19455252918287938, 0.9727626459143969, 0.9727626459143969, 0.0, 0.8754863813229572, 0.2918287937743191, 0.38910505836575876, 0.2918287937743191, 5.642023346303502, 0.38910505836575876, 1.6536964980544746, 12.937743190661479, 2.0428015564202333, 20.233463035019454, 0.8754863813229572, 24.513618677042803, 0.7782101167315175, 4.766536964980545, 1.9455252918287937, 49.70817120622568, 13.035019455252918, 67.12062256809338, 0.38910505836575876, 20.719844357976655, 1.8482490272373542, 14.202334630350194, 4.766536964980545, 45.81712062256809, 11.964980544747082, 18.67704280155642, 20.428015564202333, 6.614785992217898, 34.33852140077821, 12.937743190661479, 48.054474708171206, 4.863813229571984, 41.34241245136187, 30.544747081712064, 54.57198443579767, 58.463035019455255, 69.94163424124514, 81.1284046692607, 78.40466926070039, 89.98054474708171, 44.45525291828794, 96.3035019455253, 96.69260700389106, 88.32684824902724, 35.311284046692606, 96.10894941634241, 29.280155642023345, 93.96887159533074, 90.27237354085604, 93.28793774319067, 80.44747081712062, 90.27237354085604, 93.19066147859922, 99.41634241245136, 97.66536964980544, 99.70817120622569, 98.24902723735408, 99.61089494163424, 87.35408560311284, 98.83268482490273, 98.83268482490273, 99.22178988326849, 99.0272373540856, 97.56809338521401, 99.80544747081711, 99.22178988326849, 99.12451361867704, 100.0, 96.59533073929961, 99.31906614785993, 98.73540856031128, 99.61089494163424, 99.80544747081711]
loss_list=[0.5241704129988807, 0.33121168219248676, 0.4692262771141772, 0.44828827025092177, 0.27915115559593584, 0.29175506216687064, 0.20005342370301182, 0.24201052278262225, 0.23375349213872443, 0.1796114408997708, 0.17730672407437414, 0.1955862885931315, 0.1414448424612145, 0.0853740815178193, 0.0969496318999343, 0.12608905114836844, 0.11338425557517406, 0.10193710129434437, 0.08676524504908777, 0.11739229305952127, 0.10576514310509147, 0.10139435711027421, 0.10785173657170702, 0.14211046872603914, 0.08704071540413917, 0.08531552643628314, 0.08226113273884426, 0.07871431672285444, 0.07037642091197623, 0.07073121410456833, 0.0724344412115274, 0.06727496490603548, 0.05757661344611005, 0.06042433922220964, 0.06664026651451141, 0.05768660653634299, 0.05878992081023808, 0.05397748609331201, 0.0614588994330781, 0.05700674946623184, 0.05035030193753468, 0.05033329058108002, 0.05312787204045379, 0.04568087935600272, 0.05219792807851055, 0.07023429200645565, 0.07086377679500791, 0.05029991702174693, 0.04411516475327462, 0.05274230124477173, 0.04289894007247817, 0.04142185250105715, 0.052899602934030544, 0.05026989045976424, 0.048034225893387524, 0.04608323469043778, 0.05324329194634933, 0.049230606911254235, 0.0428610687742582, 0.03865849956909717, 0.041877444252598255, 0.03832423481333502, 0.03876174062505656, 0.039501104022403616, 0.038871536000282154, 0.03411378897609754, 0.037929512089833764, 0.03779877220151691, 0.03979764625856339, 0.03270790415418661, 0.03552976467107228, 0.0335432035005662, 0.04432217532682382, 0.033213811532061266, 0.033584348016481934, 0.036064451016817246, 0.035682310104064044, 0.036895318846177146, 0.03647806292107008, 0.03789546613303274, 0.0378928773102816, 0.033171482932519494, 0.03785240335226274, 0.03256765955628137, 0.03480406621758992, 0.03649703778636033, 0.032960100558933204, 0.03273883895601894, 0.03376316435781822, 0.03197625699731908, 0.03187626833257519, 0.03710775441519487, 0.03359661798355618, 0.02653978722124801, 0.030980545894736256, 0.029180800631868713, 0.030713490465244266, 0.029242877449227038, 0.029792780901498013, 0.02932749934960587]
BBSR:100.0
ABSR:98.98
max acc:98.41
