======================================
    IID: 0
    Dataset: mnist
    Model: Mnist_CNN
    Model Init: None
    Aggregation Function: krum
    Long attack: 5
    Wide attack: 5
    Attack method: dba
    Fraction of malicious agents: 15.0%
    Poison Frac: 0.2
    Backdoor From 7 to 5
    Attack Begin: 0
    Trigger Shape: square
    Trigger Position X: 0
    Trigger Position Y: 0
    Number of agents: 100
    Fraction of agents each turn: 30(30.0%)
    Local batch size: 50
    Local epoch: 3
    Client_LR: 0.01
    Client_Momentum: 0.9
    Global Rounds: 100
    Proportion of malicious are selected: 0.05
    Average score of malicious clients: 1268.8328857421875
    Average score of benign clients: 895.3251342773438
======================================
main_task_accuracy=[0, 13.760000228881836, 18.989999771118164, 17.799999237060547, 19.440000534057617, 20.889999389648438, 18.190000534057617, 19.43000030517578, 21.110000610351562, 18.420000076293945, 9.579999923706055, 14.420000076293945, 12.420000076293945, 10.630000114440918, 9.880000114440918, 14.729999542236328, 18.239999771118164, 10.319999694824219, 20.0, 20.6200008392334, 19.440000534057617, 19.18000030517578, 20.110000610351562, 27.68000030517578, 27.360000610351562, 27.489999771118164, 27.1200008392334, 31.899999618530273, 29.260000228881836, 27.549999237060547, 32.540000915527344, 25.100000381469727, 24.200000762939453, 23.489999771118164, 26.399999618530273, 20.100000381469727, 13.630000114440918, 19.790000915527344, 33.84000015258789, 21.399999618530273, 34.79999923706055, 26.850000381469727, 18.760000228881836, 28.790000915527344, 28.389999389648438, 22.969999313354492, 31.010000228881836, 30.09000015258789, 25.420000076293945, 26.739999771118164, 33.56999969482422, 31.690000534057617, 31.469999313354492, 31.329999923706055, 32.29999923706055, 39.63999938964844, 34.97999954223633, 41.25, 25.649999618530273, 40.20000076293945, 41.099998474121094, 33.529998779296875, 40.810001373291016, 42.209999084472656, 41.060001373291016, 39.84000015258789, 37.470001220703125, 37.0, 35.4900016784668, 34.0099983215332, 39.18000030517578, 35.15999984741211, 36.150001525878906, 35.369998931884766, 33.59000015258789, 33.63999938964844, 33.56999969482422, 33.27000045776367, 31.649999618530273, 35.310001373291016, 35.08000183105469, 33.81999969482422, 32.790000915527344, 32.11000061035156, 32.099998474121094, 32.119998931884766, 42.599998474121094, 43.630001068115234, 42.470001220703125, 44.08000183105469, 46.2599983215332, 46.22999954223633, 45.709999084472656, 42.720001220703125, 42.369998931884766, 41.58000183105469, 36.7400016784668, 39.900001525878906, 33.4900016784668, 37.0, 44.25]
backdoor_accuracy=[0, 0.0, 0.0, 0.0, 0.0, 0.0, 0.0, 0.0, 0.0, 0.0, 0.0, 0.0, 0.0, 0.0, 0.0, 100.0, 0.0, 0.0, 0.0, 0.0, 0.0, 0.0, 0.0, 0.0, 0.0, 0.0, 0.0, 0.0, 0.0, 0.0, 0.0, 0.0, 0.0, 0.0, 0.0, 0.0, 0.0, 100.0, 0.0, 0.0, 0.0, 0.0, 0.0, 0.0, 0.0, 0.0, 0.0, 0.0, 0.0, 0.0, 0.0, 0.0, 0.0, 0.0, 0.0, 0.0, 0.0, 0.0, 0.0, 0.0, 0.0, 0.0, 0.0, 0.0, 0.0, 0.0, 0.0, 0.0, 0.0, 0.0, 0.0, 0.0, 0.0, 0.0, 0.0, 0.0, 0.0, 0.0, 0.0, 0.0, 0.0, 0.0, 0.0, 0.0, 0.0, 0.0, 0.0, 0.0, 0.0, 0.0, 0.0, 0.0, 0.0, 0.0, 0.0, 0.0, 0.0, 0.0, 0.0, 0.0, 0.0]
loss_list=[0.4979789644243183, 1.040250112315118, 1.1108738014695247, 1.2920519349226853, 1.3734975322912135, 1.6793652990099497, 1.314005311535072, 1.1886410610054932, 1.4658838700467205, 1.6963706280805464, 1.5828015123873402, 1.1352714035559042, 0.9328515463671696, 1.0083935089110576, 0.9967461231818897, 1.6612684348184203, 1.4833154120402199, 1.2867315512523756, 1.4809058623940305, 0.9698711922957078, 1.2297054584793468, 1.4192207860412223, 1.4732039516932312, 1.000285818584146, 1.050837701849108, 1.1129097212417147, 1.0617990271549895, 0.9824750836108175, 1.064870148922405, 0.9270399571618634, 0.8656314274069771, 1.2835984781367733, 1.2272915506688018, 1.4595454828515628, 1.1176403803731205, 1.1491040525252985, 1.3939687762068151, 1.0941906507892583, 1.0713358678393652, 0.9551284103005957, 1.0138683710204162, 0.9293684877144852, 0.9571205398589727, 0.9097957677549587, 1.1797978179995845, 1.2531816573474013, 1.177922745282639, 1.0390359602436312, 1.0030791513150081, 1.010690826641308, 1.0669944455004208, 1.2746555823291852, 1.1238419104331245, 1.0432487757530502, 1.0882351903072436, 1.1657235363722538, 1.0661333470273997, 1.0466626606053777, 1.0726189860213082, 0.7276593984709137, 0.9712438954337916, 0.9359001329569664, 1.0294668593081078, 0.8353077023117959, 0.8346772325256566, 0.7637631344592818, 0.8617012371609682, 0.8075432231105392, 0.9747156865722325, 1.1027709738100888, 0.9362234344792847, 0.9572266022903985, 0.6226733843159697, 0.8781812457922842, 0.807996085335223, 0.9177323388295784, 0.8012777363433243, 0.8682675959084816, 0.912463610788324, 0.9076874394031483, 0.8813838922709577, 1.034903083218606, 0.9940407483872991, 0.9993349275298264, 0.9500626829976808, 1.0289178698017536, 1.0782417427433553, 1.0131872120786958, 1.0693498802083583, 1.1530285107031686, 0.942265966292561, 0.871936449653069, 0.9136865202666187, 1.09455512185894, 0.9475012276373929, 1.096978292350495, 1.264734489010017, 0.9309476117739083, 1.1613941452007837, 1.2447565173686208]
BBSR:0.0
ABSR:0.0
max acc:46.23
