======================================
    IID: 0
    Dataset: mnist
    Model: Mnist_CNN
    Model Init: None
    Aggregation Function: mr_duc
    Long attack: 5
    Wide attack: 5
    Threshold reject: 0.5
    Threshold down: 0.2
    Attack method: dba
    Fraction of malicious agents: 16.0%
    Poison Frac: 0.2
    Backdoor From 7 to 5
    Attack Begin: 0
    Trigger Shape: square
    Trigger Position X: 0
    Trigger Position Y: 0
    Number of agents: 100
    Fraction of agents each turn: 30(30.0%)
    Local batch size: 50
    Local epoch: 3
    Client_LR: 0.01
    Client_Momentum: 0.9
    Global Rounds: 100
======================================
main_task_accuracy=[0, 22.600000381469727, 28.700000762939453, 15.350000381469727, 54.2400016784668, 10.380000114440918, 46.970001220703125, 19.770000457763672, 46.34000015258789, 59.7400016784668, 31.579999923706055, 59.459999084472656, 37.54999923706055, 75.88999938964844, 50.75, 81.27999877929688, 66.87999725341797, 49.29999923706055, 73.12000274658203, 27.229999542236328, 88.81999969482422, 84.3499984741211, 82.88999938964844, 75.69999694824219, 78.45999908447266, 86.5199966430664, 84.41000366210938, 81.16000366210938, 84.80999755859375, 91.44999694824219, 93.33000183105469, 88.69999694824219, 84.9800033569336, 92.87000274658203, 92.58000183105469, 93.55000305175781, 93.08999633789062, 94.73999786376953, 93.5199966430664, 90.86000061035156, 90.22000122070312, 93.87000274658203, 84.58999633789062, 89.22000122070312, 92.5, 85.27999877929688, 86.19000244140625, 83.41999816894531, 87.5199966430664, 87.9000015258789, 81.33999633789062, 90.12999725341797, 92.33999633789062, 88.2699966430664, 91.13999938964844, 91.3499984741211, 92.45999908447266, 95.1500015258789, 94.61000061035156, 95.98999786376953, 95.83999633789062, 96.20999908447266, 96.26000213623047, 94.69999694824219, 92.22000122070312, 94.06999969482422, 95.94999694824219, 96.81999969482422, 94.02999877929688, 96.20999908447266, 95.61000061035156, 97.20999908447266, 96.69000244140625, 97.08999633789062, 96.30000305175781, 94.94000244140625, 93.77999877929688, 95.88999938964844, 95.62999725341797, 96.44999694824219, 96.05000305175781, 96.58000183105469, 97.63999938964844, 97.16000366210938, 97.18000030517578, 96.02999877929688, 96.70999908447266, 97.20999908447266, 97.0199966430664, 97.75, 97.38999938964844, 96.36000061035156, 97.97000122070312, 98.0, 97.31999969482422, 96.76000213623047, 97.70999908447266, 97.5199966430664, 97.9800033569336, 98.20999908447266, 97.05999755859375]
backdoor_accuracy=[0, 0.0, 0.0, 0.6809338521400778, 0.0, 0.0, 1.0700389105058365, 0.0, 7.587548638132295, 0.0, 99.0272373540856, 0.0, 54.280155642023345, 0.0, 47.95719844357976, 0.0, 12.45136186770428, 0.09727626459143969, 5.447470817120623, 0.0, 23.735408560311285, 3.6964980544747084, 6.031128404669261, 0.6809338521400778, 33.56031128404669, 0.7782101167315175, 11.186770428015564, 1.0700389105058365, 0.0, 1.1673151750972763, 0.6809338521400778, 0.48638132295719844, 1.7509727626459144, 6.22568093385214, 0.9727626459143969, 3.404669260700389, 1.0700389105058365, 0.6809338521400778, 6.3229571984435795, 1.0700389105058365, 18.3852140077821, 1.8482490272373542, 18.77431906614786, 1.6536964980544746, 3.307392996108949, 10.505836575875486, 14.980544747081712, 5.739299610894942, 25.58365758754864, 5.447470817120623, 50.09727626459144, 6.517509727626459, 5.3501945525291825, 3.7937743190661477, 17.315175097276263, 5.155642023346304, 8.268482490272374, 8.852140077821012, 15.85603112840467, 15.75875486381323, 10.116731517509727, 8.073929961089494, 10.311284046692608, 10.116731517509727, 4.474708171206226, 22.08171206225681, 12.84046692607004, 4.182879377431907, 10.214007782101167, 11.964980544747082, 45.81712062256809, 28.59922178988327, 29.863813229571985, 17.412451361867703, 47.47081712062257, 24.80544747081712, 54.474708171206224, 25.58365758754864, 22.470817120622566, 42.99610894941634, 30.44747081712062, 46.69260700389105, 8.949416342412452, 25.389105058365757, 3.8910505836575875, 42.31517509727627, 6.031128404669261, 37.45136186770428, 12.645914396887159, 26.848249027237355, 22.762645914396888, 20.136186770428015, 27.33463035019455, 32.00389105058366, 35.40856031128405, 52.14007782101167, 50.0, 56.90661478599222, 19.163424124513618, 47.08171206225681, 25.09727626459144]
loss_list=[0.4373444823950742, 0.4091033810798006, 0.51535335389126, 0.32925196310074917, 0.23612819986660125, 0.6052049216284637, 0.25554069790095674, 0.4205054428028328, 0.3336911009442857, 0.2839665837315143, 0.32923649629693474, 0.19050103094458265, 0.27515574348345345, 0.21410841932705724, 0.21356294959756966, 0.1876599809518596, 0.1678432841160363, 0.26850105352620834, 0.20819030820573875, 0.29510841747255795, 0.14160318004615327, 0.13315151369749942, 0.10893392180955234, 0.14441756967606204, 0.16106822602140866, 0.11555691605977425, 0.1058750672440954, 0.12515920502536054, 0.11378785663987577, 0.0990253887520676, 0.08699083933322148, 0.09280748686968283, 0.10452176501841165, 0.09266913341113346, 0.07408143846561147, 0.08408883755910548, 0.07671776693809808, 0.07559054774809622, 0.06324671143131658, 0.08003172937906428, 0.08576303357817366, 0.07598944021726733, 0.08714251440424547, 0.08968480160017171, 0.09865276454141134, 0.08488051876718779, 0.08859630646266635, 0.11122788947701849, 0.1027330178839154, 0.10946475726786903, 0.10316222102823287, 0.09515469513187495, 0.0951992825216441, 0.09420366420806996, 0.07498760250327736, 0.07508592670997216, 0.07777759740313411, 0.0669699650419043, 0.06048179834674883, 0.06613917225969865, 0.06817046820780749, 0.059133671282598214, 0.052635756378541496, 0.06298484160915653, 0.06840888991824504, 0.06299396224707951, 0.05687758246245232, 0.05338787301556068, 0.06567091966457618, 0.058604276843872996, 0.053603974754113375, 0.05853543226208433, 0.05533604683520358, 0.05421030334719371, 0.04827280644533075, 0.057145212152720934, 0.06485599535579578, 0.05991056577169511, 0.04847483348900857, 0.05917075462163764, 0.05805832235873868, 0.05271130328332179, 0.04143584672958514, 0.04822359442550658, 0.05007510538064825, 0.05183257118141022, 0.048357213551873994, 0.04799364962929734, 0.05039629267079388, 0.04471239389379375, 0.04025740743112928, 0.044417542666776756, 0.04164091846599852, 0.04185716812802722, 0.03852126898977564, 0.04072695589088548, 0.04176974561796923, 0.04040951226683523, 0.03553657043072544, 0.03900055779752261]
BBSR:56.91
ABSR:36.53
max acc:98.21
