======================================
    IID: 1
    Dataset: cifar
    Model: resnet
    Model Init: None
    Aggregation Function: mr_duc
    Long attack: 5
    Wide attack: 5
    Threshold reject: 0.65
    Attack method: dba
    Fraction of malicious agents: 15.0%
    Poison Frac: 0.2
    Backdoor From 7 to 5
    Attack Begin: 0
    Trigger Shape: square
    Trigger Position X: 0
    Trigger Position Y: 0
    Number of agents: 100
    Fraction of agents each turn: 30(30.0%)
    Local batch size: 50
    Local epoch: 3
    Client_LR: 0.01
    Client_Momentum: 0.9
    Global Rounds: 100
======================================
main_task_accuracy=[0, 10.0, 30.270000457763672, 41.66999816894531, 47.599998474121094, 50.0099983215332, 56.5099983215332, 54.720001220703125, 59.470001220703125, 62.5099983215332, 61.5099983215332, 61.540000915527344, 63.66999816894531, 64.05999755859375, 65.52999877929688, 65.72000122070312, 64.94000244140625, 65.98999786376953, 66.22000122070312, 66.51000213623047, 66.4800033569336, 66.9800033569336, 67.69000244140625, 67.93000030517578, 69.25, 68.91999816894531, 68.91999816894531, 70.66000366210938, 68.91999816894531, 70.05000305175781, 70.94999694824219, 71.48999786376953, 71.62000274658203, 71.47000122070312, 71.75, 71.87999725341797, 70.68000030517578, 71.6500015258789, 72.9800033569336, 72.29000091552734, 72.73999786376953, 72.61000061035156, 73.0199966430664, 73.16000366210938, 73.06999969482422, 73.0199966430664, 73.05000305175781, 73.0, 73.0199966430664, 73.44999694824219, 73.44000244140625, 73.4000015258789, 73.2699966430664, 73.05999755859375, 73.18000030517578, 73.13999938964844, 73.52999877929688, 73.41000366210938, 73.27999877929688, 73.30000305175781, 73.02999877929688, 73.16999816894531, 73.0199966430664, 73.01000213623047, 72.94000244140625, 72.95999908447266, 72.98999786376953, 73.02999877929688, 72.87000274658203, 73.05999755859375, 72.91000366210938, 72.66000366210938, 72.88999938964844, 72.7699966430664, 72.75, 72.80000305175781, 72.73999786376953, 72.68000030517578, 72.61000061035156, 72.55999755859375, 72.66000366210938, 72.55999755859375, 72.75, 72.66000366210938, 72.56999969482422, 72.51000213623047, 72.58999633789062, 72.58999633789062, 72.41000366210938, 72.54000091552734, 72.48999786376953, 72.5199966430664, 72.62000274658203, 72.48999786376953, 72.48999786376953, 72.52999877929688, 72.48999786376953, 72.47000122070312, 72.52999877929688, 72.58999633789062, 72.55000305175781]
backdoor_accuracy=[0, 0.0, 13.6, 16.1, 13.8, 10.7, 8.2, 10.6, 8.2, 8.5, 9.4, 7.3, 8.3, 7.6, 6.4, 5.7, 6.4, 4.7, 6.5, 5.6, 6.3, 5.2, 4.5, 6.0, 5.5, 6.0, 5.2, 5.8, 7.2, 7.0, 3.9, 5.4, 5.1, 7.7, 5.2, 7.4, 6.1, 6.4, 7.6, 9.6, 6.6, 10.7, 7.5, 10.4, 7.3, 6.9, 9.1, 9.6, 7.8, 8.2, 9.6, 9.3, 9.3, 8.5, 8.4, 7.5, 9.9, 10.5, 9.1, 7.9, 9.3, 8.5, 9.0, 9.1, 9.4, 8.3, 8.8, 8.9, 9.3, 8.8, 9.2, 8.6, 9.4, 9.1, 8.9, 9.4, 9.4, 9.5, 9.2, 10.1, 9.4, 9.8, 8.8, 9.1, 9.4, 9.6, 9.3, 9.6, 10.5, 9.5, 9.9, 9.2, 10.0, 9.8, 9.5, 9.8, 9.7, 9.6, 9.7, 9.8, 9.5]
loss_list=[1.972600293424395, 1.4838671190871133, 1.1254343396094109, 0.9129706843362915, 0.7753158953289191, 0.6487767615748775, 0.6140465090258255, 0.573954046409991, 0.4879042559489608, 0.4855243855259485, 0.4364876647604009, 0.4527890366491759, 0.407124301828444, 0.3787480189847862, 0.32459732890956927, 0.33108655679970983, 0.35371052432908784, 0.28688992334943675, 0.2774115902795974, 0.250812912019901, 0.25487713730324885, 0.24264871475209168, 0.22116939261814367, 0.1778576015236063, 0.21372254054682957, 0.2074625410713876, 0.2086314648578668, 0.16973640069365503, 0.1819900755754982, 0.15022923828801144, 0.13925164855525107, 0.11255236593831795, 0.08779915573967932, 0.1221652445570928, 0.09453048078957688, 0.12356122058473475, 0.14087141666593703, 0.07248112314335434, 0.08693190363106422, 0.08703598122662194, 0.06820306639381064, 0.034279268600447624, 0.05203164483042199, 0.032902377417938417, 0.051134892775994055, 0.022395684326022295, 0.023176199806847663, 0.03676123095032784, 0.013912382237807228, 0.015215524110923672, 0.006793615839754539, 0.005426914751684913, 0.009242233381826535, 0.0217060821742699, 0.0063046939437723885, 0.008927044696077548, 0.004430509349169572, 0.0037000026085620935, 0.005980811203836414, 0.0051834630851711454, 0.0029681109128190048, 0.006214946135943237, 0.004202562446298543, 0.0038390646504315854, 0.0019513946290600063, 0.0020753084917022433, 0.002453240595043301, 0.0018061593448348704, 0.002386586320943833, 0.0013797665940688197, 0.0016813018212026994, 0.0014925669944851605, 0.0012528333493618349, 0.005434191767215249, 0.0014621756330517302, 0.0012771169600212795, 0.0011401892451168452, 0.0012623919149336873, 0.002121912079197096, 0.0026286562537603054, 0.001698113787755978, 0.0013511835544583544, 0.001703760083182715, 0.0009513896500154969, 0.0009856057118951059, 0.001025977453706825, 0.0021587042291745695, 0.0013275786992178636, 0.0007663370142674667, 0.0013139054464085752, 0.0007586414973532859, 0.0009095513194188243, 0.0007740101793105067, 0.0015364856827929745, 0.0006684009190616456, 0.0007467500010615266, 0.0007054494736803463, 0.0007611398629847422, 0.0006484782866755268, 0.0020704949467148658]
BBSR:10.0
ABSR:9.66
max acc:72.62
