======================================
    IID: 0
    Dataset: mnist
    Model: Mnist_CNN
    Model Init: None
    Aggregation Function: mr_duc
    Long attack: 4
    Wide attack: 4
    Threshold reject: 0.5
    Threshold down: 0.1
    Attack method: dba
    Fraction of malicious agents: 15.0%
    Poison Frac: 0.2
    Backdoor From 7 to 5
    Attack Begin: 0
    Trigger Shape: square
    Trigger Position X: 0
    Trigger Position Y: 0
    Number of agents: 100
    Fraction of agents each turn: 30(30.0%)
    Local batch size: 50
    Local epoch: 3
    Client_LR: 0.01
    Client_Momentum: 0.9
    Global Rounds: 100
======================================
main_task_accuracy=[0, 29.43000030517578, 19.670000076293945, 47.11000061035156, 21.81999969482422, 44.7400016784668, 47.22999954223633, 46.27000045776367, 67.95999908447266, 45.33000183105469, 77.26000213623047, 73.43000030517578, 58.29999923706055, 75.44999694824219, 79.16999816894531, 77.20999908447266, 81.56999969482422, 78.81999969482422, 86.94000244140625, 84.55000305175781, 88.72000122070312, 89.30000305175781, 88.83999633789062, 91.70999908447266, 92.41000366210938, 91.76000213623047, 93.44999694824219, 91.72000122070312, 92.41999816894531, 86.79000091552734, 91.48999786376953, 95.30999755859375, 95.6500015258789, 88.2699966430664, 91.80999755859375, 96.44999694824219, 94.13999938964844, 95.47000122070312, 95.43000030517578, 96.05000305175781, 94.51000213623047, 96.58999633789062, 95.62000274658203, 93.36000061035156, 92.68000030517578, 89.66000366210938, 96.61000061035156, 96.2300033569336, 95.05000305175781, 95.26000213623047, 96.33999633789062, 96.19000244140625, 97.0199966430664, 96.9800033569336, 95.76000213623047, 96.05000305175781, 97.08999633789062, 97.26000213623047, 97.63999938964844, 95.7300033569336, 96.20999908447266, 96.5, 96.25, 92.37000274658203, 95.06999969482422, 95.55999755859375, 96.97000122070312, 97.9800033569336, 97.73999786376953, 97.19000244140625, 97.41999816894531, 97.41999816894531, 97.80000305175781, 98.22000122070312, 97.80999755859375, 97.94000244140625, 97.87999725341797, 97.72000122070312, 98.30999755859375, 98.23999786376953, 97.91999816894531, 97.16000366210938, 97.75, 98.27999877929688, 96.80000305175781, 97.97000122070312, 97.08999633789062, 97.94000244140625, 98.37999725341797, 98.26000213623047, 97.9800033569336, 97.63999938964844, 97.38999938964844, 96.95999908447266, 97.76000213623047, 98.16999816894531, 97.69999694824219, 98.2300033569336, 98.1500015258789, 97.87999725341797, 97.0999984741211]
backdoor_accuracy=[0, 0.0, 2.140077821011673, 0.0, 94.45525291828794, 0.0, 0.0, 0.0, 0.0, 0.6809338521400778, 1.0700389105058365, 0.0, 19.941634241245136, 0.0, 0.48638132295719844, 0.09727626459143969, 0.2918287937743191, 8.268482490272374, 0.0, 0.6809338521400778, 0.2918287937743191, 0.48638132295719844, 1.1673151750972763, 0.2918287937743191, 0.38910505836575876, 0.7782101167315175, 0.2918287937743191, 0.6809338521400778, 0.09727626459143969, 1.8482490272373542, 0.09727626459143969, 0.2918287937743191, 0.5836575875486382, 0.2918287937743191, 1.0700389105058365, 0.09727626459143969, 0.0, 0.19455252918287938, 1.264591439688716, 0.09727626459143969, 0.6809338521400778, 1.9455252918287937, 0.2918287937743191, 6.128404669260701, 0.6809338521400778, 1.8482490272373542, 7.101167315175097, 7.782101167315175, 16.634241245136188, 1.556420233463035, 66.82879377431907, 4.961089494163424, 32.295719844357976, 9.43579766536965, 32.39299610894942, 9.43579766536965, 30.93385214007782, 4.766536964980545, 13.521400778210117, 30.642023346303503, 5.252918287937743, 75.4863813229572, 8.560311284046692, 64.6887159533074, 18.96887159533074, 78.79377431906615, 47.27626459143969, 37.840466926070036, 42.12062256809339, 81.1284046692607, 75.4863813229572, 68.8715953307393, 98.63813229571984, 94.06614785992218, 94.26070038910505, 99.12451361867704, 90.95330739299611, 94.8443579766537, 97.08171206225681, 96.59533073929961, 94.8443579766537, 99.12451361867704, 93.09338521400778, 99.61089494163424, 87.06225680933852, 98.63813229571984, 99.70817120622569, 98.34630350194553, 96.69260700389106, 95.8171206225681, 98.63813229571984, 99.12451361867704, 100.0, 99.61089494163424, 99.80544747081711, 99.80544747081711, 99.70817120622569, 99.90272373540856, 100.0, 99.80544747081711, 100.0]
loss_list=[0.5217452452388993, 0.33447381305264173, 0.4866087285510473, 0.28311290201891176, 0.41723916399106303, 0.33882417664125464, 0.2811464745860404, 0.24610785725998527, 0.1810974962667502, 0.18292894739287505, 0.20742412078928069, 0.1936603207733128, 0.19234539663932365, 0.14669461441713946, 0.13073408063657727, 0.14430728008338517, 0.12138057663521365, 0.116928283088713, 0.121898522690319, 0.11431036324481943, 0.09772124819524289, 0.09408593690533787, 0.09678961532342183, 0.08492779512030081, 0.08594988189267219, 0.07821158972921687, 0.09010192977996064, 0.08033337387361698, 0.07922007673853687, 0.0906510571141216, 0.09764930091760653, 0.0708318331680133, 0.07419925107069222, 0.08814233759598161, 0.06797737426428987, 0.05898377321596771, 0.06976883210162921, 0.07078372730863838, 0.057367349301628054, 0.04761315421189457, 0.05768765562664429, 0.057538080166398456, 0.05511079141073365, 0.05794883623882266, 0.061440226051036016, 0.0629257364504574, 0.05315994151651832, 0.05357141998814462, 0.055516093292789774, 0.05232710475694611, 0.051831644061478624, 0.05285977398189399, 0.04371648427983463, 0.04671127652885501, 0.04711462638660275, 0.05166048612190144, 0.048740943083228926, 0.039680299385758254, 0.04525116152928133, 0.04136108994590768, 0.055781547925850904, 0.038425576407115504, 0.04525657696557377, 0.05392583228589393, 0.052307127370393364, 0.04236684204759083, 0.04175662210730603, 0.03891083750673101, 0.0403537155230723, 0.03559915112339167, 0.03763281681833339, 0.037789477353350136, 0.03317688456596229, 0.033682237557743355, 0.0331593693657632, 0.03807173267628535, 0.031196678014850508, 0.0318444191860349, 0.03098982999674365, 0.033103574712723204, 0.03669675022522718, 0.03629384613235114, 0.02987258467447213, 0.03232978345536971, 0.03233168251650805, 0.035013559053243264, 0.035771589534787956, 0.030927345700615557, 0.028438044765662255, 0.03125242464153476, 0.03549953871262637, 0.034008585690695, 0.03238882523439862, 0.03465878852188024, 0.033546222508408045, 0.029522210352563624, 0.03160455895618615, 0.0331363283248218, 0.028415415040459698, 0.03017767167628049]
BBSR:100.0
ABSR:99.78
max acc:98.23
