======================================
    IID: 1
    Dataset: cifar
    Model: resnet
    Model Init: None
    Aggregation Function: mr_abs
    Long attack: 3
    Wide attack: 3
    Threshold reject: 0.6
    Threshold down: 0.0
    Attack method: badnet
    Fraction of malicious agents: 15.0%
    Poison Frac: 0.2
    Backdoor From 7 to 5
    Attack Begin: 0
    Trigger Shape: square
    Trigger Position X: 0
    Trigger Position Y: 0
    Number of agents: 100
    Fraction of agents each turn: 30(30.0%)
    Local batch size: 50
    Local epoch: 3
    Client_LR: 0.01
    Client_Momentum: 0.9
    Global Rounds: 100
======================================
main_task_accuracy=[0, 10.0, 32.880001068115234, 39.130001068115234, 44.43000030517578, 49.279998779296875, 54.84000015258789, 57.25, 58.22999954223633, 61.779998779296875, 61.540000915527344, 63.2599983215332, 64.01000213623047, 64.2699966430664, 65.5, 66.08999633789062, 65.4800033569336, 67.3499984741211, 66.05999755859375, 66.70999908447266, 66.93000030517578, 68.55000305175781, 67.31999969482422, 69.45999908447266, 68.27999877929688, 69.37999725341797, 69.16999816894531, 69.72000122070312, 70.66999816894531, 70.45999908447266, 70.77999877929688, 70.33999633789062, 71.75, 71.51000213623047, 71.61000061035156, 71.38999938964844, 71.83000183105469, 72.1500015258789, 72.63999938964844, 72.38999938964844, 72.91999816894531, 72.81999969482422, 72.80999755859375, 72.5199966430664, 72.5999984741211, 73.23999786376953, 73.01000213623047, 72.81999969482422, 73.19999694824219, 72.88999938964844, 73.05000305175781, 72.76000213623047, 72.94000244140625, 72.8499984741211, 72.91999816894531, 72.9000015258789, 73.0, 72.91999816894531, 72.81999969482422, 73.0999984741211, 72.9000015258789, 72.91000366210938, 72.88999938964844, 72.80999755859375, 72.62000274658203, 72.51000213623047, 72.55000305175781, 72.6500015258789, 72.37000274658203, 72.47000122070312, 72.54000091552734, 72.69000244140625, 72.5999984741211, 72.61000061035156, 72.58999633789062, 72.80999755859375, 72.73999786376953, 72.69000244140625, 72.66999816894531, 72.62999725341797, 72.66000366210938, 72.38999938964844, 72.6500015258789, 72.58000183105469, 72.58000183105469, 72.55000305175781, 72.48999786376953, 72.45999908447266, 72.41999816894531, 72.41000366210938, 72.48999786376953, 72.30000305175781, 72.41999816894531, 72.62999725341797, 72.3499984741211, 72.55999755859375, 72.4800033569336, 72.41999816894531, 72.44999694824219, 72.5, 72.41999816894531]
backdoor_accuracy=[0, 0.0, 11.7, 9.9, 10.0, 11.7, 10.0, 10.7, 9.2, 8.8, 8.6, 11.4, 9.6, 10.2, 10.6, 9.7, 9.4, 12.1, 7.9, 10.5, 6.9, 7.3, 10.7, 6.0, 5.1, 8.1, 8.1, 7.3, 8.1, 8.4, 8.4, 7.2, 8.3, 7.5, 7.9, 8.9, 8.2, 6.5, 10.5, 11.1, 8.9, 7.0, 7.5, 9.2, 10.1, 6.5, 7.4, 9.7, 5.7, 6.6, 9.3, 7.6, 9.8, 8.7, 5.5, 8.2, 7.9, 6.5, 8.0, 8.6, 7.0, 8.6, 8.5, 8.9, 9.1, 7.8, 7.3, 8.4, 7.9, 8.2, 10.0, 8.9, 7.4, 9.4, 8.2, 7.9, 7.8, 7.8, 8.1, 7.9, 8.6, 8.6, 7.9, 8.2, 8.3, 7.7, 8.0, 8.0, 8.0, 8.5, 7.5, 8.2, 8.1, 8.6, 8.8, 7.9, 8.9, 8.8, 8.8, 7.3, 8.6]
loss_list=[1.988517254326079, 1.5011310573418937, 1.134135732915666, 0.9478481722540324, 0.7705356334398189, 0.7108946599976884, 0.5971709748812849, 0.5724427167284818, 0.5003959216798345, 0.47040224962764304, 0.45281910967495703, 0.41279975831767335, 0.40690861845802934, 0.3861827041995195, 0.34200145511267094, 0.3612180225664956, 0.2953703515190217, 0.29440566252606604, 0.2923107329745673, 0.30125226872973143, 0.26140319344070223, 0.23171565481642678, 0.19881124724659857, 0.22514201942494966, 0.1704589300550934, 0.17507235616510217, 0.2104720150115382, 0.14626322723330099, 0.15002046701440128, 0.17353919686309785, 0.15287890680354194, 0.14468679374174423, 0.12171801736817645, 0.13310355609360464, 0.14123752800223882, 0.09507637478249512, 0.09011248486601593, 0.07708123972012094, 0.06869700410002325, 0.048054953633432484, 0.04985643668287796, 0.042867103157267494, 0.05489432344080544, 0.06185524841020298, 0.024037316530593666, 0.04528827344384302, 0.03248515134919823, 0.025737918811727368, 0.013881427333754899, 0.012680005097192608, 0.01370971437821734, 0.009241370233163858, 0.022607404248976514, 0.007922325941229552, 0.020235242493072295, 0.005925354173086817, 0.01761982022322223, 0.00599208426760419, 0.007389150964768811, 0.0074560335421604874, 0.0034502803360616477, 0.0019060710976191331, 0.002670747177293783, 0.0040294378469116045, 0.0022253601537765163, 0.0036516301480878617, 0.0018850100111578493, 0.002040419588787093, 0.0024122907963384137, 0.0033614770280190795, 0.002939737826123342, 0.0022139302358522807, 0.002140789944387507, 0.00167792657281906, 0.0015023291672615516, 0.0015660785363353269, 0.0018485436488845151, 0.0012343791724641858, 0.0010298451155863909, 0.0010755437545271385, 0.0009321667307813185, 0.0010311206438200313, 0.0009463200325181887, 0.0011409596487889455, 0.0009819094072978866, 0.000947580039719469, 0.0015669604414061823, 0.0008925134446164722, 0.0008255854036138368, 0.0010319213424696096, 0.0007663795026180904, 0.0015218258146503807, 0.00649281230223197, 0.0008708546804700746, 0.001209543616746992, 0.0007465987983111214, 0.0007355265361224559, 0.0007024973633815535, 0.002062278875431123, 0.0006607240810828645]
BBSR:8.9
ABSR:8.4
max acc:72.63
