======================================
    IID: 1
    Dataset: cifar
    Model: resnet
    Model Init: None
    Aggregation Function: mr_abs
    Long attack: 3
    Wide attack: 3
    Threshold reject: 0.3
    Threshold down: 0.0
    Attack method: badnet
    Fraction of malicious agents: 15.0%
    Poison Frac: 0.2
    Backdoor From 7 to 5
    Attack Begin: 0
    Trigger Shape: square
    Trigger Position X: 0
    Trigger Position Y: 0
    Number of agents: 100
    Fraction of agents each turn: 30(30.0%)
    Local batch size: 50
    Local epoch: 3
    Client_LR: 0.01
    Client_Momentum: 0.9
    Global Rounds: 100
======================================
main_task_accuracy=[0, 11.020000457763672, 25.280000686645508, 41.529998779296875, 42.599998474121094, 47.58000183105469, 52.599998474121094, 56.11000061035156, 57.4900016784668, 58.95000076293945, 60.900001525878906, 61.5099983215332, 62.95000076293945, 63.56999969482422, 64.4000015258789, 66.0199966430664, 65.63999938964844, 65.76000213623047, 67.08000183105469, 66.16000366210938, 68.68000030517578, 67.38999938964844, 68.25, 69.5199966430664, 69.16000366210938, 68.05000305175781, 70.30000305175781, 70.06999969482422, 71.45999908447266, 70.31999969482422, 71.37999725341797, 71.80999755859375, 71.08999633789062, 71.56999969482422, 71.94000244140625, 72.20999908447266, 72.87000274658203, 72.11000061035156, 71.86000061035156, 72.41999816894531, 73.30999755859375, 73.1500015258789, 73.12000274658203, 72.7699966430664, 72.94000244140625, 73.27999877929688, 73.27999877929688, 73.4000015258789, 73.36000061035156, 73.12999725341797, 73.56999969482422, 73.52999877929688, 73.58999633789062, 73.55999755859375, 73.62000274658203, 73.77999877929688, 73.7699966430664, 73.87000274658203, 73.7300033569336, 73.45999908447266, 73.62000274658203, 73.62000274658203, 73.4800033569336, 73.54000091552734, 73.48999786376953, 73.5, 73.51000213623047, 73.54000091552734, 73.23999786376953, 73.44000244140625, 73.45999908447266, 73.51000213623047, 73.37999725341797, 73.4000015258789, 73.37999725341797, 73.2300033569336, 73.44999694824219, 73.4800033569336, 73.41999816894531, 73.19999694824219, 73.31999969482422, 73.16000366210938, 73.31999969482422, 73.23999786376953, 73.13999938964844, 73.12000274658203, 73.0199966430664, 73.01000213623047, 73.04000091552734, 73.01000213623047, 73.0, 73.08999633789062, 72.98999786376953, 73.0199966430664, 72.91999816894531, 73.02999877929688, 72.94999694824219, 73.0199966430664, 73.08000183105469, 73.0999984741211, 72.97000122070312]
backdoor_accuracy=[0, 0.0, 10.1, 13.6, 4.7, 7.3, 11.0, 7.1, 11.1, 9.4, 6.4, 6.9, 4.3, 5.4, 4.9, 6.4, 6.4, 5.7, 5.4, 3.3, 5.2, 3.4, 3.9, 8.9, 5.6, 4.2, 2.5, 7.1, 3.5, 5.7, 4.8, 4.4, 6.6, 7.5, 6.9, 4.7, 7.5, 5.4, 6.7, 3.5, 9.2, 6.7, 5.8, 6.4, 7.3, 8.5, 5.7, 7.3, 7.4, 4.2, 6.0, 8.4, 7.6, 8.4, 8.1, 6.6, 6.3, 6.9, 8.0, 7.5, 7.0, 7.9, 7.3, 7.5, 6.4, 7.9, 8.0, 7.9, 6.8, 8.7, 7.8, 6.8, 7.8, 8.6, 8.4, 6.7, 7.3, 7.6, 8.0, 7.9, 7.9, 7.8, 8.0, 8.4, 8.3, 8.0, 7.3, 8.2, 8.4, 8.7, 8.0, 9.1, 8.6, 8.3, 8.9, 8.6, 9.0, 8.6, 9.0, 8.8, 7.7]
loss_list=[1.977024230692121, 1.5210004787974887, 1.156087002257506, 0.9801053793728352, 0.7637081884675557, 0.6996115564720499, 0.6121942965976067, 0.573328247823649, 0.5294652972867092, 0.44527746491341114, 0.46071750496203706, 0.4032808844217409, 0.4057204813179043, 0.3987017065762645, 0.33508769119882753, 0.33996567004567224, 0.3290287252479337, 0.28342501289935573, 0.256932605776108, 0.25296323490148, 0.2699984414900084, 0.2495520639134985, 0.22878461673338377, 0.21467844560742383, 0.21677860650751318, 0.2277227592520002, 0.20054536617438623, 0.1470581199173143, 0.19499223851365965, 0.14955470969641788, 0.10536704981712518, 0.14837145766825413, 0.1052879369661807, 0.09198425917465808, 0.11300271368093999, 0.11417476354082785, 0.1397018837624152, 0.08636892596026881, 0.08047634794887723, 0.050844374242199904, 0.08609254210068482, 0.019694993337357625, 0.0615642327190532, 0.061763825207049705, 0.06572536418279115, 0.05604122234227058, 0.02355838985457214, 0.03576352794745212, 0.033358984135071906, 0.02489304161792259, 0.027652737495146643, 0.015998750511466316, 0.017850955522800274, 0.011874463717330305, 0.010652451737518684, 0.0057728782256082104, 0.008055534615009997, 0.0031844957679277286, 0.008702244041228874, 0.02504923301160387, 0.0068274481224943895, 0.0050122850554018645, 0.0038329337153279797, 0.00899853744311258, 0.005521780431429053, 0.0025066746218201136, 0.002046926427267156, 0.0024872804492608535, 0.005661409489694051, 0.002062123754407771, 0.0023247126292618406, 0.0025589850047577365, 0.005844174706128091, 0.006019783853844273, 0.005526197416669068, 0.004409047714046512, 0.002199924566116856, 0.0011840946747623897, 0.0013632447117722928, 0.001099574896458459, 0.0015290013897902098, 0.0016682063021127961, 0.0010696597741803593, 0.0016570629073895465, 0.0009892179497627595, 0.0018151731461532312, 0.0011022772817038157, 0.0016956172103204559, 0.0019893892413286574, 0.0008906646173515281, 0.0010049966148492078, 0.0008861095621331414, 0.0007648225302141832, 0.0010378293179868102, 0.0008709499409451382, 0.0008460593342735791, 0.0007110294460209033, 0.0010755172616498181, 0.003086190543714717, 0.0009952700547890144]
BBSR:9.1
ABSR:8.66
max acc:73.1
