======================================
    IID: 0
    Dataset: mnist
    Model: Mnist_CNN
    Model Init: None
    Aggregation Function: mr_duc
    Long attack: 5
    Wide attack: 5
    Threshold reject: 0.5
    Threshold down: 0.2
    Attack method: badnet
    Fraction of malicious agents: 15.0%
    Poison Frac: 0.2
    Backdoor From 7 to 5
    Attack Begin: 0
    Trigger Shape: square
    Trigger Position X: 0
    Trigger Position Y: 0
    Number of agents: 100
    Fraction of agents each turn: 30(30.0%)
    Local batch size: 50
    Local epoch: 3
    Client_LR: 0.01
    Client_Momentum: 0.9
    Global Rounds: 100
======================================
main_task_accuracy=[0, 29.450000762939453, 28.770000457763672, 47.86000061035156, 44.40999984741211, 40.91999816894531, 59.36000061035156, 62.349998474121094, 62.040000915527344, 76.68000030517578, 66.80000305175781, 74.9000015258789, 77.86000061035156, 88.27999877929688, 71.3499984741211, 80.44999694824219, 85.33999633789062, 83.37999725341797, 65.76000213623047, 78.80000305175781, 85.2699966430664, 78.3499984741211, 81.9800033569336, 86.88999938964844, 87.01000213623047, 90.61000061035156, 84.5, 73.77999877929688, 90.19999694824219, 94.6500015258789, 90.19999694824219, 86.37000274658203, 94.52999877929688, 93.12000274658203, 93.81999969482422, 95.16999816894531, 95.63999938964844, 93.11000061035156, 90.36000061035156, 93.80999755859375, 95.4800033569336, 95.18000030517578, 94.05000305175781, 87.95999908447266, 91.5999984741211, 93.91999816894531, 90.62000274658203, 93.29000091552734, 95.73999786376953, 95.68000030517578, 95.30000305175781, 96.69000244140625, 96.58999633789062, 96.4800033569336, 96.4800033569336, 95.70999908447266, 97.08999633789062, 96.08999633789062, 97.1500015258789, 97.23999786376953, 97.31999969482422, 96.06999969482422, 96.44999694824219, 97.31999969482422, 96.63999938964844, 97.55999755859375, 97.68000030517578, 97.08999633789062, 96.16000366210938, 97.62000274658203, 96.30999755859375, 97.33000183105469, 94.94999694824219, 96.41999816894531, 96.76000213623047, 97.44000244140625, 97.80000305175781, 97.91000366210938, 97.8499984741211, 97.5999984741211, 97.9000015258789, 97.83000183105469, 95.7300033569336, 97.31999969482422, 97.81999969482422, 96.63999938964844, 97.58999633789062, 96.73999786376953, 97.4000015258789, 97.93000030517578, 97.83000183105469, 98.05000305175781, 98.05000305175781, 97.94999694824219, 98.05999755859375, 97.81999969482422, 98.01000213623047, 97.80999755859375, 98.06999969482422, 97.83000183105469, 97.01000213623047]
backdoor_accuracy=[0, 0.0, 0.0, 0.0, 0.0, 0.0, 0.0, 4.766536964980545, 0.0, 0.5836575875486382, 0.0, 2.529182879377432, 0.0, 0.0, 1.4591439688715953, 0.0, 0.0, 1.7509727626459144, 0.0, 0.19455252918287938, 2.6264591439688716, 0.09727626459143969, 3.8910505836575875, 0.0, 2.6264591439688716, 0.0, 0.9727626459143969, 0.0, 0.38910505836575876, 0.6809338521400778, 0.38910505836575876, 0.6809338521400778, 0.8754863813229572, 0.2918287937743191, 3.7937743190661477, 0.38910505836575876, 2.3346303501945527, 0.09727626459143969, 2.529182879377432, 0.38910505836575876, 1.1673151750972763, 0.38910505836575876, 1.264591439688716, 0.2918287937743191, 3.501945525291829, 0.48638132295719844, 0.7782101167315175, 1.7509727626459144, 0.5836575875486382, 0.48638132295719844, 0.48638132295719844, 1.0700389105058365, 0.2918287937743191, 1.0700389105058365, 0.6809338521400778, 1.4591439688715953, 0.5836575875486382, 6.22568093385214, 0.19455252918287938, 0.6809338521400778, 0.6809338521400778, 0.6809338521400778, 1.3618677042801557, 0.48638132295719844, 3.5992217898832686, 0.19455252918287938, 0.8754863813229572, 0.6809338521400778, 0.38910505836575876, 0.7782101167315175, 0.5836575875486382, 0.8754863813229572, 0.8754863813229572, 0.6809338521400778, 1.264591439688716, 0.7782101167315175, 0.8754863813229572, 0.48638132295719844, 3.0155642023346303, 0.6809338521400778, 0.38910505836575876, 0.9727626459143969, 0.0, 3.5992217898832686, 0.48638132295719844, 1.264591439688716, 0.6809338521400778, 0.2918287937743191, 1.1673151750972763, 0.2918287937743191, 0.8754863813229572, 0.38910505836575876, 2.0428015564202333, 1.6536964980544746, 2.431906614785992, 2.821011673151751, 1.0700389105058365, 1.3618677042801557, 3.8910505836575875, 2.237354085603113, 4.669260700389105]
loss_list=[0.4954817143912428, 0.40119501090780996, 0.38853440904486314, 0.27991357070333506, 0.2601521276718799, 0.3235555687987229, 0.17926605217817254, 0.2733344377451533, 0.23312590092314997, 0.14915632480004343, 0.16717329628881206, 0.15408789928362943, 0.139586812800787, 0.10796735203860483, 0.1737323584926308, 0.17257066287358175, 0.1276611277762058, 0.14320763433206574, 0.15195908806845343, 0.15061298861279326, 0.09794435103492329, 0.12635439375026672, 0.12761160740545688, 0.10858791521903602, 0.08578606895129168, 0.10498061702379616, 0.11119307358394524, 0.13866178090743816, 0.09539206383886432, 0.08405265410515209, 0.08112932536594557, 0.07874960708951176, 0.0816139858542397, 0.07378911822426293, 0.06069646257123183, 0.06587074480271984, 0.06158054849845856, 0.06702016846355288, 0.06547404983918781, 0.05489417529816824, 0.05554654897669154, 0.06131955349599933, 0.05928275823155162, 0.07115534559549479, 0.06879654007160853, 0.062800640045421, 0.0596565706495944, 0.05318785703588549, 0.06401210083613221, 0.04922804362729226, 0.04934745135120756, 0.05440531019400668, 0.05730124480245033, 0.046293297064079336, 0.051254695117804276, 0.045541313503829416, 0.04884581218950127, 0.042909176482293615, 0.042765466002232695, 0.03595168173782244, 0.03952508969140241, 0.04798555188036257, 0.04407716917838921, 0.037568303136348104, 0.03948913122601625, 0.036803399441524345, 0.03993552378665341, 0.041920905669551096, 0.04088848392150304, 0.04545135192173031, 0.03929862061476668, 0.0417668796779371, 0.0425096632554296, 0.03773995704703705, 0.04029347439728213, 0.042568720778265005, 0.035825202780692164, 0.03427989122118801, 0.04185739754541005, 0.033047676403648724, 0.03219858530150014, 0.03498997402298642, 0.03764127587771529, 0.03527676619702739, 0.036676021535240806, 0.03615098933835272, 0.03732141691794486, 0.0381050453959852, 0.032820679949593236, 0.036602003956102185, 0.032974303859622016, 0.035930685120303826, 0.03546534293659947, 0.034385941943441065, 0.02800285262199152, 0.031574334752671344, 0.030000287386181063, 0.034579599032550375, 0.028627038868508987, 0.03477370739377445]
BBSR:4.67
ABSR:2.26
max acc:98.07
