======================================
    IID: 0
    Dataset: mnist
    Model: Mnist_CNN
    Model Init: None
    Aggregation Function: mr_duc
    Long attack: 5
    Wide attack: 5
    Threshold reject: 0.6
    Threshold down: 0.1
    Attack method: badnet
    Fraction of malicious agents: 16.0%
    Poison Frac: 0.2
    Backdoor From 7 to 5
    Attack Begin: 0
    Trigger Shape: square
    Trigger Position X: 0
    Trigger Position Y: 0
    Number of agents: 100
    Fraction of agents each turn: 30(30.0%)
    Local batch size: 50
    Local epoch: 3
    Client_LR: 0.01
    Client_Momentum: 0.9
    Global Rounds: 100
======================================
main_task_accuracy=[0, 19.450000762939453, 19.219999313354492, 25.389999389648438, 26.020000457763672, 37.36000061035156, 45.290000915527344, 50.36000061035156, 37.65999984741211, 60.13999938964844, 56.84000015258789, 39.0, 70.11000061035156, 63.540000915527344, 53.20000076293945, 58.04999923706055, 62.369998931884766, 36.939998626708984, 77.16999816894531, 79.25, 83.80000305175781, 87.7300033569336, 69.0199966430664, 67.94000244140625, 76.31999969482422, 69.44000244140625, 80.19000244140625, 79.1500015258789, 85.9000015258789, 79.25, 80.55999755859375, 85.66999816894531, 92.01000213623047, 77.08999633789062, 73.05999755859375, 64.12000274658203, 85.05000305175781, 91.66000366210938, 90.76000213623047, 81.18000030517578, 73.5199966430664, 87.02999877929688, 87.9000015258789, 86.79000091552734, 87.51000213623047, 93.2699966430664, 88.0999984741211, 92.08999633789062, 95.4000015258789, 94.5, 85.45999908447266, 85.12999725341797, 82.91999816894531, 90.51000213623047, 80.27999877929688, 92.38999938964844, 94.16999816894531, 96.13999938964844, 94.08000183105469, 93.47000122070312, 95.27999877929688, 96.83000183105469, 95.19999694824219, 95.11000061035156, 96.70999908447266, 94.20999908447266, 96.19999694824219, 97.29000091552734, 96.79000091552734, 96.68000030517578, 97.16000366210938, 97.05999755859375, 96.62000274658203, 96.33999633789062, 94.37000274658203, 96.52999877929688, 96.97000122070312, 96.9800033569336, 96.8499984741211, 96.20999908447266, 97.33999633789062, 97.98999786376953, 97.04000091552734, 96.06999969482422, 97.12999725341797, 97.02999877929688, 97.55999755859375, 96.56999969482422, 96.2300033569336, 97.41000366210938, 97.61000061035156, 97.16999816894531, 97.26000213623047, 98.06999969482422, 98.12999725341797, 96.62999725341797, 97.87000274658203, 97.06999969482422, 97.55000305175781, 97.7699966430664, 96.2699966430664]
backdoor_accuracy=[0, 0.5836575875486382, 84.72762645914396, 0.0, 0.0, 0.0, 0.19455252918287938, 0.0, 0.0, 0.0, 0.0, 0.0, 0.09727626459143969, 0.0, 0.0, 0.0, 0.0, 0.0, 0.0, 2.0428015564202333, 0.0, 0.19455252918287938, 9.82490272373541, 0.0, 4.961089494163424, 0.0, 0.0, 0.0, 28.01556420233463, 0.0, 18.19066147859922, 0.2918287937743191, 15.85603112840467, 0.9727626459143969, 90.1750972762646, 0.0, 5.058365758754864, 4.182879377431907, 0.2918287937743191, 14.299610894941635, 0.0, 0.09727626459143969, 1.264591439688716, 0.5836575875486382, 0.2918287937743191, 1.556420233463035, 0.09727626459143969, 0.2918287937743191, 12.45136186770428, 0.9727626459143969, 1.264591439688716, 14.105058365758754, 80.05836575875486, 9.630350194552529, 13.326848249027238, 5.252918287937743, 37.06225680933852, 51.65369649805447, 11.186770428015564, 41.24513618677043, 6.42023346303502, 21.88715953307393, 9.33852140077821, 34.43579766536965, 7.003891050583658, 12.15953307392996, 26.264591439688715, 5.836575875486381, 12.84046692607004, 11.089494163424124, 8.657587548638132, 25.486381322957197, 78.79377431906615, 19.64980544747082, 18.67704280155642, 41.05058365758755, 11.964980544747082, 61.284046692607006, 33.75486381322957, 54.08560311284047, 44.64980544747082, 87.45136186770428, 97.47081712062257, 77.72373540856032, 90.6614785992218, 47.27626459143969, 78.21011673151752, 72.08171206225681, 73.73540856031128, 89.98054474708171, 99.5136186770428, 99.70817120622569, 76.55642023346303, 99.90272373540856, 100.0, 100.0, 100.0, 100.0, 100.0, 100.0, 100.0]
loss_list=[0.496802846989844, 0.4797930675984689, 0.4317918945977655, 0.4549491966341486, 0.43273507735820804, 0.32855236351125416, 0.30939114397095113, 0.22205701540133624, 0.26498615700709593, 0.29103410539311925, 0.25717418509743534, 0.23916035876975622, 0.2027676534546081, 0.20317699410357298, 0.31752593289241055, 0.2117396293503254, 0.2377466197713315, 0.3075114301016331, 0.18861090715680032, 0.150141902158205, 0.14170354321316833, 0.12221457297439682, 0.16529472045521335, 0.21775801509027676, 0.167535511673971, 0.1933056619901859, 0.1687933917851184, 0.16058936163709797, 0.1325602404182847, 0.15721552805883265, 0.1523398386319867, 0.1428280982752835, 0.1110991929571587, 0.1485881239589854, 0.1453321929851696, 0.1405124939355186, 0.14618438345232365, 0.11262693265889054, 0.11703517250261533, 0.14228735016193206, 0.14889638926561333, 0.14505859319375872, 0.10885435336012282, 0.12662009099526755, 0.11270524816379496, 0.11066731330982425, 0.10247363054807769, 0.10620552661817718, 0.07776604972483274, 0.08787269856587711, 0.12899661083305775, 0.1707656867701034, 0.12684693456831156, 0.12556450797019536, 0.14310236708556942, 0.11544941492546533, 0.09074053495626651, 0.08369385746890554, 0.07868722713421203, 0.08634375564562544, 0.07717862377873028, 0.07505319798849878, 0.0775518046699753, 0.07123012464443054, 0.07671667741493636, 0.07373229227874087, 0.07128614027106876, 0.060815374581083194, 0.06350042331818369, 0.06448872678021705, 0.06030289371223329, 0.05814011913227988, 0.05603194232460283, 0.05841664023017883, 0.06431239056798649, 0.05797858729393502, 0.06380367406035836, 0.05325363523161498, 0.055239352819506864, 0.05181844623330696, 0.06002547003727789, 0.05049982341772343, 0.05537016922429236, 0.05822043539862378, 0.04653370043634418, 0.0425074013819765, 0.04589970027783734, 0.052913689502711095, 0.05408770569663964, 0.05369719624610566, 0.04987619387493522, 0.05046012361922441, 0.042556204465891506, 0.0457553727983212, 0.04124615364587835, 0.04209211399394067, 0.04190017576116015, 0.04415140157862811, 0.04479940928364511, 0.049485171921582215]
BBSR:100.0
ABSR:97.62
max acc:98.13
