======================================
    IID: 0
    Dataset: mnist
    Model: Mnist_CNN
    Model Init: None
    Aggregation Function: mr_duc
    Long attack: 5
    Wide attack: 5
    Attack method: badnet
    Fraction of malicious agents: 15.0%
    Poison Frac: 0.2
    Backdoor From 7 to 5
    Attack Begin: 0
    Trigger Shape: square
    Trigger Position X: 0
    Trigger Position Y: 0
    Number of agents: 100
    Fraction of agents each turn: 30(30.0%)
    Local batch size: 50
    Local epoch: 3
    Client_LR: 0.01
    Client_Momentum: 0.9
    Global Rounds: 100
======================================
main_task_accuracy=[0, 30.389999389648438, 33.43000030517578, 49.16999816894531, 57.72999954223633, 30.84000015258789, 68.0999984741211, 71.45999908447266, 72.56999969482422, 69.66999816894531, 72.5999984741211, 58.290000915527344, 84.05999755859375, 88.56999969482422, 83.63999938964844, 90.77999877929688, 84.94999694824219, 89.18000030517578, 90.05000305175781, 89.66999816894531, 91.5, 79.87000274658203, 90.5199966430664, 50.29999923706055, 84.44000244140625, 94.66000366210938, 93.81999969482422, 87.91000366210938, 90.44000244140625, 91.95999908447266, 85.73999786376953, 87.86000061035156, 93.06999969482422, 95.18000030517578, 94.05000305175781, 95.51000213623047, 88.44000244140625, 95.52999877929688, 86.5199966430664, 94.33999633789062, 95.47000122070312, 95.25, 96.83000183105469, 96.4000015258789, 96.04000091552734, 96.08000183105469, 96.55000305175781, 94.25, 96.5999984741211, 96.27999877929688, 95.66000366210938, 95.23999786376953, 95.98999786376953, 96.87000274658203, 97.29000091552734, 97.12999725341797, 97.33999633789062, 92.0999984741211, 96.94999694824219, 96.72000122070312, 97.04000091552734, 96.6500015258789, 96.20999908447266, 97.9000015258789, 95.05000305175781, 97.69000244140625, 97.16999816894531, 96.5199966430664, 95.5, 97.48999786376953, 97.0, 97.91000366210938, 97.76000213623047, 97.9800033569336, 97.55000305175781, 97.70999908447266, 97.51000213623047, 97.9000015258789, 97.77999877929688, 97.9000015258789, 97.33999633789062, 97.81999969482422, 97.75, 97.91000366210938, 97.87999725341797, 96.06999969482422, 98.2699966430664, 97.98999786376953, 97.94999694824219, 97.66999816894531, 96.05000305175781, 97.19999694824219, 94.27999877929688, 98.27999877929688, 90.62999725341797, 96.87000274658203, 96.69999694824219, 97.69999694824219, 98.29000091552734, 97.94999694824219, 97.45999908447266]
backdoor_accuracy=[0, 7.490272373540856, 0.0, 0.0, 1.1673151750972763, 0.0, 0.2918287937743191, 1.556420233463035, 1.556420233463035, 1.556420233463035, 87.35408560311284, 0.0, 2.821011673151751, 1.7509727626459144, 10.311284046692608, 29.182879377431906, 29.377431906614785, 11.381322957198444, 67.99610894941634, 10.797665369649806, 97.95719844357977, 98.73540856031128, 44.45525291828794, 87.54863813229572, 99.90272373540856, 73.73540856031128, 99.80544747081711, 55.83657587548638, 100.0, 59.143968871595334, 96.98443579766537, 73.24902723735408, 57.19844357976654, 100.0, 60.311284046692606, 100.0, 100.0, 100.0, 100.0, 100.0, 99.31906614785993, 100.0, 100.0, 100.0, 100.0, 100.0, 89.78599221789884, 100.0, 97.08171206225681, 100.0, 97.56809338521401, 100.0, 98.92996108949416, 99.90272373540856, 100.0, 99.90272373540856, 100.0, 100.0, 99.90272373540856, 100.0, 99.90272373540856, 99.90272373540856, 100.0, 100.0, 99.70817120622569, 100.0, 100.0, 100.0, 100.0, 100.0, 100.0, 100.0, 100.0, 100.0, 100.0, 100.0, 100.0, 100.0, 100.0, 100.0, 100.0, 100.0, 100.0, 100.0, 100.0, 99.61089494163424, 100.0, 100.0, 100.0, 100.0, 100.0, 100.0, 100.0, 100.0, 100.0, 86.284046692607, 98.83268482490273, 100.0, 100.0, 100.0, 100.0]
loss_list=[0.5085815853201918, 0.348304538796109, 0.22785678209403917, 0.2070704028042755, 0.20207865932227134, 0.2386745323258818, 0.17615936217713787, 0.1604388507288164, 0.13918805457793093, 0.13384469031673416, 0.14292859052863702, 0.15838210024617708, 0.11814245209929901, 0.07433310994962325, 0.09928995664316279, 0.0741258146021357, 0.07951839872971092, 0.07907100363040144, 0.07301059675489437, 0.07605508746017607, 0.07293548853613699, 0.0845788150028108, 0.07977111028692864, 0.12448070148960469, 0.08955267054727951, 0.06577674498747667, 0.05593837617096507, 0.07589020560309853, 0.0671561517567911, 0.06861076386992733, 0.08480391453409489, 0.08264360834838222, 0.07009299305073217, 0.057387019202628835, 0.052599059838938124, 0.05432788094366294, 0.06698715064095466, 0.05515740902356955, 0.0750836907271769, 0.054261820110205826, 0.05292984863990862, 0.04716954189141782, 0.044789823036777386, 0.04142235300966954, 0.04463995413351913, 0.04052214880250396, 0.03986129303458766, 0.051588611216254354, 0.03825592609268289, 0.03983522955584339, 0.04368578922046941, 0.04249934848241065, 0.04739339605183821, 0.03798841060300227, 0.036053021563478706, 0.036012764024990124, 0.0376629269921788, 0.04104687246693877, 0.04000937881751631, 0.03734139240407078, 0.03241145314009185, 0.03791709913935427, 0.03596719664681677, 0.031245267777999984, 0.037872119061869894, 0.0335372142097382, 0.03250329955826423, 0.03693701488524966, 0.03295224736369234, 0.030562421157496918, 0.0332295380998944, 0.02898405228314929, 0.0326118644613214, 0.03051111158315376, 0.028067092463399747, 0.02964332875506172, 0.035064690433463955, 0.0287412555842114, 0.028582321104624112, 0.027760170741396913, 0.031914931030472674, 0.024810963404505056, 0.02691100741175505, 0.030311695826597113, 0.023318638844565982, 0.03268793639193194, 0.027702840450182172, 0.029282791904811516, 0.02700657198516991, 0.030991021529137106, 0.03167828980087419, 0.031617664954032745, 0.03759133724798246, 0.02575515139591083, 0.04594702479684743, 0.027133999241434982, 0.03437736493473828, 0.02949312277728677, 0.026118380241299984, 0.026244215481552743]
BBSR:100.0
ABSR:98.51
max acc:98.29
