======================================
    IID: 1
    Dataset: cifar
    Model: resnet
    Model Init: None
    Aggregation Function: mr_duc
    Long attack: 5
    Wide attack: 5
    Threshold reject: 0.6
    Threshold down: 0.25
    Attack method: badnet
    Fraction of malicious agents: 15.0%
    Poison Frac: 0.2
    Backdoor From 7 to 5
    Attack Begin: 0
    Trigger Shape: square
    Trigger Position X: 0
    Trigger Position Y: 0
    Number of agents: 100
    Fraction of agents each turn: 30(30.0%)
    Local batch size: 50
    Local epoch: 3
    Client_LR: 0.01
    Client_Momentum: 0.9
    Global Rounds: 100
======================================
main_task_accuracy=[0, 10.0, 31.31999969482422, 44.439998626708984, 45.72999954223633, 49.58000183105469, 54.599998474121094, 56.43000030517578, 60.2400016784668, 61.0099983215332, 61.619998931884766, 64.16000366210938, 64.43000030517578, 65.56999969482422, 65.4800033569336, 66.54000091552734, 65.5, 67.33999633789062, 67.44999694824219, 66.19000244140625, 68.05000305175781, 68.87999725341797, 69.16000366210938, 68.5999984741211, 70.37000274658203, 70.54000091552734, 69.76000213623047, 70.63999938964844, 69.56999969482422, 71.29000091552734, 69.9800033569336, 70.48999786376953, 72.2699966430664, 71.01000213623047, 71.7699966430664, 72.55000305175781, 72.38999938964844, 72.76000213623047, 72.91000366210938, 72.55999755859375, 72.76000213623047, 73.06999969482422, 73.05999755859375, 73.33000183105469, 73.22000122070312, 73.3499984741211, 73.37999725341797, 73.43000030517578, 73.69999694824219, 73.72000122070312, 73.69999694824219, 73.54000091552734, 73.12000274658203, 73.51000213623047, 73.72000122070312, 73.52999877929688, 73.58999633789062, 73.44999694824219, 73.48999786376953, 73.5199966430664, 73.4000015258789, 73.37000274658203, 73.27999877929688, 73.37000274658203, 73.2699966430664, 73.27999877929688, 73.11000061035156, 73.12999725341797, 73.23999786376953, 73.23999786376953, 73.20999908447266, 73.05999755859375, 72.97000122070312, 73.0199966430664, 73.08999633789062, 73.19000244140625, 73.02999877929688, 72.94000244140625, 73.05999755859375, 72.87999725341797, 72.98999786376953, 72.79000091552734, 72.79000091552734, 72.8499984741211, 72.69999694824219, 72.9000015258789, 72.80999755859375, 72.81999969482422, 72.83999633789062, 72.80999755859375, 72.7699966430664, 72.77999877929688, 72.73999786376953, 72.69000244140625, 72.62999725341797, 72.51000213623047, 72.80000305175781, 72.7699966430664, 72.83000183105469, 72.77999877929688, 72.81999969482422]
backdoor_accuracy=[0, 0.0, 8.4, 14.8, 8.4, 7.6, 12.8, 6.9, 12.9, 12.4, 17.6, 17.1, 12.7, 15.8, 13.7, 13.8, 13.3, 15.3, 11.8, 16.2, 15.3, 15.8, 15.8, 18.7, 18.2, 18.7, 17.3, 21.9, 15.0, 16.8, 14.4, 24.4, 25.2, 17.2, 24.4, 23.2, 21.0, 33.2, 25.6, 27.6, 21.0, 28.7, 30.6, 33.1, 25.1, 28.9, 32.5, 29.8, 34.7, 37.0, 36.7, 37.3, 32.4, 41.2, 37.2, 35.7, 39.4, 38.5, 44.1, 42.1, 41.8, 41.8, 43.1, 39.1, 41.5, 42.6, 41.4, 40.6, 43.5, 40.6, 40.3, 41.8, 43.9, 43.3, 43.6, 44.7, 43.7, 44.1, 43.8, 45.2, 41.8, 42.6, 43.1, 43.3, 41.2, 43.3, 43.4, 44.7, 43.3, 45.2, 43.7, 42.9, 44.6, 45.5, 45.5, 44.0, 45.0, 44.5, 44.6, 45.6, 45.7]
loss_list=[2.016962190734015, 1.5624790325429705, 1.181460872060723, 0.996608561310503, 0.7882824632194309, 0.6950033453934722, 0.6266776909306645, 0.5422091146020426, 0.5517732268240716, 0.48005369658271474, 0.4553070181277064, 0.4124922963687116, 0.4095895640924574, 0.38171971700878604, 0.36902074598189855, 0.3288940423106154, 0.30883733968923077, 0.3123318323762053, 0.30163637914280916, 0.32553560175519014, 0.2325107147223833, 0.23236176469854808, 0.24251166571811256, 0.18788937435588907, 0.18936930598716975, 0.19037910490555485, 0.1680468067569503, 0.1847209707616518, 0.15600905915036695, 0.17651212809038247, 0.1689884185506445, 0.12314453522493651, 0.17302412245674834, 0.11145626526707524, 0.10208014499409018, 0.11610091130152192, 0.0965210714820488, 0.09084676315865685, 0.09879554776216132, 0.0813529450572484, 0.035862326763518554, 0.04507623690429481, 0.04228929500774637, 0.06730271287036077, 0.038483211713448526, 0.05851171487576922, 0.041782000276855094, 0.029352164986776185, 0.017384279780930635, 0.010757725672026732, 0.01564741770533146, 0.01951605111978198, 0.014578523566661816, 0.008639021661624103, 0.005151468568947166, 0.0046375003695720805, 0.0037254336554906325, 0.008159295210918776, 0.004345302103126111, 0.0038799511372376912, 0.002945320049152037, 0.0020088119977218514, 0.003870592298383902, 0.0028934240203590087, 0.002595696245536803, 0.0027057140455063844, 0.0047106989758322025, 0.0021527922263420702, 0.0016735969882736548, 0.001766476679347559, 0.0033790280831615545, 0.001327947212945825, 0.0012128094577605632, 0.003401056329651814, 0.012192836801485913, 0.0013165457486077987, 0.0010569196646570667, 0.0014801451921812256, 0.0011036372827786382, 0.0011442794888231825, 0.002021047294248193, 0.0012971202635930644, 0.0009762659698996382, 0.001984636369977832, 0.0010567593757635524, 0.0013151002603909647, 0.0013059510734617814, 0.0010483643154859444, 0.000845059358277164, 0.0008159038319960624, 0.002098158827106494, 0.0008182037638552073, 0.0008612917314167137, 0.0009403344408848273, 0.017368982093418407, 0.0009631912765972728, 0.0007739851770262856, 0.000774536462534646, 0.0007354138359207558, 0.0010771039653304294]
BBSR:45.7
ABSR:44.79
max acc:72.83
