======================================
    IID: 0
    Dataset: mnist
    Model: Mnist_CNN
    Model Init: None
    Aggregation Function: mr_duc
    Long attack: 5
    Wide attack: 5
    Threshold reject: 0.3
    Attack method: dba
    Fraction of malicious agents: 15.0%
    Poison Frac: 0.2
    Backdoor From 7 to 5
    Attack Begin: 0
    Trigger Shape: square
    Trigger Position X: 0
    Trigger Position Y: 0
    Number of agents: 100
    Fraction of agents each turn: 30(30.0%)
    Local batch size: 50
    Local epoch: 3
    Client_LR: 0.01
    Client_Momentum: 0.9
    Global Rounds: 100
======================================
main_task_accuracy=[0, 29.790000915527344, 19.06999969482422, 40.720001220703125, 52.15999984741211, 39.83000183105469, 68.18000030517578, 39.95000076293945, 67.6500015258789, 48.970001220703125, 74.1500015258789, 79.81999969482422, 78.20999908447266, 75.48999786376953, 67.2699966430664, 81.1500015258789, 83.62999725341797, 81.51000213623047, 81.0199966430664, 85.25, 90.02999877929688, 86.23999786376953, 91.11000061035156, 93.66000366210938, 89.66999816894531, 80.98999786376953, 88.04000091552734, 93.31999969482422, 90.4800033569336, 86.20999908447266, 89.05000305175781, 93.76000213623047, 93.45999908447266, 85.9000015258789, 92.91999816894531, 96.37000274658203, 95.2699966430664, 94.19000244140625, 94.23999786376953, 96.16999816894531, 95.79000091552734, 97.0, 96.0199966430664, 95.13999938964844, 95.76000213623047, 96.70999908447266, 95.33000183105469, 97.16999816894531, 96.45999908447266, 96.87999725341797, 96.43000030517578, 97.3499984741211, 96.83000183105469, 96.48999786376953, 96.63999938964844, 97.04000091552734, 97.13999938964844, 97.05999755859375, 96.80000305175781, 96.77999877929688, 96.7699966430664, 97.37000274658203, 95.6500015258789, 97.62999725341797, 97.9800033569336, 97.1500015258789, 97.01000213623047, 97.12000274658203, 97.37999725341797, 97.12999725341797, 94.55999755859375, 97.3499984741211, 97.43000030517578, 96.76000213623047, 97.9000015258789, 98.0, 97.58000183105469, 97.41000366210938, 97.16999816894531, 97.01000213623047, 97.86000061035156, 97.0199966430664, 96.5199966430664, 98.29000091552734, 98.26000213623047, 97.93000030517578, 98.05000305175781, 98.13999938964844, 97.86000061035156, 98.16999816894531, 98.19999694824219, 97.80999755859375, 97.87999725341797, 98.38999938964844, 98.18000030517578, 98.02999877929688, 98.38999938964844, 98.29000091552734, 97.27999877929688, 97.45999908447266, 97.97000122070312]
backdoor_accuracy=[0, 0.0, 94.45525291828794, 0.0, 4.377431906614786, 0.0, 0.0, 0.0, 0.19455252918287938, 0.09727626459143969, 0.09727626459143969, 1.9455252918287937, 0.0, 1.1673151750972763, 0.0, 0.5836575875486382, 0.5836575875486382, 0.0, 0.2918287937743191, 0.0, 0.09727626459143969, 0.19455252918287938, 0.19455252918287938, 0.48638132295719844, 0.0, 0.0, 2.431906614785992, 0.0, 0.0, 0.6809338521400778, 0.0, 0.0, 0.0, 0.0, 0.2918287937743191, 0.0, 0.0, 0.19455252918287938, 0.38910505836575876, 0.09727626459143969, 0.19455252918287938, 0.09727626459143969, 0.38910505836575876, 0.09727626459143969, 0.5836575875486382, 0.09727626459143969, 0.19455252918287938, 0.48638132295719844, 0.38910505836575876, 0.09727626459143969, 0.5836575875486382, 0.09727626459143969, 0.19455252918287938, 2.140077821011673, 0.09727626459143969, 1.0700389105058365, 0.09727626459143969, 1.4591439688715953, 0.19455252918287938, 1.8482490272373542, 0.19455252918287938, 0.38910505836575876, 0.38910505836575876, 4.961089494163424, 0.19455252918287938, 2.140077821011673, 2.9182879377431905, 0.38910505836575876, 4.182879377431907, 0.8754863813229572, 2.529182879377432, 4.961089494163424, 1.7509727626459144, 6.031128404669261, 5.155642023346304, 9.922178988326849, 4.377431906614786, 18.48249027237354, 1.264591439688716, 29.182879377431906, 1.0700389105058365, 42.023346303501945, 0.38910505836575876, 11.478599221789883, 6.128404669260701, 8.949416342412452, 3.6964980544747084, 9.14396887159533, 12.062256809338521, 25.389105058365757, 50.38910505836576, 1.7509727626459144, 78.30739299610894, 3.8910505836575875, 54.08560311284047, 16.342412451361866, 26.653696498054476, 17.607003891050585, 63.13229571984436, 6.42023346303502, 76.94552529182879]
loss_list=[0.4391261256009552, 0.32112527675370167, 0.35077505886328636, 0.31310007288160224, 0.3183969850859158, 0.20397853073616057, 0.18509381684644075, 0.19143932982845716, 0.18466253027687482, 0.1649084898622629, 0.10952150066887359, 0.11099433343198646, 0.10642364458822876, 0.1325089906689466, 0.12088323771383676, 0.1023404302988911, 0.08777406046094852, 0.10803653000936732, 0.09680182425255658, 0.0879329855651101, 0.07382002105773534, 0.07333387344596169, 0.07481694686729128, 0.06945273442435737, 0.07392139522308734, 0.08490529995815704, 0.07331057431386245, 0.06946941703234404, 0.07417558357934707, 0.07747644028705138, 0.07642465252637379, 0.06866869472763074, 0.06220545379609686, 0.07682594319998041, 0.06585600407187081, 0.04283864258174694, 0.05678557180615389, 0.05490698846583035, 0.060535144743378726, 0.05044602514888319, 0.04257715805194866, 0.045092321287990185, 0.05351994179772279, 0.04842028571721483, 0.03746556194965275, 0.04807313013564885, 0.046900146155152964, 0.03878201776862295, 0.035075092861701816, 0.0397328425833093, 0.036998689578599454, 0.03619355422827805, 0.03523003926300895, 0.041058303909625435, 0.03967753554673823, 0.033529670034757555, 0.03200875669926528, 0.0402102344491615, 0.04047035101440799, 0.04078601754323656, 0.03803321488021853, 0.033905412637958834, 0.03913171266725633, 0.028766360513894744, 0.03240654233036861, 0.02927887098378474, 0.03546410041960573, 0.03349007908240872, 0.03491159867902819, 0.03496040194849901, 0.037577175358225974, 0.03472169523208893, 0.0321351456310173, 0.03353487953868289, 0.02819881112568557, 0.028059274633548275, 0.027504168651943724, 0.03300244374717845, 0.037908880088752143, 0.032063289523158, 0.03005398513340921, 0.02961890236636692, 0.029765232061104673, 0.025894963001544074, 0.026586822187993606, 0.02519921582472372, 0.025815255529369304, 0.029883586090346914, 0.02513936328333501, 0.02596297973080264, 0.02606681732824133, 0.026279030762168896, 0.024519158669928043, 0.022983504269719884, 0.026897330886069656, 0.0213178873675204, 0.02362373408706294, 0.024325220152877115, 0.029389355898887283, 0.030329678604256182]
BBSR:78.31
ABSR:34.51
max acc:98.39
