======================================
    IID: 0
    Dataset: cifar
    Model: cnn_cifar
    Model Init: None
    Aggregation Function: flame
    Attack method: dba
    Fraction of malicious agents: 30.0%
    Poison Frac: 0.2
    Backdoor From 7 to 5
    Attack Begin: 0
    Trigger Shape: square
    Trigger Position X: 0
    Trigger Position Y: 0
    Number of agents: 100
    Fraction of agents each turn: 30(30.0%)
    Local batch size: 50
    Local epoch: 3
    Client_LR: 0.01
    Client_Momentum: 0.9
    Global Rounds: 300
    Noise in FLAME: 0.001
proportion of malicious are selected:0.5507407407407408
proportion of benign are selected:0.6
======================================
main_task_accuracy=[0, 16.350000381469727, 11.029999732971191, 16.18000030517578, 16.989999771118164, 12.039999961853027, 10.960000038146973, 17.989999771118164, 20.90999984741211, 15.630000114440918, 22.06999969482422, 24.479999542236328, 20.540000915527344, 25.270000457763672, 29.309999465942383, 15.260000228881836, 25.040000915527344, 19.979999542236328, 25.040000915527344, 17.239999771118164, 28.0, 32.36000061035156, 15.5600004196167, 28.399999618530273, 27.59000015258789, 28.239999771118164, 32.029998779296875, 32.599998474121094, 20.799999237060547, 12.350000381469727, 29.350000381469727, 27.889999389648438, 20.579999923706055, 21.790000915527344, 29.969999313354492, 35.7599983215332, 31.260000228881836, 34.83000183105469, 38.58000183105469, 37.09000015258789, 33.70000076293945, 29.3700008392334, 26.6299991607666, 27.110000610351562, 29.790000915527344, 21.559999465942383, 20.690000534057617, 34.2599983215332, 39.33000183105469, 30.790000915527344, 32.36000061035156, 31.579999923706055, 23.920000076293945, 33.84000015258789, 33.36000061035156, 28.8799991607666, 32.70000076293945, 30.770000457763672, 39.060001373291016, 43.5099983215332, 38.9900016784668, 36.70000076293945, 40.220001220703125, 37.849998474121094, 38.290000915527344, 41.689998626708984, 34.439998626708984, 37.619998931884766, 39.59000015258789, 40.81999969482422, 39.02000045776367, 41.45000076293945, 40.36000061035156, 43.61000061035156, 41.91999816894531, 41.97999954223633, 38.47999954223633, 32.189998626708984, 30.780000686645508, 39.119998931884766, 43.2599983215332, 42.33000183105469, 36.630001068115234, 28.809999465942383, 38.04999923706055, 39.369998931884766, 38.40999984741211, 33.689998626708984, 33.91999816894531, 41.4900016784668, 43.709999084472656, 44.47999954223633, 32.650001525878906, 32.959999084472656, 42.869998931884766, 43.70000076293945, 42.31999969482422, 45.119998931884766, 43.029998779296875, 41.9900016784668, 42.91999816894531, 43.43000030517578, 44.470001220703125, 42.439998626708984, 42.13999938964844, 43.79999923706055, 44.5099983215332, 33.68000030517578, 32.869998931884766, 36.810001373291016, 38.630001068115234, 36.68000030517578, 42.02000045776367, 38.72999954223633, 46.2599983215332, 35.130001068115234, 40.38999938964844, 31.579999923706055, 42.130001068115234, 46.060001373291016, 39.20000076293945, 39.400001525878906, 46.439998626708984, 30.540000915527344, 37.5099983215332, 33.310001373291016, 36.77000045776367, 40.04999923706055, 38.36000061035156, 46.61000061035156, 38.65999984741211, 40.06999969482422, 39.20000076293945, 42.47999954223633, 44.970001220703125, 35.08000183105469, 39.849998474121094, 36.040000915527344, 34.810001373291016, 31.989999771118164, 35.61000061035156, 42.61000061035156, 36.7599983215332, 38.9900016784668, 45.150001525878906, 47.0, 42.220001220703125, 40.349998474121094, 39.79999923706055, 43.5, 43.369998931884766, 44.709999084472656, 38.09000015258789, 45.83000183105469, 43.47999954223633, 38.290000915527344, 44.68000030517578, 45.56999969482422, 43.66999816894531, 46.560001373291016, 48.529998779296875, 47.529998779296875, 43.47999954223633, 39.58000183105469, 44.5, 49.349998474121094, 45.779998779296875, 46.099998474121094, 46.33000183105469, 48.59000015258789, 46.790000915527344, 40.95000076293945, 35.439998626708984, 40.09000015258789, 43.2400016784668, 36.9900016784668, 41.52000045776367, 45.20000076293945, 45.29999923706055, 42.70000076293945, 42.400001525878906, 44.54999923706055, 46.959999084472656, 36.29999923706055, 36.040000915527344, 41.59000015258789, 43.130001068115234, 42.619998931884766, 46.630001068115234, 42.290000915527344, 45.439998626708984, 49.41999816894531, 42.15999984741211, 45.439998626708984, 37.5, 38.72999954223633, 38.369998931884766, 50.27000045776367, 49.869998931884766, 43.43000030517578, 39.75, 42.84000015258789, 44.529998779296875, 41.470001220703125, 46.599998474121094, 46.72999954223633, 50.56999969482422, 41.7400016784668, 46.90999984741211, 44.540000915527344, 45.720001220703125, 43.380001068115234, 43.119998931884766, 42.5, 48.209999084472656, 52.18000030517578, 45.77000045776367, 45.75, 45.5, 48.77000045776367, 43.63999938964844, 47.630001068115234, 41.290000915527344, 43.060001373291016, 48.18000030517578, 41.59000015258789, 49.220001220703125, 45.279998779296875, 48.59000015258789, 49.90999984741211, 41.33000183105469, 45.439998626708984, 46.63999938964844, 46.790000915527344, 51.2400016784668, 46.68000030517578, 38.36000061035156, 47.720001220703125, 52.7599983215332, 41.45000076293945, 45.34000015258789, 47.47999954223633, 43.060001373291016, 39.709999084472656, 46.75, 47.099998474121094, 49.209999084472656, 50.02000045776367, 47.81999969482422, 42.709999084472656, 41.029998779296875, 47.459999084472656, 49.599998474121094, 41.31999969482422, 53.61000061035156, 48.52000045776367, 45.619998931884766, 45.959999084472656, 50.060001373291016, 44.77000045776367, 47.130001068115234, 42.9900016784668, 46.650001525878906, 48.45000076293945, 53.20000076293945, 46.08000183105469, 42.400001525878906, 46.709999084472656, 50.81999969482422, 47.400001525878906, 46.619998931884766, 49.060001373291016, 46.7400016784668, 42.9900016784668, 48.95000076293945, 46.0099983215332, 45.7599983215332, 46.599998474121094, 47.290000915527344, 48.41999816894531, 42.68000030517578, 44.56999969482422, 47.939998626708984, 45.13999938964844, 50.779998779296875, 48.90999984741211, 48.61000061035156, 43.9900016784668, 42.470001220703125, 48.540000915527344, 49.970001220703125, 46.900001525878906, 48.959999084472656, 46.619998931884766, 49.22999954223633, 49.93000030517578, 38.68000030517578, 40.459999084472656, 45.20000076293945, 41.65999984741211, 46.04999923706055]
backdoor_accuracy=[0, 0.0, 2.6, 0.0, 0.4, 98.4, 0.0, 0.0, 25.5, 0.3, 1.6, 19.7, 55.7, 0.0, 0.0, 95.1, 0.0, 0.0, 11.5, 0.0, 24.9, 6.6, 98.7, 0.0, 2.1, 5.9, 32.5, 13.3, 95.2, 0.0, 1.8, 5.0, 50.1, 0.8, 85.0, 10.8, 53.7, 1.5, 5.4, 10.0, 0.7, 3.6, 47.6, 3.5, 64.1, 1.4, 4.1, 13.5, 25.7, 9.4, 14.7, 41.9, 89.9, 0.1, 0.8, 0.2, 69.8, 0.5, 14.5, 28.4, 28.9, 25.3, 53.6, 59.2, 31.3, 63.3, 22.5, 43.3, 42.3, 3.0, 36.0, 38.8, 59.3, 9.1, 55.0, 37.4, 11.7, 5.0, 74.0, 16.9, 46.5, 38.9, 20.4, 3.3, 19.4, 10.5, 15.4, 9.3, 76.5, 31.6, 41.4, 7.0, 16.6, 6.5, 8.2, 44.6, 7.7, 18.2, 58.0, 16.4, 37.5, 9.6, 38.3, 11.7, 4.0, 12.3, 23.5, 2.3, 0.6, 57.4, 71.2, 11.0, 27.5, 0.3, 22.7, 13.4, 20.0, 7.9, 17.4, 67.5, 13.8, 49.9, 25.2, 18.7, 2.5, 0.4, 0.1, 0.1, 0.3, 0.5, 0.0, 0.0, 0.4, 0.3, 0.4, 0.2, 0.0, 0.0, 0.8, 0.7, 0.0, 1.0, 0.5, 0.8, 0.4, 11.1, 0.2, 0.1, 58.7, 7.8, 26.4, 7.1, 84.1, 10.4, 25.4, 75.6, 0.0, 0.2, 0.7, 39.5, 11.0, 20.8, 35.9, 19.9, 10.8, 23.8, 9.0, 7.7, 40.6, 11.9, 39.5, 6.1, 86.4, 0.4, 0.4, 0.4, 72.6, 51.9, 63.5, 7.7, 19.5, 3.1, 34.5, 2.3, 6.0, 7.3, 71.6, 27.6, 33.4, 32.1, 28.0, 11.3, 62.3, 0.2, 0.4, 0.4, 2.0, 28.0, 20.7, 32.8, 11.2, 55.1, 29.1, 22.4, 39.2, 10.2, 36.7, 12.4, 24.0, 6.3, 23.1, 12.4, 19.6, 18.6, 41.6, 19.9, 13.8, 7.7, 15.6, 17.5, 34.8, 22.7, 64.8, 0.1, 13.1, 16.3, 19.9, 1.9, 41.2, 23.7, 2.0, 8.4, 42.1, 10.4, 39.6, 45.9, 4.8, 12.9, 13.5, 12.3, 37.2, 48.7, 69.0, 1.2, 20.9, 51.1, 17.6, 7.0, 50.7, 23.8, 5.1, 18.3, 31.6, 26.3, 27.7, 44.2, 48.1, 14.7, 11.4, 3.9, 37.5, 16.5, 9.7, 31.0, 20.2, 6.6, 6.2, 9.4, 20.3, 6.5, 23.7, 34.1, 2.7, 6.2, 1.7, 10.6, 23.7, 13.5, 6.0, 26.0, 4.6, 9.0, 41.1, 16.0, 10.6, 5.5, 50.3, 8.7, 11.6, 4.7, 16.9, 1.6, 52.3, 11.5, 35.7, 38.3, 0.8, 13.6, 19.3, 10.0, 30.2]
loss_list=[1.1684855362021525, 0.9803740456415541, 0.8215353186046184, 0.8270252508342949, 0.7852031890903809, 0.7951918339414769, 0.8271177448896428, 0.9294430596234197, 0.8921049245027505, 0.7630876135516494, 0.8181077547968684, 0.7815810222178697, 0.853588733312113, 0.7952975748317889, 0.7948022874271962, 0.7294468246757161, 0.74068500852004, 0.8160111325121928, 0.8224184972687704, 0.7228056821338864, 0.7206924482739369, 0.6742171673184086, 0.7004736030141197, 0.7739717983480349, 0.7455997489028793, 0.6778252854214685, 0.6563622707712536, 0.596940167124849, 0.8148216864700136, 0.8351347817844575, 0.7747790337487502, 0.8052673439063245, 0.7592064665771381, 0.7699767718962532, 0.7507164172437967, 0.826590404997982, 0.6183120429413915, 0.6532223874908848, 0.7684335476346315, 0.6466911830699653, 0.662730286115108, 0.7435848430382317, 0.7580391848635805, 0.8315329984715443, 0.7295627678201381, 0.7402686208872802, 0.777612960544665, 0.7978620300846179, 0.8373405119426047, 0.6120202581589037, 0.7349399880670594, 0.796834840726611, 0.7225632367945991, 0.8672665003001986, 0.6074273177745132, 0.7755523321145649, 0.6292777995491154, 0.7036342771334535, 0.7622262239113133, 0.60059233597968, 0.678367718644251, 0.5934334300890696, 0.6451448278160465, 0.6632040934581933, 0.632261519528442, 0.52378142377534, 0.6689419773014552, 0.7085699072601402, 0.7090465446104841, 0.7038100539541855, 0.6053524132387345, 0.6361701773858539, 0.7338708168168466, 0.7117680061776596, 0.7581910275822884, 0.7058492577311561, 0.6012990106580106, 0.7055632844214222, 0.8030635736397738, 0.754842301293083, 0.5967185776191021, 0.5901601832344737, 0.5870412073750162, 0.8019052151661415, 0.630863774611209, 0.5858877949516624, 0.5711409383125889, 0.6268234667834991, 0.7464566817828631, 0.6647316221398872, 0.5974155367063526, 0.6622896446798232, 0.6641587106869672, 0.7931201742389659, 0.6416518343955828, 0.5384909402099487, 0.5899597062086138, 0.6634198441066032, 0.5467107739231273, 0.5323831119819447, 0.6340539424803014, 0.6598015700871307, 0.5205290306042228, 0.6857752077693913, 0.5319502517611675, 0.6068814026825314, 0.5290969051469894, 0.6567664666386753, 0.6635834460459379, 0.6121012648819927, 0.5720319507459005, 0.6036489877522856, 0.5615721183871388, 0.7586809604628971, 0.665910874520023, 0.4867239744539512, 0.5805517383482326, 0.7642156833566488, 0.6858169373604132, 0.5828909070837747, 0.6975366829019964, 0.6984775573791435, 0.6110665522504206, 0.8430082274479963, 0.6010009319995052, 0.5692418552825487, 0.5891045904936978, 0.650207893725041, 0.6271935862070946, 0.4951535688438016, 0.5347086820389267, 0.6269820780049378, 0.5278226451767527, 0.6992268556440071, 0.569965756478616, 0.5664460933552594, 0.6084084773248616, 0.5728876849224918, 0.6542018054604001, 0.5835862849720198, 0.5663969518637784, 0.5836511983067912, 0.5630596449110893, 0.640443972915927, 0.5862400284234203, 0.5834260089703946, 0.5487796608380175, 0.7539278468459837, 0.5963270958862567, 0.537245562443111, 0.6284740964504089, 0.5717582479596518, 0.5866568056986728, 0.6723474480777482, 0.59697942715024, 0.6127138916955237, 0.5987361426134689, 0.5777478745291759, 0.5962864576080258, 0.5751170729766936, 0.5249642984399316, 0.6444724814229, 0.5379252989316253, 0.7944843727535302, 0.5954402417054467, 0.5624139616870985, 0.5422158725814535, 0.6979565847598488, 0.6340874666663089, 0.6410991788219644, 0.6167521811858059, 0.62944569375836, 0.6326720846129291, 0.6376226378669226, 0.5690809702203609, 0.7574729458413355, 0.6483291761777693, 0.5435143069199299, 0.7556502172365488, 0.5489186390633861, 0.6023882877269634, 0.5115903959164255, 0.5410023740357764, 0.625155351952727, 0.5405909733352484, 0.5912221942663866, 0.6114788697025525, 0.6563970791356244, 0.6394226252395757, 0.5481258987987759, 0.6431279192414383, 0.6130372096704326, 0.7187719729755628, 0.6905101066142304, 0.6071252971150899, 0.5548789751505161, 0.5626419150480833, 0.5519264284979266, 0.5694820013255809, 0.531154984827655, 0.5766524766527088, 0.5919783005682339, 0.6027921461937555, 0.7270130310051635, 0.5876849451099855, 0.748708298990702, 0.5537580323682143, 0.6474741848952258, 0.7488651268453235, 0.6651000363420595, 0.56964151214822, 0.5681445674004153, 0.5819505214000052, 0.6368521616293705, 0.5940561461173994, 0.4982002428831285, 0.5459496941727257, 0.6469877152404957, 0.6050934294165163, 0.6882213956040809, 0.67848002584974, 0.6130859913393089, 0.6262049094807393, 0.7756474521961475, 0.6108036057988008, 0.6474856996700268, 0.6707293876002095, 0.5978519312863788, 0.6839598059863118, 0.549342065012535, 0.7130262716832433, 0.522153810507138, 0.5974909596410997, 0.7855984092561735, 0.5805902889791135, 0.6375160572330941, 0.6202371632734938, 0.6011845231382716, 0.6413872225520512, 0.6943362855555336, 0.6605331965893627, 0.4867924071437326, 0.6044522457607612, 0.7625199487583959, 0.6173361713405173, 0.6307505946372575, 0.734259900579913, 0.6552612235082083, 0.7065474573336167, 0.6471439935901072, 0.8105173000674377, 0.5570984502570918, 0.5005570358820582, 0.8698299490805759, 0.7388714472031533, 0.6275969867474259, 0.599843831436981, 0.7536704652183641, 0.6188121486927958, 0.7604228146914218, 0.6121424145562122, 0.6257843975704483, 0.62548625414889, 0.8078505626082467, 0.5260058343170753, 0.619683265892587, 0.5482619724728914, 0.622429899000364, 0.5809354175320487, 0.6391721479866965, 0.634540362692008, 0.48752111258171865, 0.6048858791149757, 0.6247586296572243, 0.6306056721075222, 0.4892424025185281, 0.6362666714781938, 0.604285730657425, 0.556800609923127, 0.5411250515464867, 0.6116035489570311, 0.5171136536142625, 0.659898436964285, 0.6973956318818673, 0.612130903841975, 0.569171881617655, 0.7474342349435366, 0.6741855733508795, 0.7600753000690545, 0.7199901308369873, 0.6071789510882188, 0.6834505898663029, 0.6041578733432498, 0.7225592414148507, 0.6356519602778266, 0.633133503698555, 0.6618910720769219, 0.6060365353695764, 0.6650546583987549, 0.6679449485394517]
BBSR:52.3
ABSR:17.23
max acc:50.78
