======================================
    IID: 0
    Dataset: mnist
    Model: Mnist_CNN
    Model Init: None
    Aggregation Function: zkp
    Fraction NonIID: 5
    Long attack: 4
    Wide attack: 4
    Threshold reject: 0.5
    Threshold down: 0.0
    Attack method: badnet
    Fraction of malicious agents: 15.0%
    Poison Frac: 0.2
    Backdoor From 7 to 5
    Attack Begin: 0
    Trigger Shape: square
    Trigger Position X: 0
    Trigger Position Y: 0
    Number of agents: 100
    Fraction of agents each turn: 30(30.0%)
    Local batch size: 50
    Local epoch: 3
    Client_LR: 0.01
    Client_Momentum: 0.9
    Global Rounds: 100
======================================
main_task_accuracy=[0, 10.359999656677246, 39.0099983215332, 50.18000030517578, 60.65999984741211, 48.90999984741211, 64.05000305175781, 55.84000015258789, 69.11000061035156, 71.31999969482422, 76.87000274658203, 66.30999755859375, 73.58999633789062, 75.30999755859375, 78.55000305175781, 75.41000366210938, 85.2699966430664, 84.9000015258789, 77.20999908447266, 84.80999755859375, 89.5199966430664, 79.01000213623047, 85.16000366210938, 90.48999786376953, 91.6500015258789, 90.5199966430664, 90.8499984741211, 88.06999969482422, 91.41000366210938, 92.26000213623047, 92.77999877929688, 91.91000366210938, 92.05999755859375, 94.12999725341797, 92.2699966430664, 94.41999816894531, 94.37999725341797, 93.95999908447266, 93.02999877929688, 93.5199966430664, 94.91000366210938, 94.83999633789062, 93.47000122070312, 95.05999755859375, 95.0, 92.26000213623047, 94.2699966430664, 94.8499984741211, 94.81999969482422, 95.13999938964844, 95.81999969482422, 95.75, 90.08000183105469, 95.25, 93.5199966430664, 95.83999633789062, 94.73999786376953, 94.87999725341797, 95.87000274658203, 95.9000015258789, 95.79000091552734, 89.93000030517578, 95.88999938964844, 96.58000183105469, 95.94000244140625, 96.0999984741211, 96.52999877929688, 95.80000305175781, 97.06999969482422, 96.38999938964844, 96.18000030517578, 96.93000030517578, 94.87999725341797, 96.0999984741211, 94.66999816894531, 95.66999816894531, 96.69000244140625, 96.94999694824219, 97.0199966430664, 96.76000213623047, 96.23999786376953, 96.12000274658203, 96.66000366210938, 97.16000366210938, 97.04000091552734, 96.87000274658203, 97.06999969482422, 95.56999969482422, 97.55999755859375, 94.94999694824219, 97.08999633789062, 95.7300033569336, 96.6500015258789, 96.91000366210938, 95.93000030517578, 96.7699966430664, 96.56999969482422, 96.30999755859375, 96.9000015258789, 95.22000122070312, 96.79000091552734]
backdoor_accuracy=[0, 0.0, 0.0, 0.0, 5.447470817120623, 0.0, 3.6964980544747084, 0.0, 0.0, 0.48638132295719844, 0.0, 0.2918287937743191, 0.0, 0.09727626459143969, 0.7782101167315175, 0.09727626459143969, 0.48638132295719844, 0.48638132295719844, 0.0, 0.38910505836575876, 0.19455252918287938, 0.09727626459143969, 0.09727626459143969, 0.09727626459143969, 0.19455252918287938, 0.0, 0.19455252918287938, 0.0, 0.19455252918287938, 0.48638132295719844, 0.09727626459143969, 0.09727626459143969, 0.8754863813229572, 0.0, 0.6809338521400778, 0.09727626459143969, 0.2918287937743191, 0.2918287937743191, 0.48638132295719844, 0.19455252918287938, 0.38910505836575876, 0.2918287937743191, 0.38910505836575876, 0.19455252918287938, 0.19455252918287938, 0.0, 0.09727626459143969, 0.0, 0.19455252918287938, 0.0, 0.09727626459143969, 0.09727626459143969, 0.09727626459143969, 0.09727626459143969, 0.19455252918287938, 0.09727626459143969, 0.0, 0.09727626459143969, 0.48638132295719844, 0.19455252918287938, 0.38910505836575876, 0.09727626459143969, 0.38910505836575876, 0.09727626459143969, 0.19455252918287938, 0.2918287937743191, 0.09727626459143969, 0.2918287937743191, 0.09727626459143969, 0.38910505836575876, 0.2918287937743191, 0.19455252918287938, 0.09727626459143969, 0.09727626459143969, 0.19455252918287938, 0.19455252918287938, 0.09727626459143969, 0.19455252918287938, 0.19455252918287938, 0.09727626459143969, 0.38910505836575876, 0.09727626459143969, 0.2918287937743191, 0.09727626459143969, 0.09727626459143969, 0.19455252918287938, 0.09727626459143969, 0.09727626459143969, 0.09727626459143969, 0.09727626459143969, 0.2918287937743191, 0.09727626459143969, 0.2918287937743191, 0.09727626459143969, 0.19455252918287938, 0.19455252918287938, 0.19455252918287938, 0.19455252918287938, 0.2918287937743191, 0.09727626459143969, 0.09727626459143969]
loss_list=[1.1541043553052956, 1.084025871079389, 1.1771518019655356, 0.8088802382074022, 0.6236395964449643, 0.5801028834181812, 0.4814375291671097, 0.43616430634596903, 0.5609625035497918, 0.4148443941504363, 0.3357720138451287, 0.38206948106789956, 0.36221438414762147, 0.31779706331584345, 0.29383142124134154, 0.2841038531088485, 0.2287435728644858, 0.2575367731315567, 0.31958246640921945, 0.20930777483427881, 0.17996106249135832, 0.25097032504892175, 0.2504172084114193, 0.17655798604026335, 0.1596907164715931, 0.16260382698252895, 0.16616663111903177, 0.17629653002483356, 0.15890764316740827, 0.16650317901357387, 0.13935832826287, 0.136286092868721, 0.12871749572046814, 0.13348904090056074, 0.12893791278696748, 0.11638946764856684, 0.12293289949081047, 0.12198620048395781, 0.11817797995775807, 0.11758583007796983, 0.0923302087926735, 0.09998394130587124, 0.09475184630111641, 0.10923542008568161, 0.10742151376157212, 0.11067859998604407, 0.1013256773834938, 0.10563345516059026, 0.07981400299989252, 0.10039644014684503, 0.08637592173151291, 0.10723849010098666, 0.11539842789019747, 0.100170245144513, 0.08622505556920697, 0.09308285198540117, 0.10960833879291182, 0.09642869451518586, 0.09368113912530437, 0.09845834705778973, 0.08012740021095076, 0.14046237715764656, 0.1010916526352553, 0.09587244622402875, 0.09502296870947312, 0.06647745498609396, 0.0803134500488738, 0.07667536884460739, 0.06485460888305775, 0.06412967465686935, 0.07029269073399957, 0.06576685735978817, 0.07433522815479492, 0.07365716397754077, 0.08123726128649043, 0.07288930069686035, 0.06965348469202379, 0.07148617591902924, 0.054144198944209326, 0.06508619142506543, 0.07178201269403266, 0.08071604724461158, 0.08143483557690938, 0.07017356194917672, 0.06445304333701238, 0.06652843652386528, 0.06304864068316926, 0.061794070105512494, 0.07155415395410442, 0.06480670930602409, 0.05952684369936698, 0.06685050952808254, 0.06518573605118069, 0.06066643392826454, 0.054153144137388955, 0.059884475739897795, 0.08406007820214494, 0.060166884876445156, 0.06507625721361063, 0.07607028679283759]
BBSR:0.29
ABSR:0.18
max acc:96.91
