======================================
    IID: 0
    Dataset: mnist
    Model: Mnist_CNN
    Model Init: None
    Aggregation Function: RLR
    Fraction NonIID: 15
    Long attack: 5
    Wide attack: 5
    Threshold reject: 0.5
    Threshold down: 0.0
    Attack method: badnet
    Fraction of malicious agents: 15.0%
    Poison Frac: 0.2
    Backdoor From 7 to 5
    Attack Begin: 0
    Trigger Shape: square
    Trigger Position X: 0
    Trigger Position Y: 0
    Number of agents: 100
    Fraction of agents each turn: 30(30.0%)
    Local batch size: 50
    Local epoch: 3
    Client_LR: 0.01
    Client_Momentum: 0.9
    Global Rounds: 100
    RobustLR_threshold: 4
======================================
main_task_accuracy=[0, 10.640000343322754, 21.110000610351562, 53.369998931884766, 46.2400016784668, 63.369998931884766, 83.04000091552734, 81.9800033569336, 81.0199966430664, 83.86000061035156, 87.02999877929688, 88.55999755859375, 81.4000015258789, 88.38999938964844, 89.5199966430664, 90.30000305175781, 89.1500015258789, 87.13999938964844, 89.05999755859375, 88.37999725341797, 88.55999755859375, 92.91000366210938, 92.72000122070312, 93.12999725341797, 93.45999908447266, 93.62999725341797, 93.44999694824219, 93.66999816894531, 93.37000274658203, 93.08999633789062, 94.0199966430664, 94.02999877929688, 93.7300033569336, 94.31999969482422, 94.2699966430664, 93.27999877929688, 94.05000305175781, 94.26000213623047, 94.80000305175781, 94.68000030517578, 94.83000183105469, 94.94999694824219, 94.83000183105469, 94.70999908447266, 95.06999969482422, 95.25, 95.11000061035156, 95.23999786376953, 95.3499984741211, 95.30999755859375, 95.3499984741211, 95.33999633789062, 95.37999725341797, 95.55000305175781, 95.54000091552734, 95.80999755859375, 95.4800033569336, 95.69999694824219, 95.5, 95.5199966430664, 95.76000213623047, 95.54000091552734, 95.68000030517578, 95.62999725341797, 95.5999984741211, 95.76000213623047, 95.7300033569336, 95.87000274658203, 95.80000305175781, 96.0999984741211, 95.98999786376953, 95.9000015258789, 96.05999755859375, 96.08999633789062, 95.91000366210938, 95.93000030517578, 96.05999755859375, 95.94999694824219, 96.26000213623047, 96.30999755859375, 96.12999725341797, 96.2699966430664, 96.33000183105469, 96.41000366210938, 96.33000183105469, 96.41999816894531, 96.41999816894531, 96.52999877929688, 96.45999908447266, 96.37999725341797, 96.37999725341797, 96.31999969482422, 96.44000244140625, 96.33000183105469, 96.44999694824219, 96.51000213623047, 96.55000305175781, 96.52999877929688, 96.55999755859375, 96.55999755859375, 96.51000213623047]
backdoor_accuracy=[0, 0.0, 0.0, 4.377431906614786, 7.003891050583658, 6.22568093385214, 0.38910505836575876, 0.38910505836575876, 0.38910505836575876, 0.2918287937743191, 0.2918287937743191, 0.2918287937743191, 0.19455252918287938, 0.2918287937743191, 0.2918287937743191, 0.2918287937743191, 0.2918287937743191, 0.2918287937743191, 0.2918287937743191, 0.2918287937743191, 0.2918287937743191, 0.2918287937743191, 0.2918287937743191, 0.2918287937743191, 0.2918287937743191, 0.2918287937743191, 0.19455252918287938, 0.2918287937743191, 0.19455252918287938, 0.19455252918287938, 0.19455252918287938, 0.19455252918287938, 0.19455252918287938, 0.19455252918287938, 0.19455252918287938, 0.19455252918287938, 0.19455252918287938, 0.19455252918287938, 0.09727626459143969, 0.09727626459143969, 0.19455252918287938, 0.09727626459143969, 0.09727626459143969, 0.09727626459143969, 0.09727626459143969, 0.09727626459143969, 0.09727626459143969, 0.09727626459143969, 0.09727626459143969, 0.09727626459143969, 0.09727626459143969, 0.09727626459143969, 0.09727626459143969, 0.09727626459143969, 0.09727626459143969, 0.09727626459143969, 0.09727626459143969, 0.09727626459143969, 0.0, 0.09727626459143969, 0.09727626459143969, 0.09727626459143969, 0.09727626459143969, 0.09727626459143969, 0.09727626459143969, 0.09727626459143969, 0.09727626459143969, 0.09727626459143969, 0.0, 0.0, 0.0, 0.0, 0.0, 0.0, 0.0, 0.0, 0.0, 0.0, 0.0, 0.0, 0.0, 0.0, 0.0, 0.0, 0.0, 0.0, 0.0, 0.0, 0.0, 0.0, 0.0, 0.0, 0.0, 0.0, 0.0, 0.0, 0.0, 0.0, 0.0, 0.0, 0.0]
loss_list=[0.6872785926188152, 0.8169351244453245, 0.7381802069760022, 0.6438207286183334, 0.5648542458758559, 0.4719774087879328, 0.3621457734061497, 0.30515573670045126, 0.2676702800551975, 0.23172476918778478, 0.2079330771592747, 0.17898593024619178, 0.1874029526765724, 0.17716028400085065, 0.17866781531548387, 0.14724001534151382, 0.1309282843766531, 0.1501611463474338, 0.11453025901973082, 0.1323861599217185, 0.13168408172317747, 0.13093010460425247, 0.11284179202029639, 0.09828811107041109, 0.10830276416410997, 0.11006217297872288, 0.09272356932184261, 0.11472825939907344, 0.09771791196985927, 0.09846663852996422, 0.08510736137732995, 0.08513030515118226, 0.10188829940333241, 0.08915545489925862, 0.10454426732501107, 0.10568348663291588, 0.1062321936455767, 0.08775799064927997, 0.0787146603181313, 0.0954270496933273, 0.07175983988853905, 0.06891471588086251, 0.08298867520307655, 0.09238437957455012, 0.07726456438864485, 0.07387715957752038, 0.09536368068148009, 0.085362147686142, 0.07312858905831843, 0.06605879579176456, 0.08310399674522385, 0.08366977432834477, 0.08109676056446813, 0.06239103037721714, 0.07218463466553121, 0.08653227893601713, 0.07335533372593812, 0.06093154735780743, 0.06330009709543011, 0.07956563224560585, 0.05747551848074771, 0.061073071207659965, 0.06348288950322335, 0.052804521450735796, 0.06257833201114422, 0.0605779655188652, 0.06407807567527869, 0.0802794847004283, 0.1051256164391413, 0.057301519903228876, 0.06041511643386359, 0.06181634796561607, 0.05610264367199199, 0.06968809108214173, 0.056266599276964084, 0.058917576438214575, 0.05898974377107144, 0.060287989779444065, 0.06738250578047936, 0.056369819361164045, 0.05666458077674916, 0.057253696541484, 0.06970022736546597, 0.06184206863080765, 0.04634645347040033, 0.05737993044565325, 0.07338160439273551, 0.07671241349993278, 0.05665566727670486, 0.06325865119782163, 0.05134756246198847, 0.07125015699363019, 0.05088866251058247, 0.05909955914226262, 0.06174433078533281, 0.06267065839846533, 0.05777915349748786, 0.049637409464412675, 0.05903333116641918, 0.046362604073200274]
BBSR:0.0
ABSR:0.0
max acc:96.56
