======================================
    IID: 0
    Dataset: mnist
    Model: Mnist_CNN
    Model Init: None
    Aggregation Function: RLR
    Fraction NonIID: 0
    Long attack: 5
    Wide attack: 5
    Threshold reject: 0.5
    Threshold down: 0.0
    Attack method: dba
    Fraction of malicious agents: 15.0%
    Poison Frac: 0.2
    Backdoor From 7 to 5
    Attack Begin: 0
    Trigger Shape: square
    Trigger Position X: 0
    Trigger Position Y: 0
    Number of agents: 100
    Fraction of agents each turn: 30(30.0%)
    Local batch size: 50
    Local epoch: 3
    Client_LR: 0.01
    Client_Momentum: 0.9
    Global Rounds: 100
    RobustLR_threshold: 4
======================================
main_task_accuracy=[0, 31.729999542236328, 30.030000686645508, 64.30999755859375, 51.5099983215332, 75.9000015258789, 79.02999877929688, 80.45999908447266, 83.19999694824219, 75.69999694824219, 83.76000213623047, 90.55999755859375, 89.55000305175781, 91.72000122070312, 90.63999938964844, 91.91999816894531, 92.13999938964844, 93.19000244140625, 90.76000213623047, 92.30999755859375, 94.05999755859375, 94.70999908447266, 94.47000122070312, 94.36000061035156, 94.93000030517578, 91.30999755859375, 93.54000091552734, 95.31999969482422, 96.2699966430664, 95.69000244140625, 95.54000091552734, 96.04000091552734, 95.87000274658203, 95.30000305175781, 95.83000183105469, 90.45999908447266, 93.5199966430664, 95.54000091552734, 93.27999877929688, 94.51000213623047, 96.58000183105469, 95.19000244140625, 96.33999633789062, 96.48999786376953, 94.55999755859375, 96.47000122070312, 93.2300033569336, 96.45999908447266, 96.23999786376953, 96.22000122070312, 96.79000091552734, 95.76000213623047, 97.23999786376953, 94.95999908447266, 96.69000244140625, 97.16000366210938, 94.87000274658203, 93.93000030517578, 95.41999816894531, 96.86000061035156, 97.02999877929688, 97.06999969482422, 96.77999877929688, 96.52999877929688, 96.06999969482422, 96.66000366210938, 96.91000366210938, 97.52999877929688, 97.04000091552734, 97.36000061035156, 96.88999938964844, 97.58999633789062, 97.55999755859375, 97.4000015258789, 97.05000305175781, 97.44000244140625, 97.19000244140625, 96.37000274658203, 97.51000213623047, 97.58000183105469, 97.58000183105469, 97.72000122070312, 97.19999694824219, 97.9000015258789, 97.69000244140625, 97.38999938964844, 97.69000244140625, 97.16999816894531, 97.44999694824219, 97.08000183105469, 97.58999633789062, 97.38999938964844, 97.58000183105469, 97.22000122070312, 97.30999755859375, 97.4800033569336, 97.56999969482422, 97.51000213623047, 97.55999755859375, 96.7300033569336, 97.75]
backdoor_accuracy=[0, 0.0, 0.0, 0.0, 5.447470817120623, 0.0, 0.0, 0.0, 0.09727626459143969, 0.0, 0.0, 1.1673151750972763, 1.264591439688716, 0.6809338521400778, 1.9455252918287937, 0.19455252918287938, 0.5836575875486382, 0.8754863813229572, 0.9727626459143969, 0.48638132295719844, 0.9727626459143969, 0.38910505836575876, 0.48638132295719844, 2.431906614785992, 0.6809338521400778, 1.9455252918287937, 1.264591439688716, 1.8482490272373542, 0.38910505836575876, 0.09727626459143969, 0.48638132295719844, 0.2918287937743191, 0.5836575875486382, 0.38910505836575876, 1.9455252918287937, 0.7782101167315175, 2.3346303501945527, 2.0428015564202333, 1.4591439688715953, 0.5836575875486382, 5.544747081712062, 0.7782101167315175, 1.556420233463035, 0.7782101167315175, 1.4591439688715953, 1.264591439688716, 2.529182879377432, 1.556420233463035, 2.140077821011673, 2.9182879377431905, 6.42023346303502, 1.7509727626459144, 4.377431906614786, 4.961089494163424, 1.264591439688716, 3.21011673151751, 1.7509727626459144, 4.182879377431907, 0.6809338521400778, 0.8754863813229572, 6.809338521400778, 3.9883268482490273, 3.501945525291829, 2.237354085603113, 6.031128404669261, 2.0428015564202333, 3.8910505836575875, 1.9455252918287937, 6.031128404669261, 4.863813229571984, 7.101167315175097, 13.618677042801556, 3.307392996108949, 4.961089494163424, 2.237354085603113, 6.031128404669261, 9.04669260700389, 5.058365758754864, 20.136186770428015, 4.766536964980545, 18.96887159533074, 10.214007782101167, 7.782101167315175, 6.42023346303502, 4.377431906614786, 12.937743190661479, 8.073929961089494, 9.04669260700389, 10.311284046692608, 14.007782101167315, 16.05058365758755, 15.369649805447471, 11.284046692607005, 6.809338521400778, 8.365758754863814, 9.53307392996109, 10.408560311284047, 14.883268482490273, 17.315175097276263, 11.770428015564203, 12.354085603112841]
loss_list=[0.5180380712360333, 0.3877805358329594, 0.26320078160911475, 0.19902040566909734, 0.19109607718974606, 0.16385556940861495, 0.1352044795209677, 0.118089963081911, 0.08965085066603992, 0.09945258022548938, 0.11297272416834954, 0.09973083685032073, 0.09186580478045066, 0.08527354477206411, 0.07365622924923827, 0.0718115222686752, 0.07712808379855277, 0.08311809659216561, 0.07129769331582901, 0.06829709487195615, 0.0618989895876806, 0.06313952808863055, 0.06979999898154951, 0.06613789015700233, 0.05583376491227389, 0.06415159276321854, 0.055127712869655975, 0.05611174103991703, 0.04329212701260713, 0.05221913370626336, 0.052347785729976073, 0.044517334888067195, 0.05005423276897707, 0.05261101116187432, 0.04920074391954817, 0.04917496907373871, 0.051656874659680926, 0.05911435588831567, 0.05150626815381957, 0.05510521928837274, 0.03940179946402115, 0.053827393793000895, 0.04365586799632516, 0.04150949036459664, 0.043682961413220055, 0.04834132935379129, 0.05211291895654752, 0.053553474640657815, 0.0479599344155567, 0.04621613182449033, 0.035585413757523394, 0.044819586724489234, 0.04468594661559582, 0.04265923423254484, 0.04251317297227346, 0.04764039244240017, 0.04587396329649142, 0.05353496559297159, 0.042194836695516255, 0.042860171404658635, 0.039920958121416446, 0.04349045513773074, 0.041607732028993843, 0.04236407313412097, 0.04313246851964311, 0.03979884081734187, 0.03637141764807023, 0.03452552544679656, 0.03377095376109559, 0.03372115432767619, 0.04033497420340031, 0.03330524939234838, 0.03955494214225281, 0.045045354004414576, 0.035754850373111664, 0.03627357443219417, 0.038515625037968, 0.033311725257507495, 0.033354403842718615, 0.038639029930029545, 0.03771911448397828, 0.02786617853683627, 0.037335916467972706, 0.03755429495729239, 0.03747189113254743, 0.03682138009689272, 0.029577319039619698, 0.03913772858725557, 0.03597667364766421, 0.03787366531826112, 0.03217275529804045, 0.03930013853260366, 0.03863679284634051, 0.03014979187672167, 0.03634918724569702, 0.03264455342530871, 0.03343254921302501, 0.04086823806175213, 0.030070803304851363, 0.04096864181316922]
BBSR:17.32
ABSR:11.81
max acc:97.75
