======================================
    IID: 0
    Dataset: mnist
    Model: Mnist_CNN
    Model Init: None
    Aggregation Function: RLR
    Fraction NonIID: 5
    Long attack: 3
    Wide attack: 3
    Threshold reject: 0.5
    Threshold down: 0.0
    Attack method: dba
    Fraction of malicious agents: 15.0%
    Poison Frac: 0.2
    Backdoor From 7 to 5
    Attack Begin: 0
    Trigger Shape: square
    Trigger Position X: 0
    Trigger Position Y: 0
    Number of agents: 100
    Fraction of agents each turn: 30(30.0%)
    Local batch size: 50
    Local epoch: 3
    Client_LR: 0.01
    Client_Momentum: 0.9
    Global Rounds: 100
    RobustLR_threshold: 4
======================================
main_task_accuracy=[0, 18.959999084472656, 51.36000061035156, 75.22000122070312, 79.11000061035156, 73.27999877929688, 81.69000244140625, 79.13999938964844, 85.36000061035156, 83.45999908447266, 87.47000122070312, 86.83999633789062, 88.4000015258789, 89.20999908447266, 88.55999755859375, 90.13999938964844, 89.79000091552734, 91.20999908447266, 91.04000091552734, 91.91999816894531, 92.18000030517578, 92.0199966430664, 92.44999694824219, 91.73999786376953, 92.5199966430664, 93.12000274658203, 92.66000366210938, 93.01000213623047, 93.58000183105469, 93.62000274658203, 93.37999725341797, 94.06999969482422, 94.04000091552734, 93.87999725341797, 94.22000122070312, 94.41999816894531, 94.0199966430664, 94.63999938964844, 94.47000122070312, 94.75, 95.01000213623047, 95.04000091552734, 95.11000061035156, 94.87999725341797, 94.77999877929688, 94.98999786376953, 95.0999984741211, 95.06999969482422, 95.1500015258789, 95.3499984741211, 95.56999969482422, 95.58000183105469, 95.54000091552734, 95.69999694824219, 95.77999877929688, 95.77999877929688, 95.55000305175781, 95.76000213623047, 95.93000030517578, 95.79000091552734, 95.93000030517578, 96.13999938964844, 95.9800033569336, 96.02999877929688, 95.94999694824219, 95.95999908447266, 96.33000183105469, 96.45999908447266, 96.33000183105469, 96.2699966430664, 96.19999694824219, 96.37000274658203, 96.47000122070312, 96.47000122070312, 96.36000061035156, 96.51000213623047, 96.44999694824219, 96.36000061035156, 96.45999908447266, 96.20999908447266, 96.25, 96.4000015258789, 96.55000305175781, 96.38999938964844, 96.5999984741211, 96.55999755859375, 96.51000213623047, 96.5999984741211, 96.61000061035156, 96.5199966430664, 96.62000274658203, 96.61000061035156, 96.54000091552734, 96.44000244140625, 96.8499984741211, 96.83999633789062, 96.91000366210938, 96.94999694824219, 96.91999816894531, 96.69000244140625, 96.66000366210938]
backdoor_accuracy=[0, 3.501945525291829, 28.79377431906615, 0.7782101167315175, 0.09727626459143969, 0.0, 0.09727626459143969, 1.264591439688716, 0.0, 0.0, 0.0, 0.0, 0.0, 0.0, 0.09727626459143969, 0.0, 0.0, 0.0, 0.0, 0.0, 0.09727626459143969, 0.09727626459143969, 0.09727626459143969, 0.09727626459143969, 0.09727626459143969, 0.09727626459143969, 0.09727626459143969, 0.09727626459143969, 0.09727626459143969, 0.09727626459143969, 0.09727626459143969, 0.09727626459143969, 0.19455252918287938, 0.09727626459143969, 0.09727626459143969, 0.09727626459143969, 0.09727626459143969, 0.19455252918287938, 0.2918287937743191, 0.2918287937743191, 0.19455252918287938, 0.19455252918287938, 0.19455252918287938, 0.09727626459143969, 0.19455252918287938, 0.09727626459143969, 0.09727626459143969, 0.19455252918287938, 0.38910505836575876, 0.09727626459143969, 0.2918287937743191, 0.09727626459143969, 0.09727626459143969, 0.09727626459143969, 0.09727626459143969, 0.19455252918287938, 0.19455252918287938, 0.09727626459143969, 0.19455252918287938, 0.19455252918287938, 0.19455252918287938, 0.09727626459143969, 0.09727626459143969, 0.09727626459143969, 0.09727626459143969, 0.09727626459143969, 0.19455252918287938, 0.19455252918287938, 0.19455252918287938, 0.2918287937743191, 0.19455252918287938, 0.09727626459143969, 0.09727626459143969, 0.09727626459143969, 0.09727626459143969, 0.09727626459143969, 0.09727626459143969, 0.09727626459143969, 0.09727626459143969, 0.09727626459143969, 0.19455252918287938, 0.09727626459143969, 0.09727626459143969, 0.09727626459143969, 0.19455252918287938, 0.09727626459143969, 0.09727626459143969, 0.09727626459143969, 0.09727626459143969, 0.09727626459143969, 0.19455252918287938, 0.19455252918287938, 0.09727626459143969, 0.19455252918287938, 0.19455252918287938, 0.2918287937743191, 0.2918287937743191, 0.09727626459143969, 0.19455252918287938, 0.19455252918287938, 0.2918287937743191]
loss_list=[1.1131867943136708, 1.1170240547345018, 1.0117769583431933, 0.7325520802280192, 0.5500066296538312, 0.45173382285978597, 0.39364269576412714, 0.3356131511702227, 0.31907439855462005, 0.313773044235875, 0.29852103369834354, 0.25841744729823274, 0.25788296264453325, 0.25938033909329944, 0.2904281736524508, 0.24069792107624785, 0.22038344171918217, 0.19677244410112807, 0.19585420932044514, 0.1816806266002984, 0.18023559845360712, 0.18867132571714512, 0.16175511311447838, 0.15962970068795487, 0.15517290531620448, 0.19564523028782183, 0.1954910490366555, 0.15223497625706806, 0.14478283034268385, 0.15756992536547507, 0.13138530422965738, 0.12974532042440304, 0.15827953652336202, 0.12489992685821492, 0.12477357968550035, 0.12978661129317418, 0.15160347158083085, 0.11776142486133954, 0.12272817293564746, 0.13200892302057815, 0.14078504856363805, 0.12324282502253213, 0.10110170293102447, 0.11449766339775155, 0.12478129511773323, 0.10672147163121633, 0.09502129933784223, 0.123728612811445, 0.1341133956851748, 0.11913316561824308, 0.10683908763654743, 0.11005024414569896, 0.10294935556624464, 0.10271453689199579, 0.10012164264894198, 0.10031024985703849, 0.09713839873428597, 0.09103570142689864, 0.09916149037132896, 0.11383800057674648, 0.09964289911050611, 0.10435938670262027, 0.09729878146467887, 0.08509120468482488, 0.08297992429226048, 0.0932683100663713, 0.1149300375682166, 0.07590592674155199, 0.10117309003359641, 0.0892629675104817, 0.09709572112996454, 0.0891933025666495, 0.08668987840369315, 0.08407495753818785, 0.09170671392070759, 0.0869275847487275, 0.08261625788599405, 0.0764878663301102, 0.07541560613723725, 0.08265697881575088, 0.0698959839882284, 0.09210324258589794, 0.06522308003263554, 0.07879341648548364, 0.08061227034842264, 0.08311106049524959, 0.07046070079791696, 0.08002871084528766, 0.07695868811832848, 0.07503995175690063, 0.06480877304525991, 0.07105345608390459, 0.10627625542738188, 0.07970009728234209, 0.07613241517716411, 0.08160416876065874, 0.07665237991365118, 0.07135155778156568, 0.06529968677868897, 0.07769288850977586]
BBSR:0.29
ABSR:0.2
max acc:96.95
