======================================
    IID: 0
    Dataset: mnist
    Model: Mnist_CNN
    Model Init: None
    Aggregation Function: zkp
    Fraction NonIID: 15
    Long attack: 3
    Wide attack: 3
    Threshold reject: 0.5
    Threshold down: 0.0
    Attack method: dba
    Fraction of malicious agents: 15.0%
    Poison Frac: 0.2
    Backdoor From 7 to 5
    Attack Begin: 0
    Trigger Shape: square
    Trigger Position X: 0
    Trigger Position Y: 0
    Number of agents: 100
    Fraction of agents each turn: 30(30.0%)
    Local batch size: 50
    Local epoch: 3
    Client_LR: 0.01
    Client_Momentum: 0.9
    Global Rounds: 100
======================================
main_task_accuracy=[0, 25.850000381469727, 27.3700008392334, 30.56999969482422, 39.70000076293945, 44.560001373291016, 47.88999938964844, 35.689998626708984, 71.18000030517578, 73.18000030517578, 75.05999755859375, 73.87000274658203, 81.22000122070312, 74.4000015258789, 70.19999694824219, 82.19000244140625, 80.56999969482422, 70.81999969482422, 79.9800033569336, 88.13999938964844, 86.6500015258789, 90.87000274658203, 90.27999877929688, 89.38999938964844, 85.91000366210938, 90.80000305175781, 89.75, 90.63999938964844, 92.19999694824219, 92.62000274658203, 93.38999938964844, 89.05999755859375, 92.18000030517578, 92.81999969482422, 91.47000122070312, 92.81999969482422, 94.29000091552734, 91.0, 94.18000030517578, 94.19999694824219, 95.2699966430664, 92.30000305175781, 93.05999755859375, 94.05000305175781, 84.44999694824219, 95.5999984741211, 94.51000213623047, 92.37999725341797, 94.75, 94.80999755859375, 93.05000305175781, 94.94000244140625, 95.41999816894531, 95.41000366210938, 96.4800033569336, 94.58000183105469, 96.37000274658203, 95.55999755859375, 94.58999633789062, 95.70999908447266, 95.52999877929688, 95.8499984741211, 94.87000274658203, 96.37000274658203, 95.5, 96.55999755859375, 96.52999877929688, 95.6500015258789, 95.4000015258789, 97.01000213623047, 96.61000061035156, 96.52999877929688, 96.79000091552734, 94.86000061035156, 93.37999725341797, 96.58999633789062, 96.33999633789062, 95.80999755859375, 97.01000213623047, 95.77999877929688, 96.45999908447266, 95.86000061035156, 96.0199966430664, 94.69000244140625, 96.91999816894531, 97.01000213623047, 96.01000213623047, 96.94000244140625, 96.8499984741211, 96.97000122070312, 92.63999938964844, 96.9800033569336, 97.36000061035156, 94.98999786376953, 97.66999816894531, 96.5, 97.19000244140625, 97.31999969482422, 82.88999938964844, 96.44999694824219, 96.38999938964844]
backdoor_accuracy=[0, 0.0, 0.0, 0.0, 0.0, 0.0, 0.0, 0.0, 0.0, 4.474708171206226, 0.2918287937743191, 0.2918287937743191, 0.7782101167315175, 0.0, 1.0700389105058365, 0.19455252918287938, 0.09727626459143969, 0.2918287937743191, 0.19455252918287938, 0.19455252918287938, 0.09727626459143969, 0.0, 0.48638132295719844, 0.0, 0.19455252918287938, 0.09727626459143969, 0.0, 0.48638132295719844, 0.09727626459143969, 0.19455252918287938, 0.09727626459143969, 0.0, 0.19455252918287938, 0.2918287937743191, 0.0, 0.09727626459143969, 0.2918287937743191, 0.0, 0.0, 0.0, 0.0, 0.38910505836575876, 0.0, 0.2918287937743191, 0.0, 0.38910505836575876, 0.0, 1.0700389105058365, 0.0, 0.19455252918287938, 0.0, 0.09727626459143969, 0.19455252918287938, 0.0, 0.2918287937743191, 0.0, 0.2918287937743191, 0.09727626459143969, 1.9455252918287937, 0.09727626459143969, 0.38910505836575876, 0.0, 1.1673151750972763, 0.09727626459143969, 0.09727626459143969, 0.2918287937743191, 0.19455252918287938, 0.09727626459143969, 0.09727626459143969, 0.09727626459143969, 0.09727626459143969, 0.6809338521400778, 0.09727626459143969, 0.19455252918287938, 0.09727626459143969, 0.5836575875486382, 0.09727626459143969, 1.6536964980544746, 0.09727626459143969, 3.6964980544747084, 0.09727626459143969, 1.264591439688716, 0.7782101167315175, 2.7237354085603114, 0.7782101167315175, 1.0700389105058365, 0.7782101167315175, 0.7782101167315175, 1.6536964980544746, 4.085603112840467, 16.245136186770427, 1.7509727626459144, 1.264591439688716, 42.60700389105058, 5.642023346303502, 62.840466926070036, 4.085603112840467, 13.618677042801556, 60.40856031128405, 17.412451361867703, 11.478599221789883]
loss_list=[0.7391008920461007, 0.7284705904519825, 0.7457878547253726, 0.5882273653207858, 0.5142072581753853, 0.4264249978238232, 0.40689131822078284, 0.3919583825838236, 0.3634151463233744, 0.2629882642337349, 0.23487430487384342, 0.1870875256616446, 0.1681000963039908, 0.19833164592944258, 0.22780159278446327, 0.1544881825916175, 0.162934498396436, 0.20204283677145823, 0.25008219912283486, 0.1474255820617845, 0.1247624529103441, 0.12784835191358918, 0.11449904037039473, 0.11866674228460003, 0.1120664477494375, 0.11842277471918233, 0.11305275857018837, 0.10441090091483202, 0.09999794307621192, 0.09261825097099936, 0.08267245614466172, 0.10397426574335195, 0.1102004082164397, 0.08771520626337342, 0.10349306906897218, 0.08743603799559747, 0.09497782384821729, 0.0701711128587072, 0.06346619861871426, 0.08132082565872858, 0.08811639254546473, 0.07484770657658286, 0.07596625426179798, 0.07188303889603637, 0.10421533440560354, 0.07614777891554211, 0.07007302489760321, 0.0809844426065195, 0.06503468507576345, 0.07013224373525835, 0.07420247750060928, 0.07695907485163557, 0.06047229022287548, 0.064216071388969, 0.05040002115199017, 0.06788465846769376, 0.051654663398448125, 0.05673016979450828, 0.05957487791134945, 0.05952596200564531, 0.05512559356312967, 0.06354821671253225, 0.06071121894043809, 0.049739102051562054, 0.05334659528642219, 0.053555498613417504, 0.05791520386458493, 0.05968084492353394, 0.054616390084931785, 0.03779818130636293, 0.05861642757161266, 0.0432199135730107, 0.04395512675107514, 0.05898837521051714, 0.06371939950674292, 0.04874888531494938, 0.05015548644214095, 0.05332146569093786, 0.05054584257160656, 0.05281881710766785, 0.04807932638908144, 0.04795881749658228, 0.04525004457754281, 0.058195995304066286, 0.03558621394141416, 0.049895534090945125, 0.04482056026099831, 0.0428569807052136, 0.041712494610802904, 0.05429042410472107, 0.06061434106791297, 0.04904004960595973, 0.04626328110631841, 0.048198887370369044, 0.0377907526478981, 0.04369696134781477, 0.04060747003315206, 0.03699280638666264, 0.08653006738574613, 0.04845202931797525]
BBSR:62.84
ABSR:22.11
max acc:97.67
