======================================
    IID: 0
    Dataset: mnist
    Model: Mnist_CNN
    Model Init: None
    Aggregation Function: zkp
    Fraction NonIID: 15
    Long attack: 4
    Wide attack: 4
    Threshold reject: 0.5
    Threshold down: 0.0
    Attack method: dba
    Fraction of malicious agents: 15.0%
    Poison Frac: 0.2
    Backdoor From 7 to 5
    Attack Begin: 0
    Trigger Shape: square
    Trigger Position X: 0
    Trigger Position Y: 0
    Number of agents: 100
    Fraction of agents each turn: 30(30.0%)
    Local batch size: 50
    Local epoch: 3
    Client_LR: 0.01
    Client_Momentum: 0.9
    Global Rounds: 100
======================================
main_task_accuracy=[0, 18.329999923706055, 28.360000610351562, 29.0, 37.209999084472656, 40.959999084472656, 58.72999954223633, 71.66999816894531, 73.58000183105469, 73.37000274658203, 55.2599983215332, 71.38999938964844, 73.2699966430664, 84.63999938964844, 83.33000183105469, 78.08000183105469, 74.81999969482422, 80.22000122070312, 88.4000015258789, 89.9000015258789, 91.12999725341797, 76.44000244140625, 87.12999725341797, 88.83999633789062, 89.44999694824219, 87.12000274658203, 91.23999786376953, 89.16000366210938, 85.01000213623047, 91.01000213623047, 85.06999969482422, 92.7699966430664, 92.9800033569336, 93.58999633789062, 85.83999633789062, 94.62000274658203, 93.37000274658203, 93.7300033569336, 93.19000244140625, 94.20999908447266, 93.93000030517578, 93.1500015258789, 93.9000015258789, 92.70999908447266, 93.25, 93.36000061035156, 95.0199966430664, 92.37000274658203, 95.58000183105469, 94.4800033569336, 95.13999938964844, 95.12999725341797, 95.66000366210938, 96.3499984741211, 96.13999938964844, 94.91000366210938, 95.47000122070312, 94.22000122070312, 95.44000244140625, 93.83999633789062, 96.38999938964844, 95.5999984741211, 95.26000213623047, 95.56999969482422, 95.9800033569336, 96.93000030517578, 95.98999786376953, 95.9000015258789, 97.05000305175781, 95.79000091552734, 95.4800033569336, 95.7699966430664, 96.20999908447266, 96.12000274658203, 97.05000305175781, 93.86000061035156, 96.1500015258789, 96.98999786376953, 96.69000244140625, 97.0199966430664, 96.05000305175781, 96.52999877929688, 95.83999633789062, 96.94000244140625, 97.08999633789062, 97.30000305175781, 96.91000366210938, 96.87999725341797, 90.70999908447266, 95.56999969482422, 87.04000091552734, 97.2699966430664, 96.2300033569336, 97.56999969482422, 97.2699966430664, 96.5999984741211, 96.5999984741211, 96.93000030517578, 97.16000366210938, 96.80000305175781, 97.41000366210938]
backdoor_accuracy=[0, 0.0, 0.0, 0.0, 0.0, 0.0, 3.0155642023346303, 0.0, 0.8754863813229572, 0.19455252918287938, 0.2918287937743191, 0.38910505836575876, 0.19455252918287938, 0.2918287937743191, 0.19455252918287938, 0.2918287937743191, 0.19455252918287938, 0.19455252918287938, 0.2918287937743191, 0.38910505836575876, 0.2918287937743191, 0.19455252918287938, 0.9727626459143969, 0.2918287937743191, 0.2918287937743191, 0.2918287937743191, 0.2918287937743191, 0.2918287937743191, 0.19455252918287938, 0.2918287937743191, 0.09727626459143969, 0.2918287937743191, 0.09727626459143969, 0.2918287937743191, 0.2918287937743191, 0.19455252918287938, 0.19455252918287938, 0.19455252918287938, 0.2918287937743191, 0.19455252918287938, 0.19455252918287938, 0.2918287937743191, 0.38910505836575876, 0.2918287937743191, 0.19455252918287938, 0.19455252918287938, 0.48638132295719844, 0.19455252918287938, 0.19455252918287938, 0.09727626459143969, 0.38910505836575876, 0.2918287937743191, 0.19455252918287938, 0.38910505836575876, 0.19455252918287938, 0.9727626459143969, 0.09727626459143969, 1.264591439688716, 0.19455252918287938, 0.7782101167315175, 0.09727626459143969, 0.2918287937743191, 0.19455252918287938, 0.09727626459143969, 0.19455252918287938, 0.19455252918287938, 0.09727626459143969, 0.19455252918287938, 0.09727626459143969, 0.5836575875486382, 0.19455252918287938, 0.19455252918287938, 0.19455252918287938, 0.19455252918287938, 0.19455252918287938, 0.09727626459143969, 0.2918287937743191, 0.19455252918287938, 0.09727626459143969, 0.19455252918287938, 0.19455252918287938, 0.2918287937743191, 0.38910505836575876, 0.19455252918287938, 0.19455252918287938, 0.09727626459143969, 0.19455252918287938, 0.19455252918287938, 0.0, 0.19455252918287938, 0.0, 0.09727626459143969, 0.6809338521400778, 0.19455252918287938, 0.19455252918287938, 0.09727626459143969, 0.09727626459143969, 0.2918287937743191, 0.19455252918287938, 0.09727626459143969, 0.09727626459143969]
loss_list=[0.764057229367518, 0.7530181729418413, 0.7535594860283116, 0.6920616239923952, 0.5712308073308355, 0.5325290201509095, 0.37296624562062314, 0.3115434351176001, 0.2442983548137975, 0.21711025396234065, 0.283781659996074, 0.2866707254115903, 0.2191190371287338, 0.16457128060913961, 0.17158778495129515, 0.16191615234586504, 0.17578459169784066, 0.17316459098341627, 0.13622031112242902, 0.12048508044718839, 0.12186684208486426, 0.1971189376538503, 0.14229843191448088, 0.1304951206158164, 0.11685468475456082, 0.1290527475221047, 0.10126237017005306, 0.1219147370857437, 0.13255344841465122, 0.1415461238342005, 0.13559745279133253, 0.09271338154349933, 0.09142117541012731, 0.09366944318503198, 0.1188864413464279, 0.08098949380456316, 0.0976160853589033, 0.07777023032856938, 0.07467917764650746, 0.060928877728140596, 0.09085509496911783, 0.07981516972726892, 0.07510199002191872, 0.09387396973764363, 0.08869418679147809, 0.07201827643515599, 0.07422222771923871, 0.0887502970125176, 0.06377307461327478, 0.07654167068409044, 0.06651450712300236, 0.07424536901667726, 0.06023391737725628, 0.058452761347437945, 0.06464410548077656, 0.07019727239929836, 0.057478722797370936, 0.06173546547419437, 0.06528614474787636, 0.08174282336181736, 0.05656247059258866, 0.06729350148480394, 0.080850681118643, 0.06374968322516042, 0.05749108990481871, 0.04539283268865523, 0.06451155969709212, 0.04937872411901447, 0.04760916951244657, 0.051030882328047866, 0.06881337141407341, 0.05282906364177301, 0.04223081434193177, 0.047077173287777226, 0.059526945425782615, 0.06407685586370772, 0.05449594397355267, 0.06396968910064096, 0.041030702408924744, 0.0529936503585844, 0.05213152184370302, 0.06252018191384165, 0.04907816292181589, 0.04260235873405263, 0.043046089032584695, 0.05998698314723242, 0.044032429426770055, 0.045337228828853625, 0.07157848928814955, 0.06653390823193907, 0.07532947870465853, 0.045211607737411036, 0.05604690459324255, 0.03780681674070167, 0.03624279489851745, 0.04866220854767282, 0.0554131060093715, 0.037270880892420914, 0.03845720307098252, 0.03700121316342669]
BBSR:0.68
ABSR:0.2
max acc:97.57
