======================================
    IID: 0
    Dataset: mnist
    Model: Mnist_CNN
    Model Init: None
    Aggregation Function: zkp
    Fraction NonIID: 5
    Long attack: 3
    Wide attack: 3
    Threshold reject: 0.5
    Threshold down: 0.0
    Attack method: dba
    Fraction of malicious agents: 15.0%
    Poison Frac: 0.2
    Backdoor From 7 to 5
    Attack Begin: 0
    Trigger Shape: square
    Trigger Position X: 0
    Trigger Position Y: 0
    Number of agents: 100
    Fraction of agents each turn: 30(30.0%)
    Local batch size: 50
    Local epoch: 3
    Client_LR: 0.01
    Client_Momentum: 0.9
    Global Rounds: 100
======================================
main_task_accuracy=[0, 27.440000534057617, 47.220001220703125, 50.81999969482422, 46.959999084472656, 59.099998474121094, 76.08000183105469, 65.0, 60.58000183105469, 62.369998931884766, 76.94000244140625, 74.75, 78.66999816894531, 89.7699966430664, 86.33999633789062, 79.51000213623047, 84.51000213623047, 89.95999908447266, 86.38999938964844, 85.08000183105469, 92.55000305175781, 92.45999908447266, 92.33000183105469, 91.5999984741211, 85.1500015258789, 87.9800033569336, 89.97000122070312, 93.13999938964844, 93.37000274658203, 86.80999755859375, 93.08000183105469, 93.93000030517578, 94.23999786376953, 88.45999908447266, 93.41000366210938, 92.44999694824219, 93.73999786376953, 94.83999633789062, 94.36000061035156, 94.81999969482422, 94.66000366210938, 94.47000122070312, 93.61000061035156, 95.70999908447266, 94.81999969482422, 96.0199966430664, 95.20999908447266, 94.94000244140625, 95.33999633789062, 94.94999694824219, 93.9000015258789, 94.80999755859375, 95.52999877929688, 90.91999816894531, 96.19000244140625, 94.12999725341797, 96.05000305175781, 95.93000030517578, 95.62999725341797, 95.87000274658203, 96.7300033569336, 96.13999938964844, 95.58000183105469, 95.55000305175781, 95.93000030517578, 96.37999725341797, 95.04000091552734, 96.11000061035156, 96.3499984741211, 96.52999877929688, 96.3499984741211, 95.31999969482422, 95.80000305175781, 96.77999877929688, 96.7300033569336, 95.87999725341797, 96.45999908447266, 94.98999786376953, 96.91000366210938]
backdoor_accuracy=[0, 0.0, 0.0, 0.7782101167315175, 0.0, 0.0, 0.2918287937743191, 0.48638132295719844, 0.0, 0.6809338521400778, 0.19455252918287938, 0.0, 0.0, 0.19455252918287938, 0.0, 0.9727626459143969, 0.0, 0.2918287937743191, 0.19455252918287938, 0.19455252918287938, 0.19455252918287938, 0.2918287937743191, 0.19455252918287938, 0.09727626459143969, 0.09727626459143969, 0.19455252918287938, 0.0, 0.19455252918287938, 0.2918287937743191, 0.2918287937743191, 0.0, 0.2918287937743191, 0.19455252918287938, 0.2918287937743191, 0.19455252918287938, 0.2918287937743191, 0.2918287937743191, 0.19455252918287938, 0.09727626459143969, 0.09727626459143969, 0.19455252918287938, 0.6809338521400778, 0.0, 0.48638132295719844, 0.09727626459143969, 0.48638132295719844, 0.2918287937743191, 0.2918287937743191, 0.38910505836575876, 0.2918287937743191, 0.09727626459143969, 0.9727626459143969, 0.48638132295719844, 0.48638132295719844, 0.7782101167315175, 0.0, 1.0700389105058365, 0.38910505836575876, 0.5836575875486382, 0.2918287937743191, 1.1673151750972763, 0.19455252918287938, 0.2918287937743191, 1.4591439688715953, 0.38910505836575876, 0.38910505836575876, 1.556420233463035, 0.2918287937743191, 1.8482490272373542, 0.19455252918287938, 1.3618677042801557, 0.09727626459143969, 0.48638132295719844, 0.48638132295719844, 0.5836575875486382, 0.2918287937743191, 3.404669260700389, 0.48638132295719844, 0.48638132295719844]
loss_list=[1.096932015011984, 0.9345705732875677, 0.872149330493477, 0.5840896102123361, 0.6367205734188771, 0.6293970116549409, 0.4013959906267054, 0.39889877774591, 0.48075927758356163, 0.4090013259351339, 0.3050312988080312, 0.3432082746957248, 0.33620070311358347, 0.24478025595798727, 0.23102535383615388, 0.24472613881266658, 0.22452291349897643, 0.20380464504776885, 0.21771428997908648, 0.20745016193173793, 0.17507853427370448, 0.16425282808016126, 0.15154394878725855, 0.16765240297611958, 0.16970170729030304, 0.2006693414652815, 0.1639664752516142, 0.12742581525100696, 0.12417085319725124, 0.1605296810208018, 0.12921905938593056, 0.12168241655611416, 0.1361866034219511, 0.12413356857752121, 0.1265308824714187, 0.1285580286679976, 0.14267390162089616, 0.09857940846513008, 0.10346696142556132, 0.10452607698590362, 0.11011813020526057, 0.1024480811252013, 0.09746799207556553, 0.09089363695138472, 0.11338008602559795, 0.07522245971320984, 0.09363861775110073, 0.10014652382162169, 0.10046835718549253, 0.09752302930660135, 0.10814508686552234, 0.10118639722313384, 0.0745910932793412, 0.12783048183618934, 0.09401457551699961, 0.10767077981284173, 0.07549315093547058, 0.08281877050035052, 0.09019063759289027, 0.09365661956959027, 0.0718997469516533, 0.07220569686509541, 0.09568295895980554, 0.0876414543180745, 0.0770960934199522, 0.0720858601440489, 0.08539738889689609, 0.06608196306111326, 0.07139382794908737, 0.06888128930774219, 0.06780602028481048, 0.06806827507135868, 0.06754113644456891, 0.06769332525581945, 0.07974405432351112, 0.06822716498770239, 0.06883959689257273, 0.0916317111396428]