======================================
    IID: 0
    Dataset: mnist
    Model: Mnist_CNN
    Model Init: None
    Aggregation Function: RLR
    Fraction NonIID: 15
    Long attack: 4
    Wide attack: 4
    Threshold reject: 0.5
    Threshold down: 0.0
    Attack method: badnet
    Fraction of malicious agents: 15.0%
    Poison Frac: 0.2
    Backdoor From 7 to 5
    Attack Begin: 0
    Trigger Shape: square
    Trigger Position X: 0
    Trigger Position Y: 0
    Number of agents: 100
    Fraction of agents each turn: 30(30.0%)
    Local batch size: 50
    Local epoch: 3
    Client_LR: 0.01
    Client_Momentum: 0.9
    Global Rounds: 100
    RobustLR_threshold: 4
======================================
main_task_accuracy=[0, 26.540000915527344, 16.950000762939453, 57.0099983215332, 62.83000183105469, 70.22000122070312, 63.52000045776367, 73.7300033569336, 79.91000366210938, 85.33000183105469, 84.5999984741211, 86.2300033569336, 88.87999725341797, 89.55999755859375, 89.08999633789062, 91.11000061035156, 90.95999908447266, 92.04000091552734, 91.2699966430664, 91.88999938964844, 90.47000122070312, 93.0999984741211, 92.72000122070312, 93.0999984741211, 92.80999755859375, 93.44999694824219, 93.79000091552734, 93.45999908447266, 93.47000122070312, 93.66000366210938, 94.08999633789062, 94.08999633789062, 93.81999969482422, 93.83000183105469, 94.20999908447266, 94.23999786376953, 94.55999755859375, 94.5199966430664, 94.47000122070312, 94.63999938964844, 94.48999786376953, 94.80999755859375, 94.81999969482422, 94.7699966430664, 95.05999755859375, 95.13999938964844, 95.2300033569336, 95.2300033569336, 95.3499984741211, 95.23999786376953, 95.16999816894531, 95.43000030517578, 95.26000213623047, 95.19000244140625, 95.27999877929688, 95.12999725341797, 95.44999694824219, 95.47000122070312, 95.33999633789062, 95.33999633789062, 95.51000213623047, 95.66999816894531, 95.70999908447266, 95.68000030517578, 95.94000244140625, 95.54000091552734, 95.87000274658203, 95.9800033569336, 95.69999694824219, 95.79000091552734, 95.7699966430664, 95.70999908447266, 95.8499984741211, 96.05999755859375, 95.94999694824219, 96.12999725341797, 96.19999694824219, 96.16000366210938, 96.29000091552734, 96.2300033569336, 96.29000091552734, 96.08000183105469, 96.41999816894531, 96.22000122070312, 96.36000061035156, 96.30999755859375, 96.45999908447266, 96.2699966430664, 96.30000305175781, 96.3499984741211, 96.11000061035156, 96.41000366210938, 96.5, 96.41999816894531, 96.51000213623047, 96.5999984741211, 96.45999908447266, 96.44000244140625, 96.23999786376953, 96.54000091552734, 96.77999877929688]
backdoor_accuracy=[0, 0.0, 0.0, 0.0, 0.0, 0.48638132295719844, 0.0, 0.0, 0.0, 0.0, 0.0, 0.19455252918287938, 0.19455252918287938, 0.19455252918287938, 0.19455252918287938, 0.19455252918287938, 0.19455252918287938, 0.19455252918287938, 0.19455252918287938, 0.19455252918287938, 0.2918287937743191, 0.2918287937743191, 0.19455252918287938, 0.19455252918287938, 0.38910505836575876, 0.2918287937743191, 0.19455252918287938, 0.19455252918287938, 0.2918287937743191, 0.2918287937743191, 0.2918287937743191, 0.2918287937743191, 0.19455252918287938, 0.19455252918287938, 0.19455252918287938, 0.19455252918287938, 0.19455252918287938, 0.2918287937743191, 0.2918287937743191, 0.19455252918287938, 0.2918287937743191, 0.2918287937743191, 0.2918287937743191, 0.2918287937743191, 0.2918287937743191, 0.2918287937743191, 0.19455252918287938, 0.2918287937743191, 0.2918287937743191, 0.2918287937743191, 0.2918287937743191, 0.2918287937743191, 0.19455252918287938, 0.2918287937743191, 0.2918287937743191, 0.2918287937743191, 0.2918287937743191, 0.2918287937743191, 0.2918287937743191, 0.2918287937743191, 0.19455252918287938, 0.19455252918287938, 0.19455252918287938, 0.19455252918287938, 0.19455252918287938, 0.19455252918287938, 0.2918287937743191, 0.2918287937743191, 0.2918287937743191, 0.2918287937743191, 0.2918287937743191, 0.2918287937743191, 0.2918287937743191, 0.2918287937743191, 0.19455252918287938, 0.09727626459143969, 0.19455252918287938, 0.2918287937743191, 0.19455252918287938, 0.0, 0.09727626459143969, 0.0, 0.19455252918287938, 0.19455252918287938, 0.0, 0.0, 0.0, 0.2918287937743191, 0.2918287937743191, 0.09727626459143969, 0.0, 0.0, 0.2918287937743191, 0.09727626459143969, 0.0, 0.0, 0.2918287937743191, 0.19455252918287938, 0.0, 0.0, 0.0]
loss_list=[0.712716052127562, 0.7598657131922429, 0.7062862426343807, 0.6430577905940589, 0.5253601199355817, 0.4695900775838865, 0.40253011056092153, 0.29693940281587605, 0.2789851652743835, 0.22247840365831548, 0.23008571702807865, 0.19401747806114994, 0.1706848562121685, 0.17814741895591346, 0.17122420233625604, 0.1479694243253597, 0.15995962942461067, 0.12374618265464003, 0.13445649154663344, 0.10270254220654837, 0.12464075717206198, 0.11638419335609636, 0.11731918901624208, 0.11814631812353506, 0.09164705736019643, 0.10871948212876048, 0.08528295257341828, 0.11065073810263305, 0.11110887646787466, 0.11038890870239403, 0.09890451250515983, 0.08927163121253881, 0.08454079340665195, 0.09393717823506062, 0.09852866981065608, 0.09519346294563537, 0.08080736138991275, 0.08457216121793643, 0.08623866492565245, 0.07542370626002233, 0.08308936273872569, 0.09366793450854823, 0.0769977515502514, 0.07284403715878258, 0.09228107901070425, 0.07329069222822761, 0.07071914775229407, 0.07716211147896815, 0.0780255951134818, 0.07401991535459501, 0.07749623516291133, 0.06292521378245579, 0.06308721595582192, 0.08008223122502252, 0.05897231487603469, 0.06565776340515983, 0.06762803132856214, 0.06263148958942642, 0.063752832841368, 0.0703910950685128, 0.06429907575815093, 0.05853628305235263, 0.05847334599949245, 0.08934530372191077, 0.0815563309438432, 0.07148441573327266, 0.0664698665159904, 0.05792430762347422, 0.06349665467518047, 0.06373138799969222, 0.06573752460861927, 0.06160130100253959, 0.08329768962723465, 0.06954482251210078, 0.06147212898640888, 0.06448583572736853, 0.05625407529302254, 0.05361833239134463, 0.04829354432867783, 0.08067510082697602, 0.05588770494955684, 0.06581964615932538, 0.0705791395721769, 0.06092986539704849, 0.05716653456904603, 0.05047544983210942, 0.06034198563799312, 0.05035380572931088, 0.06014983356836461, 0.05064440778353541, 0.06319184284379852, 0.05429713335591326, 0.05031827497453197, 0.05679310977959502, 0.056923519927981135, 0.05316016122456358, 0.050779742830131064, 0.061640521001280466, 0.0562817094470922, 0.057120321026027515]
BBSR:0.29
ABSR:0.09
max acc:96.78
