======================================
    IID: 0
    Dataset: mnist
    Model: Mnist_CNN
    Model Init: None
    Aggregation Function: flame
    Fraction NonIID: 0
    Long attack: 4
    Wide attack: 4
    Threshold reject: 0.5
    Threshold down: 0.0
    Attack method: dba
    Fraction of malicious agents: 15.0%
    Poison Frac: 0.2
    Backdoor From 7 to 5
    Attack Begin: 0
    Trigger Shape: square
    Trigger Position X: 0
    Trigger Position Y: 0
    Number of agents: 100
    Fraction of agents each turn: 30(30.0%)
    Local batch size: 50
    Local epoch: 3
    Client_LR: 0.01
    Client_Momentum: 0.9
    Global Rounds: 100
    Noise in FLAME: 0.001
proportion of malicious are selected:0.6825
proportion of benign are selected:0.5376923076923077
======================================
main_task_accuracy=[0, 57.31999969482422, 30.420000076293945, 47.77000045776367, 38.9900016784668, 53.959999084472656, 50.290000915527344, 62.91999816894531, 63.02000045776367, 57.09000015258789, 63.119998931884766, 73.66999816894531, 63.959999084472656, 64.55999755859375, 64.38999938964844, 61.150001525878906, 67.69999694824219, 72.63999938964844, 71.16000366210938, 70.83000183105469, 70.72000122070312, 69.69999694824219, 76.18000030517578, 76.58999633789062, 76.19999694824219, 74.63999938964844, 74.25, 76.2699966430664, 73.95999908447266, 77.51000213623047, 76.91000366210938, 77.98999786376953, 76.5, 76.9000015258789, 77.81999969482422, 76.5, 77.69000244140625, 78.22000122070312, 78.29000091552734, 77.4000015258789, 78.08000183105469, 77.98999786376953, 78.19999694824219, 76.47000122070312, 75.69999694824219, 78.05999755859375, 77.70999908447266, 76.72000122070312, 78.20999908447266, 78.4000015258789, 78.55000305175781, 78.44000244140625, 77.98999786376953, 78.55000305175781, 78.30999755859375, 78.30000305175781, 78.5999984741211, 78.12999725341797, 78.80999755859375, 78.83999633789062, 78.66000366210938, 78.55000305175781, 78.18000030517578, 78.5, 78.41999816894531, 78.62999725341797, 77.86000061035156, 78.55000305175781, 78.86000061035156, 78.45999908447266, 78.87999725341797, 78.44000244140625, 78.63999938964844, 77.83000183105469, 78.54000091552734, 78.37000274658203, 78.52999877929688, 78.33000183105469, 78.66000366210938, 78.45999908447266, 78.88999938964844, 78.54000091552734, 78.5199966430664, 78.52999877929688, 78.41000366210938, 78.83000183105469, 78.76000213623047, 78.88999938964844, 77.97000122070312, 78.4800033569336, 78.66000366210938, 78.58000183105469, 78.56999969482422, 78.45999908447266, 78.31999969482422, 77.20999908447266, 78.27999877929688, 77.91000366210938, 78.9800033569336, 78.76000213623047, 77.95999908447266]
backdoor_accuracy=[0, 0.0, 0.0, 13.229571984435797, 0.0, 0.2918287937743191, 0.0, 0.0, 0.0, 0.09727626459143969, 0.38910505836575876, 0.2918287937743191, 0.0, 0.0, 0.0, 0.19455252918287938, 0.38910505836575876, 0.5836575875486382, 0.19455252918287938, 0.0, 0.09727626459143969, 0.09727626459143969, 1.1673151750972763, 1.3618677042801557, 2.0428015564202333, 2.3346303501945527, 0.5836575875486382, 2.3346303501945527, 7.003891050583658, 21.595330739299612, 3.8910505836575875, 9.727626459143968, 3.8910505836575875, 7.003891050583658, 15.66147859922179, 12.256809338521402, 27.626459143968873, 28.11284046692607, 29.571984435797667, 58.65758754863813, 38.91050583657587, 77.82101167315174, 74.0272373540856, 63.13229571984436, 49.80544747081712, 93.48249027237354, 88.13229571984436, 73.63813229571984, 90.85603112840467, 91.92607003891051, 94.45525291828794, 97.85992217898833, 91.63424124513618, 96.3035019455253, 96.88715953307393, 95.8171206225681, 98.34630350194553, 99.31906614785993, 99.90272373540856, 98.83268482490273, 97.47081712062257, 98.73540856031128, 99.22178988326849, 98.73540856031128, 98.63813229571984, 99.90272373540856, 99.80544747081711, 99.41634241245136, 98.83268482490273, 99.61089494163424, 99.90272373540856, 99.61089494163424, 98.73540856031128, 99.80544747081711, 99.80544747081711, 99.61089494163424, 98.73540856031128, 99.80544747081711, 100.0, 99.31906614785993, 100.0, 100.0, 99.80544747081711, 99.80544747081711, 100.0, 100.0, 100.0, 100.0, 100.0, 100.0, 100.0, 99.90272373540856, 100.0, 100.0, 100.0, 99.90272373540856, 99.61089494163424, 99.41634241245136, 100.0, 100.0, 100.0]
loss_list=[0.5201349271730978, 0.23288876498046168, 0.2878436874179619, 0.2159628097373828, 0.26085098539012186, 0.19682769810990333, 0.21165359637140688, 0.19088674182720017, 0.2248221384480768, 0.15411722005135345, 0.1750747301396613, 0.16714443368515491, 0.16705615736260432, 0.1265185847030746, 0.17302424662799357, 0.14263995192277326, 0.1887055035009961, 0.16119590465692615, 0.12643545446522994, 0.1458946128348911, 0.11127095058119105, 0.1642135767377599, 0.17243932379714041, 0.1618308293065758, 0.14806353103574246, 0.11875726713599606, 0.16798259587324613, 0.10222640593253221, 0.15447195024304944, 0.12634228582778093, 0.17387497581494638, 0.18645654142744197, 0.15654909059179753, 0.16258768723712144, 0.13303009198039378, 0.17130769006979846, 0.14027311343043505, 0.157974874302644, 0.12393236315829531, 0.14943425991047027, 0.17157373719024516, 0.19403603341080056, 0.11102548857427158, 0.11833209934449547, 0.13988491687762666, 0.142575945086251, 0.16505972579033262, 0.1295010047224125, 0.15022015248937348, 0.1264416547174477, 0.09664971391004883, 0.11092454973065471, 0.1595121080702396, 0.16586631731625917, 0.1459570655779769, 0.17254202996522974, 0.16361130362341164, 0.13865753077829576, 0.17768498041975786, 0.1570175868192888, 0.12318353789227968, 0.10519855323804687, 0.17197950738020185, 0.15435033606959184, 0.15739557457054865, 0.10517065958779866, 0.13170791106501245, 0.12671517296648974, 0.12959905639781472, 0.1574514452204679, 0.1518325902913523, 0.12078343532423112, 0.11544639426794198, 0.11675434442584527, 0.1494837304821443, 0.09208946697939918, 0.13029288943410325, 0.13476320333764744, 0.09817510578712908, 0.141096120123814, 0.1741071427671761, 0.15739463375658452, 0.128555342180824, 0.08714103460405682, 0.13530010217071167, 0.14018430856628952, 0.15343018298543604, 0.09555826633263893, 0.1659190249914427, 0.14331120263315691, 0.11454206192541018, 0.1447816915473425, 0.15192291490989646, 0.137789297350523, 0.08994675930432207, 0.1504654874654021, 0.12074260860323198, 0.2104637547541257, 0.11963745527004692, 0.11949394061457079]
BBSR:100.0
ABSR:99.88
max acc:78.98
