======================================
    IID: 0
    Dataset: mnist
    Model: Mnist_CNN
    Model Init: None
    Aggregation Function: flame
    Fraction NonIID: 0
    Long attack: 3
    Wide attack: 3
    Threshold reject: 0.5
    Threshold down: 0.0
    Attack method: badnet
    Fraction of malicious agents: 15.0%
    Poison Frac: 0.2
    Backdoor From 7 to 5
    Attack Begin: 0
    Trigger Shape: square
    Trigger Position X: 0
    Trigger Position Y: 0
    Number of agents: 100
    Fraction of agents each turn: 30(30.0%)
    Local batch size: 50
    Local epoch: 3
    Client_LR: 0.01
    Client_Momentum: 0.9
    Global Rounds: 100
    Noise in FLAME: 0.001
proportion of malicious are selected:0.55
proportion of benign are selected:0.5711538461538461
======================================
main_task_accuracy=[0, 22.600000381469727, 33.380001068115234, 40.869998931884766, 44.56999969482422, 47.970001220703125, 70.55999755859375, 70.2300033569336, 66.91000366210938, 70.44999694824219, 69.3499984741211, 71.29000091552734, 72.94000244140625, 72.27999877929688, 69.68000030517578, 68.94999694824219, 73.93000030517578, 73.1500015258789, 75.19999694824219, 73.5999984741211, 73.16999816894531, 77.18000030517578, 77.41999816894531, 77.3499984741211, 74.97000122070312, 77.87000274658203, 75.5999984741211, 76.5199966430664, 77.63999938964844, 77.45999908447266, 76.83999633789062, 77.75, 77.0199966430664, 77.54000091552734, 77.12999725341797, 76.44000244140625, 78.43000030517578, 77.19000244140625, 78.31999969482422, 77.91999816894531, 78.69000244140625, 78.12999725341797, 78.5, 78.86000061035156, 78.45999908447266, 78.06999969482422, 78.66999816894531, 78.61000061035156, 78.01000213623047, 78.05999755859375, 78.77999877929688, 78.2300033569336, 78.80000305175781, 78.41999816894531, 78.44999694824219, 78.55000305175781, 78.77999877929688, 78.75, 78.75, 78.79000091552734, 78.62999725341797, 78.47000122070312, 78.7300033569336, 78.79000091552734, 78.91000366210938, 86.38999938964844, 86.3499984741211, 84.27999877929688, 84.94000244140625, 85.83999633789062, 85.73999786376953, 85.41999816894531, 87.98999786376953, 87.9800033569336, 86.94999694824219, 85.08999633789062, 84.7300033569336, 84.16999816894531, 83.05999755859375, 83.98999786376953, 83.48999786376953, 82.41999816894531, 79.93000030517578, 80.94000244140625, 81.6500015258789, 81.5, 81.9800033569336, 81.3499984741211, 81.95999908447266, 81.16999816894531, 81.47000122070312, 79.66000366210938, 81.13999938964844, 79.6500015258789, 80.31999969482422, 79.9800033569336, 79.98999786376953, 80.05000305175781, 87.66000366210938, 87.63999938964844, 87.33000183105469]
backdoor_accuracy=[0, 0.0, 0.0, 0.0, 0.19455252918287938, 0.0, 0.09727626459143969, 0.2918287937743191, 0.09727626459143969, 0.19455252918287938, 0.2918287937743191, 0.19455252918287938, 0.5836575875486382, 0.6809338521400778, 0.19455252918287938, 0.19455252918287938, 3.8910505836575875, 0.19455252918287938, 0.8754863813229572, 0.38910505836575876, 0.09727626459143969, 0.5836575875486382, 0.38910505836575876, 0.2918287937743191, 0.19455252918287938, 0.2918287937743191, 0.0, 0.5836575875486382, 0.2918287937743191, 0.38910505836575876, 0.19455252918287938, 0.2918287937743191, 0.09727626459143969, 0.2918287937743191, 0.2918287937743191, 0.6809338521400778, 0.6809338521400778, 0.2918287937743191, 0.38910505836575876, 0.48638132295719844, 0.2918287937743191, 0.0, 1.1673151750972763, 0.48638132295719844, 0.38910505836575876, 0.38910505836575876, 0.9727626459143969, 0.48638132295719844, 0.8754863813229572, 0.6809338521400778, 0.8754863813229572, 0.09727626459143969, 0.6809338521400778, 0.48638132295719844, 0.6809338521400778, 0.48638132295719844, 0.38910505836575876, 0.6809338521400778, 2.0428015564202333, 0.7782101167315175, 2.237354085603113, 0.6809338521400778, 0.7782101167315175, 1.6536964980544746, 1.0700389105058365, 4.377431906614786, 0.8754863813229572, 0.48638132295719844, 1.4591439688715953, 1.4591439688715953, 0.9727626459143969, 2.431906614785992, 5.058365758754864, 2.0428015564202333, 3.307392996108949, 2.3346303501945527, 1.8482490272373542, 1.264591439688716, 0.8754863813229572, 12.45136186770428, 5.933852140077821, 2.431906614785992, 1.7509727626459144, 2.7237354085603114, 30.836575875486382, 25.0, 22.276264591439688, 42.023346303501945, 24.41634241245136, 9.922178988326849, 10.214007782101167, 21.40077821011673, 29.085603112840467, 16.828793774319067, 33.17120622568093, 26.167315175097276, 21.98443579766537, 30.35019455252918, 73.05447470817121, 64.6887159533074, 79.57198443579766]
loss_list=[0.48047964933789744, 0.2953207308251337, 0.4448807700945915, 0.35163495999029953, 0.23194546653134313, 0.18907809397653946, 0.21232120021107573, 0.1383735895225956, 0.1916708785439255, 0.15351831199869503, 0.21503407274288552, 0.11628759143315441, 0.16693954669311906, 0.12156314428736244, 0.13941525207289837, 0.16082939376334338, 0.14998001496394336, 0.13652305604110146, 0.16079891638574464, 0.1693740911123376, 0.1870615160029552, 0.20372035781243206, 0.17570584502310113, 0.11762715156366862, 0.15035837292223622, 0.15143642290691772, 0.11234626513614196, 0.19244106330299765, 0.1397210420855056, 0.16323268055336435, 0.11253489303217559, 0.10647096641146675, 0.13533585756211367, 0.09971873534757104, 0.22373607687212138, 0.09789559916067425, 0.08593561278162164, 0.15856854692430034, 0.10797935725237949, 0.14795976967992502, 0.09611552315401392, 0.12249387826133241, 0.1311420351566406, 0.1449369854769178, 0.1320443371447327, 0.11537360393823047, 0.13031082950181402, 0.06575172159213735, 0.15577440631612272, 0.09690319722249487, 0.09117713464708119, 0.1485415868148439, 0.11479833982540225, 0.10718419435722877, 0.10335864791882789, 0.08744879436002863, 0.16395943069402838, 0.1499334924691175, 0.15413094024339546, 0.12728253335131345, 0.11670936572807153, 0.08503825463093943, 0.09952091071347224, 0.14303537631041488, 0.1741243100831973, 0.12708142208523004, 0.08963506352172114, 0.12679098409134187, 0.0618414359663617, 0.10277654985398942, 0.09619415454547174, 0.15430912266301838, 0.10980205389122837, 0.10616818213340279, 0.09424447614382679, 0.1179470493261137, 0.06930586614618042, 0.06867006644377657, 0.14356437126739005, 0.105563442138916, 0.08930259444066305, 0.08092654680130178, 0.10392074093138855, 0.1396583626206813, 0.13079234891003566, 0.0905760550804431, 0.11032969441596992, 0.14483524880077178, 0.09905273102742432, 0.10297390442103455, 0.12592479785196214, 0.11731291006659943, 0.11521488148678904, 0.11036754089625236, 0.08741891019632683, 0.0888785442599844, 0.12663602993981712, 0.17752936910672093, 0.11266487385289348, 0.10219086029414833]
BBSR:79.57
ABSR:39.63
max acc:87.66
