======================================
    IID: 0
    Dataset: mnist
    Model: Mnist_CNN
    Model Init: None
    Aggregation Function: zkp
    Fraction NonIID: 0
    Long attack: 3
    Wide attack: 3
    Threshold reject: 0.5
    Threshold down: 0.0
    Attack method: dba
    Fraction of malicious agents: 15.0%
    Poison Frac: 0.2
    Backdoor From 7 to 5
    Attack Begin: 0
    Trigger Shape: square
    Trigger Position X: 0
    Trigger Position Y: 0
    Number of agents: 100
    Fraction of agents each turn: 30(30.0%)
    Local batch size: 50
    Local epoch: 3
    Client_LR: 0.01
    Client_Momentum: 0.9
    Global Rounds: 100
======================================
main_task_accuracy=[0, 33.11000061035156, 20.270000457763672, 37.619998931884766, 51.970001220703125, 39.630001068115234, 61.880001068115234, 43.619998931884766, 65.12000274658203, 78.37999725341797, 84.66000366210938, 73.12999725341797, 60.16999816894531, 77.05999755859375, 85.87000274658203, 81.83999633789062, 85.58999633789062, 84.1500015258789, 84.4800033569336, 91.61000061035156, 84.69999694824219, 90.30000305175781, 88.3499984741211, 64.19000244140625, 87.2300033569336, 94.18000030517578, 91.37000274658203, 95.44999694824219, 95.52999877929688, 93.7300033569336, 90.41999816894531, 92.47000122070312, 90.9800033569336, 96.06999969482422, 94.47000122070312, 95.02999877929688, 94.0199966430664, 96.19000244140625, 84.25, 94.5199966430664, 96.56999969482422, 86.23999786376953, 95.95999908447266, 93.83000183105469, 96.11000061035156, 95.13999938964844, 89.12999725341797, 93.8499984741211, 96.02999877929688, 97.31999969482422, 95.95999908447266, 97.08000183105469, 97.22000122070312, 97.45999908447266, 96.11000061035156, 96.55000305175781, 93.52999877929688, 94.55000305175781, 77.16999816894531, 96.94000244140625, 97.55999755859375, 97.77999877929688, 96.51000213623047, 97.20999908447266, 95.41000366210938, 97.19999694824219, 97.06999969482422, 97.69000244140625, 97.76000213623047, 92.30999755859375, 96.38999938964844, 95.2300033569336, 94.80000305175781, 97.20999908447266, 96.0999984741211, 97.5199966430664, 97.8499984741211, 97.62000274658203, 97.25, 97.69999694824219, 97.68000030517578, 97.63999938964844, 96.45999908447266, 97.7300033569336, 96.0999984741211, 97.91999816894531, 97.79000091552734, 96.66999816894531, 97.69999694824219, 97.80999755859375, 98.08000183105469, 97.88999938964844, 96.4800033569336, 97.58000183105469, 93.4800033569336, 96.9000015258789, 95.19000244140625, 97.93000030517578, 98.22000122070312, 98.30000305175781, 98.33000183105469]
backdoor_accuracy=[0, 0.19455252918287938, 0.0, 0.0, 0.9727626459143969, 0.09727626459143969, 0.0, 0.6809338521400778, 0.09727626459143969, 0.19455252918287938, 0.0, 0.38910505836575876, 0.0, 0.0, 0.5836575875486382, 0.19455252918287938, 1.1673151750972763, 0.0, 0.19455252918287938, 0.6809338521400778, 0.0, 2.237354085603113, 0.2918287937743191, 0.0, 0.0, 0.48638132295719844, 0.0, 0.38910505836575876, 0.09727626459143969, 0.48638132295719844, 0.5836575875486382, 0.2918287937743191, 0.0, 0.38910505836575876, 0.2918287937743191, 0.2918287937743191, 0.0, 0.2918287937743191, 0.0, 0.09727626459143969, 0.8754863813229572, 0.0, 0.48638132295719844, 0.09727626459143969, 0.0, 0.38910505836575876, 0.0, 0.09727626459143969, 0.0, 0.09727626459143969, 0.19455252918287938, 0.09727626459143969, 0.09727626459143969, 0.19455252918287938, 0.2918287937743191, 6.517509727626459, 3.5992217898832686, 0.19455252918287938, 0.7782101167315175, 13.424124513618677, 5.544747081712062, 2.431906614785992, 16.147859922178988, 0.19455252918287938, 0.2918287937743191, 0.6809338521400778, 0.9727626459143969, 0.19455252918287938, 0.19455252918287938, 30.836575875486382, 0.09727626459143969, 4.571984435797665, 0.0, 3.9883268482490273, 0.2918287937743191, 2.9182879377431905, 0.48638132295719844, 2.3346303501945527, 0.5836575875486382, 11.186770428015564, 0.19455252918287938, 24.027237354085603, 62.06225680933852, 18.3852140077821, 51.84824902723735, 32.490272373540854, 79.47470817120623, 0.38910505836575876, 67.80155642023347, 1.556420233463035, 40.95330739299611, 2.431906614785992, 29.766536964980546, 13.424124513618677, 9.727626459143968, 2.529182879377432, 23.638132295719846, 5.252918287937743, 9.727626459143968, 6.031128404669261, 21.98443579766537]
loss_list=[0.5909805941188073, 0.31827742662303693, 0.40707997363929993, 0.26133269049475677, 0.1679297544142482, 0.2146701737520175, 0.16718856283163805, 0.15215049113365658, 0.18288856038321052, 0.13614267307890457, 0.11168965673979232, 0.11798152455619686, 0.14480176471726713, 0.14147526256697332, 0.10305262234003595, 0.11832160593448536, 0.09004518585224712, 0.0816281321193257, 0.08665843024959459, 0.08240708066210527, 0.08941437012376262, 0.07665531411146075, 0.0834534999883472, 0.12894959740447923, 0.09250658363084355, 0.06761772757234982, 0.060808133106941185, 0.06501499311963728, 0.06587661343996506, 0.06039801290293115, 0.06739543141135312, 0.07473923313299492, 0.06137053844131558, 0.05120485141218576, 0.0582779573910568, 0.05038452392031002, 0.05305857173135986, 0.050800461545288195, 0.07583038742648526, 0.05188211968610593, 0.04392840984775674, 0.07763848452118031, 0.04968363040993547, 0.049095711177907786, 0.04564607386480306, 0.0464351907019186, 0.0651268670114407, 0.05353172429834582, 0.04554511877095531, 0.04248985613049806, 0.04555291401239985, 0.03594277926677823, 0.03792849859868356, 0.040594351781810145, 0.034396442298684236, 0.04096856487090719, 0.04728885696181629, 0.05437459953323988, 0.09169139109416818, 0.04489209505394834, 0.040497582709932506, 0.03819232916274082, 0.04080225338688786, 0.039859980714699865, 0.045399196627054536, 0.03687589772565087, 0.03640172385556058, 0.035197204908873944, 0.03416235904226057, 0.045713964691927136, 0.03627680306627023, 0.035969021234614054, 0.04645092104456904, 0.0349042540878448, 0.03727950943459493, 0.030990028560829434, 0.03519028051526692, 0.032426700546656605, 0.03264875905405575, 0.030055641932650787, 0.03564160345403825, 0.03132948669621922, 0.03331518217983498, 0.029299102819557436, 0.033953992026858434, 0.03489563090610891, 0.031146566758508663, 0.0399244634172621, 0.028184063187215447, 0.032275836191583994, 0.026324692671745326, 0.02643190952779833, 0.03584564773818944, 0.03584889652435386, 0.040792308273000163, 0.0347301469325436, 0.03687836203100845, 0.0295912242172395, 0.027596392656538148, 0.027223263483410344]
BBSR:29.77
ABSR:12.45
max acc:98.33
