======================================
    IID: 0
    Dataset: mnist
    Model: Mnist_CNN
    Model Init: None
    Aggregation Function: zkp
    Fraction NonIID: 15
    Long attack: 4
    Wide attack: 4
    Threshold reject: 0.5
    Threshold down: 0.0
    Attack method: badnet
    Fraction of malicious agents: 15.0%
    Poison Frac: 0.2
    Backdoor From 7 to 5
    Attack Begin: 0
    Trigger Shape: square
    Trigger Position X: 0
    Trigger Position Y: 0
    Number of agents: 100
    Fraction of agents each turn: 30(30.0%)
    Local batch size: 50
    Local epoch: 3
    Client_LR: 0.01
    Client_Momentum: 0.9
    Global Rounds: 100
======================================
main_task_accuracy=[0, 20.700000762939453, 18.709999084472656, 44.95000076293945, 46.58000183105469, 56.470001220703125, 45.400001525878906, 64.33999633789062, 64.04000091552734, 70.9800033569336, 60.29999923706055, 61.2400016784668, 82.26000213623047, 81.27999877929688, 77.44999694824219, 74.52999877929688, 84.01000213623047, 90.43000030517578, 79.41999816894531, 83.76000213623047, 84.25, 85.7300033569336, 83.83000183105469, 86.48999786376953, 84.29000091552734, 82.08000183105469, 91.19999694824219, 87.31999969482422, 87.41999816894531, 92.33999633789062, 91.58000183105469, 84.94000244140625, 92.29000091552734, 92.54000091552734, 89.91000366210938, 91.66999816894531, 92.48999786376953, 95.16999816894531, 92.9800033569336, 93.43000030517578, 92.0999984741211, 93.20999908447266, 93.2699966430664, 94.8499984741211, 91.79000091552734, 94.55999755859375, 94.33999633789062, 94.87000274658203, 92.98999786376953, 95.95999908447266, 91.51000213623047, 94.76000213623047, 95.1500015258789, 95.47000122070312, 95.79000091552734, 95.26000213623047, 95.52999877929688, 95.7699966430664, 95.83000183105469, 95.5199966430664, 94.08999633789062, 96.48999786376953, 96.2300033569336, 96.30000305175781, 96.0999984741211, 95.44000244140625, 96.12000274658203, 96.26000213623047, 96.37000274658203, 96.4800033569336, 96.55000305175781, 94.76000213623047, 96.5999984741211, 96.37000274658203, 96.9800033569336, 96.9000015258789, 96.0999984741211, 96.69000244140625, 96.37999725341797, 95.08000183105469, 97.0199966430664, 97.02999877929688, 95.91999816894531, 96.47000122070312, 95.68000030517578, 96.91999816894531, 96.16999816894531, 97.5, 96.58999633789062, 96.36000061035156, 96.16999816894531, 96.66999816894531, 97.51000213623047, 97.04000091552734, 97.41999816894531, 96.80999755859375, 97.44999694824219, 97.04000091552734, 96.25, 97.16000366210938, 97.4800033569336]
backdoor_accuracy=[0, 0.0, 0.0, 0.0, 0.0, 10.700389105058365, 0.0, 0.09727626459143969, 0.48638132295719844, 0.19455252918287938, 0.38910505836575876, 0.0, 0.2918287937743191, 0.5836575875486382, 0.48638132295719844, 0.19455252918287938, 0.8754863813229572, 0.5836575875486382, 0.38910505836575876, 0.2918287937743191, 0.19455252918287938, 0.0, 0.5836575875486382, 0.2918287937743191, 0.19455252918287938, 0.2918287937743191, 0.19455252918287938, 0.0, 0.2918287937743191, 0.19455252918287938, 0.09727626459143969, 0.0, 0.2918287937743191, 0.0, 0.09727626459143969, 0.7782101167315175, 0.0, 0.48638132295719844, 0.19455252918287938, 0.2918287937743191, 0.19455252918287938, 0.09727626459143969, 0.38910505836575876, 0.2918287937743191, 0.2918287937743191, 0.38910505836575876, 0.0, 0.2918287937743191, 0.19455252918287938, 0.09727626459143969, 0.09727626459143969, 0.19455252918287938, 0.5836575875486382, 0.19455252918287938, 0.2918287937743191, 0.0, 0.0, 0.0, 0.09727626459143969, 0.09727626459143969, 0.2918287937743191, 0.0, 0.48638132295719844, 0.09727626459143969, 0.09727626459143969, 0.19455252918287938, 0.19455252918287938, 0.09727626459143969, 1.0700389105058365, 0.09727626459143969, 0.38910505836575876, 0.09727626459143969, 0.48638132295719844, 0.38910505836575876, 0.48638132295719844, 0.09727626459143969, 0.19455252918287938, 0.19455252918287938, 0.09727626459143969, 0.19455252918287938, 0.09727626459143969, 0.9727626459143969, 5.252918287937743, 0.09727626459143969, 1.264591439688716, 2.529182879377432, 0.48638132295719844, 0.09727626459143969, 0.9727626459143969, 1.1673151750972763, 0.19455252918287938, 3.7937743190661477, 0.09727626459143969, 0.19455252918287938, 0.09727626459143969, 0.7782101167315175, 0.7782101167315175, 0.09727626459143969, 1.8482490272373542, 0.6809338521400778, 0.48638132295719844]
loss_list=[0.6990243202069414, 0.7684406199007688, 0.6731401155764587, 0.6034778928427742, 0.43208340049014465, 0.4627683792396357, 0.43798712488093794, 0.37060429487023155, 0.2964699263357774, 0.2403855652880156, 0.300219600857775, 0.2812134194851535, 0.24070574283133742, 0.14897970113046813, 0.16058818777642983, 0.2220840076195951, 0.18905190493137938, 0.12543298108956819, 0.13365566874316456, 0.16921308904936933, 0.1558918547196736, 0.14814897796254053, 0.1256110357409774, 0.13579599387898028, 0.1437213049963719, 0.14377468430718554, 0.12043530605754511, 0.11246512287322347, 0.12225871994936048, 0.09889549384751947, 0.1255881871877595, 0.11654944444062251, 0.09806829209637231, 0.09210757018255365, 0.1209908534866778, 0.1028310048335911, 0.08134140044679468, 0.07024565323354114, 0.07803782747835128, 0.1113452045062691, 0.08601278065880576, 0.09362898596410545, 0.08387375011848616, 0.079426946558432, 0.07654593263528202, 0.07370821412450661, 0.07449445541085056, 0.06677803791365601, 0.08693220754711352, 0.05556494977577712, 0.07021287765161938, 0.06668039810688062, 0.06822102952594908, 0.06055153713148905, 0.05280270246901237, 0.07187040183828744, 0.07120931510426337, 0.0544196615564665, 0.056250031931263884, 0.06362992698723166, 0.06627914080810152, 0.056050426718818706, 0.05033899225730505, 0.06925889106799689, 0.061375797681509824, 0.06244921990084299, 0.05377099469444688, 0.05056378849167913, 0.049422206445311624, 0.049017629689720586, 0.049456388566098464, 0.05724536836138748, 0.04993306460406676, 0.045719901918816364, 0.05901240266654041, 0.042775125216271664, 0.05539015847377344, 0.04112894697500339, 0.05137727593349868, 0.058696457289131684, 0.046115075600225, 0.043497589233392836, 0.042178890237229635, 0.044996410509846416, 0.04601427172630749, 0.04277373248973882, 0.05019928588664217, 0.056158100497191075, 0.04836159582008982, 0.04400793115359789, 0.04526031359473058, 0.04101145494613821, 0.041706766528720594, 0.040902711305389625, 0.035929896480856455, 0.04760699023230116, 0.04224450408832883, 0.04265079714879306, 0.03821745555437625, 0.04366796496570453]
BBSR:3.79
ABSR:0.89
max acc:97.51
