======================================
    IID: 0
    Dataset: mnist
    Model: Mnist_CNN
    Model Init: None
    Aggregation Function: RLR
    Fraction NonIID: 0
    Long attack: 3
    Wide attack: 3
    Style send: trust
    Threshold reject: 0.5
    Threshold down: 0.0
    Attack method: dba
    Fraction of malicious agents: 15.0%
    Poison Frac: 0.2
    Backdoor From 7 to 5
    Attack Begin: 0
    Trigger Shape: square
    Trigger Position X: 0
    Trigger Position Y: 0
    Number of agents: 100
    Fraction of agents each turn: 30(30.0%)
    Local batch size: 50
    Local epoch: 3
    Client_LR: 0.01
    Client_Momentum: 0.9
    Global Rounds: 100
    RobustLR_threshold: 4
======================================
main_task_accuracy=[0, 48.09000015258789, 55.439998626708984, 57.45000076293945, 51.130001068115234, 74.58999633789062, 70.0999984741211, 78.58999633789062, 70.25, 72.12999725341797, 86.33999633789062, 87.68000030517578, 92.37000274658203, 90.69000244140625, 92.29000091552734, 91.30999755859375, 87.47000122070312, 90.43000030517578, 93.70999908447266, 92.7300033569336, 91.33999633789062, 92.94000244140625, 95.04000091552734, 94.22000122070312, 93.5, 92.38999938964844, 94.47000122070312, 94.98999786376953, 93.79000091552734, 94.22000122070312, 95.80000305175781, 95.4800033569336, 95.79000091552734, 94.75, 96.30999755859375, 94.72000122070312, 94.47000122070312, 95.58000183105469, 94.55999755859375, 95.41000366210938, 96.69999694824219, 95.43000030517578, 95.7300033569336, 94.44999694824219, 95.9000015258789, 96.01000213623047, 96.08999633789062, 96.2300033569336, 96.4000015258789, 97.41999816894531, 95.0999984741211, 96.2300033569336, 94.91999816894531, 96.55999755859375, 96.66999816894531, 96.45999908447266, 96.06999969482422, 96.80000305175781, 97.08000183105469, 96.94000244140625, 97.44000244140625, 96.18000030517578, 96.7699966430664, 97.3499984741211, 97.37000274658203, 97.38999938964844, 96.98999786376953, 97.5, 97.36000061035156, 97.27999877929688, 96.77999877929688, 97.41999816894531, 97.37999725341797, 96.68000030517578, 96.45999908447266, 97.36000061035156, 97.13999938964844, 94.55000305175781, 94.98999786376953, 95.6500015258789, 96.80000305175781, 96.91000366210938, 97.29000091552734, 96.87000274658203, 97.05999755859375, 97.37000274658203, 96.5999984741211, 97.44999694824219, 97.5199966430664, 97.30000305175781, 97.6500015258789, 96.62999725341797, 97.44999694824219, 97.41000366210938, 97.76000213623047, 97.63999938964844, 97.72000122070312, 97.76000213623047, 97.80999755859375, 97.3499984741211, 97.08000183105469]
backdoor_accuracy=[0, 0.0, 0.0, 0.0, 1.1673151750972763, 0.0, 0.0, 0.0, 0.19455252918287938, 0.0, 0.2918287937743191, 0.2918287937743191, 0.09727626459143969, 0.19455252918287938, 0.2918287937743191, 0.19455252918287938, 0.48638132295719844, 0.2918287937743191, 0.2918287937743191, 0.38910505836575876, 0.19455252918287938, 0.0, 0.19455252918287938, 0.19455252918287938, 0.19455252918287938, 0.2918287937743191, 0.19455252918287938, 0.19455252918287938, 0.19455252918287938, 0.19455252918287938, 0.19455252918287938, 0.48638132295719844, 0.19455252918287938, 0.19455252918287938, 0.09727626459143969, 0.6809338521400778, 0.19455252918287938, 0.2918287937743191, 0.48638132295719844, 0.7782101167315175, 0.19455252918287938, 0.19455252918287938, 0.48638132295719844, 0.0, 0.19455252918287938, 0.09727626459143969, 0.38910505836575876, 0.19455252918287938, 0.38910505836575876, 0.2918287937743191, 0.6809338521400778, 0.48638132295719844, 0.2918287937743191, 0.9727626459143969, 0.9727626459143969, 0.2918287937743191, 1.1673151750972763, 1.264591439688716, 0.6809338521400778, 0.38910505836575876, 0.5836575875486382, 1.0700389105058365, 0.6809338521400778, 1.4591439688715953, 0.38910505836575876, 0.38910505836575876, 0.38910505836575876, 0.7782101167315175, 0.6809338521400778, 0.8754863813229572, 0.8754863813229572, 0.48638132295719844, 0.48638132295719844, 0.09727626459143969, 1.556420233463035, 0.8754863813229572, 0.38910505836575876, 0.6809338521400778, 0.7782101167315175, 2.140077821011673, 1.7509727626459144, 1.3618677042801557, 2.0428015564202333, 1.4591439688715953, 1.4591439688715953, 1.1673151750972763, 1.0700389105058365, 2.7237354085603114, 1.1673151750972763, 1.264591439688716, 2.7237354085603114, 3.11284046692607, 1.8482490272373542, 2.431906614785992, 1.0700389105058365, 2.6264591439688716, 1.8482490272373542, 1.6536964980544746, 1.4591439688715953, 6.906614785992218, 3.7937743190661477]
loss_list=[0.4567005139445655, 0.36119060521437807, 0.27502176306495224, 0.20161798134472006, 0.19999493083849798, 0.18098852835810567, 0.13994842691933687, 0.12043547177553432, 0.12279720708556528, 0.11017070462281817, 0.11287265040916908, 0.08520873410649557, 0.09584125951082968, 0.07558457131835117, 0.07108283478408363, 0.07853415126063916, 0.08445873608190094, 0.08442542901134316, 0.07222194888009557, 0.08303412153147055, 0.059225760295949184, 0.06764994650968364, 0.05148322840113835, 0.0607912751937492, 0.060264921121339646, 0.0543391435608636, 0.0529493846939172, 0.060320893561712455, 0.06910765161776183, 0.05400951376724927, 0.06766714049114177, 0.06435067264002096, 0.05300288922475866, 0.05162497888112271, 0.05279677796711418, 0.04854846145576604, 0.06503187031989094, 0.04940907743813041, 0.05357077694343952, 0.05026306963313259, 0.04633412340730635, 0.05595126551052478, 0.05167099811182371, 0.04579362806308495, 0.044597614358552314, 0.05136632242162144, 0.05223548596937543, 0.04413071046896762, 0.0448258910840968, 0.04103831511541429, 0.050569258615955924, 0.04745433071059675, 0.04611697463104025, 0.04643055896323469, 0.04368586708276271, 0.04040474970152647, 0.03941851110864452, 0.048358074109594334, 0.03698032788611739, 0.045170039450193586, 0.044858983075536936, 0.04854934767353799, 0.04824211478175424, 0.0415870127333443, 0.03601544306130169, 0.04027616449032733, 0.04078695546232195, 0.03798753082201657, 0.03814646486445685, 0.04237940577269765, 0.04361712713971088, 0.043863303014530605, 0.04114862726162407, 0.03349953688018016, 0.04444622990598621, 0.037897743986231365, 0.04097203703684555, 0.04148235555423207, 0.038247591696946, 0.04184615523832172, 0.03618087360413025, 0.041841559071385766, 0.035760383282699384, 0.034903444595044054, 0.04334340354100415, 0.03451450192309677, 0.03493098611442398, 0.03424887062801923, 0.035057004344535854, 0.03899718899064692, 0.03488424775624044, 0.0362826084167956, 0.0364284978074724, 0.031192704402381564, 0.04109772907865984, 0.03576552954675429, 0.03979318952410127, 0.03534919570351712, 0.03297175447397933, 0.032462737980346185]
BBSR:6.91
ABSR:2.68
max acc:97.81
