======================================
    IID: 0
    Dataset: mnist
    Model: Mnist_CNN
    Model Init: None
    Aggregation Function: zkp
    Fraction NonIID: 0
    Long attack: 5
    Wide attack: 5
    Threshold reject: 0.5
    Threshold down: 0.0
    Attack method: badnet
    Fraction of malicious agents: 15.0%
    Poison Frac: 0.2
    Backdoor From 7 to 5
    Attack Begin: 0
    Trigger Shape: square
    Trigger Position X: 0
    Trigger Position Y: 0
    Number of agents: 100
    Fraction of agents each turn: 30(30.0%)
    Local batch size: 50
    Local epoch: 3
    Client_LR: 0.01
    Client_Momentum: 0.9
    Global Rounds: 100
======================================
main_task_accuracy=[0, 14.979999542236328, 29.049999237060547, 40.380001068115234, 19.510000228881836, 37.22999954223633, 52.540000915527344, 56.59000015258789, 51.04999923706055, 67.87999725341797, 57.65999984741211, 69.13999938964844, 84.11000061035156, 76.80999755859375, 73.54000091552734, 72.44000244140625, 85.9800033569336, 83.2699966430664, 61.75, 68.19000244140625, 78.36000061035156, 87.86000061035156, 88.51000213623047, 73.76000213623047, 89.52999877929688, 81.76000213623047, 86.4800033569336, 90.80000305175781, 84.43000030517578, 90.58000183105469, 90.41999816894531, 86.05000305175781, 81.6500015258789, 92.52999877929688, 81.12000274658203, 92.05000305175781, 65.7699966430664, 91.04000091552734, 93.1500015258789, 95.62999725341797, 93.9000015258789, 83.31999969482422, 89.88999938964844, 94.80999755859375, 95.37000274658203, 96.47000122070312, 96.44999694824219, 96.54000091552734, 92.76000213623047, 93.12000274658203, 95.5999984741211, 94.68000030517578, 96.9800033569336, 96.6500015258789, 96.9800033569336, 96.6500015258789, 88.9800033569336, 91.80000305175781, 92.95999908447266, 97.30999755859375, 93.77999877929688, 96.3499984741211, 96.18000030517578, 95.7300033569336, 95.73999786376953, 96.16000366210938, 95.7699966430664, 97.23999786376953, 97.80999755859375, 97.19000244140625, 97.16000366210938, 95.0999984741211, 97.37000274658203, 97.01000213623047, 95.79000091552734, 97.3499984741211, 97.43000030517578, 96.04000091552734, 97.43000030517578, 96.55999755859375, 97.08000183105469, 96.55999755859375, 97.22000122070312, 97.44000244140625, 96.02999877929688, 97.18000030517578, 97.58999633789062, 96.80999755859375, 97.66000366210938, 96.66999816894531, 97.08999633789062, 96.80999755859375, 95.97000122070312, 97.7699966430664, 97.0999984741211, 97.4800033569336, 97.13999938964844, 97.52999877929688, 92.98999786376953, 97.87999725341797, 98.12000274658203]
backdoor_accuracy=[0, 0.0, 0.0, 0.0, 2.431906614785992, 0.0, 0.0, 0.0, 19.747081712062258, 0.0, 2.0428015564202333, 0.0, 0.7782101167315175, 0.2918287937743191, 6.031128404669261, 0.0, 0.19455252918287938, 3.0155642023346303, 0.0, 16.926070038910506, 0.38910505836575876, 1.264591439688716, 0.9727626459143969, 0.09727626459143969, 0.38910505836575876, 0.48638132295719844, 0.8754863813229572, 0.5836575875486382, 0.09727626459143969, 0.48638132295719844, 0.9727626459143969, 0.0, 2.140077821011673, 0.2918287937743191, 1.7509727626459144, 0.48638132295719844, 0.2918287937743191, 0.38910505836575876, 0.2918287937743191, 0.2918287937743191, 0.09727626459143969, 0.2918287937743191, 0.48638132295719844, 0.2918287937743191, 0.2918287937743191, 0.2918287937743191, 0.19455252918287938, 0.19455252918287938, 0.19455252918287938, 1.556420233463035, 0.19455252918287938, 0.19455252918287938, 0.19455252918287938, 0.19455252918287938, 0.19455252918287938, 0.7782101167315175, 10.700389105058365, 0.09727626459143969, 4.182879377431907, 0.2918287937743191, 1.4591439688715953, 0.2918287937743191, 0.48638132295719844, 0.2918287937743191, 2.821011673151751, 0.19455252918287938, 0.48638132295719844, 0.19455252918287938, 3.7937743190661477, 0.2918287937743191, 3.404669260700389, 0.9727626459143969, 0.5836575875486382, 2.821011673151751, 0.48638132295719844, 1.1673151750972763, 1.0700389105058365, 1.1673151750972763, 1.1673151750972763, 4.571984435797665, 0.38910505836575876, 16.147859922178988, 0.9727626459143969, 2.140077821011673, 0.2918287937743191, 3.501945525291829, 0.38910505836575876, 4.085603112840467, 0.48638132295719844, 6.3229571984435795, 0.48638132295719844, 6.809338521400778, 2.6264591439688716, 4.961089494163424, 2.0428015564202333, 32.00389105058366, 1.4591439688715953, 15.66147859922179, 11.673151750972762, 13.521400778210117, 21.78988326848249]
loss_list=[0.5270292694547706, 0.2719202005020302, 0.4614367087158025, 0.2820368559228364, 0.33295511221934126, 0.32794492712734763, 0.19586452835283719, 0.15309735044346137, 0.20224185422797705, 0.2445160889585171, 0.16257408497371048, 0.14868681049024898, 0.1162778303674157, 0.11907680519470268, 0.13608146367350246, 0.10528754566824443, 0.099615288621499, 0.11052804730509315, 0.24012346330073556, 0.13751633009790368, 0.10880837611532021, 0.10412316470782666, 0.09493064648844182, 0.1086036372880342, 0.0967827617966642, 0.1027728653383423, 0.0826272479352877, 0.06339365351981674, 0.08189889272400266, 0.08001309932380908, 0.06967988557712568, 0.1034040576300609, 0.09946722896315384, 0.07890259138526785, 0.0927679528026551, 0.08339524096388846, 0.12696000217462342, 0.08124136225454981, 0.06611350469813988, 0.05854262877920562, 0.06501334186639367, 0.09168009870239148, 0.06999517848259985, 0.06439265532458711, 0.06557518728526328, 0.06074778333700551, 0.04993143584469912, 0.04821525000707473, 0.0598140126684591, 0.05723932373331261, 0.0526288445076514, 0.06013470824173435, 0.0475024504526157, 0.04418152781791049, 0.046429520395071436, 0.0445123416629679, 0.07048155808983587, 0.07432178491050415, 0.06596850785126426, 0.04846415979617448, 0.05732897572136964, 0.056359593634589346, 0.04634682194795168, 0.04600129623611055, 0.055598619917117474, 0.05226153504667166, 0.05263532886243618, 0.047059040184068465, 0.04115876381938106, 0.04279915108590004, 0.040473176609181864, 0.04599603846698096, 0.04124744425826965, 0.040444072153626984, 0.041965809020397156, 0.041898241183114505, 0.039562780913282344, 0.04313975799088274, 0.03968804654092979, 0.043696567908820066, 0.044761332727293095, 0.036923256907284326, 0.034639261159716, 0.036507608225143956, 0.04294518442795286, 0.039023093991460096, 0.038164287502576354, 0.04043040580948587, 0.035776370206432755, 0.03565254207002141, 0.03438280852646935, 0.038445781911782245, 0.04303695188562971, 0.03503948139392838, 0.047252285805729315, 0.042538506070807586, 0.036982067068929904, 0.03749741030482196, 0.05434314123324366, 0.037156429900685926]
BBSR:32.0
ABSR:11.25
max acc:98.12
