======================================
    IID: 0
    Dataset: mnist
    Model: Mnist_CNN
    Model Init: None
    Aggregation Function: flame
    Fraction NonIID: 5
    Long attack: 3
    Wide attack: 3
    Style send: trust
    Threshold reject: 0.5
    Threshold down: 0.0
    Attack method: badnet
    Fraction of malicious agents: 15.0%
    Poison Frac: 0.2
    Backdoor From 7 to 5
    Attack Begin: 0
    Trigger Shape: square
    Trigger Position X: 0
    Trigger Position Y: 0
    Number of agents: 100
    Fraction of agents each turn: 30(30.0%)
    Local batch size: 50
    Local epoch: 3
    Client_LR: 0.01
    Client_Momentum: 0.9
    Global Rounds: 100
    Noise in FLAME: 0.001
proportion of malicious are selected:0.6506024096385542
proportion of benign are selected:0.5342910101946247
======================================
main_task_accuracy=[0, 10.119999885559082, 31.489999771118164, 50.97999954223633, 50.529998779296875, 69.44999694824219, 70.0199966430664, 73.68000030517578, 77.0, 77.61000061035156, 80.88999938964844, 78.5999984741211, 83.95999908447266, 85.16000366210938, 89.4800033569336, 87.5999984741211, 90.0, 90.0, 85.69000244140625, 89.5999984741211, 89.0, 90.62999725341797, 90.47000122070312, 88.88999938964844, 91.8499984741211, 88.62999725341797, 91.01000213623047, 91.83999633789062, 91.30999755859375, 93.06999969482422, 91.87000274658203, 90.70999908447266, 92.23999786376953, 92.72000122070312, 91.5999984741211, 92.08999633789062, 93.37000274658203, 92.62999725341797, 93.19000244140625, 92.9000015258789, 93.72000122070312, 93.0999984741211, 93.16000366210938, 94.3499984741211, 94.30000305175781, 93.12999725341797, 93.93000030517578, 93.62999725341797, 92.63999938964844, 93.5, 94.7300033569336, 94.08999633789062, 94.69000244140625, 93.58999633789062, 94.44999694824219, 94.54000091552734, 94.5, 94.36000061035156, 94.23999786376953, 94.70999908447266, 94.98999786376953, 95.02999877929688, 93.76000213623047, 95.2300033569336, 94.91000366210938, 94.51000213623047, 94.16000366210938, 95.58999633789062, 95.51000213623047, 95.30000305175781, 95.13999938964844, 94.97000122070312, 95.04000091552734, 95.04000091552734, 95.58999633789062, 95.77999877929688, 95.56999969482422, 94.62999725341797, 95.51000213623047, 95.83000183105469, 95.68000030517578, 95.5, 95.37999725341797, 95.48999786376953]
backdoor_accuracy=[0, 0.0, 0.09727626459143969, 0.0, 0.0, 0.19455252918287938, 0.0, 0.09727626459143969, 0.19455252918287938, 0.0, 2.3346303501945527, 0.0, 0.0, 0.0, 0.0, 0.0, 0.0, 0.0, 0.0, 0.0, 0.2918287937743191, 0.19455252918287938, 0.38910505836575876, 0.0, 0.2918287937743191, 0.2918287937743191, 0.19455252918287938, 0.2918287937743191, 0.19455252918287938, 0.48638132295719844, 0.19455252918287938, 0.19455252918287938, 0.19455252918287938, 0.38910505836575876, 0.48638132295719844, 0.2918287937743191, 0.5836575875486382, 0.38910505836575876, 0.2918287937743191, 0.38910505836575876, 0.6809338521400778, 0.5836575875486382, 0.48638132295719844, 0.48638132295719844, 0.7782101167315175, 0.09727626459143969, 0.2918287937743191, 0.5836575875486382, 0.48638132295719844, 0.8754863813229572, 1.0700389105058365, 0.9727626459143969, 0.8754863813229572, 0.38910505836575876, 0.38910505836575876, 1.264591439688716, 0.38910505836575876, 0.38910505836575876, 0.2918287937743191, 0.48638132295719844, 1.7509727626459144, 3.307392996108949, 0.2918287937743191, 2.237354085603113, 2.140077821011673, 2.0428015564202333, 0.9727626459143969, 0.38910505836575876, 0.6809338521400778, 3.307392996108949, 0.8754863813229572, 0.5836575875486382, 0.8754863813229572, 1.264591439688716, 1.3618677042801557, 3.0155642023346303, 2.0428015564202333, 2.529182879377432, 1.6536964980544746, 2.431906614785992, 1.3618677042801557, 1.0700389105058365, 3.6964980544747084, 1.3618677042801557]
loss_list=[1.046206564816336, 1.0537687091456285, 0.841045664648916, 0.7003674378321763, 0.566006913925521, 0.460209912017615, 0.42455084347987504, 0.39289439761161177, 0.3387220668575928, 0.34225461571608856, 0.28405058732758337, 0.2507667267526914, 0.2556319483218087, 0.2143667531821497, 0.2263531685841089, 0.19743583295597802, 0.2229261313242858, 0.2070089822696745, 0.20532460784329518, 0.19770640187813784, 0.23923912143837528, 0.19895438670214358, 0.15143904014813672, 0.1952573739091383, 0.16646231036382098, 0.20183832006134994, 0.16266653965258293, 0.12005190767006316, 0.17130575655170238, 0.1336171923306851, 0.14893598234892844, 0.17346625507890973, 0.16017798906944566, 0.14444533406916618, 0.15253419213129407, 0.1671119768015517, 0.14220067514565826, 0.14650171513048849, 0.1131910291074665, 0.14527286291752478, 0.14288464091219857, 0.12749204250533053, 0.13325988696268826, 0.12113209217551532, 0.1179436748823651, 0.09811313043408187, 0.14241782384052015, 0.12075989970300322, 0.09820208541557401, 0.14253166006579704, 0.10897470715796871, 0.11863517511081495, 0.09742389882549296, 0.1071600271559119, 0.14905990904403182, 0.08552845126655653, 0.11903262344683484, 0.10135834785720564, 0.10946372461185092, 0.10806951529700033, 0.10742460159765428, 0.09746317171698561, 0.13080105249943533, 0.10024034501640856, 0.08524205937157198, 0.10273426481600793, 0.12105047143868565, 0.10373546423772094, 0.08214583382587438, 0.09855451512754775, 0.11894480214868024, 0.12616989880516466, 0.0808716993738768, 0.10898443121585347, 0.11664422839846574, 0.09254426424189055, 0.08783842101313288, 0.11806187724251564, 0.08543480406774238, 0.09556665011524634, 0.08795232309601421, 0.09504350463594637, 0.11855725389552542]