======================================
    IID: 0
    Dataset: mnist
    Model: Mnist_CNN
    Model Init: None
    Aggregation Function: RLR
    Fraction NonIID: 0
    Long attack: 3
    Wide attack: 3
    Style send: trust
    Threshold reject: 0.5
    Threshold down: 0.0
    Attack method: badnet
    Fraction of malicious agents: 15.0%
    Poison Frac: 0.2
    Backdoor From 7 to 5
    Attack Begin: 0
    Trigger Shape: square
    Trigger Position X: 0
    Trigger Position Y: 0
    Number of agents: 100
    Fraction of agents each turn: 30(30.0%)
    Local batch size: 50
    Local epoch: 3
    Client_LR: 0.01
    Client_Momentum: 0.9
    Global Rounds: 100
    RobustLR_threshold: 4
======================================
main_task_accuracy=[0, 52.810001373291016, 31.040000915527344, 49.2599983215332, 66.41000366210938, 75.29000091552734, 76.58999633789062, 72.97000122070312, 67.66000366210938, 66.04000091552734, 72.30999755859375, 84.86000061035156, 91.2300033569336, 80.76000213623047, 89.58999633789062, 93.80999755859375, 89.76000213623047, 93.4800033569336, 94.12999725341797, 93.1500015258789, 93.5999984741211, 94.2699966430664, 94.23999786376953, 94.80000305175781, 95.26000213623047, 92.36000061035156, 92.47000122070312, 94.31999969482422, 95.62999725341797, 93.97000122070312, 95.48999786376953, 94.97000122070312, 94.94999694824219, 95.08000183105469, 95.16000366210938, 94.63999938964844, 92.98999786376953, 95.5999984741211, 95.91999816894531, 96.16999816894531, 96.52999877929688, 96.29000091552734, 95.62999725341797, 96.83999633789062, 96.30000305175781, 95.12999725341797, 95.11000061035156, 96.77999877929688, 96.25, 96.80000305175781, 96.1500015258789, 96.93000030517578, 96.06999969482422, 96.80999755859375, 96.20999908447266, 95.76000213623047, 95.75, 96.43000030517578, 95.86000061035156, 96.41999816894531, 97.19000244140625, 94.75, 96.30999755859375, 96.9800033569336, 96.44999694824219, 96.70999908447266, 96.94000244140625, 97.0999984741211, 97.33000183105469, 96.79000091552734, 96.98999786376953, 97.29000091552734, 97.0999984741211, 97.25, 97.12999725341797, 96.91999816894531, 97.2300033569336, 97.47000122070312, 97.2300033569336, 96.88999938964844, 97.36000061035156, 97.47000122070312, 96.88999938964844, 96.08999633789062, 97.31999969482422, 96.76000213623047, 97.33999633789062, 95.04000091552734, 96.1500015258789, 96.9800033569336, 96.45999908447266, 97.33999633789062, 97.33999633789062, 97.12999725341797, 97.05999755859375, 97.20999908447266, 97.26000213623047, 97.45999908447266, 97.52999877929688, 97.26000213623047, 97.4000015258789]
backdoor_accuracy=[0, 0.0, 0.0, 0.0, 0.0, 0.0, 0.0, 0.0, 0.0, 0.0, 0.09727626459143969, 0.09727626459143969, 0.09727626459143969, 0.09727626459143969, 0.19455252918287938, 0.19455252918287938, 0.0, 0.19455252918287938, 0.0, 0.0, 0.09727626459143969, 0.0, 0.0, 0.0, 0.0, 0.0, 0.0, 0.0, 0.0, 0.0, 0.0, 0.0, 0.0, 0.0, 0.0, 0.0, 0.0, 0.0, 0.0, 0.0, 0.0, 0.0, 0.09727626459143969, 0.0, 0.0, 0.0, 0.0, 0.0, 0.0, 0.0, 0.0, 0.0, 0.0, 0.0, 0.0, 0.0, 0.0, 0.0, 0.0, 0.09727626459143969, 0.0, 0.0, 0.0, 0.19455252918287938, 0.0, 0.0, 0.0, 0.0, 0.0, 0.0, 0.0, 0.0, 0.19455252918287938, 0.0, 0.0, 0.19455252918287938, 0.09727626459143969, 0.0, 0.0, 0.0, 0.0, 0.09727626459143969, 0.09727626459143969, 0.0, 0.0, 0.0, 0.09727626459143969, 0.0, 0.09727626459143969, 0.09727626459143969, 0.19455252918287938, 0.0, 0.0, 0.09727626459143969, 0.0, 0.0, 0.09727626459143969, 0.09727626459143969, 0.0, 0.09727626459143969, 0.09727626459143969]
loss_list=[0.509942111948296, 0.3041341240130608, 0.2456993212307795, 0.20657113561515567, 0.17418152411653717, 0.16814247400954566, 0.1462440929243613, 0.13259792443538393, 0.1370143737592119, 0.12857011345613145, 0.10884039290054015, 0.08541127162482968, 0.08447266569208269, 0.08768112451384101, 0.0869477550766394, 0.08539984141995803, 0.09145325994401031, 0.07251002807002474, 0.06788861384014118, 0.07606900658184317, 0.061288167029076045, 0.07028343369873749, 0.06447126774931512, 0.06609819774179883, 0.05303097941561831, 0.07863911014378387, 0.0710784658453957, 0.06481606506055229, 0.05855840798487133, 0.05649679086989196, 0.06125681056735469, 0.06870800502736389, 0.05978522243409394, 0.0486743127432709, 0.05500656466849585, 0.05655575412444731, 0.07109125203050491, 0.06563842875116901, 0.06244841994436026, 0.05057938860701126, 0.06071233304249255, 0.05044320399798231, 0.06605859263716511, 0.056665104497104594, 0.04677180221190062, 0.05393702597708972, 0.06273019731992531, 0.045713332357869604, 0.06810793152897239, 0.05685295653709711, 0.05130341685958116, 0.0470422664132705, 0.04490814803808303, 0.03744377147538155, 0.058282283686024804, 0.051414505693906494, 0.05348498217255682, 0.035666956907780566, 0.05197416903746737, 0.049347253726406456, 0.04860716797636962, 0.05595521517479512, 0.058284891341346685, 0.04190915067407205, 0.058362121415678536, 0.0397162953361759, 0.051876629802419534, 0.0419256143565152, 0.04305440713932364, 0.04194664992746568, 0.039416513337947406, 0.049392086705725834, 0.04157233522398471, 0.04498818184349951, 0.05022749513773765, 0.0529678034054244, 0.0400302116784168, 0.035699490552547355, 0.04678631347998073, 0.041434058542767674, 0.04583793877337296, 0.0407860560914479, 0.04089808243511835, 0.05512651894706269, 0.040105606914543034, 0.04131197076469814, 0.044125603057740555, 0.03690331109022778, 0.040092958851326486, 0.037933515706821165, 0.04790582072752166, 0.041124314385661005, 0.0327903206336098, 0.04639373797502384, 0.039140471246039726, 0.040818171312962934, 0.035611752168043256, 0.0498798541174932, 0.04475849222322846, 0.042339806225421]
BBSR:0.1
ABSR:0.05
max acc:97.53
