======================================
    IID: 0
    Dataset: mnist
    Model: Mnist_CNN
    Model Init: None
    Aggregation Function: flame
    Fraction NonIID: 0
    Long attack: 3
    Wide attack: 3
    Style send: trust
    Threshold reject: 0.5
    Threshold down: 0.0
    Attack method: dba
    Fraction of malicious agents: 15.0%
    Poison Frac: 0.2
    Backdoor From 7 to 5
    Attack Begin: 0
    Trigger Shape: square
    Trigger Position X: 0
    Trigger Position Y: 0
    Number of agents: 100
    Fraction of agents each turn: 30(30.0%)
    Local batch size: 50
    Local epoch: 3
    Client_LR: 0.01
    Client_Momentum: 0.9
    Global Rounds: 100
    Noise in FLAME: 0.001
proportion of malicious are selected:0.575
proportion of benign are selected:0.556923076923077
======================================
main_task_accuracy=[0, 26.690000534057617, 31.90999984741211, 38.43000030517578, 50.04999923706055, 51.34000015258789, 62.650001525878906, 69.86000061035156, 70.94000244140625, 67.45999908447266, 66.5199966430664, 72.52999877929688, 66.36000061035156, 59.849998474121094, 64.26000213623047, 68.0999984741211, 76.62999725341797, 76.55999755859375, 78.88999938964844, 81.41999816894531, 80.55999755859375, 77.55000305175781, 80.30000305175781, 80.23999786376953, 80.27999877929688, 77.44999694824219, 73.33999633789062, 80.80999755859375, 76.29000091552734, 80.0999984741211, 77.91999816894531, 77.19999694824219, 81.56999969482422, 82.11000061035156, 81.22000122070312, 82.5, 81.98999786376953, 82.0, 83.05999755859375, 82.76000213623047, 81.51000213623047, 81.80000305175781, 82.16000366210938, 82.2300033569336, 81.16000366210938, 82.05999755859375, 80.37000274658203, 79.58999633789062, 80.23999786376953, 81.31999969482422, 81.7300033569336, 81.94999694824219, 81.48999786376953, 80.81999969482422, 81.2699966430664, 80.08999633789062, 81.48999786376953, 80.79000091552734, 81.23999786376953, 80.93000030517578, 79.66999816894531, 80.80000305175781, 80.47000122070312, 80.80000305175781, 80.5199966430664, 79.0, 80.4000015258789, 80.51000213623047, 79.48999786376953, 80.33999633789062, 80.05000305175781, 80.38999938964844, 81.4800033569336, 82.12000274658203, 81.83999633789062, 81.58000183105469, 81.3499984741211, 80.87000274658203, 81.04000091552734, 81.19000244140625, 81.12999725341797, 80.87999725341797, 79.86000061035156, 80.41999816894531, 79.55999755859375, 80.16000366210938, 79.55000305175781, 80.76000213623047, 80.23999786376953, 80.8499984741211, 80.5199966430664, 80.77999877929688, 80.41999816894531, 80.86000061035156, 80.80000305175781, 80.87999725341797, 80.55999755859375, 80.08999633789062, 80.25, 80.02999877929688, 80.25]
backdoor_accuracy=[0, 0.0, 0.09727626459143969, 0.0, 0.0, 0.0, 0.0, 0.0, 0.0, 0.0, 0.0, 0.0, 0.0, 0.0, 0.0, 0.0, 0.0, 0.0, 0.0, 0.0, 0.0, 0.0, 0.0, 0.0, 0.0, 0.0, 0.0, 0.0, 0.09727626459143969, 0.38910505836575876, 0.2918287937743191, 0.2918287937743191, 3.307392996108949, 0.48638132295719844, 0.48638132295719844, 0.09727626459143969, 2.237354085603113, 2.431906614785992, 2.0428015564202333, 1.1673151750972763, 2.821011673151751, 5.836575875486381, 3.307392996108949, 10.797665369649806, 14.883268482490273, 5.739299610894942, 3.11284046692607, 11.478599221789883, 16.926070038910506, 22.762645914396888, 15.369649805447471, 34.63035019455253, 24.31906614785992, 19.941634241245136, 19.64980544747082, 40.56420233463035, 76.94552529182879, 89.39688715953308, 99.22178988326849, 98.73540856031128, 99.31906614785993, 99.22178988326849, 99.80544747081711, 99.0272373540856, 91.05058365758755, 99.61089494163424, 99.12451361867704, 99.12451361867704, 99.61089494163424, 99.31906614785993, 99.70817120622569, 100.0, 99.80544747081711, 100.0, 100.0, 100.0, 100.0, 100.0, 99.90272373540856, 100.0, 100.0, 100.0, 99.80544747081711, 100.0, 100.0, 100.0, 100.0, 100.0, 100.0, 100.0, 100.0, 100.0, 100.0, 100.0, 100.0, 100.0, 100.0, 100.0, 100.0, 100.0, 100.0]
loss_list=[0.41209081052652147, 0.35683505032153257, 0.25006687611222694, 0.19985622116756208, 0.19247228442167325, 0.17824916590535353, 0.24152761383666674, 0.18866304309083048, 0.1656321716313433, 0.14972893783348598, 0.1990114268361129, 0.14856070837539187, 0.1534612720640722, 0.21130808226096764, 0.1369784129707662, 0.22731009056895743, 0.13723773310684748, 0.1318016842600069, 0.12382574677807127, 0.122520715697816, 0.11075151472078845, 0.1162277432229852, 0.12004619204692694, 0.11914623958209439, 0.08915448844749621, 0.12453080195313947, 0.1673989840902212, 0.08802434091051385, 0.07539660478046244, 0.08436242005438908, 0.11061848311399568, 0.09225467783967144, 0.09987434272201172, 0.09395997880914411, 0.09083141309073774, 0.08483594386214802, 0.11423847076806472, 0.1053169338985605, 0.07958358856259516, 0.06482814226717429, 0.0744492167417155, 0.10762113200065829, 0.08261989175615486, 0.08401291028356558, 0.10655881160210422, 0.12149867800042773, 0.05927194277139251, 0.06045916651835278, 0.0874768033766045, 0.09555417205317451, 0.07372104785151205, 0.11853002604604859, 0.10672971275373014, 0.10099473079100395, 0.09407466417738197, 0.0955316671670432, 0.1030929103492957, 0.10977453957045635, 0.0650553235806219, 0.08299812386546676, 0.10830824964720623, 0.07637646056154729, 0.0845256261109252, 0.0853915743888122, 0.09466442932407014, 0.0892509081301363, 0.10262390505834938, 0.12400526214138945, 0.08818801467409139, 0.07733687245504221, 0.08752523215644929, 0.13274851395660475, 0.09694967907246192, 0.05553011204520981, 0.0793878216343788, 0.08624696951230817, 0.04877151021817845, 0.09608479015509107, 0.08230299976941305, 0.07115797231599288, 0.08243687784035911, 0.05672086026236381, 0.11582050420192201, 0.09898783284461714, 0.04973896789974987, 0.08016247623890814, 0.11996123818157874, 0.06069330911854791, 0.12901605712814393, 0.12385888851866754, 0.10578446424720388, 0.10063757900858152, 0.09075651010021414, 0.07970691061912864, 0.09976162827866618, 0.0632507291811908, 0.0756218895270302, 0.1458462239849375, 0.08014492259569339, 0.07180129336501248]
BBSR:100.0
ABSR:100.0
max acc:80.88
