======================================
    IID: 0
    Dataset: mnist
    Model: Mnist_CNN
    Model Init: None
    Aggregation Function: flame
    Fraction NonIID: 15
    Long attack: 4
    Wide attack: 4
    Style send: trust
    Threshold reject: 0.5
    Threshold down: 0.0
    Attack method: dba
    Fraction of malicious agents: 15.0%
    Poison Frac: 0.2
    Backdoor From 7 to 5
    Attack Begin: 0
    Trigger Shape: square
    Trigger Position X: 0
    Trigger Position Y: 0
    Number of agents: 100
    Fraction of agents each turn: 30(30.0%)
    Local batch size: 50
    Local epoch: 3
    Client_LR: 0.01
    Client_Momentum: 0.9
    Global Rounds: 100
    Noise in FLAME: 0.001
proportion of malicious are selected:0.5925
proportion of benign are selected:0.5434615384615384
======================================
main_task_accuracy=[0, 18.670000076293945, 41.95000076293945, 37.130001068115234, 41.97999954223633, 55.7400016784668, 63.709999084472656, 68.9000015258789, 66.80000305175781, 69.4000015258789, 72.94999694824219, 75.29000091552734, 72.87000274658203, 79.72000122070312, 80.44000244140625, 83.19000244140625, 77.08000183105469, 86.18000030517578, 89.68000030517578, 88.43000030517578, 88.52999877929688, 88.19000244140625, 87.80999755859375, 88.26000213623047, 89.91000366210938, 91.37000274658203, 89.7300033569336, 90.36000061035156, 92.0, 90.55999755859375, 91.06999969482422, 90.73999786376953, 92.33000183105469, 92.05000305175781, 92.6500015258789, 92.23999786376953, 92.75, 92.77999877929688, 93.63999938964844, 93.12000274658203, 92.19999694824219, 93.05999755859375, 92.83999633789062, 93.1500015258789, 92.91000366210938, 93.6500015258789, 93.06999969482422, 92.79000091552734, 93.16999816894531, 93.36000061035156, 93.69000244140625, 93.58999633789062, 93.48999786376953, 94.19999694824219, 94.33999633789062, 93.54000091552734, 94.12999725341797, 94.23999786376953, 94.6500015258789, 94.08000183105469, 94.61000061035156, 94.20999908447266, 94.20999908447266, 93.9000015258789, 94.62999725341797, 94.43000030517578, 94.3499984741211, 94.91999816894531, 94.58999633789062, 94.63999938964844, 94.75, 95.08000183105469, 94.62999725341797, 94.45999908447266, 94.5, 94.06999969482422, 94.66000366210938, 94.0199966430664, 94.62999725341797, 94.9000015258789, 94.47000122070312, 94.68000030517578, 94.12999725341797, 94.87000274658203, 95.11000061035156, 95.11000061035156, 95.05000305175781, 94.98999786376953, 95.27999877929688, 94.62999725341797, 95.37000274658203, 95.26000213623047, 95.41999816894531, 93.54000091552734, 95.33000183105469, 94.97000122070312, 94.80000305175781, 95.18000030517578, 95.58000183105469, 95.41999816894531, 94.83000183105469]
backdoor_accuracy=[0, 0.0, 75.87548638132296, 74.90272373540856, 0.0, 0.0, 0.2918287937743191, 0.09727626459143969, 0.0, 0.0, 0.0, 0.09727626459143969, 0.0, 0.0, 0.2918287937743191, 0.2918287937743191, 0.2918287937743191, 0.2918287937743191, 0.38910505836575876, 0.48638132295719844, 0.2918287937743191, 0.19455252918287938, 0.19455252918287938, 0.19455252918287938, 0.2918287937743191, 0.19455252918287938, 0.19455252918287938, 0.19455252918287938, 0.2918287937743191, 0.48638132295719844, 0.19455252918287938, 0.5836575875486382, 0.48638132295719844, 0.48638132295719844, 0.6809338521400778, 0.5836575875486382, 0.48638132295719844, 0.48638132295719844, 0.38910505836575876, 0.48638132295719844, 0.38910505836575876, 0.5836575875486382, 0.38910505836575876, 0.2918287937743191, 0.38910505836575876, 0.2918287937743191, 0.2918287937743191, 0.38910505836575876, 0.6809338521400778, 0.38910505836575876, 0.7782101167315175, 0.6809338521400778, 0.7782101167315175, 0.38910505836575876, 1.0700389105058365, 0.48638132295719844, 0.7782101167315175, 0.48638132295719844, 0.5836575875486382, 0.5836575875486382, 0.5836575875486382, 0.5836575875486382, 0.6809338521400778, 1.4591439688715953, 0.6809338521400778, 0.5836575875486382, 0.8754863813229572, 0.6809338521400778, 0.6809338521400778, 0.5836575875486382, 0.7782101167315175, 0.7782101167315175, 0.48638132295719844, 1.556420233463035, 1.4591439688715953, 0.48638132295719844, 0.38910505836575876, 2.140077821011673, 1.0700389105058365, 0.8754863813229572, 1.1673151750972763, 1.3618677042801557, 1.4591439688715953, 1.0700389105058365, 1.264591439688716, 1.1673151750972763, 1.0700389105058365, 1.264591439688716, 2.7237354085603114, 1.0700389105058365, 1.0700389105058365, 1.1673151750972763, 1.9455252918287937, 4.766536964980545, 1.3618677042801557, 3.5992217898832686, 5.447470817120623, 5.642023346303502, 3.6964980544747084, 5.933852140077821, 6.517509727626459]
loss_list=[0.6804833581470553, 0.6768209746344654, 0.593805169163706, 0.5226384682548886, 0.4591913267835558, 0.3777385170099122, 0.32642757131499006, 0.3100322172009124, 0.22889231413007768, 0.19133774096161593, 0.21131127456115534, 0.1906422474118653, 0.18578698237903957, 0.1710924086245051, 0.23133937109859667, 0.16091407865551707, 0.19568032964642, 0.15608195095408386, 0.12816999918270533, 0.12910086065697118, 0.12070947428017428, 0.1450019229912209, 0.12297412025672334, 0.11483117066036277, 0.10977030492846167, 0.11976435224744557, 0.09539223486257513, 0.10411105120876948, 0.11221886355843663, 0.1283879627469684, 0.10280221728595967, 0.12227746922075353, 0.08951882912979463, 0.0918015654984388, 0.09557535471286925, 0.09420039917339415, 0.11049419373195506, 0.09840086193063749, 0.0841196685097389, 0.07661674207874025, 0.09955270925724745, 0.07223023473220465, 0.08001521023836854, 0.08802480868846801, 0.09538844683752769, 0.09963219002996632, 0.08844996448642672, 0.10739771885759367, 0.08673357655950685, 0.08498430016298472, 0.0951595214024319, 0.09390035908291797, 0.08702832096497552, 0.08253205576963812, 0.06206348029344847, 0.09600099973052954, 0.07413604009878215, 0.07144844031082072, 0.06253823835742416, 0.08230031312504701, 0.0872283072447099, 0.07569568914103336, 0.0828443485723942, 0.08770932377862972, 0.059730147484498, 0.07519933692747187, 0.07430056804060349, 0.06500373138049377, 0.056028577177253604, 0.07310943565141621, 0.07067296438300125, 0.06401781335107291, 0.08349374358083755, 0.06318713722398293, 0.06658885442358001, 0.06481093330950162, 0.0787751567364114, 0.0604812990224035, 0.07686159834703862, 0.08998833542321288, 0.06609771857964535, 0.07019196867783789, 0.05949712777315262, 0.06058610150465582, 0.06095144254579168, 0.08581125420502274, 0.06243638021580753, 0.06292511634445731, 0.05759439202139363, 0.06008697429708835, 0.06489577585912777, 0.06870307359499593, 0.09323642021676595, 0.06979739275975075, 0.05504789797312499, 0.060227373742191774, 0.07595464126329873, 0.09650926793764997, 0.06564243741578489, 0.08858124129752754]
BBSR:6.52
ABSR:4.01
max acc:95.58
