======================================
    IID: 0
    Dataset: mnist
    Model: Mnist_CNN
    Model Init: None
    Aggregation Function: zkp
    Fraction NonIID: 0
    Long attack: 5
    Wide attack: 5
    Threshold reject: 0.5
    Threshold down: 0.0
    Attack method: dba
    Fraction of malicious agents: 15.0%
    Poison Frac: 0.2
    Backdoor From 7 to 5
    Attack Begin: 0
    Trigger Shape: square
    Trigger Position X: 0
    Trigger Position Y: 0
    Number of agents: 100
    Fraction of agents each turn: 30(30.0%)
    Local batch size: 50
    Local epoch: 3
    Client_LR: 0.01
    Client_Momentum: 0.9
    Global Rounds: 100
======================================
main_task_accuracy=[0, 28.93000030517578, 18.209999084472656, 54.439998626708984, 49.84000015258789, 36.630001068115234, 52.09000015258789, 67.45999908447266, 54.720001220703125, 64.37999725341797, 63.560001373291016, 41.650001525878906, 51.7400016784668, 80.98999786376953, 85.94000244140625, 75.30000305175781, 81.37999725341797, 75.81999969482422, 82.91000366210938, 87.68000030517578, 89.77999877929688, 89.94000244140625, 86.05999755859375, 84.55999755859375, 88.19999694824219, 91.88999938964844, 84.25, 92.3499984741211, 80.94999694824219, 87.62999725341797, 91.58000183105469, 93.08999633789062, 93.31999969482422, 92.33999633789062, 96.06999969482422, 93.43000030517578, 94.45999908447266, 95.48999786376953, 87.76000213623047, 94.30999755859375, 92.37000274658203, 95.8499984741211, 93.5, 96.75, 96.91000366210938, 96.18000030517578, 94.22000122070312, 94.30999755859375, 95.91999816894531, 96.19000244140625, 97.08000183105469, 93.80000305175781, 93.01000213623047, 96.18000030517578, 91.23999786376953, 95.0199966430664, 95.05999755859375, 96.83000183105469, 94.87000274658203, 94.83999633789062, 95.20999908447266, 96.0, 96.58999633789062, 97.26000213623047, 97.5199966430664, 96.66000366210938, 92.30000305175781, 97.44999694824219, 97.2699966430664, 95.98999786376953, 97.25, 94.93000030517578, 95.29000091552734, 97.2699966430664, 96.05999755859375, 97.77999877929688, 97.70999908447266, 96.9800033569336, 96.70999908447266, 96.58000183105469, 97.25, 97.68000030517578, 97.52999877929688, 97.55000305175781, 97.48999786376953, 96.7699966430664, 96.62000274658203, 97.41999816894531, 96.2699966430664, 98.0, 96.18000030517578, 95.75, 97.9000015258789, 97.70999908447266, 98.41999816894531, 97.95999908447266, 97.41000366210938, 97.95999908447266, 98.01000213623047, 95.23999786376953, 95.88999938964844]
backdoor_accuracy=[0, 0.0, 0.0, 0.19455252918287938, 0.0, 22.17898832684825, 0.0, 0.0, 0.0, 0.0, 0.38910505836575876, 0.0, 1.1673151750972763, 0.0, 0.0, 0.38910505836575876, 0.09727626459143969, 0.2918287937743191, 0.09727626459143969, 0.38910505836575876, 0.0, 0.0, 0.19455252918287938, 0.19455252918287938, 0.0, 0.48638132295719844, 0.0, 0.19455252918287938, 0.0, 0.09727626459143969, 0.2918287937743191, 0.0, 0.0, 0.0, 0.09727626459143969, 0.0, 0.0, 0.0, 0.0, 0.0, 0.09727626459143969, 0.0, 0.0, 0.0, 0.09727626459143969, 0.0, 0.0, 0.09727626459143969, 0.38910505836575876, 0.0, 0.0, 0.0, 5.3501945525291825, 0.0, 0.09727626459143969, 0.2918287937743191, 0.19455252918287938, 0.09727626459143969, 0.0, 1.264591439688716, 0.0, 0.7782101167315175, 0.09727626459143969, 0.0, 0.0, 0.2918287937743191, 0.0, 0.0, 0.48638132295719844, 0.0, 0.09727626459143969, 1.3618677042801557, 0.0, 0.0, 0.19455252918287938, 0.0, 0.0, 0.0, 0.0, 0.0, 0.0, 0.09727626459143969, 0.0, 1.0700389105058365, 0.0, 0.0, 5.252918287937743, 0.0, 1.1673151750972763, 0.6809338521400778, 4.766536964980545, 0.0, 0.5836575875486382, 0.19455252918287938, 1.556420233463035, 0.2918287937743191, 1.3618677042801557, 0.9727626459143969, 0.09727626459143969, 0.19455252918287938, 0.38910505836575876]
loss_list=[0.4918033099321397, 0.2874400388777613, 0.33686956113850614, 0.25877156368960136, 0.19878015850909322, 0.2504365451757159, 0.18917476034425748, 0.1808683795295239, 0.1809288466798961, 0.1856198589013952, 0.1915071279742425, 0.2469717659154595, 0.15816379998660446, 0.13141975604544368, 0.10329553549813374, 0.10774652968842395, 0.11598056511991908, 0.1147533785413614, 0.09349114010233786, 0.0731120528095411, 0.07714496139799638, 0.08045328039682445, 0.07527744913942873, 0.08022784393766001, 0.08618461683462632, 0.07713566069425655, 0.07871922523366978, 0.08576298749537926, 0.08870623701763644, 0.08557258506003833, 0.06285743884051656, 0.06676526425975918, 0.06943359158131503, 0.05916020278850653, 0.048344773178115516, 0.05981277352661134, 0.05830256541899743, 0.053082976505696745, 0.06567817827610495, 0.06033684643322581, 0.053608926221600656, 0.04822891906330404, 0.0624915067712225, 0.051320251099809644, 0.042488643189761775, 0.04536261010056651, 0.05735125133728011, 0.055534250957919445, 0.04874958406176963, 0.046179960204254876, 0.04194753671673125, 0.056726584343721485, 0.040508796070291446, 0.04487994780016801, 0.05789095850687027, 0.0393617548357758, 0.04491619292561673, 0.040685019969422094, 0.04714719401477319, 0.04117336331661713, 0.04463223149002661, 0.039220186899289564, 0.0386578860982044, 0.03831957953998562, 0.03489675069991944, 0.04693074897890144, 0.04474395026946395, 0.04095464135602088, 0.03885140709389911, 0.04762790059908304, 0.03472704976169872, 0.04051582579269181, 0.043308402220780494, 0.038188788968705374, 0.03957302854590428, 0.03318082836889384, 0.04055150639721214, 0.03840658542971704, 0.036964596154347905, 0.041691905108333864, 0.04074993233017577, 0.03411324155457687, 0.03122124989957869, 0.03566302142716756, 0.0356595011682855, 0.03759885455991644, 0.034993899177875515, 0.036456580673497135, 0.04029495866409803, 0.030881185273356267, 0.03347028980392206, 0.03301493636542185, 0.03188798153453516, 0.031844092975625966, 0.025340793385896527, 0.02839328563147216, 0.02730041180043848, 0.03046975704406752, 0.029152602389045712, 0.04102109480550667]
BBSR:1.56
ABSR:0.56
max acc:98.42
