======================================
    IID: 0
    Dataset: mnist
    Model: Mnist_CNN
    Model Init: None
    Aggregation Function: flame
    Fraction NonIID: 5
    Long attack: 5
    Wide attack: 5
    Style send: trust
    Threshold reject: 0.5
    Threshold down: 0.0
    Attack method: dba
    Fraction of malicious agents: 15.0%
    Poison Frac: 0.2
    Backdoor From 7 to 5
    Attack Begin: 0
    Trigger Shape: square
    Trigger Position X: 0
    Trigger Position Y: 0
    Number of agents: 100
    Fraction of agents each turn: 30(30.0%)
    Local batch size: 50
    Local epoch: 3
    Client_LR: 0.01
    Client_Momentum: 0.9
    Global Rounds: 100
    Noise in FLAME: 0.001
proportion of malicious are selected:0.6575
proportion of benign are selected:0.5273076923076923
======================================
main_task_accuracy=[0, 34.279998779296875, 30.18000030517578, 38.18000030517578, 49.209999084472656, 63.15999984741211, 68.91000366210938, 72.44999694824219, 80.45999908447266, 83.13999938964844, 78.19000244140625, 83.30000305175781, 86.30000305175781, 85.20999908447266, 86.19999694824219, 89.23999786376953, 85.69999694824219, 84.33000183105469, 85.91000366210938, 86.94999694824219, 88.37000274658203, 85.33000183105469, 85.91000366210938, 90.56999969482422, 80.93000030517578, 87.91000366210938, 89.77999877929688, 90.30000305175781, 91.2300033569336, 87.91000366210938, 90.05000305175781, 89.97000122070312, 90.19999694824219, 90.9000015258789, 92.55000305175781, 91.72000122070312, 92.51000213623047, 92.25, 92.69000244140625, 92.7699966430664, 92.26000213623047, 92.06999969482422, 93.56999969482422, 92.95999908447266, 93.18000030517578, 93.13999938964844, 93.69000244140625, 92.95999908447266, 92.97000122070312, 93.11000061035156, 93.2699966430664, 92.69999694824219, 92.38999938964844, 94.29000091552734, 94.55000305175781, 92.0, 93.70999908447266, 94.26000213623047, 94.36000061035156, 93.9800033569336, 93.48999786376953, 94.44000244140625, 94.30000305175781, 94.01000213623047, 94.37000274658203, 95.61000061035156, 94.97000122070312, 95.25, 95.08000183105469, 95.0, 94.11000061035156, 94.83000183105469, 95.19000244140625, 95.25, 95.01000213623047, 95.04000091552734, 95.5, 94.86000061035156, 94.81999969482422, 94.87000274658203, 95.38999938964844, 95.62000274658203, 95.44000244140625, 95.31999969482422, 95.75, 95.01000213623047, 95.19999694824219, 95.25, 95.26000213623047, 95.54000091552734, 95.5999984741211, 95.77999877929688, 95.72000122070312, 95.56999969482422, 95.0199966430664, 95.5199966430664, 94.80999755859375, 95.05999755859375, 96.08000183105469, 95.62999725341797, 95.16000366210938]
backdoor_accuracy=[0, 0.0, 0.0, 0.0, 0.0, 0.0, 0.0, 0.0, 0.0, 0.2918287937743191, 0.8754863813229572, 0.09727626459143969, 0.09727626459143969, 0.0, 0.09727626459143969, 0.38910505836575876, 0.0, 0.09727626459143969, 0.09727626459143969, 0.0, 0.0, 0.19455252918287938, 0.19455252918287938, 0.09727626459143969, 0.09727626459143969, 0.6809338521400778, 0.19455252918287938, 0.09727626459143969, 0.19455252918287938, 0.0, 0.09727626459143969, 0.0, 0.2918287937743191, 0.38910505836575876, 0.2918287937743191, 0.5836575875486382, 0.5836575875486382, 1.4591439688715953, 0.38910505836575876, 1.0700389105058365, 1.1673151750972763, 0.5836575875486382, 0.5836575875486382, 0.8754863813229572, 0.7782101167315175, 0.6809338521400778, 0.5836575875486382, 0.5836575875486382, 1.8482490272373542, 0.9727626459143969, 0.8754863813229572, 1.4591439688715953, 0.6809338521400778, 1.3618677042801557, 1.264591439688716, 1.556420233463035, 0.6809338521400778, 0.7782101167315175, 1.4591439688715953, 0.9727626459143969, 1.0700389105058365, 1.0700389105058365, 1.1673151750972763, 1.6536964980544746, 2.0428015564202333, 3.307392996108949, 1.3618677042801557, 1.264591439688716, 1.556420233463035, 2.140077821011673, 1.3618677042801557, 2.821011673151751, 0.8754863813229572, 1.9455252918287937, 2.9182879377431905, 1.6536964980544746, 1.7509727626459144, 2.529182879377432, 4.863813229571984, 1.9455252918287937, 2.6264591439688716, 3.0155642023346303, 2.6264591439688716, 1.8482490272373542, 2.821011673151751, 11.964980544747082, 3.9883268482490273, 2.431906614785992, 8.463035019455253, 7.684824902723736, 7.101167315175097, 5.447470817120623, 8.268482490272374, 7.2957198443579765, 3.21011673151751, 6.809338521400778, 13.521400778210117, 11.770428015564203, 7.782101167315175, 13.229571984435797, 21.40077821011673]
loss_list=[1.1561637630326085, 1.0454464560815486, 0.8639072056156067, 0.6713406879270097, 0.49450651462353695, 0.4706747585969666, 0.4511615288268755, 0.37007981464934336, 0.3206656410462919, 0.28622957898696233, 0.33997657667647146, 0.2826823685221003, 0.2567080174905843, 0.2426108689430058, 0.2647883870432189, 0.20726881121782992, 0.2297268055890675, 0.21696350175891652, 0.23514327380821703, 0.2458735070997769, 0.22616096644324937, 0.23184423487449546, 0.22889502718091803, 0.18006625035042545, 0.20038023155456386, 0.21286784891238011, 0.17420298426827283, 0.16291726805367696, 0.16560738772645386, 0.21201662764530968, 0.14336079688702336, 0.13390153551685016, 0.17971343485628796, 0.16407093327406236, 0.1759768233303092, 0.16235227048713294, 0.19356764341716678, 0.1279772100452963, 0.16296085399948695, 0.1439610516419971, 0.1738759161891573, 0.14041465264304193, 0.15284965562470326, 0.11601149314334229, 0.13509086080118624, 0.16262356222289404, 0.11015170712198599, 0.1463090629091557, 0.11873340385268118, 0.11772524058414488, 0.1359752422545609, 0.14738649231464035, 0.14344546449175583, 0.11837157788198398, 0.11886671666918928, 0.14281587791214811, 0.11676402771059723, 0.115294341697294, 0.11038289819781547, 0.13949595711044144, 0.16186650082648055, 0.10775901588076657, 0.13927116302865522, 0.1491385065750844, 0.09374451120313569, 0.09200991853090712, 0.1282280229195408, 0.08161563163921527, 0.1091436927041859, 0.10598563264461065, 0.15628010605047163, 0.08152048781257622, 0.09297876304089624, 0.08422627128995028, 0.09320029699126077, 0.10806293122533674, 0.09805949719986799, 0.11404477732048456, 0.12107005189933664, 0.10451615286321747, 0.09895505801949184, 0.10134294810226055, 0.09799251594473728, 0.10764911745422541, 0.11455092801887133, 0.09244186099809465, 0.09383433397940853, 0.0959976752918731, 0.14347911118961335, 0.09743271751202782, 0.08826091600154336, 0.08438682250561176, 0.10538442453167117, 0.11092551722921297, 0.08356087297066414, 0.07520814297018627, 0.08163442634370127, 0.07862457712621647, 0.08934249656265683, 0.11546180723279864]
BBSR:21.4
ABSR:9.87
max acc:96.08
