======================================
    IID: 0
    Dataset: mnist
    Model: Mnist_CNN
    Model Init: None
    Aggregation Function: flame
    Fraction NonIID: 0
    Long attack: 4
    Wide attack: 4
    Threshold reject: 0.5
    Threshold down: 0.0
    Attack method: badnet
    Fraction of malicious agents: 15.0%
    Poison Frac: 0.2
    Backdoor From 7 to 5
    Attack Begin: 0
    Trigger Shape: square
    Trigger Position X: 0
    Trigger Position Y: 0
    Number of agents: 100
    Fraction of agents each turn: 30(30.0%)
    Local batch size: 50
    Local epoch: 3
    Client_LR: 0.01
    Client_Momentum: 0.9
    Global Rounds: 100
    Noise in FLAME: 0.001
proportion of malicious are selected:0.695
proportion of benign are selected:0.5438461538461539
======================================
main_task_accuracy=[0, 20.0, 25.40999984741211, 35.7599983215332, 52.61000061035156, 59.040000915527344, 64.94000244140625, 62.38999938964844, 60.43000030517578, 66.0, 62.189998626708984, 69.77999877929688, 72.36000061035156, 65.06999969482422, 68.23999786376953, 80.68000030517578, 78.83999633789062, 76.54000091552734, 69.54000091552734, 77.12999725341797, 78.33000183105469, 81.33000183105469, 79.9000015258789, 78.88999938964844, 75.58000183105469, 78.05000305175781, 78.79000091552734, 77.61000061035156, 74.54000091552734, 75.5, 79.08000183105469, 76.76000213623047, 77.91999816894531, 80.20999908447266, 79.47000122070312, 79.19000244140625, 78.2699966430664, 81.02999877929688, 78.26000213623047, 78.22000122070312, 79.2699966430664, 78.80999755859375, 79.45999908447266, 81.43000030517578, 80.94999694824219, 78.87000274658203, 80.08999633789062, 79.2699966430664, 78.9000015258789, 78.69000244140625, 80.43000030517578, 79.43000030517578, 79.97000122070312, 80.16000366210938, 79.75, 80.18000030517578, 79.47000122070312, 79.63999938964844, 79.61000061035156, 79.66000366210938, 78.44999694824219, 79.72000122070312, 80.43000030517578, 80.5, 80.08000183105469, 80.44999694824219, 79.83999633789062, 79.97000122070312, 79.22000122070312, 79.37000274658203, 79.77999877929688, 79.38999938964844, 80.05999755859375, 79.97000122070312, 79.45999908447266, 79.69000244140625, 79.93000030517578, 79.4800033569336, 79.95999908447266, 79.68000030517578, 79.66000366210938, 79.37999725341797, 79.26000213623047, 79.2699966430664, 79.2699966430664, 79.4000015258789, 79.47000122070312, 79.43000030517578, 79.63999938964844, 79.16000366210938, 79.27999877929688, 79.38999938964844, 79.77999877929688, 79.66000366210938, 79.4000015258789, 80.29000091552734, 87.70999908447266, 86.16999816894531, 85.51000213623047, 85.13999938964844, 83.4800033569336]
backdoor_accuracy=[0, 0.0, 0.0, 0.0, 0.2918287937743191, 0.0, 0.0, 11.186770428015564, 4.085603112840467, 0.09727626459143969, 0.19455252918287938, 7.2957198443579765, 8.463035019455253, 1.3618677042801557, 4.766536964980545, 16.731517509727627, 1.556420233463035, 4.085603112840467, 1.4591439688715953, 10.894941634241246, 22.17898832684825, 36.08949416342413, 26.264591439688715, 22.762645914396888, 2.431906614785992, 8.852140077821012, 10.992217898832685, 11.770428015564203, 8.365758754863814, 91.43968871595331, 42.8988326848249, 56.71206225680934, 83.94941634241245, 93.67704280155642, 48.735408560311285, 95.8171206225681, 59.92217898832685, 49.31906614785992, 45.81712062256809, 33.17120622568093, 74.31906614785993, 43.09338521400778, 49.70817120622568, 70.8171206225681, 77.72373540856032, 70.3307392996109, 89.78599221789884, 78.59922178988327, 82.87937743190662, 72.56809338521401, 83.94941634241245, 96.10894941634241, 97.37354085603113, 92.8988326848249, 99.90272373540856, 99.70817120622569, 100.0, 99.90272373540856, 99.31906614785993, 100.0, 99.12451361867704, 99.90272373540856, 99.12451361867704, 99.22178988326849, 99.12451361867704, 100.0, 100.0, 99.31906614785993, 98.83268482490273, 98.05447470817121, 99.5136186770428, 99.90272373540856, 100.0, 99.22178988326849, 100.0, 100.0, 100.0, 100.0, 100.0, 100.0, 100.0, 100.0, 100.0, 100.0, 100.0, 100.0, 100.0, 100.0, 100.0, 100.0, 100.0, 100.0, 100.0, 100.0, 100.0, 100.0, 100.0, 100.0, 100.0, 100.0, 100.0]
loss_list=[0.4829722836040764, 0.25717165692008787, 0.4108111064520022, 0.3550496215357119, 0.17600426209207373, 0.21851077712805006, 0.22960688068633395, 0.16374162167452275, 0.1722155310055901, 0.20429968195870896, 0.20590773473263652, 0.18316292349182584, 0.17525200798236437, 0.17714070159597348, 0.19196395570847274, 0.13554574213585682, 0.11327599425283855, 0.10622599793958828, 0.12639853532111744, 0.10090788147976755, 0.10604394626708988, 0.10051791403909867, 0.0825203148830897, 0.09874371749058447, 0.09145745651754189, 0.09903640290193545, 0.09816269273562148, 0.11043873449609641, 0.1178669955017707, 0.09072512156652898, 0.10512455432199069, 0.1157356465643009, 0.12521342264810104, 0.07614368459938806, 0.08889233134059972, 0.10996949752153357, 0.12199229985516477, 0.08477724110988491, 0.09164052754623439, 0.09255281068755984, 0.07107351908488037, 0.098814599656006, 0.10348685549346467, 0.11681176261341655, 0.06649524989048199, 0.08894009453768362, 0.08915677509498926, 0.07851344458699333, 0.09411811012526013, 0.07391971675388054, 0.08404030494916322, 0.09198898890714809, 0.06271611109313982, 0.11184928997937546, 0.08247074147860382, 0.09123475088873748, 0.1055131414520691, 0.12593400917834124, 0.07666281946301297, 0.1036612752184587, 0.11159508271219623, 0.1251110812182402, 0.12188894652508075, 0.10286524192118078, 0.12557626581103032, 0.11940718039201847, 0.10944396612699656, 0.06408471765306649, 0.1114915555759465, 0.12354740492766361, 0.12118363349844707, 0.10714070601848787, 0.07734645424550762, 0.10959317025022651, 0.08724133882147253, 0.10457248755175029, 0.12474546478634627, 0.09455085093468164, 0.12066552237861165, 0.10519473287719301, 0.1034119656011066, 0.09338376388946192, 0.08021295044853068, 0.12411675609425774, 0.09976096222028044, 0.10979920498161172, 0.10959185751279034, 0.12874942776809534, 0.14026334646843805, 0.10068826180704807, 0.08988514738669649, 0.09865118400177277, 0.13582463270763098, 0.09266551014650733, 0.13275424961107413, 0.14613618417450708, 0.07533264512606029, 0.0940960124510323, 0.11778393662477661, 0.09859968909428311]
BBSR:100.0
ABSR:100.0
max acc:87.71
