======================================
    IID: 0
    Dataset: mnist
    Model: Mnist_CNN
    Model Init: None
    Aggregation Function: RLR
    Fraction NonIID: 0
    Long attack: 5
    Wide attack: 5
    Style send: trust
    Threshold reject: 0.5
    Threshold down: 0.0
    Attack method: badnet
    Fraction of malicious agents: 15.0%
    Poison Frac: 0.2
    Backdoor From 7 to 5
    Attack Begin: 0
    Trigger Shape: square
    Trigger Position X: 0
    Trigger Position Y: 0
    Number of agents: 100
    Fraction of agents each turn: 30(30.0%)
    Local batch size: 50
    Local epoch: 3
    Client_LR: 0.01
    Client_Momentum: 0.9
    Global Rounds: 100
    RobustLR_threshold: 4
======================================
main_task_accuracy=[0, 29.770000457763672, 52.5, 22.670000076293945, 58.529998779296875, 64.88999938964844, 78.79000091552734, 80.2300033569336, 76.81999969482422, 89.37000274658203, 90.43000030517578, 83.41999816894531, 89.58999633789062, 85.33999633789062, 90.0, 92.55999755859375, 90.83999633789062, 93.48999786376953, 91.87000274658203, 94.04000091552734, 94.72000122070312, 92.62000274658203, 91.56999969482422, 93.66000366210938, 94.81999969482422, 95.48999786376953, 95.08999633789062, 94.29000091552734, 95.36000061035156, 95.93000030517578, 95.16999816894531, 95.6500015258789, 94.77999877929688, 94.5199966430664, 93.80999755859375, 93.95999908447266, 94.55999755859375, 93.75, 95.87000274658203, 95.54000091552734, 94.61000061035156, 95.91999816894531, 95.29000091552734, 95.3499984741211, 95.79000091552734, 94.9000015258789, 95.5, 96.79000091552734, 96.16000366210938, 95.62000274658203, 96.5999984741211, 96.54000091552734, 96.9000015258789, 96.33999633789062, 96.77999877929688, 96.43000030517578, 96.54000091552734, 96.97000122070312, 95.98999786376953, 96.87999725341797, 96.5999984741211, 96.37999725341797, 96.81999969482422, 96.2300033569336, 96.43000030517578, 96.68000030517578, 96.91999816894531, 97.13999938964844, 96.41999816894531, 97.1500015258789, 97.4800033569336, 97.43000030517578, 97.0199966430664, 96.83999633789062, 97.0199966430664, 97.29000091552734, 96.80999755859375, 97.30999755859375, 97.18000030517578, 96.83999633789062, 96.62000274658203, 97.08000183105469, 97.04000091552734, 96.2300033569336, 97.25, 97.44000244140625, 97.52999877929688, 97.0, 97.2699966430664, 97.3499984741211, 97.2300033569336, 97.58999633789062, 96.83999633789062, 97.43000030517578, 97.61000061035156, 97.37000274658203, 97.56999969482422, 97.3499984741211, 97.36000061035156, 97.44999694824219, 97.55000305175781]
backdoor_accuracy=[0, 20.525291828793776, 0.0, 0.0, 0.0, 1.4591439688715953, 0.0, 0.0, 0.0, 0.0, 0.0, 0.09727626459143969, 0.0, 0.0, 0.8754863813229572, 0.38910505836575876, 1.264591439688716, 0.7782101167315175, 0.38910505836575876, 0.48638132295719844, 0.48638132295719844, 0.8754863813229572, 3.5992217898832686, 1.264591439688716, 0.48638132295719844, 0.6809338521400778, 1.9455252918287937, 0.2918287937743191, 0.5836575875486382, 1.0700389105058365, 0.8754863813229572, 0.48638132295719844, 3.5992217898832686, 2.140077821011673, 3.5992217898832686, 0.2918287937743191, 1.3618677042801557, 0.48638132295719844, 1.556420233463035, 2.6264591439688716, 5.252918287937743, 1.1673151750972763, 5.252918287937743, 0.48638132295719844, 0.48638132295719844, 2.529182879377432, 0.48638132295719844, 3.404669260700389, 3.21011673151751, 1.1673151750972763, 1.4591439688715953, 1.7509727626459144, 1.0700389105058365, 2.140077821011673, 3.11284046692607, 2.0428015564202333, 6.42023346303502, 2.7237354085603114, 3.21011673151751, 26.459143968871594, 7.782101167315175, 4.474708171206226, 11.381322957198444, 3.9883268482490273, 1.4591439688715953, 4.085603112840467, 6.128404669260701, 10.019455252918288, 4.766536964980545, 14.202334630350194, 3.5992217898832686, 6.614785992217898, 21.98443579766537, 34.92217898832685, 12.84046692607004, 4.085603112840467, 15.077821011673151, 13.715953307392995, 4.377431906614786, 16.926070038910506, 30.35019455252918, 11.575875486381323, 15.56420233463035, 5.155642023346304, 9.24124513618677, 11.478599221789883, 4.669260700389105, 17.996108949416342, 24.124513618677042, 40.56420233463035, 31.90661478599222, 41.24513618677043, 46.10894941634241, 9.727626459143968, 23.346303501945524, 33.268482490272376, 30.739299610894943, 38.42412451361868, 39.78599221789883, 35.505836575875485, 37.35408560311284]
loss_list=[0.5070571723310708, 0.3406765590936423, 0.23590061469800663, 0.2292600780533888, 0.19867290902758, 0.18076326589566552, 0.16723091455499722, 0.11290535646035225, 0.11750892438233045, 0.11177873668508717, 0.10823510715273786, 0.09594827793911659, 0.08705432687090454, 0.08351368845140218, 0.081926028436157, 0.09334195160210546, 0.0731000723933537, 0.06841685397848213, 0.07028220950428933, 0.07609055513480567, 0.06392007470628748, 0.0660930935500775, 0.06174998099126869, 0.06631883519375542, 0.07813272707138702, 0.055130812750296854, 0.05253693525949845, 0.07167581524648589, 0.06851879616547447, 0.06154359660424401, 0.06110356026831536, 0.05788886276884914, 0.06836585869433875, 0.04912223274540746, 0.06673339487377813, 0.05616250726963173, 0.056911316168845386, 0.06091630859477209, 0.05944453245429693, 0.050459218922445474, 0.05690874703015543, 0.05626100620283561, 0.052514328607449055, 0.047215984638835286, 0.04668307972824513, 0.05758572151245142, 0.05179697443798466, 0.04186777060438933, 0.050181723463916535, 0.042741674193652074, 0.048472006289504474, 0.045134730626161315, 0.05188059732020738, 0.04409369704313163, 0.04444188741045816, 0.04055686854069646, 0.03961384517315143, 0.04321681161832667, 0.05113527733646738, 0.04230443435719448, 0.03848231242239496, 0.043488952009247864, 0.045946117756650376, 0.04259705837291413, 0.04214733713384355, 0.03338420331136551, 0.04155974417922962, 0.03402499144008318, 0.04221164234674703, 0.05240062034386152, 0.04891185529123297, 0.04783952450276377, 0.048036496891189016, 0.03447511393464902, 0.040569760919718444, 0.03881387952835505, 0.04176621282317295, 0.038356784983320596, 0.03786176831928535, 0.044410442525295385, 0.040329053289278605, 0.03250463618771186, 0.045770087734958505, 0.031141831339846472, 0.047114272898119605, 0.0349257264898544, 0.0384290753682431, 0.039918491069250904, 0.04194380601898863, 0.046749303288288725, 0.037198231071375036, 0.04557273248981526, 0.03840793282996601, 0.039619297680787396, 0.03030725515168222, 0.04490820378375584, 0.034618009816289264, 0.03962249508276564, 0.041412777201785225, 0.04840740927375419]
BBSR:46.11
ABSR:33.55
max acc:97.61
