======================================
    IID: 0
    Dataset: mnist
    Model: Mnist_CNN
    Model Init: None
    Aggregation Function: RLR
    Fraction NonIID: 15
    Long attack: 3
    Wide attack: 3
    Style send: trust
    Threshold reject: 0.5
    Threshold down: 0.0
    Attack method: badnet
    Fraction of malicious agents: 15.0%
    Poison Frac: 0.2
    Backdoor From 7 to 5
    Attack Begin: 0
    Trigger Shape: square
    Trigger Position X: 0
    Trigger Position Y: 0
    Number of agents: 100
    Fraction of agents each turn: 30(30.0%)
    Local batch size: 50
    Local epoch: 3
    Client_LR: 0.01
    Client_Momentum: 0.9
    Global Rounds: 100
    RobustLR_threshold: 4
======================================
main_task_accuracy=[0, 11.800000190734863, 40.369998931884766, 28.34000015258789, 64.83999633789062, 63.060001373291016, 74.38999938964844, 81.62999725341797, 75.8499984741211, 78.18000030517578, 84.41000366210938, 85.95999908447266, 86.27999877929688, 87.80000305175781, 88.41000366210938, 87.0999984741211, 86.47000122070312, 88.91999816894531, 90.5999984741211, 91.38999938964844, 92.04000091552734, 91.16000366210938, 91.4000015258789, 91.44000244140625, 91.72000122070312, 89.29000091552734, 91.97000122070312, 92.44000244140625, 92.98999786376953, 93.55000305175781, 93.37000274658203, 93.62000274658203, 93.70999908447266, 93.62999725341797, 93.55999755859375, 93.7699966430664, 94.33999633789062, 94.22000122070312, 94.33000183105469, 94.66999816894531, 94.20999908447266, 94.3499984741211, 94.43000030517578, 94.72000122070312, 94.6500015258789, 94.9800033569336, 95.12999725341797, 95.27999877929688, 95.26000213623047, 95.1500015258789, 95.2699966430664, 95.41999816894531, 95.4000015258789, 95.27999877929688, 95.51000213623047, 95.45999908447266, 95.37000274658203, 94.80999755859375, 95.27999877929688, 95.44000244140625, 95.23999786376953, 95.81999969482422, 95.8499984741211, 95.7699966430664, 95.58000183105469, 95.66999816894531, 95.72000122070312, 95.80999755859375, 96.06999969482422, 96.20999908447266, 95.91999816894531, 96.11000061035156, 96.05000305175781, 95.9800033569336, 96.02999877929688, 96.30999755859375, 96.2300033569336, 96.05000305175781, 95.8499984741211, 96.18000030517578, 96.2699966430664, 96.19999694824219, 96.25, 96.36000061035156, 96.41000366210938, 96.58999633789062, 96.37000274658203, 96.44999694824219, 96.4800033569336, 96.47000122070312, 96.33000183105469, 96.61000061035156, 96.48999786376953, 96.58999633789062, 96.72000122070312, 96.44999694824219, 96.54000091552734, 96.58999633789062, 96.52999877929688, 96.70999908447266, 96.61000061035156]
backdoor_accuracy=[0, 0.0, 0.0, 0.0, 0.0, 0.0, 0.0, 0.0, 0.0, 0.0, 0.19455252918287938, 0.48638132295719844, 0.2918287937743191, 0.19455252918287938, 0.2918287937743191, 0.19455252918287938, 0.19455252918287938, 0.19455252918287938, 0.38910505836575876, 0.2918287937743191, 0.2918287937743191, 0.19455252918287938, 0.2918287937743191, 0.48638132295719844, 0.48638132295719844, 0.19455252918287938, 0.19455252918287938, 0.38910505836575876, 0.2918287937743191, 0.2918287937743191, 0.48638132295719844, 0.48638132295719844, 0.19455252918287938, 0.19455252918287938, 0.19455252918287938, 0.2918287937743191, 0.19455252918287938, 0.48638132295719844, 0.38910505836575876, 0.2918287937743191, 0.19455252918287938, 0.2918287937743191, 0.38910505836575876, 0.38910505836575876, 0.6809338521400778, 0.48638132295719844, 0.38910505836575876, 0.48638132295719844, 0.48638132295719844, 0.48638132295719844, 0.38910505836575876, 0.2918287937743191, 0.38910505836575876, 0.38910505836575876, 0.38910505836575876, 0.38910505836575876, 0.38910505836575876, 0.48638132295719844, 0.48638132295719844, 0.48638132295719844, 0.48638132295719844, 0.48638132295719844, 0.38910505836575876, 0.48638132295719844, 0.48638132295719844, 0.38910505836575876, 0.48638132295719844, 0.38910505836575876, 0.38910505836575876, 0.48638132295719844, 0.5836575875486382, 0.6809338521400778, 0.48638132295719844, 0.7782101167315175, 0.6809338521400778, 0.48638132295719844, 0.5836575875486382, 0.48638132295719844, 0.48638132295719844, 0.48638132295719844, 0.48638132295719844, 0.5836575875486382, 0.5836575875486382, 0.48638132295719844, 0.48638132295719844, 0.48638132295719844, 0.48638132295719844, 0.48638132295719844, 0.5836575875486382, 0.48638132295719844, 0.6809338521400778, 0.48638132295719844, 0.48638132295719844, 0.48638132295719844, 0.48638132295719844, 0.48638132295719844, 0.48638132295719844, 0.48638132295719844, 0.48638132295719844, 0.5836575875486382, 0.5836575875486382]
loss_list=[0.741840740946723, 0.8194023713060428, 0.7277227175071892, 0.6665943775933912, 0.5683214803102143, 0.4729736567270744, 0.41781716028883953, 0.3403774992937937, 0.2734848000127548, 0.26063979005859306, 0.2223236640737412, 0.1938980600929615, 0.20477782093339908, 0.2014743386626299, 0.16421688842124477, 0.19680421375361198, 0.15639573492509257, 0.1902165086062141, 0.13680523205741704, 0.15090642130827278, 0.13081209684678188, 0.1287964007922974, 0.12741828671235525, 0.12733107289984924, 0.10379515340821761, 0.13047927000774803, 0.12120883101365966, 0.11892440749266144, 0.11201308091455112, 0.09369324272869607, 0.11633038100789143, 0.10331154056017745, 0.09460778114510564, 0.09612812604614596, 0.10278753624407175, 0.09364145448766463, 0.08220226681403038, 0.0977114899556994, 0.10514009383384144, 0.08073022397015263, 0.07496277713373299, 0.09389074395552535, 0.07362267730038893, 0.08244765427104624, 0.07799971687279963, 0.08164156185328302, 0.08761887305742445, 0.08029248952751235, 0.07492497736895438, 0.08561407631598399, 0.07169056325132647, 0.06138368956318287, 0.08320625277128751, 0.0762936765317399, 0.06171324892965632, 0.08367771246119872, 0.0936648397916514, 0.06200433825719524, 0.06223750001055662, 0.07280614369038435, 0.06662762375357921, 0.07681503276632046, 0.058581230907924546, 0.06306657131301922, 0.060275647852614266, 0.058912092954108826, 0.06825499372367863, 0.07429333505125604, 0.06565466744721046, 0.08934188205260636, 0.06173451653655951, 0.058467180122648274, 0.06848123274791733, 0.0628923355651304, 0.05895204890457011, 0.05891897192730397, 0.057724781302856916, 0.048644953877458305, 0.06655499074038738, 0.05688877048052944, 0.057137200961581605, 0.06554837985546935, 0.05357177021495063, 0.05783950614180509, 0.06677423151968957, 0.05668332265284072, 0.04808299718493614, 0.06024251499079368, 0.05098374753563758, 0.058107807958769415, 0.0530321168069797, 0.04889535386829912, 0.06691071829298603, 0.04954413357220395, 0.054627357610204194, 0.052217901675940544, 0.053489959732263254, 0.047070417562911374, 0.05012671380059097, 0.058807765816149014]
BBSR:0.58
ABSR:0.51
max acc:96.72
