======================================
    IID: 0
    Dataset: mnist
    Model: Mnist_CNN
    Model Init: None
    Aggregation Function: flame
    Fraction NonIID: 15
    Long attack: 5
    Wide attack: 5
    Threshold reject: 0.5
    Threshold down: 0.0
    Attack method: dba
    Fraction of malicious agents: 15.0%
    Poison Frac: 0.2
    Backdoor From 7 to 5
    Attack Begin: 0
    Trigger Shape: square
    Trigger Position X: 0
    Trigger Position Y: 0
    Number of agents: 100
    Fraction of agents each turn: 30(30.0%)
    Local batch size: 50
    Local epoch: 3
    Client_LR: 0.01
    Client_Momentum: 0.9
    Global Rounds: 100
    Noise in FLAME: 0.001
proportion of malicious are selected:0.5525
proportion of benign are selected:0.5473076923076923
======================================
main_task_accuracy=[0, 35.650001525878906, 27.8799991607666, 25.799999237060547, 29.469999313354492, 56.720001220703125, 63.650001525878906, 71.45999908447266, 73.13999938964844, 75.86000061035156, 73.91999816894531, 73.6500015258789, 71.66000366210938, 77.05000305175781, 77.62999725341797, 82.19999694824219, 77.80000305175781, 82.56999969482422, 86.29000091552734, 84.80999755859375, 87.66000366210938, 86.88999938964844, 88.69000244140625, 89.76000213623047, 87.69000244140625, 86.04000091552734, 90.70999908447266, 86.94000244140625, 90.52999877929688, 89.29000091552734, 89.72000122070312, 88.1500015258789, 90.66999816894531, 89.68000030517578, 92.81999969482422, 91.08000183105469, 91.13999938964844, 92.06999969482422, 91.48999786376953, 91.88999938964844, 90.70999908447266, 92.63999938964844, 92.11000061035156, 93.0999984741211, 92.18000030517578, 92.97000122070312, 92.45999908447266, 91.95999908447266, 93.18000030517578, 93.0999984741211, 92.66999816894531, 93.44999694824219, 93.94000244140625, 94.01000213623047, 93.5199966430664, 93.87999725341797, 94.4000015258789, 94.22000122070312, 93.81999969482422, 94.04000091552734, 93.83000183105469, 93.62999725341797, 93.76000213623047, 94.61000061035156, 94.19000244140625, 94.54000091552734, 94.94999694824219, 94.62999725341797, 94.55000305175781, 93.94000244140625, 94.41000366210938, 94.55000305175781, 94.41999816894531, 94.69999694824219, 93.70999908447266, 94.26000213623047, 94.45999908447266, 94.44000244140625, 94.68000030517578, 94.4000015258789, 94.33000183105469, 94.69999694824219, 94.48999786376953, 94.51000213623047, 94.72000122070312, 94.20999908447266, 94.62999725341797, 95.20999908447266, 95.12999725341797, 94.5, 94.91000366210938, 94.43000030517578, 95.7300033569336, 95.75, 94.77999877929688, 95.33000183105469, 95.33999633789062, 95.16999816894531, 95.5, 95.12000274658203, 94.7300033569336]
backdoor_accuracy=[0, 0.0, 0.0, 0.0, 0.0, 0.0, 0.0, 0.09727626459143969, 0.09727626459143969, 0.09727626459143969, 0.0, 0.0, 0.0, 0.09727626459143969, 0.09727626459143969, 0.09727626459143969, 0.0, 0.09727626459143969, 0.0, 0.0, 0.09727626459143969, 0.38910505836575876, 0.19455252918287938, 0.09727626459143969, 0.09727626459143969, 0.5836575875486382, 0.2918287937743191, 0.19455252918287938, 0.2918287937743191, 0.19455252918287938, 0.19455252918287938, 0.19455252918287938, 0.2918287937743191, 0.0, 0.19455252918287938, 0.09727626459143969, 0.2918287937743191, 0.38910505836575876, 0.0, 0.09727626459143969, 0.19455252918287938, 0.0, 0.0, 0.19455252918287938, 0.0, 0.0, 0.0, 0.09727626459143969, 0.0, 0.0, 0.0, 0.0, 0.0, 0.0, 0.2918287937743191, 0.2918287937743191, 0.2918287937743191, 0.2918287937743191, 0.09727626459143969, 0.2918287937743191, 0.0, 0.0, 0.0, 0.2918287937743191, 0.09727626459143969, 0.19455252918287938, 0.2918287937743191, 0.2918287937743191, 0.09727626459143969, 0.0, 0.09727626459143969, 0.09727626459143969, 0.0, 0.09727626459143969, 0.19455252918287938, 0.09727626459143969, 0.0, 0.09727626459143969, 0.09727626459143969, 0.0, 0.09727626459143969, 0.09727626459143969, 0.09727626459143969, 0.0, 0.09727626459143969, 0.09727626459143969, 0.09727626459143969, 0.09727626459143969, 0.09727626459143969, 0.09727626459143969, 0.09727626459143969, 0.0, 0.09727626459143969, 0.09727626459143969, 0.09727626459143969, 0.09727626459143969, 0.09727626459143969, 0.09727626459143969, 0.09727626459143969, 0.09727626459143969, 0.19455252918287938]
loss_list=[0.6783431486393832, 0.7379225943940262, 0.5960542649353063, 0.5127890376039947, 0.44428000031975967, 0.4189774420112217, 0.348515988654318, 0.30004779609755583, 0.22913419044958383, 0.177759541374766, 0.2384990535968751, 0.2154428918203026, 0.21956491400323458, 0.16960344914846665, 0.17683269385469907, 0.1534280472831345, 0.1624090892986379, 0.17095895180819065, 0.15431034959216625, 0.14057807875301187, 0.14292767866425285, 0.14706022397636884, 0.11528583938208325, 0.10430362961859595, 0.13169795863738815, 0.12905855064728555, 0.1128823256625045, 0.12056914349517782, 0.1087865689393506, 0.12403713393311258, 0.11274050510944882, 0.11788499464431626, 0.12664982450140122, 0.11028500583477299, 0.0931616738256322, 0.0967459362838721, 0.10310622496100502, 0.09864244862976256, 0.08229772771289504, 0.07891277903583903, 0.11791888571971736, 0.09534737216479912, 0.09688932273507551, 0.07362672509060257, 0.0959241393197018, 0.10319699326774011, 0.08718902769565243, 0.10067170643020841, 0.07245611998432545, 0.09556200241026563, 0.08020899597920136, 0.08838772815566663, 0.07946006463107537, 0.09235825609707614, 0.0887255958612681, 0.09891063219178041, 0.08982521363567675, 0.07420915822529042, 0.09592138314502748, 0.06668761897653376, 0.0784492736728327, 0.07435798408252015, 0.10202053366385846, 0.08558795481212705, 0.06818993204551788, 0.07055612176683886, 0.08287572634577872, 0.06569667083951776, 0.06084117957101849, 0.07516013664176863, 0.07947287297804712, 0.06590511991809288, 0.07284538871626799, 0.06480029984557568, 0.06993060620079788, 0.05787395940749049, 0.07710531493269702, 0.08577010496172967, 0.0733448935890291, 0.061084467579242546, 0.052721874287351596, 0.06500009847446687, 0.06356619210809647, 0.07464316392012837, 0.07254668754079162, 0.08988076108630265, 0.07996435351063531, 0.06203443116152961, 0.07311272677214342, 0.06791968158947823, 0.07051830012688226, 0.07479509650776885, 0.07422137105771663, 0.05585295137556013, 0.09433817004515206, 0.08329444268265968, 0.07211460066379459, 0.07533807865323158, 0.04866173488608953, 0.08522595531177367]
BBSR:0.19
ABSR:0.1
max acc:95.75
