======================================
    IID: 0
    Dataset: mnist
    Model: Mnist_CNN
    Model Init: None
    Aggregation Function: RLR
    Fraction NonIID: 5
    Long attack: 4
    Wide attack: 4
    Threshold reject: 0.5
    Threshold down: 0.0
    Attack method: dba
    Fraction of malicious agents: 15.0%
    Poison Frac: 0.2
    Backdoor From 7 to 5
    Attack Begin: 0
    Trigger Shape: square
    Trigger Position X: 0
    Trigger Position Y: 0
    Number of agents: 100
    Fraction of agents each turn: 30(30.0%)
    Local batch size: 50
    Local epoch: 3
    Client_LR: 0.01
    Client_Momentum: 0.9
    Global Rounds: 100
    RobustLR_threshold: 4
======================================
main_task_accuracy=[0, 35.04999923706055, 52.7400016784668, 64.66999816894531, 75.44000244140625, 79.62999725341797, 82.11000061035156, 84.26000213623047, 86.94999694824219, 86.02999877929688, 86.70999908447266, 86.91999816894531, 86.9000015258789, 88.70999908447266, 88.4000015258789, 90.80999755859375, 90.11000061035156, 90.76000213623047, 91.7300033569336, 91.70999908447266, 91.4800033569336, 92.30000305175781, 92.7300033569336, 92.25, 92.52999877929688, 92.05999755859375, 93.31999969482422, 93.27999877929688, 93.27999877929688, 93.20999908447266, 93.70999908447266, 94.04000091552734, 93.87999725341797, 94.29000091552734, 93.8499984741211, 94.33999633789062, 94.44999694824219, 94.6500015258789, 94.58000183105469, 94.58000183105469, 94.54000091552734, 94.72000122070312, 94.8499984741211, 94.6500015258789, 94.68000030517578, 95.05000305175781, 95.22000122070312, 95.18000030517578, 94.9800033569336, 95.2300033569336, 95.30999755859375, 95.22000122070312, 95.43000030517578, 95.69999694824219, 95.33000183105469, 95.5999984741211, 95.52999877929688, 95.5999984741211, 95.86000061035156, 95.62999725341797, 95.98999786376953, 95.75, 95.93000030517578, 95.91000366210938, 96.04000091552734, 96.16000366210938, 96.05999755859375, 96.05999755859375, 95.97000122070312, 95.98999786376953, 96.02999877929688, 96.04000091552734, 95.97000122070312, 95.91000366210938, 96.25, 96.41000366210938, 96.30000305175781, 96.4000015258789, 96.4800033569336, 96.5999984741211, 96.38999938964844, 96.61000061035156, 96.7699966430664, 96.6500015258789, 96.62000274658203, 96.62999725341797, 96.5199966430664, 96.55999755859375, 96.51000213623047, 96.58999633789062, 96.7300033569336, 96.69999694824219, 96.72000122070312, 96.7699966430664, 96.69000244140625, 96.76000213623047, 96.66999816894531, 96.76000213623047, 96.9000015258789, 96.83999633789062, 96.66999816894531]
backdoor_accuracy=[0, 91.53696498054475, 0.0, 15.95330739299611, 0.0, 0.0, 0.48638132295719844, 0.0, 0.0, 0.09727626459143969, 0.0, 0.0, 0.0, 0.2918287937743191, 0.0, 0.19455252918287938, 0.09727626459143969, 0.09727626459143969, 0.09727626459143969, 0.09727626459143969, 0.0, 0.09727626459143969, 0.2918287937743191, 0.09727626459143969, 0.19455252918287938, 0.38910505836575876, 0.19455252918287938, 0.09727626459143969, 0.09727626459143969, 0.09727626459143969, 0.19455252918287938, 0.19455252918287938, 0.19455252918287938, 0.19455252918287938, 0.19455252918287938, 0.19455252918287938, 0.19455252918287938, 0.19455252918287938, 0.19455252918287938, 0.19455252918287938, 0.19455252918287938, 0.19455252918287938, 0.19455252918287938, 0.19455252918287938, 0.19455252918287938, 0.2918287937743191, 0.09727626459143969, 0.19455252918287938, 0.19455252918287938, 0.19455252918287938, 0.19455252918287938, 0.09727626459143969, 0.19455252918287938, 0.19455252918287938, 0.19455252918287938, 0.19455252918287938, 0.19455252918287938, 0.2918287937743191, 0.2918287937743191, 0.2918287937743191, 0.2918287937743191, 0.2918287937743191, 0.38910505836575876, 0.38910505836575876, 0.2918287937743191, 0.2918287937743191, 0.2918287937743191, 0.2918287937743191, 0.38910505836575876, 0.38910505836575876, 0.38910505836575876, 0.2918287937743191, 0.2918287937743191, 0.0, 0.2918287937743191, 0.2918287937743191, 0.2918287937743191, 0.2918287937743191, 0.2918287937743191, 0.38910505836575876, 0.38910505836575876, 0.2918287937743191, 0.2918287937743191, 0.2918287937743191, 0.2918287937743191, 0.2918287937743191, 0.2918287937743191, 0.2918287937743191, 0.2918287937743191, 0.2918287937743191, 0.09727626459143969, 0.2918287937743191, 0.2918287937743191, 0.2918287937743191, 0.38910505836575876, 0.38910505836575876, 0.38910505836575876, 0.38910505836575876, 0.38910505836575876, 0.2918287937743191, 0.2918287937743191]
loss_list=[1.1753061732203978, 1.161789591388114, 0.9297292308954046, 0.6653444199961963, 0.46467407274850053, 0.42970629388535464, 0.3888992953720757, 0.3269968008934665, 0.3019502010715148, 0.2977987078230621, 0.281266388065356, 0.24178935277304842, 0.24470228305427122, 0.23456717449637057, 0.24310461847406936, 0.22526874585654932, 0.22373645139997178, 0.20657408328029475, 0.17899295307355245, 0.1739708089784222, 0.17096100809276796, 0.19750194142988303, 0.1655935462204636, 0.15179206747647928, 0.15809338185798777, 0.17381338219550174, 0.13615922851293094, 0.12553631939712567, 0.14222071735111566, 0.15430418269002716, 0.1396097564514855, 0.14398608498577098, 0.17004591924972676, 0.11675470899346554, 0.12848708950062013, 0.1406061063353317, 0.131248183856563, 0.11561568654668346, 0.12746200288701032, 0.11308041428591724, 0.13403110200417426, 0.10234678456527888, 0.09992783116043065, 0.10069228438916845, 0.11947098535996499, 0.11169459583257936, 0.09848112611215416, 0.10409277194318915, 0.09669037659561984, 0.09573157521693416, 0.095475944303607, 0.11599646865254357, 0.09348163593210132, 0.08489884676522773, 0.10118943564341525, 0.1064594968607869, 0.07757064841827913, 0.09582139196917219, 0.09202834785379646, 0.10908393644659857, 0.0835788958204655, 0.09609670260629002, 0.09245140762671968, 0.09426189123581823, 0.08689005453742975, 0.07949589527754279, 0.10000715002230412, 0.08697175558377876, 0.08167033021476747, 0.0941955938501471, 0.08508612026861591, 0.07253878338808811, 0.06690393988062555, 0.10098905048550846, 0.09891056983195962, 0.08131942311584243, 0.07779928830953495, 0.09938780220858175, 0.07843465297136086, 0.07186684335672941, 0.08416102664221466, 0.09966662951041125, 0.06548940771470102, 0.08175046027761239, 0.07150373525053948, 0.08176235643957122, 0.0691307827578068, 0.07206107443083223, 0.07754423657464281, 0.08666963345436235, 0.0735520402416417, 0.08550355053306904, 0.08890301661152736, 0.07211742379139953, 0.07808662039801306, 0.07576586798509838, 0.08624565079236939, 0.06506294114057475, 0.06391916141479333, 0.07633965729235404]
BBSR:0.39
ABSR:0.34
max acc:96.9
