======================================
    IID: 0
    Dataset: mnist
    Model: Mnist_CNN
    Model Init: None
    Aggregation Function: RLR
    Fraction NonIID: 5
    Long attack: 5
    Wide attack: 5
    Style send: trust
    Threshold reject: 0.5
    Threshold down: 0.0
    Attack method: badnet
    Fraction of malicious agents: 15.0%
    Poison Frac: 0.2
    Backdoor From 7 to 5
    Attack Begin: 0
    Trigger Shape: square
    Trigger Position X: 0
    Trigger Position Y: 0
    Number of agents: 100
    Fraction of agents each turn: 30(30.0%)
    Local batch size: 50
    Local epoch: 3
    Client_LR: 0.01
    Client_Momentum: 0.9
    Global Rounds: 100
    RobustLR_threshold: 4
======================================
main_task_accuracy=[0, 30.959999084472656, 58.40999984741211, 63.400001525878906, 76.19000244140625, 74.6500015258789, 81.55000305175781, 80.47000122070312, 86.88999938964844, 86.0199966430664, 88.08999633789062, 88.91999816894531, 88.83999633789062, 89.1500015258789, 88.94000244140625, 89.55000305175781, 90.69000244140625, 91.73999786376953, 91.73999786376953, 91.70999908447266, 91.94000244140625, 92.48999786376953, 92.87999725341797, 92.3499984741211, 92.83000183105469, 93.23999786376953, 93.48999786376953, 92.79000091552734, 93.91000366210938, 93.66999816894531, 93.5199966430664, 94.05000305175781, 94.33000183105469, 94.44999694824219, 94.38999938964844, 94.47000122070312, 94.5999984741211, 94.75, 94.9800033569336, 94.91000366210938, 94.94000244140625, 95.0199966430664, 95.2699966430664, 95.06999969482422, 95.1500015258789, 95.20999908447266, 95.29000091552734, 95.44999694824219, 95.5999984741211, 95.5999984741211, 95.62999725341797, 95.58999633789062, 95.77999877929688, 95.73999786376953, 95.55999755859375, 95.81999969482422, 95.66999816894531, 95.86000061035156, 95.9800033569336, 96.05000305175781, 95.86000061035156, 95.94999694824219, 96.16000366210938, 96.20999908447266, 96.08999633789062, 96.16999816894531, 96.13999938964844, 96.20999908447266, 96.37000274658203, 96.36000061035156, 96.16000366210938, 96.38999938964844, 96.4000015258789, 96.08000183105469, 96.26000213623047, 96.3499984741211, 96.48999786376953, 96.41000366210938, 96.2699966430664, 96.61000061035156, 96.4800033569336, 96.43000030517578, 96.55999755859375, 96.55999755859375, 96.62000274658203, 96.5199966430664, 96.66999816894531, 96.70999908447266, 96.62000274658203, 96.6500015258789, 96.5, 96.7300033569336, 96.62999725341797, 96.7300033569336, 96.63999938964844, 96.68000030517578, 96.62000274658203, 96.5, 96.61000061035156, 96.61000061035156, 96.79000091552734]
backdoor_accuracy=[0, 0.0, 0.0, 0.0, 0.0, 0.0, 0.0, 0.0, 0.0, 0.0, 0.09727626459143969, 0.09727626459143969, 0.09727626459143969, 0.09727626459143969, 0.09727626459143969, 0.09727626459143969, 0.19455252918287938, 0.09727626459143969, 0.09727626459143969, 0.09727626459143969, 0.09727626459143969, 0.09727626459143969, 0.09727626459143969, 0.09727626459143969, 0.19455252918287938, 0.09727626459143969, 0.09727626459143969, 0.09727626459143969, 0.09727626459143969, 0.19455252918287938, 0.09727626459143969, 0.09727626459143969, 0.19455252918287938, 0.19455252918287938, 0.09727626459143969, 0.19455252918287938, 0.19455252918287938, 0.19455252918287938, 0.19455252918287938, 0.19455252918287938, 0.19455252918287938, 0.2918287937743191, 0.2918287937743191, 0.2918287937743191, 0.19455252918287938, 0.2918287937743191, 0.2918287937743191, 0.19455252918287938, 0.2918287937743191, 0.2918287937743191, 0.38910505836575876, 0.2918287937743191, 0.09727626459143969, 0.19455252918287938, 0.19455252918287938, 0.2918287937743191, 0.38910505836575876, 0.2918287937743191, 0.19455252918287938, 0.2918287937743191, 0.2918287937743191, 0.2918287937743191, 0.2918287937743191, 0.2918287937743191, 0.38910505836575876, 0.38910505836575876, 0.38910505836575876, 0.19455252918287938, 0.09727626459143969, 0.09727626459143969, 0.0, 0.09727626459143969, 0.38910505836575876, 0.38910505836575876, 0.2918287937743191, 0.38910505836575876, 0.38910505836575876, 0.38910505836575876, 0.38910505836575876, 0.38910505836575876, 0.19455252918287938, 0.2918287937743191, 0.09727626459143969, 0.09727626459143969, 0.38910505836575876, 0.38910505836575876, 0.38910505836575876, 0.38910505836575876, 0.38910505836575876, 0.2918287937743191, 0.2918287937743191, 0.2918287937743191, 0.38910505836575876, 0.2918287937743191, 0.38910505836575876, 0.38910505836575876, 0.38910505836575876, 0.2918287937743191, 0.19455252918287938, 0.09727626459143969, 0.09727626459143969]
loss_list=[1.0580754730875033, 1.0623261744591312, 0.842005270290279, 0.6100769937185989, 0.4973862833953873, 0.4352038994521475, 0.3684949930215952, 0.3150656814189602, 0.28860211395251106, 0.30638391334214243, 0.279654638455314, 0.2672622149502988, 0.26574351415387354, 0.23378538682053768, 0.20042849432702434, 0.21449950401838036, 0.213092051310341, 0.18679204151719778, 0.2053199881030502, 0.17159767342620866, 0.1808713188138575, 0.21944977916483943, 0.18948404647990916, 0.19247528838763917, 0.16455180890289842, 0.15070974298890766, 0.19012939576312013, 0.17813425030711286, 0.13536941969082608, 0.1388611744014106, 0.1326147841897586, 0.15853660459729443, 0.1319671004802425, 0.1337183904918385, 0.12350275266874328, 0.13056648722788344, 0.15386383905398457, 0.1147731079087734, 0.13383563901873682, 0.11395474687452105, 0.11005969484887222, 0.12427536646107099, 0.11630089447008282, 0.09988914694148761, 0.09730299469374584, 0.10263989777392218, 0.10529436757451753, 0.10773969363526298, 0.1204527280590857, 0.10155898829918307, 0.10037959313648538, 0.11089575125584049, 0.09554546453608188, 0.103458743323798, 0.0924066590885175, 0.10573565729154288, 0.0857077187296683, 0.10146689414574078, 0.09053972857292575, 0.09645599711419048, 0.09848218759628825, 0.10151386107364452, 0.08897862580945877, 0.09440871233979581, 0.104768731695175, 0.0814477404961269, 0.07367886597151112, 0.08383575175683425, 0.07754164730146941, 0.07888603995239869, 0.08714420441783322, 0.10360218219759033, 0.07730912076570179, 0.08461988262488578, 0.08137997712462272, 0.08665782098671318, 0.08671238354517705, 0.08765692587716077, 0.07286134082953542, 0.07874287042526047, 0.06934521511438814, 0.06717676050521014, 0.07515465543595518, 0.09564428566991139, 0.08822086665190103, 0.09171496607887741, 0.0700856699302009, 0.07949165501840204, 0.07663887233430985, 0.07402265402172578, 0.0818278592828859, 0.07402874307429658, 0.07058802950337849, 0.0652191030501564, 0.08377234662463243, 0.06781939959163502, 0.06944119912390642, 0.06296753134399799, 0.06252954745967078, 0.08256996691694936]
BBSR:0.39
ABSR:0.28
max acc:96.79
