======================================
    IID: 0
    Dataset: mnist
    Model: Mnist_CNN
    Model Init: None
    Aggregation Function: RLR
    Fraction NonIID: 15
    Long attack: 4
    Wide attack: 4
    Style send: trust
    Threshold reject: 0.5
    Threshold down: 0.0
    Attack method: dba
    Fraction of malicious agents: 15.0%
    Poison Frac: 0.2
    Backdoor From 7 to 5
    Attack Begin: 0
    Trigger Shape: square
    Trigger Position X: 0
    Trigger Position Y: 0
    Number of agents: 100
    Fraction of agents each turn: 30(30.0%)
    Local batch size: 50
    Local epoch: 3
    Client_LR: 0.01
    Client_Momentum: 0.9
    Global Rounds: 100
    RobustLR_threshold: 4
======================================
main_task_accuracy=[0, 32.75, 53.470001220703125, 55.130001068115234, 58.849998474121094, 71.91999816894531, 74.52999877929688, 84.80000305175781, 80.68000030517578, 82.9000015258789, 86.7300033569336, 86.55000305175781, 82.29000091552734, 88.44000244140625, 88.88999938964844, 89.6500015258789, 88.55000305175781, 89.5, 89.58999633789062, 91.05999755859375, 91.6500015258789, 92.51000213623047, 92.8499984741211, 92.58999633789062, 92.16999816894531, 92.68000030517578, 93.23999786376953, 93.4000015258789, 92.36000061035156, 92.62000274658203, 93.63999938964844, 93.69999694824219, 94.05999755859375, 94.02999877929688, 94.13999938964844, 94.5, 94.56999969482422, 94.2699966430664, 94.51000213623047, 94.48999786376953, 94.47000122070312, 94.83999633789062, 94.88999938964844, 94.94000244140625, 94.93000030517578, 94.88999938964844, 95.12999725341797, 95.01000213623047, 94.9000015258789, 95.2699966430664, 95.08999633789062, 95.19999694824219, 95.33000183105469, 95.23999786376953, 95.36000061035156, 95.2699966430664, 95.56999969482422, 95.33999633789062, 95.36000061035156, 95.37999725341797, 95.48999786376953, 95.76000213623047, 95.7699966430664, 95.69999694824219, 95.70999908447266, 96.16999816894531, 96.06999969482422, 96.08000183105469, 95.9000015258789, 96.05000305175781, 96.1500015258789, 96.16999816894531, 96.20999908447266, 96.20999908447266, 96.1500015258789, 96.19999694824219, 96.22000122070312, 95.91999816894531, 96.0199966430664, 96.4000015258789, 96.2300033569336, 96.27999877929688, 96.25, 96.11000061035156, 96.30000305175781, 96.3499984741211, 96.41999816894531, 96.4000015258789, 96.3499984741211, 96.38999938964844, 96.5, 96.33999633789062, 96.26000213623047, 96.37999725341797, 96.44000244140625, 96.55000305175781, 96.33999633789062, 96.52999877929688, 96.54000091552734, 96.56999969482422, 96.37999725341797]
backdoor_accuracy=[0, 0.0, 0.09727626459143969, 0.0, 0.0, 0.0, 0.7782101167315175, 0.38910505836575876, 0.6809338521400778, 0.2918287937743191, 0.2918287937743191, 0.2918287937743191, 0.2918287937743191, 0.2918287937743191, 0.19455252918287938, 0.19455252918287938, 0.19455252918287938, 0.2918287937743191, 0.2918287937743191, 0.2918287937743191, 0.2918287937743191, 0.2918287937743191, 0.2918287937743191, 0.2918287937743191, 0.2918287937743191, 0.2918287937743191, 0.19455252918287938, 0.2918287937743191, 0.19455252918287938, 0.19455252918287938, 0.19455252918287938, 0.2918287937743191, 0.19455252918287938, 0.2918287937743191, 0.19455252918287938, 0.19455252918287938, 0.38910505836575876, 0.2918287937743191, 0.2918287937743191, 0.19455252918287938, 0.19455252918287938, 0.19455252918287938, 0.19455252918287938, 0.19455252918287938, 0.19455252918287938, 0.19455252918287938, 0.19455252918287938, 0.19455252918287938, 0.19455252918287938, 0.19455252918287938, 0.19455252918287938, 0.19455252918287938, 0.19455252918287938, 0.19455252918287938, 0.19455252918287938, 0.2918287937743191, 0.19455252918287938, 0.19455252918287938, 0.19455252918287938, 0.19455252918287938, 0.19455252918287938, 0.19455252918287938, 0.19455252918287938, 0.09727626459143969, 0.19455252918287938, 0.2918287937743191, 0.19455252918287938, 0.19455252918287938, 0.2918287937743191, 0.19455252918287938, 0.2918287937743191, 0.19455252918287938, 0.09727626459143969, 0.2918287937743191, 0.2918287937743191, 0.19455252918287938, 0.19455252918287938, 0.19455252918287938, 0.09727626459143969, 0.0, 0.09727626459143969, 0.09727626459143969, 0.09727626459143969, 0.2918287937743191, 0.19455252918287938, 0.19455252918287938, 0.2918287937743191, 0.19455252918287938, 0.19455252918287938, 0.2918287937743191, 0.2918287937743191, 0.0, 0.09727626459143969, 0.09727626459143969, 0.0, 0.0, 0.0, 0.0, 0.0, 0.2918287937743191, 0.2918287937743191]
loss_list=[0.6843901570578449, 0.8230940757790809, 0.7046880070896261, 0.6068418094310462, 0.498468991765767, 0.4600229262454319, 0.4012506896941648, 0.31025617496148256, 0.2577513125282892, 0.23823240786596414, 0.19698928951126132, 0.19281595662691922, 0.18607029194593336, 0.16768139910276073, 0.18337872225050483, 0.15668804052893204, 0.1595911185443053, 0.15032685194470974, 0.13878196513843105, 0.14058244770041334, 0.14104857171445256, 0.13677538817746063, 0.10488182510373113, 0.12162536473465217, 0.10558049226189095, 0.1214109141731941, 0.10611284159772225, 0.1013305918450724, 0.12063051160751408, 0.12056935158671056, 0.10276024494826479, 0.09878742072050757, 0.1008109891333499, 0.09414646633971573, 0.08655650889918097, 0.09955314878528546, 0.10750801334453905, 0.08259534112776946, 0.07576559435988435, 0.07899559789956082, 0.09720499342745631, 0.06856749858425419, 0.07766226201144485, 0.08276216191739645, 0.0717927344694592, 0.0795933503502251, 0.06953215759924807, 0.08094066970607687, 0.07689954531740767, 0.06553352964595877, 0.07042766280058095, 0.08325842010184654, 0.06396220298890146, 0.06938052080355576, 0.07012297466884458, 0.08761118895117766, 0.06270660873767446, 0.06337098650525784, 0.09307507364062718, 0.07624612776184336, 0.06072781671419903, 0.06594433927006946, 0.08093051165383694, 0.05876506772704449, 0.07215873973261465, 0.06344916479856905, 0.07501741210381943, 0.05752644348953033, 0.06254226902145467, 0.062482812600841674, 0.07725188365367973, 0.07083242903463877, 0.06259056681150546, 0.059232400085989616, 0.06933771317104616, 0.06022180174880368, 0.055564333760137155, 0.06681333236232118, 0.057952219190208806, 0.055776838154811395, 0.06365826922773768, 0.06973092915675098, 0.051512817321497956, 0.06207420610681699, 0.06542986916015407, 0.07271677406606486, 0.06170593543552671, 0.060402205156296816, 0.05622339938484491, 0.0709959493068704, 0.054520446836891244, 0.05886848672860759, 0.06569231014946111, 0.05903551907471346, 0.05505307011382385, 0.052950026631307115, 0.06419276638182349, 0.05150069332129441, 0.0596017796216652, 0.051337039553113306]
BBSR:0.29
ABSR:0.08
max acc:96.57
