======================================
    IID: 0
    Dataset: mnist
    Model: Mnist_CNN
    Model Init: None
    Aggregation Function: krum
    
    Fraction NonIID: 5
    Long attack: 4
    Wide attack: 4
    Style send: trust
    Threshold reject: 0.5
    Threshold down: 0.0
    Attack method: dba
    Fraction of malicious agents: 15.0%
    Poison Frac: 0.2
    Backdoor From 7 to 5
    Attack Begin: 0
    Trigger Shape: square
    Trigger Position X: 0
    Trigger Position Y: 0
    Number of agents: 100
    Fraction of agents each turn: 30(30.0%)
    Local batch size: 50
    Local epoch: 3
    Client_LR: 0.01
    Client_Momentum: 0.9
    Global Rounds: 100
    Noise in FLAME: 0.001
proportion of malicious are selected:0.59
proportion of benign are selected:0.5326923076923077
======================================
main_task_accuracy=[0, 14.489999771118164, 29.43000030517578, 62.66999816894531, 56.31999969482422, 67.5, 69.08000183105469, 74.2300033569336, 81.9800033569336, 78.12999725341797, 78.94000244140625, 80.79000091552734, 82.97000122070312, 81.43000030517578, 84.41000366210938, 84.23999786376953, 81.9800033569336, 84.68000030517578, 88.19000244140625, 87.27999877929688, 85.83999633789062, 82.56999969482422, 88.94000244140625, 84.81999969482422, 90.8499984741211, 89.16999816894531, 90.1500015258789, 91.61000061035156, 91.08999633789062, 88.91999816894531, 91.69999694824219, 90.94000244140625, 91.5, 88.12000274658203, 92.5, 92.37999725341797, 91.47000122070312, 91.62000274658203, 91.58000183105469, 92.48999786376953, 91.72000122070312, 92.48999786376953, 93.04000091552734, 92.9000015258789, 92.18000030517578, 94.19999694824219, 92.13999938964844, 93.54000091552734, 93.52999877929688, 93.52999877929688, 92.80000305175781, 93.94999694824219, 94.04000091552734, 94.23999786376953, 94.45999908447266, 93.61000061035156, 94.70999908447266, 94.58000183105469, 95.0, 94.11000061035156, 95.55000305175781, 93.62000274658203, 94.47000122070312, 94.6500015258789, 95.55999755859375, 94.43000030517578, 93.55000305175781, 95.55000305175781, 95.45999908447266, 95.22000122070312, 95.29000091552734, 95.18000030517578, 95.25, 95.66999816894531, 95.66999816894531, 95.12999725341797, 95.80000305175781, 95.41000366210938, 95.06999969482422, 95.33000183105469, 95.31999969482422, 95.0999984741211, 95.47000122070312, 94.7300033569336, 94.98999786376953, 95.22000122070312, 94.77999877929688, 95.37000274658203, 95.70999908447266, 95.36000061035156, 95.0199966430664, 96.16000366210938, 96.5, 95.62999725341797, 95.33000183105469, 96.0999984741211, 95.37000274658203, 95.16000366210938, 96.0, 96.08000183105469, 95.51000213623047]
backdoor_accuracy=[0, 90.46692607003891, 0.0, 5.739299610894942, 0.0, 0.09727626459143969, 0.7782101167315175, 0.0, 0.2918287937743191, 0.0, 0.0, 0.0, 0.0, 0.5836575875486382, 0.38910505836575876, 0.19455252918287938, 0.0, 0.0, 0.0, 0.0, 0.2918287937743191, 0.5836575875486382, 0.0, 0.2918287937743191, 0.38910505836575876, 0.2918287937743191, 0.0, 0.0, 0.19455252918287938, 0.38910505836575876, 0.0, 0.0, 0.2918287937743191, 0.19455252918287938, 0.09727626459143969, 0.09727626459143969, 0.09727626459143969, 0.09727626459143969, 0.0, 0.38910505836575876, 0.0, 0.0, 0.0, 0.19455252918287938, 0.2918287937743191, 0.09727626459143969, 0.2918287937743191, 0.2918287937743191, 0.38910505836575876, 0.2918287937743191, 0.38910505836575876, 0.38910505836575876, 0.38910505836575876, 0.19455252918287938, 0.38910505836575876, 0.38910505836575876, 0.19455252918287938, 0.38910505836575876, 0.19455252918287938, 0.19455252918287938, 0.38910505836575876, 0.09727626459143969, 0.48638132295719844, 0.38910505836575876, 0.2918287937743191, 0.19455252918287938, 0.38910505836575876, 0.2918287937743191, 0.09727626459143969, 0.2918287937743191, 0.2918287937743191, 0.09727626459143969, 0.09727626459143969, 0.19455252918287938, 0.38910505836575876, 0.38910505836575876, 0.38910505836575876, 0.19455252918287938, 0.09727626459143969, 0.19455252918287938, 0.48638132295719844, 0.19455252918287938, 0.38910505836575876, 0.38910505836575876, 0.2918287937743191, 0.19455252918287938, 0.38910505836575876, 0.19455252918287938, 0.2918287937743191, 0.7782101167315175, 0.2918287937743191, 0.48638132295719844, 0.38910505836575876, 0.19455252918287938, 0.19455252918287938, 0.19455252918287938, 0.2918287937743191, 0.38910505836575876, 0.2918287937743191, 0.7782101167315175, 0.5836575875486382]
loss_list=[1.1371575629007489, 0.9684652267865558, 0.8542192501879592, 0.6433659640313298, 0.5267475089440348, 0.4552486701824064, 0.4462381031719484, 0.37621601090332357, 0.30797760980050887, 0.28311370419866794, 0.2725952181281267, 0.26016351039789803, 0.2834537092404854, 0.29805958155266665, 0.2672855007780406, 0.21900684456520844, 0.24580124384890142, 0.23516009867353008, 0.2258191558999803, 0.227164683911294, 0.2156746332488282, 0.21608788223324893, 0.21156829433348048, 0.21385560282251187, 0.1656702709617794, 0.18136756316784558, 0.18336695110279294, 0.19556297771690884, 0.18419678048874968, 0.1908741188048077, 0.1770772341436478, 0.16957371773869787, 0.1647869667220921, 0.17918227955345814, 0.15102771327633593, 0.1463982510088304, 0.14740671393627255, 0.13111630114513226, 0.19296202352461575, 0.13928627099362056, 0.14980433545710647, 0.14397416725409803, 0.10911503099183459, 0.14111341396262275, 0.15398939178742524, 0.1177157090941445, 0.14909130541339063, 0.15209194274796117, 0.12930469372936285, 0.13234329636824457, 0.1323035148541185, 0.13612168699636398, 0.11003012815874103, 0.11152486859876769, 0.10623377352148224, 0.1503535396973604, 0.10054855044043642, 0.1089469399918959, 0.09905843613468783, 0.14864097118797265, 0.10176081675849977, 0.09432308182066967, 0.13694933810032478, 0.12570772395979612, 0.11928176081497037, 0.10832993910749524, 0.1295344906990795, 0.112138194311895, 0.09893355235609406, 0.13754695981562015, 0.11296303384148311, 0.08182479254527239, 0.0974515866012514, 0.09256120847456595, 0.1030665677537736, 0.10141808965275739, 0.10190362166695799, 0.09848508915838598, 0.08889891057372519, 0.10489127790721299, 0.0771768818789766, 0.09977229882977452, 0.09207684757519467, 0.10952129473905828, 0.08824983293473014, 0.08776705234882819, 0.07116444742585187, 0.08295421849411032, 0.09705247276054257, 0.09066726191749626, 0.11794882239996679, 0.09069741991965136, 0.09690472996333173, 0.07940933038422372, 0.0780096115067459, 0.07322974831527702, 0.11096813005081785, 0.07717303718613243, 0.0851741588052787, 0.0803706968517021]
BBSR:0.78
ABSR:0.38
max acc:96.5
