======================================
    IID: 0
    Dataset: mnist
    Model: Mnist_CNN
    Model Init: None
    Aggregation Function: flame
    Fraction NonIID: 5
    Long attack: 3
    Wide attack: 3
    Style send: trust
    Threshold reject: 0.5
    Threshold down: 0.0
    Attack method: dba
    Fraction of malicious agents: 15.0%
    Poison Frac: 0.2
    Backdoor From 7 to 5
    Attack Begin: 0
    Trigger Shape: square
    Trigger Position X: 0
    Trigger Position Y: 0
    Number of agents: 100
    Fraction of agents each turn: 30(30.0%)
    Local batch size: 50
    Local epoch: 3
    Client_LR: 0.01
    Client_Momentum: 0.9
    Global Rounds: 100
    Noise in FLAME: 0.001
proportion of malicious are selected:0.64
proportion of benign are selected:0.5265384615384615
======================================
main_task_accuracy=[0, 28.3700008392334, 33.2400016784668, 39.20000076293945, 69.33999633789062, 66.88999938964844, 61.619998931884766, 69.30000305175781, 73.48999786376953, 70.02999877929688, 73.69999694824219, 84.94999694824219, 76.27999877929688, 79.69999694824219, 80.86000061035156, 83.19000244140625, 87.75, 82.0999984741211, 79.91999816894531, 83.69999694824219, 83.5, 86.51000213623047, 83.54000091552734, 84.36000061035156, 88.83000183105469, 86.62000274658203, 89.4000015258789, 90.88999938964844, 90.62999725341797, 87.0, 88.47000122070312, 92.94000244140625, 86.69999694824219, 91.2300033569336, 89.55000305175781, 89.31999969482422, 90.06999969482422, 92.94999694824219, 92.5999984741211, 90.79000091552734, 90.55000305175781, 93.2300033569336, 91.77999877929688, 91.69999694824219, 91.37999725341797, 92.55999755859375, 93.16000366210938, 93.04000091552734, 92.33000183105469, 91.79000091552734, 93.48999786376953, 93.63999938964844, 92.98999786376953, 94.01000213623047, 93.33000183105469, 93.48999786376953, 93.88999938964844, 93.1500015258789, 93.2699966430664, 92.95999908447266, 94.01000213623047, 94.02999877929688, 93.5199966430664, 92.6500015258789, 94.58999633789062, 94.30999755859375, 94.12999725341797, 94.80000305175781, 94.6500015258789, 93.8499984741211, 93.51000213623047, 94.80999755859375, 94.58999633789062, 94.8499984741211, 94.08999633789062, 94.16000366210938, 94.94999694824219, 95.0, 95.16000366210938, 95.08999633789062, 94.25, 94.63999938964844, 94.9800033569336, 94.55999755859375, 94.68000030517578, 94.54000091552734, 94.79000091552734, 95.81999969482422, 95.54000091552734, 94.97000122070312, 94.86000061035156, 95.26000213623047, 94.94000244140625, 95.44000244140625, 94.98999786376953, 95.13999938964844, 95.41000366210938, 95.33999633789062, 95.47000122070312, 95.55000305175781, 95.23999786376953]
backdoor_accuracy=[0, 0.19455252918287938, 2.237354085603113, 0.48638132295719844, 0.19455252918287938, 0.19455252918287938, 0.48638132295719844, 0.2918287937743191, 0.09727626459143969, 1.264591439688716, 0.0, 0.19455252918287938, 1.264591439688716, 0.48638132295719844, 0.6809338521400778, 0.19455252918287938, 0.19455252918287938, 0.8754863813229572, 0.19455252918287938, 0.09727626459143969, 0.2918287937743191, 0.19455252918287938, 0.38910505836575876, 0.6809338521400778, 0.09727626459143969, 0.2918287937743191, 0.2918287937743191, 0.7782101167315175, 0.9727626459143969, 0.0, 0.9727626459143969, 0.48638132295719844, 1.4591439688715953, 0.19455252918287938, 0.09727626459143969, 0.19455252918287938, 0.2918287937743191, 1.6536964980544746, 1.0700389105058365, 0.9727626459143969, 1.0700389105058365, 1.8482490272373542, 1.0700389105058365, 0.9727626459143969, 1.1673151750972763, 1.1673151750972763, 1.556420233463035, 1.264591439688716, 1.0700389105058365, 1.0700389105058365, 1.6536964980544746, 2.140077821011673, 1.7509727626459144, 1.7509727626459144, 1.7509727626459144, 4.182879377431907, 2.821011673151751, 1.6536964980544746, 3.7937743190661477, 4.377431906614786, 3.9883268482490273, 2.0428015564202333, 8.073929961089494, 2.821011673151751, 3.5992217898832686, 2.529182879377432, 3.404669260700389, 7.684824902723736, 8.852140077821012, 12.937743190661479, 8.560311284046692, 8.754863813229573, 6.22568093385214, 24.80544747081712, 23.735408560311285, 10.797665369649806, 14.980544747081712, 24.80544747081712, 26.070038910505836, 15.85603112840467, 22.08171206225681, 12.937743190661479, 16.439688715953306, 11.673151750972762, 45.719844357976655, 43.190661478599225, 42.509727626459146, 55.05836575875487, 34.33852140077821, 58.56031128404669, 39.494163424124515, 33.463035019455255, 35.21400778210117, 59.24124513618677, 58.0739299610895, 70.23346303501945, 59.24124513618677, 75.68093385214007, 76.55642023346303, 77.33463035019456, 78.89105058365759]
loss_list=[1.0496631457546244, 1.0076788331452826, 0.8826093256438586, 0.6664455743197837, 0.4550394455193439, 0.38729068406848927, 0.4177985395854598, 0.3392723354129029, 0.29268310279085274, 0.3302710762140512, 0.36366701514908556, 0.28468842387823645, 0.26797144244064686, 0.27996503262900047, 0.26890915008751987, 0.29015230010144244, 0.25256203331980814, 0.21109451719567493, 0.249526547382465, 0.2584689540474884, 0.24058304782355366, 0.23551601694977392, 0.1827774722671933, 0.2763580071776623, 0.2139081343100945, 0.23589033349232827, 0.2216299214702384, 0.1587723089003665, 0.19002009668143863, 0.2065896867974435, 0.18809096906964745, 0.1668389649435887, 0.1656528158430269, 0.13986567892112636, 0.15504272970912064, 0.1562745961049114, 0.18382774869991406, 0.158674596083869, 0.14716862043123166, 0.1546761925019426, 0.18199498773524453, 0.12489341395734638, 0.12265055345750259, 0.14814298942313517, 0.1566722457199729, 0.1281702410397985, 0.1536662588081553, 0.13002250008026345, 0.1224245373318741, 0.15908803254796447, 0.13808759864988435, 0.15510942503482056, 0.132834644675534, 0.14047609175306947, 0.14799037338409224, 0.1361424369262413, 0.1254660039973647, 0.13917878684888998, 0.1436458895337179, 0.12144398239038341, 0.10813719417449547, 0.17446036086831654, 0.11689387206560005, 0.13713675043866344, 0.09985847018273851, 0.1331776071497653, 0.14716245901559297, 0.10025742693729627, 0.11709764065655487, 0.1280960898591439, 0.13717485545752384, 0.1082878448954108, 0.11526155715639576, 0.09171740377170122, 0.11180509949353078, 0.10909981780859031, 0.1117232211079627, 0.09605875445325013, 0.1105015725825204, 0.0969165704841604, 0.11431362384974515, 0.09165028118635259, 0.07600876649640363, 0.11372144811927515, 0.10270921446194094, 0.10292653165412183, 0.11396327486190568, 0.07560677795100304, 0.09468336725544774, 0.10182352651598311, 0.08208302546152878, 0.09566076321633016, 0.11396371642005085, 0.1053044148659282, 0.09775243692580532, 0.09365313612102757, 0.09356681428049789, 0.09945575034479488, 0.0858016324990543, 0.07673551259374478]
BBSR:78.89
ABSR:62.39
max acc:95.55
