======================================
    IID: 0
    Dataset: mnist
    Model: Mnist_CNN
    Model Init: None
    Aggregation Function: flame
    Fraction NonIID: 0
    Long attack: 5
    Wide attack: 5
    Style send: trust
    Threshold reject: 0.5
    Threshold down: 0.0
    Attack method: dba
    Fraction of malicious agents: 15.0%
    Poison Frac: 0.2
    Backdoor From 7 to 5
    Attack Begin: 0
    Trigger Shape: square
    Trigger Position X: 0
    Trigger Position Y: 0
    Number of agents: 100
    Fraction of agents each turn: 30(30.0%)
    Local batch size: 50
    Local epoch: 3
    Client_LR: 0.01
    Client_Momentum: 0.9
    Global Rounds: 100
    Noise in FLAME: 0.001
proportion of malicious are selected:0.3525
proportion of benign are selected:0.5869230769230769
======================================
main_task_accuracy=[0, 10.720000267028809, 54.560001373291016, 26.75, 56.47999954223633, 52.09000015258789, 58.119998931884766, 71.70999908447266, 74.0, 74.0199966430664, 69.45999908447266, 66.73999786376953, 68.19000244140625, 71.48999786376953, 75.16000366210938, 76.45999908447266, 72.58999633789062, 74.9800033569336, 75.68000030517578, 77.12999725341797, 75.66999816894531, 75.30999755859375, 77.97000122070312, 75.98999786376953, 78.66999816894531, 80.55999755859375, 78.16000366210938, 77.87000274658203, 80.4800033569336, 78.2300033569336, 82.62000274658203, 81.55999755859375, 86.48999786376953, 84.76000213623047, 83.4800033569336, 82.93000030517578, 82.81999969482422, 81.20999908447266, 82.63999938964844, 79.70999908447266, 81.47000122070312, 83.9000015258789, 82.68000030517578, 81.70999908447266, 81.81999969482422, 81.94000244140625, 82.05000305175781, 81.05000305175781, 80.38999938964844, 80.83999633789062, 76.7300033569336, 80.7699966430664, 79.54000091552734, 80.37999725341797, 79.66000366210938, 81.44999694824219, 80.11000061035156, 80.25, 79.55999755859375, 80.30000305175781, 79.62999725341797, 79.69999694824219, 80.8499984741211, 81.0, 80.12000274658203, 80.31999969482422, 80.12000274658203, 79.91999816894531, 79.7699966430664, 80.30000305175781, 87.66999816894531, 85.33000183105469, 82.87000274658203, 84.0999984741211, 82.70999908447266, 82.56999969482422, 87.26000213623047, 86.30999755859375, 85.7300033569336, 85.77999877929688, 85.20999908447266, 85.13999938964844, 87.62999725341797, 86.51000213623047, 85.44000244140625, 85.5199966430664, 85.30999755859375, 84.75, 84.37000274658203, 84.41000366210938, 84.37999725341797, 84.11000061035156, 83.63999938964844, 83.80999755859375, 83.56999969482422, 83.36000061035156, 83.30999755859375, 83.33000183105469, 83.6500015258789, 83.36000061035156, 82.08000183105469]
backdoor_accuracy=[0, 0.0, 0.0, 0.0, 0.0, 0.19455252918287938, 0.19455252918287938, 0.19455252918287938, 0.2918287937743191, 0.09727626459143969, 0.19455252918287938, 0.09727626459143969, 0.0, 0.8754863813229572, 0.5836575875486382, 0.09727626459143969, 0.2918287937743191, 0.0, 0.09727626459143969, 0.09727626459143969, 0.6809338521400778, 0.0, 0.0, 0.0, 0.0, 0.0, 0.0, 0.0, 0.0, 0.0, 0.09727626459143969, 0.09727626459143969, 0.09727626459143969, 0.0, 0.38910505836575876, 0.38910505836575876, 0.09727626459143969, 0.09727626459143969, 0.09727626459143969, 0.09727626459143969, 0.09727626459143969, 0.09727626459143969, 0.0, 0.2918287937743191, 0.0, 0.09727626459143969, 0.09727626459143969, 0.09727626459143969, 0.19455252918287938, 0.09727626459143969, 0.48638132295719844, 0.0, 0.09727626459143969, 0.09727626459143969, 0.09727626459143969, 0.0, 0.09727626459143969, 0.0, 0.19455252918287938, 0.0, 0.09727626459143969, 0.09727626459143969, 0.0, 0.09727626459143969, 0.09727626459143969, 0.19455252918287938, 0.09727626459143969, 0.09727626459143969, 0.09727626459143969, 0.09727626459143969, 0.09727626459143969, 0.09727626459143969, 0.48638132295719844, 0.09727626459143969, 0.0, 0.09727626459143969, 0.09727626459143969, 0.09727626459143969, 0.09727626459143969, 0.0, 0.19455252918287938, 0.09727626459143969, 0.09727626459143969, 0.09727626459143969, 0.19455252918287938, 0.09727626459143969, 0.09727626459143969, 0.09727626459143969, 0.0, 0.0, 0.09727626459143969, 0.19455252918287938, 0.09727626459143969, 0.0, 0.0, 0.09727626459143969, 0.09727626459143969, 0.09727626459143969, 0.0, 0.09727626459143969, 0.09727626459143969]
loss_list=[0.510190860941806, 0.403914566104786, 0.37492351728760553, 0.23590244246405132, 0.27385917113846, 0.22507218826830863, 0.24019689906901007, 0.2373486394289085, 0.1541314089310625, 0.20408745168047662, 0.17144711865783002, 0.1765007793141917, 0.16957266561868242, 0.19146030593073438, 0.1730770249379495, 0.15342339962130608, 0.19862598316186844, 0.15864831225809695, 0.16982142928318003, 0.16026978571069245, 0.2239731598471084, 0.1274367010723625, 0.12138523846005272, 0.15453986166312425, 0.12046595927122175, 0.10010548409308831, 0.10062977642146437, 0.1325854976773522, 0.10149516087620998, 0.12647755976233932, 0.0860701256209527, 0.15422770376973907, 0.1029259112742951, 0.08841082953661251, 0.11891920550524057, 0.10434388396072573, 0.13358237189123956, 0.09859304818260163, 0.10789466519199943, 0.1310959741863407, 0.10156011143469176, 0.07455453731512117, 0.13323913826712055, 0.1183328364306255, 0.1223296305042437, 0.10947960384264475, 0.09566559311485665, 0.11581002967792466, 0.1030505110643043, 0.11185632618108353, 0.1316377662923882, 0.12112243651428, 0.06881955723112718, 0.10943382491103079, 0.14258027067102252, 0.09309887152443763, 0.08919472802716268, 0.11212591258247585, 0.12705743626420338, 0.10847229947770846, 0.10685087178308116, 0.14282355971187882, 0.11902275512721795, 0.11958491005651858, 0.128849442267328, 0.1477013735933984, 0.1109603689069077, 0.0902359151301364, 0.12523605562678733, 0.14150302312624236, 0.09518067772384706, 0.07471610562147643, 0.13477823059557256, 0.09819013465734396, 0.09457560491115703, 0.1482203129523831, 0.09110932325529773, 0.09478199739788093, 0.09450024606190555, 0.10565748978415349, 0.10948979082226101, 0.15014625665067952, 0.09885019117177934, 0.09337855968709054, 0.0862694583556388, 0.11174933272608466, 0.061609435830558064, 0.11962063673509543, 0.08326017916596677, 0.09996289692210726, 0.09851006809067073, 0.11669757826239714, 0.09285671001284795, 0.09540153179932864, 0.08635820671049459, 0.095075481337818, 0.13590453823595633, 0.06977058208907698, 0.0767528074532283, 0.11382866033542811]
BBSR:0.19
ABSR:0.08
max acc:84.11
